# shadow point cont 3D ind 257  size 1019
# norm -0.4328726 -0.9014551  0.0000000
# angle  2.0184733
   1.97295931326566   -0.94740156770524   -4.59097969850258
   1.97964794738876   -0.95061340406265   -4.58471935893661
   1.98805738868084   -0.95465156025273   -4.57773772735883
   1.99092332939472   -0.95602776538124   -4.57603753666313
   2.00242782882842   -0.96155214732155   -4.57003169996834
   2.01405181520712   -0.96713390607558   -4.56502186264068
   2.01554973604100   -0.96785319741462   -4.56421425643230
   2.02587630975804   -0.97281194748248   -4.55898269239957
   2.03733270556642   -0.97831323039092   -4.55242531471071
   2.03958828613206   -0.97939634475096   -4.55138733889211
   2.04928031798610   -0.98405039215631   -4.54643246409577
   2.06066727953759   -0.98951833320950   -4.54176207608634
   2.06580696789844   -0.99198637640626   -4.53883429633309
   2.07226851216816   -0.99508916576931   -4.53464299481308
   2.08408067993802   -1.00076128794026   -4.52837728463315
   2.08919373782239   -1.00321654336436   -4.52602489616958
   2.09572212763477   -1.00635143149979   -4.52274828911547
   2.10721815499977   -1.01187174521064   -4.51680456934591
   2.11323885392184   -1.01476284365302   -4.51323476112728
   2.11900499208020   -1.01753170375779   -4.50989540250314
   2.13046681946813   -1.02303559487358   -4.50531866715359
   2.13938388248396   -1.02731750754340   -4.50019290351504
   2.14243926677446   -1.02878468218167   -4.49809540679768
   2.15379373742838   -1.03423702132808   -4.49261243102072
   2.16416119905388   -1.03921540548992   -4.48740858771914
   2.16558459379202   -1.03989890990753   -4.48654261830637
   2.17722647553484   -1.04548926189301   -4.48003204261059
   2.18872668127887   -1.05101158203290   -4.47487261582982
   2.18952667210418   -1.05139573215548   -4.47422712773795
   2.20065095531134   -1.05673753686438   -4.46823663591838
   2.21240706548547   -1.06238274056128   -4.46292197756745
   2.21384371647039   -1.06307261053792   -4.46196057224652
   2.22353475793838   -1.06772618236667   -4.45700562389888
   2.23545693135040   -1.07345112849458   -4.45092546239649
   2.23971630784527   -1.07549645195439   -4.44839548249061
   2.24694362918991   -1.07896696223110   -4.44425818244856
   2.25885758631890   -1.08468796295610   -4.43915700114192
   2.26526326959291   -1.08776392825108   -4.43565457387594
   2.27038506049833   -1.09022337721216   -4.43248462169969
   2.28202776202136   -1.09581412285049   -4.42600588623385
   2.28860294009501   -1.09897147838896   -4.42281364994925
   2.29367289284836   -1.10140603502397   -4.42033412315271
   2.30531771223937   -1.10699779764802   -4.41391058729568
   2.31526644023154   -1.11177510878316   -4.40934264277220
   2.31672182387035   -1.11247397405208   -4.40853575791435
   2.32872180164801   -1.11823628130420   -4.40287079280221
   2.33883858774229   -1.12309429279051   -4.39709512090669
   2.34026213555698   -1.12377787071443   -4.39622918878986
   2.35189863099190   -1.12936563623170   -4.38972028539109
   2.36340009372782   -1.13488855997049   -4.38456122518957
   2.36488264623601   -1.13560047154466   -4.38374260687101
   2.37532106406280   -1.14061292838904   -4.37792596331807
   2.38642779030200   -1.14594630236200   -4.37150122324427
   2.38716882044678   -1.14630213996907   -4.37071283943244
   2.39832780126134   -1.15166060623172   -4.36207755370112
   2.40330118468516   -1.15404879093520   -4.35807436409494
   2.40961438686005   -1.15708034743893   -4.35216269233380
   2.41571463387109   -1.16000964432954   -4.34505247336248
   2.42178395506812   -1.16292409085578   -4.33980230590318
   2.42888692999240   -1.16633489083194   -4.33242396277307
   2.43319188794747   -1.16840210219718   -4.32671781592857
   2.43967855234332   -1.17151695407298   -4.31932599107939
   2.44459800752568   -1.17387924280376   -4.31428974209678
   2.45266185505227   -1.17775144723143   -4.30622840724909
   2.45657018852544   -1.17962820223327   -4.30171934202966
   2.46441626119426   -1.18339583266375   -4.29349438770744
   2.46805394096905   -1.18514262161083   -4.28945798048412
   2.47667840536231   -1.18928403042340   -4.28039977719808
   2.47966885655243   -1.19072002463099   -4.27727119625155
   2.48915441847571   -1.19527492658779   -4.26766290130203
   2.49151836575651   -1.19641007790325   -4.26463532133623
   2.50143817524881   -1.20117350257255   -4.25457853878275
   2.50294463681113   -1.20189689511097   -4.25303068180901
   2.51398976964650   -1.20720069235271   -4.24188093118146
   2.51475280911807   -1.20756709868796   -4.24112303567543
   2.52608121639073   -1.21300692237696   -4.22952161921541
   2.52680878574393   -1.21335629620398   -4.22871434647803
   2.53772237852147   -1.21859692880964   -4.21660526576395
   2.53844995462558   -1.21894630587840   -4.21579799488022
   2.54938273685689   -1.22419615312851   -4.20524066669625
   2.55154812421989   -1.22523595732954   -4.20288313455541
   2.56136935893486   -1.22995204706499   -4.19117720204832
   2.56264323470243   -1.23056375349560   -4.19016838772906
   2.57264320859257   -1.23536567256045   -4.18023721946167
   2.57561811131111   -1.23679420049834   -4.17705369377946
   2.58479934741922   -1.24120296728020   -4.16713171695831
   2.58756544329974   -1.24253122760266   -4.16453962839687
   2.59593412414343   -1.24654981090421   -4.15606388863597
   2.59981333684357   -1.24841258231002   -4.15145451136516
   2.60808113862018   -1.25238272417355   -4.14291382569351
   2.61230598483781   -1.25441146643041   -4.13870869515069
   2.61958220841536   -1.25790545922489   -4.13063609681492
   2.62449428402451   -1.26026420433509   -4.12559098045387
   2.63104295154548   -1.26340882968749   -4.11832565610553
   2.63620392409941   -1.26588709340818   -4.11271556835104
   2.64282227553981   -1.26906518050208   -4.10634922096861
   2.64941775477297   -1.27223228451849   -4.09996248693113
   2.65451126792595   -1.27467815469625   -4.09431170142309
   2.66178860488148   -1.27817268212722   -4.08704713421779
   2.66597320814256   -1.28018209999160   -4.08280929545886
   2.67402455027499   -1.28404829941453   -4.07395830170042
   2.67776320154995   -1.28584357418536   -4.07004773392213
   2.68629905794318   -1.28994243404237   -4.06099127215112
   2.68893924126510   -1.29121023201540   -4.05830227938850
   2.69747290858357   -1.29530804069367   -4.04833201346763
   2.70104432057613   -1.29702300830498   -4.04501793661081
   2.71036265036655   -1.30149760653540   -4.03518295017385
   2.71254569983393   -1.30254589195815   -4.03276120821980
   2.72346270017744   -1.30778816085368   -4.02226843281041
   2.72419039138955   -1.30813759319652   -4.02146118684157
   2.73444537243564   -1.31306196495347   -4.00940192214037
   2.73578216064994   -1.31370388151070   -4.00843626478492
   2.74693121959112   -1.31905758335761   -3.99663891267214
   2.74765892652631   -1.31940702325056   -3.99583166995006
   2.75893966963915   -1.32482395893602   -3.98412709209742
   2.75966738476049   -1.32517340275990   -3.98331985062225
   2.77076532897349   -1.33050255966395   -3.97141354559623
   2.77149305211676   -1.33085200733992   -3.97060630572928
   2.78214121675771   -1.33596518316985   -3.95829465464965
   2.78282454255435   -1.33629331154362   -3.95744788586435
   2.79147778907024   -1.34044854133461   -3.94507838639767
   2.79405251757640   -1.34168490835280   -3.94160006287383
   2.79991343632099   -1.34449928144681   -3.93195139538134
   2.80554172616907   -1.34720194773582   -3.92133330870146
   2.80697690301399   -1.34789110984052   -3.91886338235484
   2.81218289792755   -1.35039099299037   -3.90608476034297
   2.81674842012345   -1.35258332552187   -3.89389463727622
   2.81734650149832   -1.35287052010736   -3.89306014087439
   2.81909378015786   -1.35370955136874   -3.88011020147445
   2.81958972693226   -1.35394770161767   -3.86736910467523
   2.81952250142502   -1.35391542038889   -3.85444431752762
   2.81844191609487   -1.35339653070427   -3.84153345328086
   2.81809479717262   -1.35322984657201   -3.82857596063151
   2.81811665240746   -1.35324034130630   -3.81559811765092
   2.81849457044319   -1.35342181496219   -3.80267930529062
   2.81915056777056   -1.35373682039195   -3.78978315368441
   2.81928877616546   -1.35380318711787   -3.77695527357047
   2.81799097512226   -1.35317999193355   -3.76412743409596
   2.81657435006873   -1.35249973827218   -3.75845627091175
   2.81460080410565   -1.35155205499925   -3.75133597607505
   2.80608494064219   -1.34746279561037   -3.73824207254153
   2.80541381051527   -1.34714052351378   -3.73738491866387
   2.79609078901362   -1.34266367235571   -3.72512693993010
   2.79393442884630   -1.34162820295230   -3.72346260858958
   2.78273040135533   -1.33624810558375   -3.71251022167318
   2.78196555653260   -1.33588083233122   -3.71175078996671
   2.77026366726892   -1.33026166514466   -3.70128606500491
   2.76870937881614   -1.32951530646056   -3.69973428935836
   2.75848413953611   -1.32460521649624   -3.68919460598040
   2.75629626379933   -1.32355461353194   -3.68676874282327
   2.74712657653637   -1.31915139242653   -3.67755010352244
   2.74335148010747   -1.31733861694204   -3.67366267286632
   2.73551496139963   -1.31357557425827   -3.66614791278551
   2.72976400472081   -1.31081400419614   -3.66038505649986
   2.72384887138706   -1.30797359762723   -3.65482672660883
   2.71667234842339   -1.30452748038562   -3.64740735221182
   2.71230302577453   -1.30242936153466   -3.64335855455347
   2.70343336148147   -1.29817020940731   -3.63461115227904
   2.70046454334856   -1.29674460324583   -3.63145180112136
   2.69203628752433   -1.29269741244609   -3.62226942879452
   2.68843971515693   -1.29097036299488   -3.61896716475803
   2.67772999812132   -1.28582763012604   -3.60898052627430
   2.67697680249841   -1.28546595073958   -3.60820274127683
   2.66552136225691   -1.27996512668782   -3.59741606237955
   2.66404633102356   -1.27925682677839   -3.59582327611172
   2.65395672339226   -1.27441186620411   -3.58596973190377
   2.65092042098969   -1.27295385455792   -3.58289125392095
   2.64213501670257   -1.26873516350910   -3.57404956781523
   2.63781781444551   -1.26666207251380   -3.56992572923865
   2.63065796960335   -1.26322396399206   -3.56249027912849
   2.62482596148168   -1.26042347358144   -3.55683065354162
   2.61897033700724   -1.25761164275975   -3.55119519639733
   2.61212018008133   -1.25432224425720   -3.54425575950776
   2.60693771347083   -1.25183365923756   -3.53877453662019
   2.59827051493657   -1.24767172978277   -3.53131960740424
   2.59538634507071   -1.24628677114015   -3.52803562733619
   2.58569502080649   -1.24163306351459   -3.51777876921513
   2.58430062908909   -1.24096348614917   -3.51675570668649
   2.57331269806737   -1.23568715682712   -3.50567153629363
   2.57201278420211   -1.23506294708009   -3.50467578507793
   2.56091255065998   -1.22973269085585   -3.49433341449318
   2.55863745107785   -1.22864020359759   -3.49196101879162
   2.54862601998348   -1.22383278286164   -3.48136130387880
   2.54709301769491   -1.22309664564800   -3.47983737745898
   2.53704092147727   -1.21826969779800   -3.47068726487533
   2.53282399508205   -1.21624475858569   -3.46647956186400
   2.52551504044706   -1.21273504856130   -3.45922920921806
   2.52027107259350   -1.21021693106539   -3.45375705207424
   2.51383109823569   -1.20712449942651   -3.44794755292462
   2.50702073728456   -1.20385421067886   -3.44105595975554
   2.50172467668479   -1.20131107860251   -3.43557716613193
   2.49258215766188   -1.19692090350015   -3.42784328237174
   2.49042606933014   -1.19588556463033   -3.42537155172712
   2.48164778597752   -1.19167029300556   -3.41491116952228
   2.47883738894667   -1.19032075957372   -3.41239546714713
   2.46740407851807   -1.18483056210676   -3.40239736883330
   2.46665118102291   -1.18446902587920   -3.40161983707575
   2.45559497701316   -1.17915991233526   -3.39045927202080
   2.45410018543883   -1.17844212364525   -3.38889501824505
   2.44375227636747   -1.17347312848617   -3.37853711269832
   2.44099725668586   -1.17215018687867   -3.37593932517173
   2.43239433357838   -1.16801912204420   -3.36767590001743
   2.42787482722824   -1.16584888600711   -3.36301421511400
   2.42053085490740   -1.16232236072949   -3.35582394749891
   2.41459514577432   -1.15947207380248   -3.35030173560962
   2.40881776269799   -1.15669781396501   -3.34452612407861
   2.40185035825632   -1.15335211400734   -3.33691247518619
   2.39752363803231   -1.15127445254941   -3.33272493132971
   2.38772392701427   -1.14656869834600   -3.32441397844458
   2.38548744464729   -1.14549475481033   -3.32191292738331
   2.37616391750000   -1.14101766084469   -3.31125185851781
   2.37389732920367   -1.13992926064766   -3.30893876194299
   2.36285805116562   -1.13462827483956   -3.29856492555010
   2.36210529701797   -1.13426680744649   -3.29778751309940
   2.35066204266431   -1.12877183497473   -3.28700601136530
   2.34916525027470   -1.12805308550691   -3.28544196827424
   2.33875193334104   -1.12305268193972   -3.27521900369748
   2.33646576808585   -1.12195488102095   -3.27289305085437
   2.32716397713838   -1.11748822462979   -3.26377158345233
   2.32294546017165   -1.11546252163592   -3.25956513472951
   2.31560140746763   -1.11193595775884   -3.25237606886694
   2.30913197360902   -1.10882937986917   -3.24659868669695
   2.30414043997651   -1.10643247955963   -3.24084619940929
   2.29968912228259   -1.10429498724885   -3.23366558318025
   2.29650367655777   -1.10276535799941   -3.22071658614660
   2.29597074298942   -1.10250944694501   -3.20783609446969
   2.29227972748157   -1.10073704654372   -3.20154987676696
   2.28062088250865   -1.09513854893117   -3.19851689420550
   2.26908809336396   -1.08960058246515   -3.19960129894334
   2.25940627971516   -1.08495144177206   -3.19508408569281
   2.25746900708352   -1.08402117670479   -3.19397316579166
   2.24574852480365   -1.07839308127902   -3.18356862983399
   2.24424965738222   -1.07767333539511   -3.18200464567436
   2.23401763778996   -1.07275998957124   -3.17235277660631
   2.23098029846655   -1.07130148000275   -3.16933084799305
   2.22183006417819   -1.06690760008268   -3.15992771912723
   2.21788413601097   -1.06501279236590   -3.15629748365361
   2.21086925651222   -1.06164429521054   -3.14950531249548
   2.20475861182742   -1.05871000542811   -3.14342305830255
   2.19890667310307   -1.05589994447840   -3.13777530507189
   2.19165994633242   -1.05242011584885   -3.13044153741868
   2.18738051711764   -1.05036516321008   -3.12631966500615
   2.17782045348090   -1.04577448604006   -3.11751363902776
   2.17566848851352   -1.04474112718159   -3.11504350775705
   2.16560585793197   -1.03990912080209   -3.10439705993119
   2.16410380953916   -1.03918784743748   -3.10283834342145
   2.15265035446700   -1.03368797665046   -3.09207875221171
   2.15189787381416   -1.03332664058774   -3.09130156315955
   2.14091515307491   -1.02805281320769   -3.08085321427394
   2.13804268164782   -1.02667347207535   -3.07838847775677
   2.12901819398845   -1.02233997482645   -3.06903724842267
   2.12552957857260   -1.02066476556498   -3.06563543866735
   2.11784957962619   -1.01697688260009   -3.05875216612720
   2.11241190745672   -1.01436574961657   -3.05271790552800
   2.10566443088198   -1.01112565751635   -3.04568334048865
   2.09933838950035   -1.00808793571335   -3.03975100998892
   2.09437810809236   -1.00570604250826   -3.03473130882272
   2.08641059582738   -1.00188009761432   -3.02662325521180
   2.08263698477392   -1.00006803539696   -3.02269380198555
   2.07239156068901   -0.99514825282740   -3.01389894951168
   2.07093484470433   -0.99444874777511   -3.01228329870536
   2.06013245578431   -0.98926151450123   -3.00079545344088
   2.05937070385944   -0.98889572643709   -3.00003320174421
   2.04792482461997   -0.98339949351311   -2.98874142136028
   2.04709082654866   -0.98299901334360   -2.98788256492965
   2.03588207110484   -0.97761664564443   -2.97766561243082
   2.03361087183899   -0.97652603129137   -2.97532483424223
   2.02460394874662   -0.97220096842742   -2.96666428630235
   2.02008898922015   -0.97003291574394   -2.96202869136436
   2.01274415103273   -0.96650597468311   -2.95481173437475
   2.00739452212377   -0.96393711947109   -2.94947520374463
   2.00115503743848   -0.96094096160166   -2.94344939650751
   1.99441723522088   -0.95770551506157   -2.93640498350284
   1.98929615883825   -0.95524640920945   -2.93158940888791
   1.98172504562304   -0.95161081242794   -2.92382835821221
   1.97747427566894   -0.94956962177013   -2.91969024196832
   1.96753530024323   -0.94479699375069   -2.91049553573647
   1.96610477131335   -0.94411006354301   -2.90885326470929
   1.95601511315971   -0.93926507870825   -2.89734589133403
   1.95464651332799   -0.93860788642992   -2.89640886406183
   1.94273879445195   -0.93288988127132   -2.88548280601202
   1.94197268829925   -0.93252200233677   -2.88472855131323
   1.93085653519549   -0.92718410164792   -2.87448607759712
   1.92856996102976   -0.92608610437310   -2.87213314911818
   1.91928599052705   -0.92162800523762   -2.86223909184798
   1.91579542476962   -0.91995185943546   -2.85883735024284
   1.90775536680581   -0.91609107859313   -2.85079781595427
   1.90268120163795   -0.91365449918549   -2.84592306889594
   1.89611822264783   -0.91050300156349   -2.83947508407726
   1.88898325406500   -0.90707683845133   -2.83281730871999
   1.88465893286883   -0.90500032899015   -2.82874623092425
   1.87583284122528   -0.90076210015107   -2.81993504045114
   1.87283402357594   -0.89932208842699   -2.81684398753314
   1.86282752589755   -0.89451703668365   -2.80689029225208
   1.86130448053612   -0.89378568071832   -2.80536615452794
   1.85123699662495   -0.88895134380313   -2.79482896891491
   1.84916746752804   -0.88795757008583   -2.79308137502709
   1.83774833809317   -0.88247418223506   -2.78229160739223
   1.83699263351540   -0.88211129806564   -2.78152016802970
   1.82627592976511   -0.87696521022420   -2.77157984642684
   1.82336363601838   -0.87556674668634   -2.76834949285758
   1.81454093031208   -0.87133014375117   -2.75875273577977
   1.81151812480898   -0.86987861322378   -2.75565903147654
   1.80309488206288   -0.86583382966988   -2.74799856315304
   1.79727088264315   -0.86303718498316   -2.74234540841438
   1.79146051249643   -0.86024708498011   -2.73668295766559
   1.78472250840919   -0.85701154150360   -2.72963967745293
   1.77945844569187   -0.85448377459155   -2.72419458569249
   1.77167589491337   -0.85074664693833   -2.71666440202445
   1.76804739957891   -0.84900426829668   -2.71336589178535
   1.75748044570574   -0.84393008932198   -2.70411144266846
   1.75607597924087   -0.84325567413173   -2.70244642244041
   1.74517136205603   -0.83801935154429   -2.69095776712573
   1.74437589613605   -0.83763737425030   -2.69024994020386
   1.73309534544807   -0.83222053096595   -2.67951738590196
   1.73105248150658   -0.83123956167389   -2.67772342133785
   1.72152055390051   -0.82666239523335   -2.66808224535056
   1.71850504405483   -0.82521436803075   -2.66500875398736
   1.70972578782997   -0.82099862923939   -2.65617732370098
   1.70535614389933   -0.81890035611111   -2.65213817225541
   1.69797371859799   -0.81535536597526   -2.64499630871755
   1.69228177800289   -0.81262213503288   -2.63918650640035
   1.68646079835194   -0.80982694041847   -2.63353627861352
   1.67977632224792   -0.80661710071338   -2.62642429527223
   1.67474855697423   -0.80420280221755   -2.62150345646708
   1.66649283482693   -0.80023846090940   -2.61370646662692
   1.66300010357890   -0.79856127525346   -2.61032182161911
   1.65243542034591   -0.79348818662465   -2.60019268007842
   1.65168497553158   -0.79312782815765   -2.59941379115771
   1.64102100210537   -0.78800706105717   -2.58790438106485
   1.63951719255618   -0.78728494199732   -2.58635093510964
   1.62828139601601   -0.78188958934863   -2.57616042375574
   1.62619372406795   -0.78088710355830   -2.57439419613434
   1.61636596923468   -0.77616788290663   -2.56437913058413
   1.61408863599347   -0.77507432306057   -2.56203025290924
   1.60491273997942   -0.77066812055534   -2.55282186670424
   1.60058349761391   -0.76858924798231   -2.54874055824467
   1.59346634891964   -0.76517164185876   -2.54208088537188
   1.58697861892376   -0.76205627828911   -2.53558804066378
   1.58187639933569   -0.75960622734076   -2.53059798269271
   1.57406035299330   -0.75585301534686   -2.52327489264437
   1.56965494952247   -0.75373757073197   -2.51849552922036
   1.56059684024979   -0.74938792861432   -2.50995340847757
   1.55848781222561   -0.74837518778231   -2.50820068223192
   1.54731532935843   -0.74301023792635   -2.49723718425212
   1.54658753604224   -0.74266075655383   -2.49642983086366
   1.53525504121081   -0.73721897004707   -2.48473398420366
   1.53450323631505   -0.73685795847828   -2.48395734311302
   1.52334214525148   -0.73149847888849   -2.47296469693206
   1.52181312337193   -0.73076425304004   -2.47144963796596
   1.51183835355190   -0.72597443679727   -2.46231950186491
   1.50759676887005   -0.72393765684438   -2.45811012075069
   1.50030470687262   -0.72043605854901   -2.45085291237250
   1.49505261102995   -0.71791403804832   -2.44540153330506
   1.48867610086389   -0.71485208148024   -2.43954150908931
   1.48193735837903   -0.71161618343024   -2.43249897495264
   1.47646140145342   -0.70898666636867   -2.42654214719907
   1.46872185483078   -0.70527018901695   -2.41973342746022
   1.46522491296781   -0.70359098145252   -2.41633687312186
   1.45689649418779   -0.69959173171856   -2.40701848238172
   1.45315832813931   -0.69779668995015   -2.40316793519604
   1.44252563392712   -0.69269094291430   -2.39390018044030
   1.44179793432835   -0.69234150654425   -2.39309290778000
   1.43083089661990   -0.68707521004832   -2.38106524107610
   1.43005690449346   -0.68670354432310   -2.38032790094308
   1.41851322644862   -0.68116034908170   -2.37048935011502
   1.41631155362128   -0.68010312084888   -2.36809087054046
   1.40705297375913   -0.67565721412534   -2.35898610723685
   1.40341463181341   -0.67391010720831   -2.35494988288556
   1.39555664124303   -0.67013675388301   -2.34734177345936
   1.39007874468872   -0.66750630542501   -2.34232323001162
   1.38322288031685   -0.66421416624595   -2.33537385545204
   1.37699706425719   -0.66122457195705   -2.32937608339760
   1.37208272152405   -0.65886473818942   -2.32511853317393
   1.36387535420059   -0.65492361653693   -2.31651037240897
   1.36030373089413   -0.65320854745414   -2.31317544245514
   1.35102676227287   -0.64875381057425   -2.30328726058456
   1.34891189519982   -0.64773826587091   -2.30153116522653
   1.33756650302988   -0.64229028615041   -2.29077528536593
   1.33683889042398   -0.64194089155374   -2.28996808893885
   1.32551040268536   -0.63650102922554   -2.27827623930855
   1.32474489947755   -0.63613343982099   -2.27752246992763
   1.31392085643806   -0.63093580838705   -2.26777062679403
   1.31097316585044   -0.62952034752831   -2.26456504946325
   1.30230601978285   -0.62535844326766   -2.25635637862387
   1.29770489960100   -0.62314901682679   -2.25186023177371
   1.29027497442170   -0.61958121757443   -2.24395873025492
   1.28418576989387   -0.61665722320873   -2.23855196884474
   1.27925959026444   -0.61429170544446   -2.23428359947015
   1.27154122246377   -0.61058539801819   -2.22599959436811
   1.26731210430842   -0.60855460440605   -2.22179773174362
   1.25808225184316   -0.60412249238201   -2.21268195921034
   1.25581750497002   -0.60303497642380   -2.21029783719903
   1.24546863186409   -0.59806551834191   -2.19998313134121
   1.24392616680993   -0.59732483717296   -2.19849787985032
   1.23225176019511   -0.59171886696641   -2.18806515587120
   1.23095037147965   -0.59109394900640   -2.18707377165249
   1.22079761441791   -0.58621866450756   -2.17656277201527
   1.21914092818280   -0.58542313510876   -2.17436235305368
   1.20915609738915   -0.58062848765527   -2.16516541129289
   1.20531218446794   -0.57878266696187   -2.16145562610145
   1.19726956202646   -0.57492065467490   -2.15343454134187
   1.19163665077264   -0.57221576921845   -2.14835123178388
   1.18582323008113   -0.56942420436466   -2.14270619503397
   1.17910156332339   -0.56619650596204   -2.13565383199072
   1.17401074168970   -0.56375192823343   -2.13081040000175
   1.16496428819286   -0.55940788313961   -2.12228559961298
   1.16262012577063   -0.55828223237791   -2.11994817589489
   1.15147391989756   -0.55292990055480   -2.10980713206786
   1.15072242243520   -0.55256903661342   -2.10903075290285
   1.13932201053970   -0.54709463679703   -2.09827511796308
   1.13776407513422   -0.54634652687119   -2.09672816800833
   1.12752748970759   -0.54143098856488   -2.08792252915824
   1.12313695513787   -0.53932268389461   -2.08394973763872
   1.11609718704999   -0.53594223540898   -2.07714991063339
   1.10996200563321   -0.53299616325568   -2.07113364933743
   1.10395707133289   -0.53011263487684   -2.06571973210366
   1.09430330464764   -0.52547696214382   -2.05766460956726
   1.09274218254704   -0.52472732198878   -2.05622163102644
   1.08097235175334   -0.51907552974420   -2.04676198449578
   1.07887284966088   -0.51806736319945   -2.04505288809963
   1.06958192062068   -0.51360592262186   -2.03677577318146
   1.06435865825057   -0.51109774775749   -2.03202206299871
   1.05770772616872   -0.50790401566241   -2.02657210892724
   1.04967105182032   -0.50404485960906   -2.01938755647792
   1.04605717162968   -0.50230949905951   -2.01609425900584
   1.03508921799977   -0.49704276274436   -2.00650483759462
   1.03433779320189   -0.49668193369596   -2.00572852272652
   1.02278072051839   -0.49113230644070   -1.99511151860292
   1.02121778155540   -0.49038179384076   -1.99365628187638
   1.01081995164569   -0.48538882703655   -1.98507806074288
   1.00475730630004   -0.48247758620847   -1.98045039513910
   1.00017546366520   -0.48027741671383   -1.97639635083857
   0.99078005470511   -0.47576580559333   -1.96764543658607
   0.98786729379797   -0.47436711772824   -1.96525208487561
   0.97630514710114   -0.46881505396648   -1.95544205678564
   0.97552857358433   -0.46844214867527   -1.95471134745370
   0.96441744375301   -0.46310666012749   -1.94533527540032
   0.96074420590402   -0.46134279643639   -1.94214325534259
   0.95299938446124   -0.45762378615211   -1.93534853477616
   0.94516438265558   -0.45386147187439   -1.92865813676199
   0.94156766838151   -0.45213435428057   -1.92541000346431
   0.93058988181059   -0.44686289625440   -1.91571395232779
   0.92980941468075   -0.44648812127684   -1.91499254335709
   0.91784246812279   -0.44074167539049   -1.90419297670269
   0.91650064519435   -0.44009734119797   -1.90324345508278
   0.90660060167223   -0.43534340801235   -1.89558162739422
   0.90068413929645   -0.43250236324655   -1.89010339215223
   0.89474504712750   -0.42965045180886   -1.88458052746867
   0.88547867056508   -0.42520080116317   -1.87716157536603
   0.88335168666461   -0.42417943804218   -1.87539440434293
   0.87200155292531   -0.41872918145251   -1.86471189615903
   0.87122503424300   -0.41835630249245   -1.86398123578408
   0.85975031474287   -0.41284622067256   -1.85486414620176
   0.85617437994641   -0.41112908124176   -1.85156290855795
   0.84820606592072   -0.40730275134780   -1.84422362227645
   0.84160292334703   -0.40413196744769   -1.83867370318727
   0.83661852829223   -0.40173849503433   -1.83449161943785
   0.82646716432872   -0.39686387949172   -1.82552354578942
   0.82490633439236   -0.39611437963195   -1.82408082194795
   0.81352360221642   -0.39064846949597   -1.81568693152576
   0.81048169620448   -0.38918776703487   -1.81265036901809
   0.80151789373520   -0.38488341039919   -1.80409431843325
   0.79652923133716   -0.38248788883679   -1.79992835495019
   0.79027517598024   -0.37948473423050   -1.79469599928222
   0.78148657684385   -0.37526450903692   -1.78665863268547
   0.77857755161906   -0.37386761502095   -1.78423795480746
   0.76686717656883   -0.36824437301773   -1.77468315325145
   0.76610201089655   -0.36787694569543   -1.77392968150084
   0.75511838896458   -0.36260268556880   -1.76359341484337
   0.75230102863893   -0.36124980841043   -1.76100961148369
   0.74383820346203   -0.35718601764399   -1.75407917125016
   0.73694839239604   -0.35387757749460   -1.74815550071047
   0.73171581199208   -0.35136492817410   -1.74355895596505
   0.72120517136136   -0.34631779043325   -1.73494883309858
   0.72044451730606   -0.34595252955857   -1.73418749970986
   0.70866036304375   -0.34029385928234   -1.72304580304656
   0.70788391761354   -0.33992101549744   -1.72231521242556
   0.69712601939393   -0.33475514635359   -1.71403985923836
   0.69197069178751   -0.33227959329807   -1.70935648220343
   0.68531544335428   -0.32908378852059   -1.70300187724995
   0.67795583868783   -0.32554975669753   -1.69667610535329
   0.67376198966468   -0.32353589908144   -1.69325243576522
   0.66257859472293   -0.31816570932191   -1.68344100911036
   0.66174878573681   -0.31776724072245   -1.68281595646555
   0.65031034673194   -0.31227458054824   -1.67477462883599
   0.64289845326092   -0.30871543999887   -1.67116177664961
   0.63845088430322   -0.30657974780558   -1.66934826654765
   0.62694253245025   -0.30105351595990   -1.66803602701001
   0.61532600012279   -0.29547533659029   -1.66812585750117
   0.60376397413264   -0.28992333079105   -1.66911499821505
   0.59313072631601   -0.28481731791814   -1.67184339758286
   0.59237323973695   -0.28445357804388   -1.67258256495118
   0.58085329713285   -0.27892178039878   -1.67834314390042
   0.57267923421706   -0.27499665129507   -1.68454860657592
   0.56899402317899   -0.27322703816047   -1.68750261889047
   0.55758404848488   -0.26774804635359   -1.69598512473501
   0.55608608836541   -0.26702873614988   -1.69750119470309
   0.54585938592867   -0.26211794358772   -1.70548807093623
   0.53934438267973   -0.25898948358850   -1.71040533529425
   0.53421471879403   -0.25652625407614   -1.71435620208693
   0.52326208188998   -0.25126687274798   -1.72312818350607
   0.52248872862682   -0.25089551380055   -1.72386493363995
   0.51108023295524   -0.24541723221018   -1.73229413377386
   0.50596250392082   -0.24295973373177   -1.73633353190900
   0.49933138638191   -0.23977551644470   -1.74179745843324
   0.48856312018301   -0.23460466866811   -1.74938290672381
   0.48781878776608   -0.23424724533253   -1.75015901365676
   0.47579508362598   -0.22847354484345   -1.75996706427339
   0.47298171783827   -0.22712258583487   -1.76164753598724
   0.46449196169673   -0.22304586300341   -1.76925991864532
   0.45724959140185   -0.21956812632373   -1.77506800484518
   0.45286120324977   -0.21746085234852   -1.77829771366640
   0.44124953209538   -0.21188500728098   -1.78711774383934
   0.44047976057676   -0.21151536826277   -1.78785818811100
   0.42972503404698   -0.20635102214269   -1.79602522623844
   0.42322608622333   -0.20323027184887   -1.80100148002855
   0.41800758550442   -0.20072438349683   -1.80584778556087
   0.40781895082625   -0.19583187081196   -1.81373768417083
   0.40628078591245   -0.19509325454100   -1.81522696354635
   0.39483126795522   -0.18959527432964   -1.82356910060690
   0.39043795070301   -0.18748563343427   -1.82684446634562
   0.38294916306871   -0.18388956883362   -1.83374282756148
   0.37505611428351   -0.18009938079336   -1.83949457183317
   0.37150501984675   -0.17839416953338   -1.84204046807136
   0.35984734777249   -0.17279623513874   -1.85176985512840
   0.35841390514955   -0.17210790579558   -1.85261149632369
   0.34814892385074   -0.16717873198568   -1.86060783632449
   0.34165263490231   -0.16405925846555   -1.86531688686898
   0.33646058647316   -0.16156607232213   -1.87008018257180
   0.32565320774347   -0.15637644297577   -1.87840961208196
   0.32489925731502   -0.15601440113685   -1.87916864814037
   0.31326304087087   -0.15042676958904   -1.88786750219862
   0.30963912748204   -0.14868659116634   -1.89113262089825
   0.30159567178569   -0.14482417875609   -1.89772040254042
   0.29266383838318   -0.14053517344760   -1.90381393074263
   0.28975979733984   -0.13914067280147   -1.90613455091939
   0.27829963043667   -0.13363757903911   -1.91526750876995
   0.27620692736062   -0.13263267733553   -1.91695219915831
   0.26687311081879   -0.12815064247300   -1.92445027952671
   0.26031577114708   -0.12500185281314   -1.93007857758690
   0.25512778851967   -0.12251061903990   -1.93485015283096
   0.24362028624297   -0.11698479515493   -1.94229628000734
   0.24288009211379   -0.11662935899683   -1.94308190758446
   0.23186868598525   -0.11134175708904   -1.95192452882210
   0.22745713575722   -0.10922336084339   -1.95567505816069
   0.22012693291491   -0.10570344757517   -1.96206179772808
   0.21032304214926   -0.10099568628555   -1.96882268897246
   0.20868576631079   -0.10020947762646   -1.97056324016380
   0.19679907718881   -0.09450157081192   -1.98057586521969
   0.19604957983762   -0.09414166731025   -1.98129707087269
   0.18544646205604   -0.08905012267408   -1.98830700559465
   0.17821971643464   -0.08557988885574   -1.99462739830457
   0.17376585515698   -0.08344117513345   -1.99871781501336
   0.16282790816682   -0.07818884780147   -2.00751931976438
   0.16207645416260   -0.07782800472839   -2.00828678944566
   0.15057291981553   -0.07230408621608   -2.01644387918506
   0.14615645286143   -0.07018332899220   -2.02047111440201
   0.13886799944600   -0.06668346351322   -2.02615805325867
   0.12944805030274   -0.06216006836462   -2.03338214494052
   0.12721299054381   -0.06108680795560   -2.03572305359924
   0.11556494603343   -0.05549349665129   -2.04469844298625
   0.11338497542873   -0.05444668967734   -2.04630022645042
   0.10374701052340   -0.04981860485096   -2.05401450463796
   0.09723571939362   -0.04669192738596   -2.05892978668329
   0.09210394620187   -0.04422768499927   -2.06288281586570
   0.08116644216692   -0.03897557037135   -2.07166422346392
   0.08040384912608   -0.03860937840908   -2.07242183876953
   0.06891438353874   -0.03309221561897   -2.08166782272025
   0.06516241253082   -0.03129054480347   -2.08457252786553
   0.05720396074454   -0.02746895068942   -2.09112469909701
   0.04790130431817   -0.02300187870121   -2.09784404129901
   0.04573572118008   -0.02196198049032   -2.09946454486667
   0.03414750531601   -0.01639739849276   -2.10835641790159
   0.03132232970140   -0.01504076848608   -2.11076166168406
   0.02252268830972   -0.01081524087704   -2.11828106601952
   0.01594249999049   -0.00765547945291   -2.12367790491913
   0.01069323787035   -0.00513481968640   -2.12826166352521
  -0.00066029155544    0.00031706748870   -2.13600233741439
  -0.00140190750079    0.00067318639320   -2.13678574679457
  -0.01245227135616    0.00597949553495   -2.14625495432194
  -0.01679038235159    0.00806262676342   -2.14949334348416
  -0.02394430897090    0.01149789339502   -2.15446863069589
  -0.03341218758995    0.01604430395008   -2.16251544968958
  -0.03575252673654    0.01716811880097   -2.16479671194264
  -0.04729510846654    0.02271078759948   -2.17290648059320
  -0.05020377443849    0.02410750910469   -2.17532711417347
  -0.05891012053239    0.02828823694986   -2.18259535711619
  -0.06489546830543    0.03116236001226   -2.18803666465479
  -0.07065586186201    0.03392846159855   -2.19223020748304
  -0.08173820260601    0.03925012582351   -2.20075830479333
  -0.08251156252427    0.03962148796668   -2.20149519569046
  -0.09392497173857    0.04510212900665   -2.20998158390254
  -0.09842777420987    0.04726434395538   -2.21368047062922
  -0.10551019583499    0.05066527437786   -2.21968947710261
  -0.11436660516185    0.05491806156110   -2.22675635974308
  -0.11731801697103    0.05633530932498   -2.22909659069141
  -0.12891324952955    0.06190326069123   -2.23800681093657
  -0.13105118971882    0.06292988494717   -2.23968520750948
  -0.14057963523839    0.06750537931359   -2.24766263716762
  -0.14708921606413    0.07063123550228   -2.25257714963375
  -0.15222235376960    0.07309613311913   -2.25653135088521
  -0.16364661398753    0.07858198473684   -2.26496027151837
  -0.16442967196660    0.07895800382247   -2.26567403944289
  -0.17556628713781    0.08430573025616   -2.27493973812348
  -0.17975976203562    0.08631940821981   -2.27842236135763
  -0.18695381567863    0.08977394357375   -2.28424214523770
  -0.19580988744424    0.09402656866238   -2.29130898658692
  -0.19876174475935    0.09544403035517   -2.29364954315799
  -0.21018391015228    0.10092887605223   -2.30201227721084
  -0.21249624901606    0.10203924535883   -2.30423930273674
  -0.22180018930984    0.10650693385138   -2.31170252787545
  -0.22901924744512    0.10997347619148   -2.31748299005531
  -0.23341244345182    0.11208305886559   -2.32075571552519
  -0.24461240027595    0.11746120152776   -2.32987374821037
  -0.24537503808904    0.11782741498937   -2.33063145690323
  -0.25665497082267    0.12324396153627   -2.33931524353957
  -0.26174809330946    0.12568964411880   -2.34331115762126
  -0.26843305751345    0.12889971820615   -2.34877811689786
  -0.27784109684901    0.13341739434656   -2.35591397472667
  -0.28003740682311    0.13447204737394   -2.35767206845000
  -0.29180484746763    0.14012269188523   -2.36711727318197
  -0.29394286733362    0.14114935440138   -2.36879579310691
  -0.30334272061112    0.14566309965270   -2.37621180591834
  -0.31064710238791    0.14917061382186   -2.38171700568470
  -0.31504580237284    0.15128283946867   -2.38570260017060
  -0.32583211179090    0.15646235147569   -2.39487559163869
  -0.32662053965457    0.15684094914319   -2.39557371939227
  -0.33829729902413    0.16244804912647   -2.40427834836988
  -0.34244114490245    0.16443789557442   -2.40775538166749
  -0.34976992022135    0.16795712335565   -2.41371196790038
  -0.35884600578985    0.17231539756760   -2.42019779587558
  -0.36179214068617    0.17373011139402   -2.42254094230741
  -0.37325330054570    0.17923368196724   -2.43167624526673
  -0.37539137326325    0.18026036986234   -2.43335483304177
  -0.38469664040174    0.18472869549666   -2.44081929041277
  -0.39257055780186    0.18850969677666   -2.44670872202410
  -0.39622541464160    0.19026473403284   -2.44988896962155
  -0.40785795797250    0.19585060177679   -2.45889172227864
  -0.40860584286644    0.19620973098752   -2.45966190212575
  -0.41986658634162    0.20161706298377   -2.46871961141803
  -0.42365347781047    0.20343550236577   -2.47171389766495
  -0.43129477851793    0.20710480270099   -2.47791506763317
  -0.44185733025929    0.21217686780211   -2.48542107990082
  -0.44276013703568    0.21261038944117   -2.48633804821038
  -0.45474593424029    0.21836588727911   -2.49694365966419
  -0.45613854752460    0.21903461065312   -2.49790177825401
  -0.46598586942426    0.22376322727624   -2.50407891504926
  -0.47399458363274    0.22760895706164   -2.51120364531465
  -0.47772721990288    0.22940134346831   -2.51447708343728
  -0.48897509713506    0.23480249718267   -2.52354554398682
  -0.48974855510742    0.23517390641075   -2.52428257267226
  -0.50102288990927    0.24058776486909   -2.53283526515521
  -0.50600892675518    0.24298202565932   -2.53703615609001
  -0.51263702112696    0.24616479124222   -2.54272986626923
  -0.52160136852759    0.25046940955021   -2.54954522529351
  -0.52448604117702    0.25185460962606   -2.55195697708921
  -0.53596601450417    0.25736721429775   -2.56124852590627
  -0.53812515114684    0.25840401694563   -2.56281771996310
  -0.54760213135087    0.26295479801954   -2.56994690572993
  -0.55479109940310    0.26640689130756   -2.57576707655202
  -0.55933314890884    0.26858795241379   -2.57957430350544
  -0.57085615493472    0.27412122109307   -2.58775926618680
  -0.57162964259666    0.27449264457788   -2.58849632732806
  -0.58272240489010    0.27981931315961   -2.59790734458241
  -0.58642233413481    0.28159599387637   -2.60103224364766
  -0.59416529736683    0.28531411186054   -2.60706480546890
  -0.60348925379266    0.28979141196281   -2.61452248001477
  -0.60587831778865    0.29093862415311   -2.61670015221249
  -0.61761330937925    0.29657368685065   -2.62537007100999
  -0.62029890654219    0.29786329223951   -2.62726571856389
  -0.62892958194210    0.30200768353499   -2.63407569236266
  -0.63639902033855    0.30559445676396   -2.64012538073301
  -0.64103763295926    0.30782188681753   -2.64452167147722
  -0.65218519411437    0.31317486943781   -2.65263865441388
  -0.65362601028318    0.31386673950727   -2.65347041956158
  -0.66393814029503    0.31881855380670   -2.66197255269578
  -0.66898802531557    0.32124347405367   -2.66615654234878
  -0.67562369913707    0.32442987923648   -2.67163468624028
  -0.68494803755215    0.32890736276737   -2.67909273584260
  -0.68733500794010    0.33005356962141   -2.68126956260944
  -0.69889824220960    0.33560615562813   -2.68939221694203
  -0.70180755500087    0.33700318773157   -2.69181364861197
  -0.71064468320497    0.34124671625153   -2.69968947903193
  -0.71635409540971    0.34398833694136   -2.70472776394707
  -0.72212701613800    0.34676045398982   -2.70898576938435
  -0.73334698751798    0.35214820750482   -2.71725209386837
  -0.73412054481159    0.35251966442628   -2.71798922559004
  -0.74564056837468    0.35805150094734   -2.72704893423503
  -0.75052357501941    0.36039628733965   -2.73056667359055
  -0.75694882538824    0.36348164861973   -2.73565242498489
  -0.76597376943243    0.36781536502150   -2.74325412059899
  -0.76892898031429    0.36923443707410   -2.74559673604882
  -0.78036120633420    0.37472411381543   -2.75396643448314
  -0.78327065637722    0.37612121182621   -2.75638799469178
  -0.79202753534379    0.38032620521120   -2.76363429443581
  -0.79808915875123    0.38323695531154   -2.76889795992613
  -0.80401189626218    0.38608101335432   -2.77357450535176
  -0.81526637690823    0.39148533798285   -2.78147221434883
  -0.81604966474859    0.39186146744631   -2.78218624011193
  -0.82729579255372    0.39726178109776   -2.79131383277585
  -0.83168069851034    0.39936738294653   -2.79456666334246
  -0.83871641415714    0.40274588547767   -2.80053764745550
  -0.84743859921933    0.40693421908707   -2.80783076677462
  -0.85039432250059    0.40835353719036   -2.81017364277124
  -0.86207187061902    0.41396101592546   -2.81898916286397
  -0.86368295396038    0.41473464712659   -2.82039335492420
  -0.87345131870815    0.41942534906541   -2.82824026727191
  -0.88063753023122    0.42287611868699   -2.83405962025587
  -0.88517406387790    0.42505453111542   -2.83786530533643
  -0.89568743025766    0.43010297774231   -2.84622316662068
  -0.89703587582815    0.43075049208224   -2.84717818678469
  -0.90817814004979    0.43610093115131   -2.85594023930405
  -0.91270433124945    0.43827437720742   -2.85984973172777
  -0.92024510787053    0.44189540656393   -2.86584254412405
  -0.92898603272985    0.44609273889573   -2.87228515484509
  -0.93169425426623    0.44739320835398   -2.87422138775819
  -0.94329940071057    0.45296592030039   -2.88312589644384
  -0.94620916476228    0.45436316909600   -2.88554773576200
  -0.95499959876340    0.45858427537907   -2.89276569968187
  -0.96174277999033    0.46182230488265   -2.89808691932244
  -0.96672856698285    0.46421644569498   -2.90227108590116
  -0.97749481986406    0.46938632669018   -2.91143653922853
  -0.97828353756165    0.46976506353394   -2.91213495560462
  -0.98999167395591    0.47538723054988   -2.92085686559317
  -0.99419499296863    0.47740563559019   -2.92431485243668
  -1.00131836791610    0.48082623151795   -2.92958704371072
  -1.01176796514484    0.48584405663468   -2.93708704715206
  -1.01331017653173    0.48658461599434   -2.93857241028140
  -1.02494987920280    0.49217392160447   -2.94826031768568
  -1.02649210769006    0.49291448917562   -2.94974569523993
  -1.03640074815848    0.49767255055605   -2.95740908512265
  -1.04305469380267    0.50086772974314   -2.96296804339920
  -1.04825734680684    0.50336600813096   -2.96678906124124
  -1.05922576039488    0.50863296531486   -2.97559159727079
  -1.05998874345257    0.50899934456056   -2.97634965716638
  -1.07126968984135    0.51441637785773   -2.98507125160194
  -1.07582321180716    0.51660294796081   -2.98870080404510
  -1.08315006724200    0.52012125382685   -2.99508723973299
  -1.09291356644401    0.52480961936388   -3.00217117138472
  -1.09451609294685    0.52557914162968   -3.00365593808040
  -1.10649877974702    0.53133314587269   -3.01357362992117
  -1.10725178144326    0.53169473213689   -3.01430348072806
  -1.11787182295857    0.53679440343424   -3.02119993320425
  -1.12455223415066    0.54000229119642   -3.02747005169150
  -1.12960041871175    0.54242639489439   -3.03162454058305
  -1.14114060234491    0.54796791214320   -3.03981735233952
  -1.14191439734049    0.54833948320752   -3.04055469610348
  -1.15283725276776    0.55358456367423   -3.04942880615685
  -1.15727730121018    0.55571664456751   -3.05332031232168
  -1.16436467742533    0.55911995415023   -3.05936479888940
  -1.17334447787833    0.56343199290827   -3.06617785395880
  -1.17627615315067    0.56483976332216   -3.06856243863357
  -1.18761607054210    0.57028511409146   -3.07714077490513
  -1.18995404683412    0.57140779431575   -3.07929486597441
  -1.19954689938296    0.57601421649710   -3.08715055519270
  -1.20655481510354    0.57937936969381   -3.09241448815977
  -1.21092309233744    0.58147698654366   -3.09570298635810
  -1.22219940947541    0.58689179690626   -3.10478017808494
  -1.22296250483448    0.58725823007831   -3.10553833326293
  -1.23434948053044    0.59272617792358   -3.11481211780562
  -1.23809104128198    0.59452284980517   -3.11786706605067
  -1.24612562337971    0.59838100117407   -3.12427808897802
  -1.25468253910092    0.60248997357633   -3.13099660588864
  -1.25765270054892    0.60391622478853   -3.13336430124930
  -1.26940975239359    0.60956188066919   -3.14204370468865
  -1.27152758985063    0.61057885173060   -3.14374601139231
  -1.28074915019490    0.61500698193486   -3.15142960601528
  -1.28683846518273    0.61793102934270   -3.15663225864673
  -1.29270118212319    0.62074626591806   -3.16141337295104
  -1.30388826784034    0.62611822796270   -3.16941552413713
  -1.30463997156245    0.62647919094860   -3.17018413522494
  -1.31584402827443    0.63185930234888   -3.17941381878997
  -1.32019444073156    0.63394834065511   -3.18265894788387
  -1.32747470671529    0.63744427458539   -3.18830863124693
  -1.33633057597861    0.64169680243381   -3.19537881698799
  -1.33928953479571    0.64311767421928   -3.19772308837544
  -1.35073365337314    0.64861306168538   -3.20609886541808
  -1.35424117416427    0.65029734917876   -3.20871556503077
  -1.36231972638944    0.65417661470211   -3.21582885078132
  -1.36879527425410    0.65728612849567   -3.22163616666835
  -1.37394883428648    0.65976083277421   -3.22569776194698
  -1.38519793074391    0.66516257195220   -3.23397282057528
  -1.38597191289369    0.66553423288669   -3.23471031950471
  -1.39732342514698    0.67098515142935   -3.24323433929910
  -1.40182323938678    0.67314593144975   -3.24706506849811
  -1.40911795120093    0.67664880216899   -3.25269308417934
  -1.41783323359277    0.68083382116330   -3.25998698939435
  -1.42079275599350    0.68225496357777   -3.26233146891786
  -1.43258799599954    0.68791895715232   -3.27180584774160
  -1.43395618955367    0.68857595433893   -3.27274283736007
  -1.44404677800525    0.69342138589639   -3.28096536275774
  -1.45044874348567    0.69649556593232   -3.28603887885293
  -1.45553463031903    0.69893777400357   -3.29008486129722
  -1.46645670007862    0.70418247719803   -3.29902042944098
  -1.46725248127286    0.70456460588457   -3.29969386199436
  -1.47916539312091    0.71028510467280   -3.30815132276903
  -1.48344365442631    0.71233949648947   -3.31153851693405
  -1.49063557028211    0.71579300529261   -3.31810156153521
  -1.49859776725758    0.71961639782088   -3.32462765764554
  -1.50218542831817    0.72133916812352   -3.32715565980051
  -1.51426136986401    0.72713795265755   -3.33621653830879
  -1.51561053022938    0.72778581023710   -3.33717212109660
  -1.52534204998308    0.73245881946178   -3.34505494373007
  -1.53306047171097    0.73616515278353   -3.35117481386672
  -1.53696424962257    0.73803972023586   -3.35492504148673
  -1.54766017887351    0.74317583230481   -3.36304123784944
  -1.54898468575211    0.74381185144863   -3.36397493754675
  -1.56013347647337    0.74916542449817   -3.37274222354966
  -1.56458338271363    0.75130223903855   -3.37670004600021
  -1.57219703409501    0.75495826235651   -3.38343314681268
  -1.58085965791780    0.75911799506614   -3.38922000580932
  -1.58379871111946    0.76052930831122   -3.39160612348840
  -1.59530507460461    0.76605458535627   -3.40071540455934
  -1.59747804031093    0.76709802862593   -3.40234255799614
  -1.60710830192844    0.77172241438620   -3.41015262643097
  -1.61300289512381    0.77455295772114   -3.41492147887956
  -1.61874336321076    0.77730949123319   -3.41986804744230
  -1.62947137991826    0.78246101147931   -3.42826934117079
  -1.63026062493657    0.78284000153887   -3.42896818659361
  -1.64200045635882    0.78847738829047   -3.43769963225470
  -1.64616195089955    0.79047570950539   -3.44118767514624
  -1.65330839277038    0.79390738201197   -3.44731513610827
  -1.66182497132569    0.79799698478307   -3.45345529977828
  -1.66565853364142    0.79983783518652   -3.45658973330157
  -1.67683099238529    0.80520277345863   -3.46534188689263
  -1.67897319741701    0.80623144566275   -3.46699959001824
  -1.68844466623881    0.81077958020861   -3.47507081024593
  -1.69494395152812    0.81390049255112   -3.48004493911046
  -1.70030550738818    0.81647507500349   -3.48442014064051
  -1.71127558860495    0.82174283297130   -3.49246854059088
  -1.71203911084220    0.82210947112733   -3.49322704461850
  -1.72358893422865    0.82765561731974   -3.50303269492854
  -1.72656372375226    0.82908409090220   -3.50539442891550
  -1.73504495055777    0.83315671800483   -3.51222537980230
  -1.74483874496767    0.83785963109348   -3.51922841345259
  -1.74640739668795    0.83861288692039   -3.52083692669982
  -1.75805305758685    0.84420505363077   -3.53108661128215
  -1.75875284799158    0.84454108819674   -3.53173278418253
  -1.76996985371218    0.84992741762239   -3.53890729227806
  -1.77649114615899    0.85305889765142   -3.54458781660522
  -1.78166217255928    0.85554198916037   -3.54936506699236
  -1.79190835137459    0.86046213414630   -3.55734632199713
  -1.79332646436357    0.86114310230409   -3.55823328473384
  -1.80507406475925    0.86678421966359   -3.56696606813664
  -1.80923793310455    0.86878368076323   -3.57045494260065
  -1.81645539726670    0.87224945768833   -3.57711001861699
  -1.82401054589356    0.87587738838371   -3.58309000302490
  -1.82840118531673    0.87798574340389   -3.58630912682305
  -1.83968362312208    0.88340349286910   -3.59498667099567
  -1.84125186891121    0.88415655377065   -3.59641609697572
  -1.85166475847724    0.88915675211882   -3.60495464893954
  -1.85665422854873    0.89155266152048   -3.60915787998862
  -1.86318943891877    0.89469082484105   -3.61402701467712
  -1.87273027359097    0.89927226839383   -3.62198800904762
  -1.87487237236849    0.90030088957540   -3.62368323179422
  -1.88681265618511    0.90603453219573   -3.63295932834565
  -1.88892132919545    0.90704710255252   -3.63465750367298
  -1.89825559163720    0.91152935153314   -3.64214155999483
  -1.90529912992950    0.91491161044515   -3.64815693305903
  -1.90984455540220    0.91709429266761   -3.65193336071362
  -1.92162701200844    0.92275214774102   -3.65978861204066
  -1.92242446635470    0.92313507986371   -3.66054412610137
  -1.93309289287226    0.92825798530820   -3.66978546962180
  -1.93759140534774    0.93041814023028   -3.67361904076897
  -1.94508861599957    0.93401824950633   -3.67975571157972
  -1.95501009921196    0.93878247788457   -3.68664809607392
  -1.95638228017848    0.93944138979934   -3.68757929731163
  -1.96812589565875    0.94508059362971   -3.69795109217084
  -1.97023983098927    0.94609569091666   -3.69967777596389
  -1.97967594027322    0.95062684605430   -3.70698456074756
  -1.98562746067639    0.95348472544506   -3.71246646013961
  -1.99136815937837    0.95624136969688   -3.71744584077641
  -2.00108064401001    0.96090523838614   -3.72522628783521
  -2.00313804594994    0.96189318872560   -3.72781108018289
  -2.01025888047128    0.96531256475811   -3.73842742720683
  -2.01480529457742    0.96749572171559   -3.74883088715509
  -2.01554832148780    0.96785251815585   -3.75127783061673
  -2.01699302022857    0.96854625260980   -3.76420559738622
  -2.01774948062959    0.96890949972038   -3.77711666692956
  -2.01881038673403    0.96941893957542   -3.79005001311238
  -2.01918359904358    0.96959815357378   -3.80297044277444
  -2.01957828048837    0.96978767690406   -3.81590942659699
  -2.01994983513887    0.96996609490589   -3.82880288867595
  -2.02068697816948    0.97032006594732   -3.84172273759928
  -2.02105864671971    0.97049853864303   -3.85461635811614
  -2.02177833120968    0.97084412621266   -3.86756951187105
  -2.02217073950097    0.97103255799017   -3.88048210709495
  -2.02250464437170    0.97119289682527   -3.89344099922212
  -2.02133288483983    0.97063022591259   -3.90653031190226
  -2.01796897175919    0.96901489785955   -3.91954975227625
  -2.01505917707647    0.96761763435515   -3.92277865782952
  -2.00627445142882    0.96339926918437   -3.93243969274820
  -2.00345438185539    0.96204509106374   -3.93497531365395
  -1.99287005056199    0.95696256757071   -3.94497603823172
  -1.99159693891411    0.95635122806515   -3.94598467967763
  -1.98034769555974    0.95094941834826   -3.95543550747128
  -1.97665390219909    0.94917568404105   -3.95868824292883
  -1.96856229815744    0.94529015112470   -3.96500406746392
  -1.96168753592083    0.94198893732025   -3.97093428013460
  -1.95657681777361    0.93953480542193   -3.97494256825724
  -1.94550275036654    0.93421711399678   -3.98304340037688
  -1.94391135646811    0.93345293753147   -3.98445644230198
  -1.93330951040466    0.92836200356565   -3.99273548381498
  -1.92833115100782    0.92597142943396   -3.99694712239821
  -1.92199162820201    0.92292723394329   -4.00131777547273
  -1.91108720822074    0.91769100605166   -4.01010648753098
  -1.91032984748015    0.91732732660418   -4.01087404020301
  -1.89909666165360    0.91193322760232   -4.02035772340265
  -1.89528426574088    0.91010254116082   -4.02367714103994
  -1.88690593299966    0.90607932308408   -4.02939729839694
  -1.87889489173910    0.90223247586419   -4.03571878509645
  -1.87541357439488    0.90056077108679   -4.03836346626429
  -1.86366249844713    0.89491798479096   -4.04716930722444
  -1.86226852664821    0.89424860906753   -4.04868006047460
  -1.85267852749643    0.88964355706792   -4.05614427563159
  -1.84553860272916    0.88621501402989   -4.06184106791861
  -1.84033231291683    0.88371498927167   -4.06567382059876
  -1.82937215506353    0.87845199643513   -4.07453806542232
  -1.82859407751159    0.87807836891653   -4.07527809436484
  -1.81722376622639    0.87261842320733   -4.08373743469766
  -1.81273339057047    0.87046217553035   -4.08751920241908
  -1.80540080135768    0.86694111634336   -4.09307588096524
  -1.79476598545567    0.86183435048657   -4.10086423840469
  -1.79394194330800    0.86143865108349   -4.10150042605082
  -1.78223567382784    0.85581738054694   -4.11097553316706
  -1.77869548797460    0.85411740751415   -4.11366863174445
  -1.77047615242001    0.85017053879894   -4.11974435477633
  -1.76161177740317    0.84591392654586   -4.12692450261437
  -1.75955124171616    0.84492447140248   -4.12870816534438
  -1.74718908016906    0.83898824598151   -4.13827625011851
  -1.74640547089556    0.83861196216806   -4.13899036809204
  -1.73554501839408    0.83339684715949   -4.14713880406912
  -1.72962220319744    0.83055275181257   -4.15186523331109
  -1.72374773330019    0.82773187154775   -4.15580018573521
  -1.71269491002883    0.82242438141126   -4.16462918727420
  -1.71190971641714    0.82204733680944   -4.16535661625787
  -1.70080709140319    0.81671593221679   -4.17407965396396
  -1.69618407288871    0.81449599034637   -4.17772423232907
  -1.68881281821783    0.81095636427087   -4.18321116252934
  -1.68030231876103    0.80686968064130   -4.19083657130302
  -1.67733574126992    0.80544515042069   -4.19316503877941
  -1.66635718817667    0.80017332431573   -4.20072601748336
  -1.66162552652861    0.79790121275566   -4.20433466292723
  -1.65389342056636    0.79418830835817   -4.20989475497393
  -1.64595430653212    0.79037600010039   -4.21634039670477
  -1.64256460519333    0.78874828870217   -4.21907620671626
  -1.63123392834402    0.78330737517799   -4.22851028692543
  -1.62963530523431    0.78253972729487   -4.22991289380586
  -1.61912435119127    0.77749243905558   -4.23759473317666
  -1.61270122829275    0.77440809937219   -4.24253454381257
  -1.60767241710632    0.77199329863621   -4.24666598980225
  -1.59662342265777    0.76668764707425   -4.25541351583090
  -1.59583980451939    0.76631135900394   -4.25612769892923
  -1.58440463331480    0.76082026800507   -4.26451826812011
  -1.57877009079216    0.75811459922450   -4.26889076962783
  -1.57304468414158    0.75536529811117   -4.27308613702301
  -1.56292744365226    0.75050706842747   -4.28087222367561
  -1.56074447785338    0.74945882318176   -4.28248666799569
  -1.54994625805741    0.74427359189273   -4.29159414231491
  -1.54532711887186    0.74205551284953   -4.29485295272285
  -1.53784795836297    0.73846407112866   -4.30014451090164
  -1.52970937702289    0.73455598003493   -4.30709359328013
  -1.52620179727405    0.73287166423046   -4.30972213891474
  -1.51484487106212    0.72741814594189   -4.31831228964855
  -1.51192912119762    0.72601802279992   -4.32057265618074
  -1.50319982923251    0.72182627650435   -4.32784144149241
  -1.49629843325310    0.71851227335877   -4.33312676599200
  -1.49105644707016    0.71599510744754   -4.33689602469097
  -1.47963250875318    0.71050941040447   -4.34518313768209
  -1.47883690722563    0.71012736799265   -4.34589002521197
  -1.46777153216880    0.70481385057463   -4.35384044937822
  -1.46062222366878    0.70138080153231   -4.35879291688131
  -1.45664265538903    0.69946984006358   -4.36180325065157
  -1.44448832047355    0.69363341156964   -4.37075891055659
  -1.44370467905904    0.69325711232229   -4.37147316563596
  -1.43307930480685    0.68815488028116   -4.37919062197489
  -1.42502911440711    0.68428923391240   -4.38483777224513
  -1.42143979357826    0.68256566660040   -4.38734507672894
  -1.40979893246713    0.67697580471528   -4.39618159268350
  -1.40758246071092    0.67591147013803   -4.39780302142469
  -1.39775085148757    0.67119039863462   -4.40521693156878
  -1.39039900648087    0.66766009294709   -4.41086269238764
  -1.38709938613806    0.66607563782701   -4.41374299313792
  -1.37461304571625    0.66007978255976   -4.42177972235140
  -1.37249436213916    0.65906240519728   -4.42323271626723
  -1.36322888751239    0.65461318765493   -4.43078531236695
  -1.35524768631531    0.65078066942941   -4.43673842352127
  -1.35158757115013    0.64902310716132   -4.43911933071727
  -1.33995384459633    0.64343667124183   -4.44786952017287
  -1.33767874324570    0.64234418313435   -4.44949556530318
  -1.32805080642546    0.63772091372584   -4.45562376177818
  -1.32007874017743    0.63389278204038   -4.46192769784565
  -1.31666241743514    0.63225228722629   -4.46466588627599
  -1.30454201320393    0.62643215201485   -4.47373701114885
  -1.30384832520034    0.62609904778017   -4.47447098417262
  -1.29338968047170    0.62107687811587   -4.48175853857300
  -1.28512301367563    0.61710728126223   -4.48788532208346
  -1.28131983099708    0.61528101895277   -4.49081073575604
  -1.26983126715767    0.60976428917585   -4.49930988512994
  -1.26826315708753    0.60901129344563   -4.50055750279535
  -1.25820125190241    0.60417963539653   -4.50723984670965
  -1.25014259165576    0.60030992186521   -4.51356570595838
  -1.24656013322943    0.59858964983197   -4.51608099636244
  -1.23458757845849    0.59284051092010   -4.52443679978732
  -1.23247236038023    0.59182479766646   -4.52612153116359
  -1.22327896690838    0.58741019300168   -4.53298341456148
  -1.21512847201219    0.58349638109978   -4.53935033831198
  -1.21130081396421    0.58165836588532   -4.54220299163765
  -1.20047470705703    0.57645974339623   -4.54985959167367
  -1.19645370275464    0.57452888463284   -4.55287473851798
  -1.18815943541042    0.57054603418476   -4.55788593883319
  -1.17809981718491    0.56571547431802   -4.56524033424922
  -1.17670714019801    0.56504672035446   -4.56615204185161
  -1.16472524087707    0.55929309425359   -4.57371088799508
  -1.15902295551753    0.55655489582608   -4.57781087833971
  -1.15323848705157    0.55377723363298   -4.58350868517878
  -1.14725909751549    0.55090597167521   -4.59057816885040
  -1.14647054920960    0.55052731617218   -4.60335375036656
      
      
