# shadow point cont 3D ind 194  size 1138
# norm  0.0471065 -0.9988899  0.0000000
# angle  1.5236724
   2.42318086872665    0.11427430892476   -4.60428504883973
   2.42485889418412    0.11435344259653   -4.59176005365197
   2.42604911564761    0.11440957201591   -4.59059732570309
   2.43937866929204    0.11503817780867   -4.58137339639567
   2.44330209963479    0.11522320208681   -4.57879944365071
   2.45228241090961    0.11564670281600   -4.57420907277239
   2.46554983923280    0.11627237885298   -4.56849591554664
   2.47022588850767    0.11649289573898   -4.56652614609096
   2.47810013873530    0.11686423595327   -4.56291734945803
   2.49118097050494    0.11748111232017   -4.55753788559853
   2.49990957236906    0.11789274273488   -4.55323200152241
   2.50392020175346    0.11808187921543   -4.55079780484201
   2.51682655255905    0.11869052726894   -4.54517181104812
   2.52746442792539    0.11919219673638   -4.54073109503250
   2.53009362840248    0.11931618668340   -4.53939381206194
   2.54280665169699    0.11991571764292   -4.53335731067520
   2.55482713152583    0.12048258908167   -4.52754919696117
   2.55569281064025    0.12052341347238   -4.52695914251537
   2.56862282383209    0.12113317741569   -4.52125802962724
   2.58137173307103    0.12173440071340   -4.51531038516612
   2.58300618084550    0.12181147931381   -4.51455248966608
   2.59442833622910    0.12235013448798   -4.50919344811863
   2.60734790272199    0.12295940577748   -4.50351354727222
   2.60984864017918    0.12307733756227   -4.50206117771556
   2.62025592047595    0.12356813244228   -4.49705995549784
   2.63300836763693    0.12416952258415   -4.49112597052535
   2.63869802143187    0.12443783984590   -4.48881508028583
   2.64625824912972    0.12479437113361   -4.48524795102202
   2.65882310840942    0.12538691485557   -4.47900341356445
   2.66532469293223    0.12569352179847   -4.47587928536346
   2.67206207551804    0.12601124869575   -4.47239997707144
   2.68464654134698    0.12660471703909   -4.46693140175764
   2.69288087464321    0.12699303833984   -4.46334132276688
   2.69787647993999    0.12722862510528   -4.46110212147132
   2.71046141409852    0.12782211553449   -4.45481334243313
   2.72025446012728    0.12828394386173   -4.45022799127365
   2.72352536481635    0.12843819581119   -4.44866567815663
   2.73628574056010    0.12903995985553   -4.44273431918014
   2.74916859574698    0.12964749988379   -4.43783539062189
   2.75004631496874    0.12968889207155   -4.43714692565455
   2.76197300883619    0.13025134067663   -4.43028131332517
   2.77500091493606    0.13086572113230   -4.42495404862818
   2.77588818951190    0.13090756393912   -4.42430841958085
   2.78791951492351    0.13147494684256   -4.41932677235915
   2.80116042383255    0.13209937225572   -4.41260017234850
   2.80272852297574    0.13217332193410   -4.41172085001903
   2.81373856494690    0.13269254233310   -4.40642050657686
   2.82679776424099    0.13330839853834   -4.40029780177476
   2.83079085391913    0.13349670786735   -4.39859391495246
   2.83955866098496    0.13391018715243   -4.39432263509900
   2.85246506131012    0.13451883754122   -4.38867104636599
   2.85896722006909    0.13482547156442   -4.38554718647466
   2.86538929842450    0.13512832909164   -4.38224394422746
   2.87860586033425    0.13575160632946   -4.37637667735237
   2.88788660489028    0.13618927513254   -4.37239768180613
   2.89069531027448    0.13632173031609   -4.37127401855374
   2.90411077631705    0.13695438763470   -4.36448264832687
   2.91464708108676    0.13745126715439   -4.35974994586398
   2.91716930793636    0.13757021235321   -4.35833672100788
   2.93022442558663    0.13818587607302   -4.35033712872693
   2.93479615642328    0.13840147342635   -4.34680836422572
   2.94295973389447    0.13878645796709   -4.33967738762946
   2.94965745404881    0.13910231443158   -4.33437095076472
   2.95642982724226    0.13942169144402   -4.32805984251326
   2.96330889366128    0.13974609998126   -4.32125177867780
   2.96877085387122    0.14000367948612   -4.31627631327490
   2.97816525211812    0.14044670806120   -4.30896469435069
   2.98259427543008    0.14065557549851   -4.30505778215633
   2.99310085211290    0.14115105307721   -4.29539668897862
   2.99476928610158    0.14122973442680   -4.29396139682638
   3.00680852450335    0.14179749049738   -4.28248102273370
   3.00761480688118    0.14183551380910   -4.28167373846381
   3.02035540136246    0.14243634499279   -4.27102116619294
   3.02203439809376    0.14251552446867   -4.26948606660088
   3.03341976091202    0.14305244454950   -4.25907354977469
   3.03583864652791    0.14316651629945   -4.25665171933563
   3.04634760093841    0.14366210600894   -4.24701413024752
   3.05029093033086    0.14384806870244   -4.24368540198875
   3.05924621096430    0.14427038901654   -4.23570423648497
   3.06481827173626    0.14453316073211   -4.23078084779322
   3.07196434744173    0.14487016110765   -4.22419824993563
   3.07866074107606    0.14518595501504   -4.21802982756453
   3.08524768819123    0.14549658755561   -4.21250083145748
   3.09448267903700    0.14593209866848   -4.20476257064961
   3.09776406059373    0.14608684469448   -4.20158991660641
   3.10774115235810    0.14655735239829   -4.19224592582808
   3.11083923217341    0.14670345413360   -4.18967009464273
   3.12275880938572    0.14726556712574   -4.17895676837931
   3.12362748571000    0.14730653286128   -4.17824277359533
   3.13668541500723    0.14792232917499   -4.16712950503835
   3.13752496837128    0.14796192150659   -4.16636198565932
   3.14958282280020    0.14853055548673   -4.15500961428256
   3.15125272257193    0.14860930596089   -4.15346164507545
   3.16250144403567    0.14913978219903   -4.14373691950412
   3.16653447437744    0.14932997508191   -4.14050859084639
   3.17520337055259    0.14973878984780   -4.13218520200463
   3.18154846907889    0.15003801709844   -4.12721105885944
   3.18845662458497    0.15036379744220   -4.12044586994611
   3.19410127039867    0.15062999218144   -4.11479520184368
   3.20119696390544    0.15096461659281   -4.10899642068595
   3.20932885881604    0.15134810702191   -4.10180882551188
   3.21429877522266    0.15158248233005   -4.09711365315489
   3.22387754470627    0.15203420563194   -4.08892822468024
   3.22717897519050    0.15218989714136   -4.08578834259770
   3.23842713412140    0.15272034685111   -4.07608725821568
   3.23994393139752    0.15279187719486   -4.07515139521882
   3.25277516330612    0.15339698273112   -4.06374670206999
   3.25358157818599    0.15343501229147   -4.06293947653430
   3.26592240750123    0.15401699102850   -4.05111733921090
   3.26675742244142    0.15405636933346   -4.05034338069462
   3.27858341971724    0.15461406920782   -4.04034001367207
   3.28241427084841    0.15479472756117   -4.03690988291372
   3.29193768398461    0.15524384032398   -4.02796372785590
   3.29593788134231    0.15543248484264   -4.02469576885040
   3.30456390701905    0.15583927788715   -4.01709253815575
   3.31008069159726    0.15609944284359   -4.01132475579027
   3.31736209366127    0.15644282504820   -4.00490102782999
   3.32477947990779    0.15679262010406   -3.99864104912204
   3.33064356236896    0.15706916321291   -3.99321976596107
   3.33939162613767    0.15748171142774   -3.98581317228212
   3.34330900081079    0.15766645012774   -3.98243017757789
   3.35359188391825    0.15815137858522   -3.97254242809770
   3.35604064580427    0.15826685926430   -3.97014352255936
   3.36831261706511    0.15884559073790   -3.95983118109419
   3.36911910712406    0.15888362384362   -3.95902397693930
   3.38101431704052    0.15944458770325   -3.94671374266931
   3.38182081622070    0.15948262123911   -3.94590654094118
   3.39270797828001    0.15999604676856   -3.93420105838875
   3.39512841116328    0.16011019148578   -3.93089237044219
   3.40293217780700    0.16047820777864   -3.92101123866210
   3.40796953321313    0.16071576342926   -3.91305386806741
   3.41110307511245    0.16086353751400   -3.90815422550826
   3.41927770264049    0.16124904316219   -3.89527630244326
   3.42072436151926    0.16131726586308   -3.89275951200747
   3.42470430451766    0.16150495521041   -3.88224512343731
   3.42657916488354    0.16159337138082   -3.86934425290239
   3.42744341335636    0.16163412830419   -3.85640544641351
   3.42790262464591    0.16165578415887   -3.84345925946814
   3.42755479211259    0.16163938079300   -3.83055453298606
   3.42706526631033    0.16161629534219   -3.81761035566868
   3.42705046127119    0.16161559715427   -3.80468661147835
   3.42555888439361    0.16154525617432   -3.79174128059649
   3.42093211725088    0.16132706337468   -3.78027912635108
   3.42016527235851    0.16129089988756   -3.77864421481626
   3.40919730982629    0.16077366390453   -3.76593151087692
   3.40758075267511    0.16069742900450   -3.76431425555663
   3.39512060316817    0.16010982327008   -3.75484572530949
   3.39262952989634    0.15999234723670   -3.75258474401689
   3.38197671510014    0.15948997324364   -3.74299191109148
   3.37868845933817    0.15933490303835   -3.73984814677349
   3.36902353701842    0.15887911687184   -3.73090258484381
   3.36494926388066    0.15868697902807   -3.72690990382156
   3.35593202313737    0.15826173674936   -3.71894623782229
   3.35040279159182    0.15800098480884   -3.71397100624615
   3.34317407188500    0.15766008704113   -3.70743332430617
   3.33590122665829    0.15731710836672   -3.70096412609140
   3.33025679542269    0.15705092374673   -3.69609011739536
   3.32056909996173    0.15659406362615   -3.68798595341497
   3.31727088580420    0.15643852379485   -3.68485918976422
   3.30679731393647    0.15594460268371   -3.67511046637529
   3.30445982322950    0.15583436942023   -3.67329230231899
   3.29185895899138    0.15524012774754   -3.66253764728189
   3.29103006643631    0.15520103816693   -3.66175151847798
   3.27858134935168    0.15461397157186   -3.65153280646557
   3.27606127227637    0.15449512775383   -3.64927946155386
   3.26561993091976    0.15400272659502   -3.64028726196321
   3.26077709959835    0.15377434446736   -3.63623490646725
   3.25247051286595    0.15338261578106   -3.62842000463332
   3.24757959437185    0.15315196591991   -3.62360864892696
   3.23954764727921    0.15277318891025   -3.61628801789056
   3.23247677286889    0.15243973493776   -3.61040186703164
   3.22663446831997    0.15216421884919   -3.60495413097010
   3.21779101615211    0.15174717223164   -3.59762568474903
   3.21384795969351    0.15156122240938   -3.59429895226900
   3.20399987589106    0.15109679856662   -3.58475449929060
   3.20067350171327    0.15093993074247   -3.58167942178333
   3.18842948880559    0.15036251775133   -3.57199510954352
   3.18760103712172    0.15032344896168   -3.57120880533023
   3.17514759492426    0.14973615953594   -3.56022151792794
   3.17345786924051    0.14965647409550   -3.55869607002250
   3.16220477490696    0.14912579163806   -3.54893580164980
   3.15830624288783    0.14894194153506   -3.54558843549921
   3.14948803619659    0.14852608546398   -3.53817008215847
   3.14298854112243    0.14821957705697   -3.53256694648517
   3.13634191869924    0.14790613030032   -3.52632176489854
   3.12983066481438    0.14759906736187   -3.51992235957278
   3.12362306142239    0.14730632421717   -3.51476628493504
   3.11520703070633    0.14690943428362   -3.50706990276663
   3.11044394490282    0.14668481285912   -3.50294622797382
   3.10016437096231    0.14620004045800   -3.49380398356061
   3.09762477122125    0.14608027597442   -3.49145946161695
   3.08504913541196    0.14548722404423   -3.48139090816856
   3.08420066975364    0.14544721141951   -3.48062974980669
   3.07158563672709    0.14485230156371   -3.46989201619653
   3.06985588064439    0.14477072833758   -3.46838833771954
   3.05895110247060    0.14425647205326   -3.45828442565412
   3.05562573576164    0.14409965174014   -3.45508457023581
   3.04590094434755    0.14364104221882   -3.44706564467761
   3.04087396667515    0.14340397596970   -3.44243294108268
   3.03275411663202    0.14302105356212   -3.43520610682532
   3.02568579828453    0.14268772013049   -3.42932187475241
   3.01984699653834    0.14241236922990   -3.42387618317633
   3.01176439509489    0.14203120342169   -3.41660468641491
   3.00695219540668    0.14180426584519   -3.41253262801362
   2.99676173372296    0.14132369587142   -3.40332216379272
   2.99424760815516    0.14120513271936   -3.40093160517453
   2.98224343457927    0.14063903026398   -3.39035058208027
   2.98142146275333    0.14060026705667   -3.38955796044286
   2.96821273963325    0.13997735948679   -3.37856012916629
   2.96735681572168    0.13993699513977   -3.37781663114182
   2.95540735743881    0.13937347299211   -3.36711411644418
   2.95225600624385    0.13922485904231   -3.36456220582997
   2.94269346419017    0.13877390100659   -3.35638021849512
   2.93704354097831    0.13850745739157   -3.35149645945196
   2.92978071395595    0.13816495116369   -3.34505178211086
   2.92327377550260    0.13785809173583   -3.33866657792390
   2.91671516698016    0.13754879560937   -3.33306683394649
   2.90781571382459    0.13712910805229   -3.32582378208207
   2.90369239832116    0.13693465742927   -3.32189738696663
   2.89480970256312    0.13651576013099   -3.31300910513772
   2.89076301072042    0.13632492298808   -3.30976864878598
   2.87888237264544    0.13576464631904   -3.29983655835150
   2.87806054491995    0.13572588990733   -3.29904404417319
   2.86522177626958    0.13512042894736   -3.28840326331315
   2.86353295336690    0.13504078608100   -3.28687848757946
   2.85204821550378    0.13449917959201   -3.27579894878540
   2.84974401310574    0.13439051616533   -3.27398077120691
   2.83917231607178    0.13389196758883   -3.26523729677761
   2.83497618884550    0.13369408325212   -3.26138706504934
   2.82638029364733    0.13328871112491   -3.25381552464471
   2.81983947390019    0.13298025389580   -3.24819583262618
   2.81332296431209    0.13267294310468   -3.24263156020922
   2.80523721085408    0.13229162865124   -3.23537555388771
   2.80022727994706    0.13205536630717   -3.23072182297288
   2.78992451594348    0.13156950029043   -3.22241138917733
   2.78742564404769    0.13145165648328   -3.22007999974001
   2.77596887167313    0.13091136881326   -3.20897191006609
   2.77505872578231    0.13086844742260   -3.20803163337867
   2.76171435753264    0.13023914299079   -3.19729179592783
   2.76085872007342    0.13019879215252   -3.19654850336605
   2.74857868506104    0.12961968040204   -3.18626544977987
   2.74603892352882    0.12949990828858   -3.18398953623133
   2.73540383121086    0.12899837006638   -3.17441669608280
   2.73152042252873    0.12881523316184   -3.17099526014925
   2.72289387051741    0.12840841529603   -3.16346495933978
   2.71644876756366    0.12810447195631   -3.15779353124376
   2.70979110937963    0.12779050476638   -3.15155947837029
   2.70253269943355    0.12744820684253   -3.14508413168920
   2.69709677469230    0.12719185513920   -3.14079906482789
   2.68813089142427    0.12676903481754   -3.13201303796474
   2.68400146895822    0.12657429619747   -3.12809613249318
   2.67209096592759    0.12601261113288   -3.11896171749328
   2.67124447675037    0.12597269171663   -3.11820314914966
   2.65941274472636    0.12541472139841   -3.10669903111425
   2.65777642756954    0.12533755464017   -3.10510860428545
   2.64558693983352    0.12476271299085   -3.09540517260497
   2.64312522671553    0.12464662154717   -3.09302499353998
   2.63231894190840    0.12413701009212   -3.08368443266194
   2.62896546281431    0.12397886403256   -3.08060638704507
   2.61972323441982    0.12354301160556   -3.07283479206058
   2.61331210851871    0.12324067058297   -3.06709961163973
   2.60686789057997    0.12293676897949   -3.06143918953648
   2.59940381045918    0.12258477189642   -3.05439505451972
   2.59377123819975    0.12231914653154   -3.04952766828765
   2.58486542050753    0.12189915883053   -3.04148252028798
   2.58069157958991    0.12170232548945   -3.03761746644363
   2.56929718084489    0.12116497928513   -3.02798220189936
   2.56848995338081    0.12112691140427   -3.02717462135574
   2.55496493416106    0.12048908768898   -3.01650776104431
   2.55409002710152    0.12044782811942   -3.01580891001050
   2.54220323830214    0.11988726138958   -3.00421775997870
   2.54061780162393    0.11981249409380   -3.00257551259778
   2.52943576983676    0.11928516286098   -2.99350414470789
   2.52520421471844    0.11908560778729   -2.98971192653580
   2.51646827910522    0.11867363152176   -2.98229277032749
   2.51001131187667    0.11836912867704   -2.97662779565629
   2.50350616212349    0.11806235360214   -2.97024532874830
   2.49616518381788    0.11771616185330   -2.96384821350203
   2.49054941234577    0.11745132879344   -2.95975781911350
   2.48091071392307    0.11699677931453   -2.95085935704051
   2.47768276122533    0.11684455292956   -2.94762879391051
   2.46580059092984    0.11628420400284   -2.93765138556179
   2.46496308520485    0.11624470823544   -2.93687995554496
   2.45164320821259    0.11561655878201   -2.92608547974505
   2.45077753903457    0.11557573485989   -2.92536352316565
   2.43878911767582    0.11501037526022   -2.91467693793366
   2.43572187884126    0.11486572794864   -2.91208880235202
   2.42588167273510    0.11440167560861   -2.90255932533744
   2.42256712913065    0.11424536570014   -2.89944679774100
   2.41263677139945    0.11377706191739   -2.89086249890327
   2.40788388081203    0.11355292128708   -2.88664832336537
   2.40008130118706    0.11318496097261   -2.87992490180463
   2.39336306461096    0.11286813697823   -2.87379934683650
   2.38710651514647    0.11257308559534   -2.86867758572211
   2.37890882913437    0.11218649253665   -2.86075519222343
   2.37392046738240    0.11195124736810   -2.85613063720732
   2.36251019552696    0.11141315260689   -2.84723641478757
   2.36168790699345    0.11137437446403   -2.84644563726459
   2.34887711775105    0.11077023297945   -2.83526057408429
   2.34804511501767    0.11073099672655   -2.83448981496471
   2.33551123775246    0.11013991407931   -2.82422124666912
   2.33304820559534    0.11002376043133   -2.82183493172775
   2.32245306460882    0.10952410626609   -2.81229384042433
   2.31846038190957    0.10933581612972   -2.80901814188643
   2.30965089676668    0.10892037135642   -2.80083785054885
   2.30359956106344    0.10863499760884   -2.79558807818037
   2.29686282122718    0.10831730102287   -2.78941528186533
   2.28954874174388    0.10797237779028   -2.78301280170439
   2.28403547387725    0.10771237867775   -2.77802390504061
   2.27536251906625    0.10730337251145   -2.76974667369205
   2.27109732501381    0.10710223106590   -2.76593079164672
   2.26005038369063    0.10658127053764   -2.75678487221066
   2.25860420485501    0.10651307047501   -2.75579412954794
   2.24578777886755    0.10590866316827   -2.74456726705679
   2.24492233776196    0.10586785000177   -2.74384546478188
   2.23240422766441    0.10527751091528   -2.73280133654617
   2.23079078532674    0.10520142290612   -2.73118642912783
   2.21926729293053    0.10465798879975   -2.72179537641266
   2.21526202494662    0.10446910515643   -2.71846758424956
   2.20644502208567    0.10405330585654   -2.71034690672870
   2.20033781908340    0.10376529747402   -2.70514343360978
   2.19360660900538    0.10344786166482   -2.69897358249974
   2.18629118037615    0.10310287480813   -2.69257073397632
   2.18086378004027    0.10284692510556   -2.68828101075633
   2.17113446300131    0.10238810216118   -2.67946133585054
   2.16779454858958    0.10223059579581   -2.67636451323574
   2.15598794833928    0.10167381066196   -2.66634769316042
   2.15516587211989    0.10163504253157   -2.66555706238617
   2.14248263845623    0.10103691641538   -2.65417171975753
   2.14162771635208    0.10099659931240   -2.65342891990081
   2.12899235098650    0.10040073060784   -2.64253242286475
   2.12735234372470    0.10032338982866   -2.64094643004228
   2.11613601599792    0.09979444124038   -2.63118528249653
   2.11278926699369    0.09963661256381   -2.62811538678705
   2.10313847532301    0.09918149278180   -2.61914906525386
   2.09904838102674    0.09898860883113   -2.61522123312500
   2.09049820022532    0.09858539254015   -2.60837955747835
   2.08180900060478    0.09817562028809   -2.60167358271455
   2.07762011756347    0.09797807757846   -2.59784817800490
   2.06986736209767    0.09761246691169   -2.58947683385751
   2.06453212914125    0.09736086371240   -2.58514865358550
   2.05340041016293    0.09683590517141   -2.57607588365628
   2.05172625241708    0.09675695389629   -2.57453361088749
   2.03877819779183    0.09614633914057   -2.56409765466347
   2.03792337360856    0.09610602665542   -2.56335492114153
   2.02591036608104    0.09553950760146   -2.55193183050348
   2.02429731609458    0.09546343809512   -2.55031719469965
   2.01309278151468    0.09493504565753   -2.54053267431550
   2.00978001619230    0.09477881961071   -2.53739929184883
   2.00005497501689    0.09432019831095   -2.52939637166161
   1.99435075219636    0.09405119399138   -2.52461042423075
   1.98707102826679    0.09370789092559   -2.51817003531033
   1.97981280757637    0.09336560192681   -2.51171136680628
   1.97418915882299    0.09310039738379   -2.50684905435071
   1.96452797538934    0.09264478753868   -2.49876099176616
   1.96098778730812    0.09247783650681   -2.49501325754978
   1.95072965757857    0.09199407538900   -2.48519428084755
   1.94914051276447    0.09191913322197   -2.48396400694163
   1.93632588423156    0.09131481068104   -2.47290599373564
   1.93548017815672    0.09127492819496   -2.47214796504434
   1.92245778999171    0.09066080795850   -2.46182627939050
   1.92074834795675    0.09058019271854   -2.46034095310845
   1.90957646815223    0.09005334024107   -2.45040805771136
   1.90635077010977    0.08990122018294   -2.44717906387323
   1.89693158770411    0.08945702281660   -2.43884843710594
   1.89130951222901    0.08919189246751   -2.43397876533362
   1.88404049630404    0.08884909437839   -2.42753417383591
   1.87732323553625    0.08853231640197   -2.42142044451109
   1.87096822254034    0.08823262159681   -2.41643159993391
   1.86280474059200    0.08784764156081   -2.40842928183615
   1.85788525093441    0.08761564431779   -2.40374023918173
   1.84617545112053    0.08706342417664   -2.39520135499740
   1.84532718827993    0.08702342111655   -2.39444763187954
   1.83363409019609    0.08647198860899   -2.38276896489191
   1.83219547879026    0.08640414541728   -2.38177444127948
   1.81939373470102    0.08580043049129   -2.37119846115731
   1.81706096582797    0.08569041990385   -2.36947739158844
   1.80646038067651    0.08519050899830   -2.35992425550150
   1.80247005752509    0.08500233013539   -2.35666017591287
   1.79372217921165    0.08458979066641   -2.34923672234198
   1.78791508082664    0.08431593485838   -2.34377973141801
   1.78063525030688    0.08397262676592   -2.33733940137581
   1.77337848389833    0.08363040634933   -2.33088172286720
   1.76785614021234    0.08336997923202   -2.32588697480994
   1.75903725556429    0.08295409118930   -2.31777150951550
   1.75487445906596    0.08275777868982   -2.31389963541039
   1.74327065026906    0.08221055695814   -2.30446144338238
   1.74244764982033    0.08217174524221   -2.30367256984474
   1.72918058074953    0.08154608614713   -2.29280858334100
   1.72831560189909    0.08150529478003   -2.29208709418682
   1.71605144288360    0.08092693172256   -2.28007804858301
   1.71464023594489    0.08086038089272   -2.27906873160793
   1.70310209971054    0.08031625620047   -2.26892300637480
   1.69992583873993    0.08016646753547   -2.26635551558642
   1.69051199854076    0.07972252210120   -2.25802882135676
   1.68425384694619    0.07942739516377   -2.25296366022332
   1.67769551593460    0.07911811212439   -2.24744405620065
   1.66943686980675    0.07872864425961   -2.24042588614891
   1.66457425244522    0.07849932904599   -2.23641038798547
   1.65483670983272    0.07804011819342   -2.22757568636693
   1.65155039376371    0.07788513946173   -2.22438203172975
   1.63988421306659    0.07733497634590   -2.21426171418965
   1.63906256145375    0.07729622823946   -2.21347137821684
   1.62579966365493    0.07667076585658   -2.20268343461809
   1.62493475884028    0.07662997798091   -2.20196199702673
   1.61290445506043    0.07606264325640   -2.19125941230326
   1.61043274488295    0.07594608036337   -2.18886692969468
   1.60041083433637    0.07547345905945   -2.18032805524569
   1.59551751840010    0.07524269613780   -2.17554883953112
   1.58737768877098    0.07485883151686   -2.16837355537500
   1.58088230203797    0.07455251685431   -2.16277575239595
   1.57423783093964    0.07423917155155   -2.15653496402154
   1.56559647432465    0.07383165551835   -2.14983150053090
   1.56158038479944    0.07364226154410   -2.14658146032403
   1.55153051416426    0.07316832167587   -2.13734117488313
   1.54835570470719    0.07301860146251   -2.13478906519510
   1.53608479837289    0.07243992020956   -2.12445595893160
   1.53526430930548    0.07240122692737   -2.12366438806359
   1.52256067416855    0.07180213870212   -2.11232137901995
   1.52104500661677    0.07173066163482   -2.11138493791909
   1.50996935677230    0.07120834724706   -2.10220999129107
   1.50513640678500    0.07098043111129   -2.09817800468565
   1.49710079789777    0.07060148141578   -2.09168717786716
   1.48902656771984    0.07022071038643   -2.08525196694470
   1.48417322480946    0.06999183254482   -2.08122551009458
   1.47356577658410    0.06949159798493   -2.07252901147412
   1.47096458752947    0.06936892902306   -2.07021970167385
   1.45826557297914    0.06877005869914   -2.06041005052408
   1.45674996882256    0.06869858462148   -2.05947364947552
   1.44514645708055    0.06815137689855   -2.05018712971953
   1.44112240876046    0.06796160759705   -2.04700774787599
   1.43255736295248    0.06755769029016   -2.04089352877911
   1.42436899804215    0.06717153680346   -2.03380874519724
   1.41945595138157    0.06693984340447   -2.02995866616508
   1.40820045504256    0.06640904767133   -2.02092718517736
   1.40673036100021    0.06633971979618   -2.01995374194793
   1.39358821444698    0.06571995189748   -2.00901492037706
   1.39275961205328    0.06568087600054   -2.00823811841962
   1.38080288463302    0.06511701104906   -1.99913103075241
   1.37597713894439    0.06488943465940   -1.99508914525163
   1.36814066095720    0.06451987573875   -1.98917484177359
   1.35838306079235    0.06405971899601   -1.98206461945027
   1.35508932623593    0.06390439041734   -1.97970510401282
   1.34356401764815    0.06336087066154   -1.96944623198389
   1.34192981360359    0.06328380355515   -1.96785792230201
   1.32953694964464    0.06269937092662   -1.96001756992119
   1.32522372249700    0.06249596429780   -1.95633240301557
   1.31634200838939    0.06207711329298   -1.94907953387069
   1.30912210103796    0.06173663110540   -1.94340707591833
   1.30334954078306    0.06146440407424   -1.93878231718333
   1.29361195954023    0.06100519139991   -1.93069603974579
   1.29039934510930    0.06085368834924   -1.92817271359635
   1.27771153372451    0.06025534635320   -1.91837266641087
   1.27685724003455    0.06021505888547   -1.91763030456691
   1.26478453135934    0.05964572439686   -1.90871065891119
   1.25990753547715    0.05941573110942   -1.90470191518369
   1.25187621077821    0.05903698345110   -1.89822810809404
   1.24448537942748    0.05868844069233   -1.89194406412952
   1.23880790167876    0.05842069763833   -1.88712131095837
   1.22659956954211    0.05784496730964   -1.87901704821082
   1.22575169343467    0.05780498248742   -1.87826360071331
   1.21303891830788    0.05720546323119   -1.86704551552224
   1.21221558084044    0.05716663562186   -1.86626401340772
   1.20031989207438    0.05660564918025   -1.85786119127469
   1.19396560059638    0.05630598840102   -1.85286654949905
   1.18741687752037    0.05599715846038   -1.84737588055851
   1.17842710644799    0.05557321161846   -1.84034680829441
   1.17437436862576    0.05538208935439   -1.83717945721407
   1.16187877128647    0.05479281194263   -1.82766334136018
   1.16105942386659    0.05475417249917   -1.82687081023394
   1.14875569230829    0.05417394324795   -1.81669499314341
   1.14553187510515    0.05402191188795   -1.81427412680496
   1.13569758172347    0.05355813838493   -1.80650454295929
   1.12848339357792    0.05321792590825   -1.80143359372373
   1.12315066477249    0.05296644080172   -1.79703200741633
   1.11246756908038    0.05246263879785   -1.78855884181320
   1.10994634753129    0.05234374100781   -1.78629981792461
   1.09717539188499    0.05174147802793   -1.77715493790934
   1.09546696347204    0.05166091058917   -1.77567033713243
   1.08438266188664    0.05113818819567   -1.76648857949724
   1.07955666109177    0.05091059977550   -1.76246220571312
   1.07140692491451    0.05052626797361   -1.75616099929715
   1.06337884581248    0.05014767337375   -1.74958842786503
   1.05852444200398    0.04991874550146   -1.74566276640714
   1.04710990225429    0.04938044947147   -1.73695530998402
   1.04556094815688    0.04930740265052   -1.73606220638249
   1.03253705710659    0.04869321153978   -1.72487331939596
   1.03097616289463    0.04861960163733   -1.72400328034069
   1.01991750534063    0.04809808858565   -1.71564474665126
   1.01419996215163    0.04782845609346   -1.71096628705984
   1.00684498243996    0.04748160405507   -1.70550482884851
   0.99727881382163    0.04703047499490   -1.69795164661170
   0.99416858696063    0.04688380041946   -1.69543922071073
   0.98118376166096    0.04627145160275   -1.68593440091823
   0.98031918377340    0.04623067914458   -1.68521320611442
   0.96843791308380    0.04567037264220   -1.67682638058078
   0.95811093877831    0.04518336489660   -1.67180473577423
   0.95572894254786    0.04507103280592   -1.67091174221542
   0.94277850807448    0.04446030581941   -1.66795712342171
   0.92995360725522    0.04385549884975   -1.66735236877055
   0.91702953279774    0.04324601497004   -1.66754348485734
   0.90414432684023    0.04263836408225   -1.66805050636983
   0.89122122844346    0.04202892623239   -1.66905305929178
   0.87991108518527    0.04149555341596   -1.67147477210757
   0.87825177835945    0.04141730249245   -1.67209165850161
   0.86524842370984    0.04080407985378   -1.67677570684116
   0.85217325970774    0.04018747077202   -1.68193776141420
   0.84738751833690    0.03996178093809   -1.68373858916869
   0.83945420542186    0.03958765539816   -1.68741998521253
   0.82648640947942    0.03897610966556   -1.69253699751657
   0.81599985019073    0.03848157608320   -1.69683127734815
   0.81340814215652    0.03835935423490   -1.69831170846054
   0.80060654413763    0.03775564619741   -1.70373408949525
   0.78771511176028    0.03714770167912   -1.70857790036848
   0.78499764110713    0.03701954901626   -1.70970169161929
   0.77478382235218    0.03653787755097   -1.71419071311904
   0.76193208785727    0.03593180513729   -1.71907248918811
   0.75596608480083    0.03565045557518   -1.72206227696139
   0.74874241362115    0.03530979588997   -1.72611251463815
   0.73635521611856    0.03472563048474   -1.73183061796723
   0.72821461622907    0.03434172953925   -1.73546949080329
   0.72317305429720    0.03410397551391   -1.73756015479252
   0.71053107782712    0.03350779503757   -1.74211602253031
   0.69763838682710    0.03289979116414   -1.74695596454121
   0.69360520874632    0.03270959131406   -1.74849716374331
   0.68466360751027    0.03228791610396   -1.75251413575321
   0.67185281724976    0.03168377457136   -1.75744280420494
   0.66213285495619    0.03122539278558   -1.76137919529919
   0.65884090797273    0.03107014850671   -1.76296660397947
   0.64581437655675    0.03045583287948   -1.76903141305230
   0.63320795561671    0.02986132915938   -1.77368809710979
   0.63156851248899    0.02978401498409   -1.77442528322219
   0.62012614155483    0.02924440646876   -1.77961651269119
   0.60733267486508    0.02864108189502   -1.78480394430715
   0.60243792781609    0.02841025148380   -1.78716640621436
   0.59438021655548    0.02803025946681   -1.79119993523640
   0.58136066583904    0.02741627304102   -1.79728495617171
   0.57765115592990    0.02724133699445   -1.79943737159155
   0.56811175422666    0.02679147022995   -1.80593820579437
   0.55557834517831    0.02620040966326   -1.81181443393722
   0.55393726576996    0.02612301832294   -1.81255374824720
   0.54251199947979    0.02558421644213   -1.81775103273009
   0.52979696470974    0.02498459062383   -1.82311578082749
   0.52347293071185    0.02468635675114   -1.82588839898019
   0.51695972336206    0.02437920168963   -1.82881914327540
   0.50424634236976    0.02377965386151   -1.83327468043523
   0.49128642601537    0.02316847972084   -1.83782363006912
   0.49036155505704    0.02312486391363   -1.83825025155760
   0.47820037667777    0.02255135729968   -1.84326575665570
   0.46556946069198    0.02195569842255   -1.84779539367264
   0.45581068393222    0.02149548619301   -1.85151614261805
   0.45236400044683    0.02133294472594   -1.85290606194617
   0.43956349408282    0.02072928816959   -1.85863513588041
   0.42702538824159    0.02013800610776   -1.86266988510713
   0.42287542102937    0.01994229862206   -1.86461305887733
   0.41369405899045    0.01950931657952   -1.86905080044193
   0.40080378807189    0.01890142683423   -1.87550844551470
   0.39758121861763    0.01874945431658   -1.87712285576740
   0.38791351086049    0.01829353679218   -1.88196608815212
   0.37510996960002    0.01768973711374   -1.88769517262163
   0.37021334587493    0.01745881820073   -1.89021637088198
   0.36219868543696    0.01708085640900   -1.89516137934517
   0.34932788260030    0.01647388475516   -1.90141742585013
   0.34597909808941    0.01631596008653   -1.90309508063777
   0.33629812504362    0.01585941698700   -1.90856095601939
   0.32364849157667    0.01526287541586   -1.91462716049133
   0.32042547205349    0.01511088167349   -1.91624069378931
   0.31043100044162    0.01463955435689   -1.92106051178428
   0.29786461636368    0.01404693872727   -1.92672850817278
   0.29377826576345    0.01385423132483   -1.92890332005510
   0.28472874181410    0.01342746660876   -1.93357696768755
   0.27202531613587    0.01282838826134   -1.94039057032237
   0.26885717682887    0.01267898260427   -1.94205746622709
   0.25918812133566    0.01222300152225   -1.94689816088219
   0.24619905341620    0.01161045262868   -1.95307575145883
   0.24286302610368    0.01145312957425   -1.95474708395627
   0.23317803046355    0.01099639677399   -1.96022183970502
   0.22067352596298    0.01040669931117   -1.96577675786610
   0.21657875739979    0.01021359492767   -1.96788510692748
   0.20718685435336    0.00977068402326   -1.97265735285341
   0.19472798861631    0.00918313882988   -1.97836288555176
   0.19061838555095    0.00898933486902   -1.98062206300292
   0.18183589110198    0.00857516294453   -1.98481731341967
   0.16884487905930    0.00796252236843   -1.99099592254260
   0.16461863982443    0.00776321798544   -1.99325652332809
   0.15582837878179    0.00734867979769   -1.99815305761446
   0.14273679254452    0.00673129626297   -2.00495062409708
   0.14112553492929    0.00665531128271   -2.00575795856014
   0.12978402358208    0.00612045918475   -2.01218398741225
   0.11739818456980    0.00553635784430   -2.01879712383905
   0.11652114211078    0.00549499757186   -2.01948541645110
   0.10426264712423    0.00491690162322   -2.02527417396022
   0.09184431504138    0.00433126794845   -2.03131780545830
   0.09089722906899    0.00428660450777   -2.03184244487016
   0.07823280090015    0.00368936523620   -2.03882969471993
   0.06586888635036    0.00310629782716   -2.04465923134111
   0.06498482358810    0.00306460648562   -2.04531962705365
   0.05281165598236    0.00249053447411   -2.05150964558702
   0.03991942667358    0.00188255237348   -2.05715756817796
   0.03901022980502    0.00183967573758   -2.05772857963198
   0.02693554905565    0.00127024824831   -2.06434890463549
   0.01428276811300    0.00067355824599   -2.06959902064774
   0.01161618183068    0.00054780522914   -2.07108253604280
   0.00121475684745    0.00005728647871   -2.07649882852181
  -0.01165060277148   -0.00054942847950   -2.08217055566878
  -0.01431009481358   -0.00067484694047   -2.08360616232377
  -0.02456515330223   -0.00115846322223   -2.08860588641433
  -0.03733158370867   -0.00176051279722   -2.09454743837962
  -0.04218164576235   -0.00198923591755   -2.09686687869340
  -0.05025832770907   -0.00237012256938   -2.10096001163740
  -0.06322094076308   -0.00298142388317   -2.10718407623324
  -0.06811044290233   -0.00321200695073   -2.10946645669369
  -0.07648011466981   -0.00360671065176   -2.11389540361743
  -0.08890085759774   -0.00419245801909   -2.11956069196255
  -0.09463904640721   -0.00446306413403   -2.12252296922438
  -0.10209807558536   -0.00481482302070   -2.12611025480551
  -0.11484717060703   -0.00541605507969   -2.13214840591628
  -0.12060243254616   -0.00568746634299   -2.13505111288773
  -0.12806346650451   -0.00603931977269   -2.13891148964123
  -0.14063222629887   -0.00663204743825   -2.14505890677938
  -0.14704395117744   -0.00693441670790   -2.14841268456135
  -0.15340366567512   -0.00723433323026   -2.15178443931825
  -0.16636311222215   -0.00784548521537   -2.15801981537206
  -0.17216769041272   -0.00811922217404   -2.16088656995625
  -0.17962414780409   -0.00847085977833   -2.16474680976990
  -0.19174057301090   -0.00904225588624   -2.17014259453526
  -0.20008546351910   -0.00943579093275   -2.17438153764216
  -0.20515870154304   -0.00967503876467   -2.17728745733641
  -0.21798813027972   -0.01028005926549   -2.18379132466986
  -0.22369172120077   -0.01054903378543   -2.18697053465247
  -0.23092983731252   -0.01089037467635   -2.19101518991806
  -0.24372125828134   -0.01149360277634   -2.19675345918267
  -0.25022011694041   -0.01180008117077   -2.19993024887777
  -0.25666654168265   -0.01210408684446   -2.20315806387986
  -0.26955941938174   -0.01271209952239   -2.20961372445248
  -0.27600587282859   -0.01301610654975   -2.21284156986720
  -0.28265126840931   -0.01332949544998   -2.21647944032516
  -0.29505360294537   -0.01391437469959   -2.22228690611915
  -0.30244909592248   -0.01426313729508   -2.22599651499980
  -0.30823828794002   -0.01453614866026   -2.22898095215949
  -0.32113132530310   -0.01514416886775   -2.23543677808586
  -0.32761007323485   -0.01544969886436   -2.23847314245137
  -0.33421635703267   -0.01576124329973   -2.24150886838124
  -0.34710784266445   -0.01636919032944   -2.24796805208631
  -0.35280338839657   -0.01663778544790   -2.25127143627542
  -0.35991609986726   -0.01697321240607   -2.25552956572453
  -0.37250595205339   -0.01756693476357   -2.26084421385632
  -0.37915052919501   -0.01788028506720   -2.26448852020251
  -0.38604874627734   -0.01820559672679   -2.26842928967459
  -0.39832872733063   -0.01878470593262   -2.27368819147358
  -0.40643849529343   -0.01916715288136   -2.27759666746720
  -0.41144211847984   -0.01940311776088   -2.28057771288665
  -0.42432820705238   -0.02001081027174   -2.28784670264082
  -0.42911262983960   -0.02023643792284   -2.29031308844332
  -0.43717104323965   -0.02061646305188   -2.29434823065246
  -0.44990279501290   -0.02121687722404   -2.30032004775892
  -0.45562459331306   -0.02148671038218   -2.30338690041009
  -0.46295809961819   -0.02183254976043   -2.30726080420119
  -0.47595287938633   -0.02244536801795   -2.31343181030685
  -0.48157317209329   -0.02271041429383   -2.31597696102017
  -0.48891851115272   -0.02305681169060   -2.31982738555900
  -0.50147693188812   -0.02364905177852   -2.32533845304195
  -0.50884994552242   -0.02399675427511   -2.32909832029260
  -0.51462613728303   -0.02426915256373   -2.33200044353026
  -0.52747474964650   -0.02487507774143   -2.33868950961584
  -0.53389899111369   -0.02517803727842   -2.34186192443374
  -0.54037539146625   -0.02548345656600   -2.34513988273649
  -0.55331702843458   -0.02609376867270   -2.35136451344154
  -0.55982632039384   -0.02640073908908   -2.35454713430410
  -0.56623808245559   -0.02670311011225   -2.35799612434386
  -0.57895707504102   -0.02730292257638   -2.36380957812906
  -0.58633556238702   -0.02765088320667   -2.36762962191267
  -0.59205802303017   -0.02792074760011   -2.37069592739309
  -0.60449178470801   -0.02850710891610   -2.37642737689397
  -0.61356431206766   -0.02893495844546   -2.38083242198018
  -0.61795815944244   -0.02914216702768   -2.38353051522703
  -0.63045254461262   -0.02973138727499   -2.38984168745127
  -0.63779314119466   -0.03007756102221   -2.39366666270411
  -0.64352615297055   -0.03034792299444   -2.39679307450669
  -0.65632443144439   -0.03095147448616   -2.40255163839730
  -0.66515140954005   -0.03136774420618   -2.40669383769578
  -0.66926184361269   -0.03156158735635   -2.40895392267685
  -0.68215640334256   -0.03216967935684   -2.41541104752005
  -0.69099021847360   -0.03258627150326   -2.41948615583541
  -0.69512401335992   -0.03278121632144   -2.42179441037902
  -0.70778392141767   -0.03337824242999   -2.42784095467671
  -0.71678004756499   -0.03380248896963   -2.43240078924863
  -0.72091266116631   -0.03399737807982   -2.43470848766829
  -0.73369369172488   -0.03460011618050   -2.44048836791342
  -0.74263217185078   -0.03502164420279   -2.44523987282605
  -0.74670159326146   -0.03521355324492   -2.44762277730338
  -0.75948414448647   -0.03581636305841   -2.45340339550341
  -0.76850671864032   -0.03624185685438   -2.45791739581939
  -0.77274140453197   -0.03644155957159   -2.46019444252655
  -0.78531494945625   -0.03703451289815   -2.46626275830840
  -0.79426130285018   -0.03745641221432   -2.47094460597321
  -0.79837197407489   -0.03765026654830   -2.47320486810430
  -0.81080295262975   -0.03823649661555   -2.47893420548217
  -0.82221759671408   -0.03877479756584   -2.48438411787355
  -0.82400077270284   -0.03885889001078   -2.48563570549278
  -0.83689620110175   -0.03946702297667   -2.49209346386594
  -0.84642254700531   -0.03991627404528   -2.49721634678501
  -0.84963032733758   -0.04006754912564   -2.49887392593052
  -0.86264892873755   -0.04068149078280   -2.50506563974311
  -0.87235903672826   -0.04113940785146   -2.50985258506791
  -0.87574480599473   -0.04129907667688   -2.51195160314997
  -0.88847870881881   -0.04189959229002   -2.51792505281192
  -0.89887563901772   -0.04238989907181   -2.52292993594986
  -0.90137453878177   -0.04250774419319   -2.52438309062357
  -0.91427045178790   -0.04311590001257   -2.53084118531085
  -0.92325511130169   -0.04353960579950   -2.53541211052545
  -0.92746526218805   -0.04373815147524   -2.53770713152590
  -0.94006253045854   -0.04433222356640   -2.54375754677832
  -0.94900956803475   -0.04475415514779   -2.54843987322413
  -0.95312056239566   -0.04494802472049   -2.55070036282465
  -0.96585495203997   -0.04554856329149   -2.55667413993726
  -0.97486856724198   -0.04597363459402   -2.56114582900290
  -0.97906394896780   -0.04617148377382   -2.56318310896332
  -0.99168685669937   -0.04676676499127   -2.56953994037204
  -1.00136869157811   -0.04722334873381   -2.57431603887494
  -1.00465276356103   -0.04737822163709   -2.57592712941372
  -1.01727897167568   -0.04797365849666   -2.58202346931312
  -1.02872719916586   -0.04851354320017   -2.58730845186052
  -1.03050687436448   -0.04859747055204   -2.58850573589915
  -1.04327247667366   -0.04919948107495   -2.59537384539521
  -1.05290700165208   -0.04965383373923   -2.60026938857874
  -1.05613123179959   -0.04980588457319   -2.60188408010863
  -1.06902821129008   -0.05041409068669   -2.60834288421212
  -1.07942612793604   -0.05090444398814   -2.61334841911397
  -1.08192528540332   -0.05102230126250   -2.61480174978561
  -1.09466055341376   -0.05162288125619   -2.62077609604975
  -1.10528027090710   -0.05212369442008   -2.62614013474864
  -1.10782335821164   -0.05224362337297   -2.62759461752495
  -1.12061708501278   -0.05284696021325   -2.63417871785357
  -1.13107538286410   -0.05334016102006   -2.63905839142953
  -1.13343437643048   -0.05345140833264   -2.63999375834787
  -1.14641157582023   -0.05406339752057   -2.64628975987577
  -1.15697187436972   -0.05456140855819   -2.65178018320835
  -1.15947115295037   -0.05467927154411   -2.65323359357333
  -1.17236891509639   -0.05528751456672   -2.65969289779447
  -1.18276745864575   -0.05577789743217   -2.66469882875966
  -1.18526677899971   -0.05589576238807   -2.66615226628569
  -1.19800281517636   -0.05649637860757   -2.67212709350305
  -1.20856345301585   -0.05699440564570   -2.67761773194076
  -1.21106281584559   -0.05711227260471   -2.67907119691970
  -1.22366138099586   -0.05770640585517   -2.68529945500753
  -1.23662169034577   -0.05831759852903   -2.69008578109426
  -1.23750722067923   -0.05835935907947   -2.69064047581323
  -1.24950665129883   -0.05892523786270   -2.69811600775641
  -1.26079202329066   -0.05945744249586   -2.70380706115137
  -1.26241617037040   -0.05953403532784   -2.70458896395353
  -1.27539279873642   -0.06014599758697   -2.71088504545282
  -1.28589350294339   -0.06064119822674   -2.71650366677003
  -1.28838734891235   -0.06075880501720   -2.71802266636299
  -1.30119089630723   -0.06136260498492   -2.72461218772998
  -1.31165260875662   -0.06185596682009   -2.72949336655001
  -1.31414644058982   -0.06197357294392   -2.73088064240693
  -1.32702163024042   -0.06258075147466   -2.73747842529640
  -1.33745107447422   -0.06307259157940   -2.74241370799110
  -1.33998094919222   -0.06319189744254   -2.74386168489887
  -1.35262531463870   -0.06378819058014   -2.74996807069579
  -1.36329888574413   -0.06429154341590   -2.75522109525003
  -1.36582225855707   -0.06441054265697   -2.75659266871872
  -1.37861798110739   -0.06501397361439   -2.76331909439072
  -1.38898610153662   -0.06550292176193   -2.76838016957696
  -1.39148578121249   -0.06562080366302   -2.76983383501559
  -1.40422351877103   -0.06622150011765   -2.77580968994087
  -1.41411412188326   -0.06668792912015   -2.78102278375379
  -1.41737480101661   -0.06684169884465   -2.78262232435332
  -1.43002332268103   -0.06743818798451   -2.78873092106140
  -1.44148836786448   -0.06797886579030   -2.79402176996268
  -1.44312877242771   -0.06805622530574   -2.79475983296429
  -1.45614699846539   -0.06867014926126   -2.80181444077542
  -1.46710899992071   -0.06918710412704   -2.80726205924508
  -1.46872392522099   -0.06926326207094   -2.80811330285679
  -1.48162436867787   -0.06987163154095   -2.81457424064341
  -1.49298669343414   -0.07040746517436   -2.82009521352761
  -1.49461110039053   -0.07048407026181   -2.82087727195113
  -1.50756196027424   -0.07109481731016   -2.82723459932446
  -1.51887521769822   -0.07162833698692   -2.83282717274718
  -1.52064985449710   -0.07171202673390   -2.83411951057212
  -1.53324542313485   -0.07230601867242   -2.84034694525099
  -1.54464982069359   -0.07284383640882   -2.84582001190883
  -1.54628337127056   -0.07292087269847   -2.84657900820176
  -1.55931516623589   -0.07353543654838   -2.85274141442981
  -1.57058365373836   -0.07406684492924   -2.85847458545075
  -1.57218514257858   -0.07414236922577   -2.85930319961332
  -1.58499379342604   -0.07474640986621   -2.86594171669044
  -1.59634173843079   -0.07528156536775   -2.87147315444117
  -1.59796476786906   -0.07535810549310   -2.87225878308372
  -1.61063502332603   -0.07595561957260   -2.87838028705205
  -1.62208618362387   -0.07649564258380   -2.88451903384437
  -1.62369892078113   -0.07657169733749   -2.88532675767383
  -1.63645572840470   -0.07717329311356   -2.89203874496309
  -1.64927374832707   -0.07777777558836   -2.89722381464528
  -1.65016402009846   -0.07781975973933   -2.89782273660053
  -1.66240523632534   -0.07839704084236   -2.90471248821354
  -1.67448854706168   -0.07896687531148   -2.91039932731295
  -1.67537777689310   -0.07900881032581   -2.91103025930831
  -1.68833672246446   -0.07961993868551   -2.91736009216583
  -1.69960267767346   -0.08015122764644   -2.92309275153971
  -1.70120433280445   -0.08022675978504   -2.92392146265185
  -1.71401554393657   -0.08083092116544   -2.93056121923530
  -1.72625833665707   -0.08140827661402   -2.93585890040568
  -1.72714812093011   -0.08145023777515   -2.93644546941873
  -1.73968538828016   -0.08204148029474   -2.94288668086631
  -1.75268845037792   -0.08265468913701   -2.94846320757461
  -1.75357825679246   -0.08269665134231   -2.94904978997790
  -1.76564013802823   -0.08326547522184   -2.95557263083937
  -1.77851015626774   -0.08387240987503   -2.96132150324681
  -1.77940037215142   -0.08391439139040   -2.96193869843657
  -1.79146282357073   -0.08448324215911   -2.96846419198009
  -1.80431799877953   -0.08508947683273   -2.97424726350381
  -1.80520823710681   -0.08513145940652   -2.97486447260706
  -1.81708616784625   -0.08569160840086   -2.98093028536882
  -1.83012641273337   -0.08630657073896   -2.98717334937867
  -1.83101667374456   -0.08634855438250   -2.98779057252287
  -1.84306241611223   -0.08691661717233   -2.99434976916846
  -1.85605573695836   -0.08752936662884   -2.99981359422999
  -1.85770203150336   -0.08760700390876   -3.00053309675508
  -1.86892927518154   -0.08813646728024   -3.00716533725624
  -1.88174498070497   -0.08874084061075   -3.01302651010627
  -1.88410633016540   -0.08885219902448   -3.01393537960775
  -1.89466779984365   -0.08935026529114   -3.01942694346257
  -1.90757272491515   -0.08995884610873   -3.02589046211848
  -1.90846036801304   -0.09000070629461   -3.02653683600618
  -1.92063996500221   -0.09057508150815   -3.03283887166826
  -1.93338302546548   -0.09117602898459   -3.03881775421199
  -1.93427069211460   -0.09121789028112   -3.03946414279439
  -1.94631464319726   -0.09178586859609   -3.04602281482632
  -1.95917727838543   -0.09239245507342   -3.05180876935238
  -1.96080903428191   -0.09246940672808   -3.05257444400344
  -1.97226179828443   -0.09300950536808   -3.05869415725542
  -1.98444211407120   -0.09358391447925   -3.06499660272825
  -1.98532982843219   -0.09362577802582   -3.06564302120307
  -1.99807363468274   -0.09422676067269   -3.07162231869511
  -2.01081758696801   -0.09482775020640   -3.07760169556444
  -2.01243086612145   -0.09490383051998   -3.07840972777716
  -2.02372388910495   -0.09543639596475   -3.08406599095986
  -2.03676326604339   -0.09605131737143   -3.09025554657982
  -2.03765371702110   -0.09609330997356   -3.09087288663469
  -2.04941368190898   -0.09664789583956   -3.09712830307717
  -2.06255318009254   -0.09726753884430   -3.10323773425041
  -2.06494406344598   -0.09738029004107   -3.10410639979979
  -2.07555455115002   -0.09788066793914   -3.11035297587207
  -2.08825776835888   -0.09847973645540   -3.11638879843661
  -2.08987116635689   -0.09855582237355   -3.11719689738475
  -2.10101388239607   -0.09908129952277   -3.12309036304718
  -2.11405849762434   -0.09969646796093   -3.12938265766283
  -2.11569048968208   -0.09977343075268   -3.13014846376487
  -2.12699118971230   -0.10030635823778   -3.13574639982172
  -2.14002246811360   -0.10092089772715   -3.14197430681027
  -2.14165450089969   -0.10099786243960   -3.14274013540230
  -2.15280658133979   -0.10152378120275   -3.14867660712193
  -2.16568980362498   -0.10213133854292   -3.15443591994609
  -2.16892991537789   -0.10228413833438   -3.15598789171071
  -2.17863732452001   -0.10274192812856   -3.16156597243678
  -2.19165595836589   -0.10335587131583   -3.16783586861228
  -2.19328807365791   -0.10343283991916   -3.16860174294952
  -2.20445376323682   -0.10395940047300   -3.17449680202475
  -2.21733767095009   -0.10456699013715   -3.18104122045831
  -2.21895127451620   -0.10464308574964   -3.18184943447962
  -2.23039203995382   -0.10518261855168   -3.18721368417883
  -2.24329120355234   -0.10579092766511   -3.19289131971624
  -2.24581896348393   -0.10591013379745   -3.19433157990058
  -2.25592418984091   -0.10638668417525   -3.19979323363556
  -2.26909010192389   -0.10700757282787   -3.20587704228152
  -2.27303628382027   -0.10719367004204   -3.20761984211180
  -2.28189461102399   -0.10761141814847   -3.21251892643715
  -2.29479272378460   -0.10821967770563   -3.21902951892229
  -2.29726708212360   -0.10833636548279   -3.22049551880626
  -2.30784980891453   -0.10883543420943   -3.22601041428494
  -2.32061273919205   -0.10943731872253   -3.23196225455884
  -2.32456601900248   -0.10962375066583   -3.23374055914644
  -2.33352300716532   -0.11004615150497   -3.23842876785793
  -2.34643344960004   -0.11065499251481   -3.24489537858319
  -2.34893534221498   -0.11077297877546   -3.24635035394486
  -2.35936671671376   -0.11126490990919   -3.25208977643763
  -2.37224522627961   -0.11187224500316   -3.25789416494588
  -2.37620834893139   -0.11205914112308   -3.25960731186677
  -2.38532817581886   -0.11248922124154   -3.26478076271580
  -2.39821597847249   -0.11309699458641   -3.27048958803886
  -2.40073795401137   -0.11321592793371   -3.27192793528208
  -2.41099850714507   -0.11369980333635   -3.27718502351449
  -2.42403922393154   -0.11431478792867   -3.28342400535682
  -2.42656025849026   -0.11443367690047   -3.28486204020050
  -2.43684968080121   -0.11491891373896   -3.29084468157249
  -2.44986416295210   -0.11553266113726   -3.29716650890033
  -2.45222553244806   -0.11564402049584   -3.29808696520532
  -2.46247954565812   -0.11612758748352   -3.30331950669587
  -2.47567128185702   -0.11674969397053   -3.30934824835297
  -2.47893710858809   -0.11690370644958   -3.31086113033122
  -2.48832936061466   -0.11734663381147   -3.31612525699571
  -2.50136504719131   -0.11796138118511   -3.32256828004087
  -2.50383996542015   -0.11807809536601   -3.32396526786808
  -2.51429387913523   -0.11857108942219   -3.32973964166753
  -2.52719118127854   -0.11917931075162   -3.33550432182731
  -2.53102977252956   -0.11936033411976   -3.33727387562433
  -2.53995034193403   -0.11978101749386   -3.34218067792348
  -2.55316729365446   -0.12040431311468   -3.34890990018926
  -2.55480002631086   -0.12048131083218   -3.34967611688648
  -2.56578612260900   -0.12099940198189   -3.35583267676052
  -2.57872082645489   -0.12160938713084   -3.36166282628902
  -2.58127300381087   -0.12172974475968   -3.36311173394487
  -2.59177372942446   -0.12222494640896   -3.36854908701718
  -2.60494163680688   -0.12284592915752   -3.37448491672318
  -2.60733687454509   -0.12295888570186   -3.37541220888278
  -2.61777286514758   -0.12345103452551   -3.38116862071160
  -2.63050868517161   -0.12405164055151   -3.38718628421646
  -2.63303654615691   -0.12417085144942   -3.38863273167330
  -2.64360169690439   -0.12466909131089   -3.39410634894219
  -2.65648121487971   -0.12527647396024   -3.39985218989534
  -2.65972830129146   -0.12542960266826   -3.40141886630697
  -2.66927324740906   -0.12587973090070   -3.40649560906515
  -2.68216253948804   -0.12648757448508   -3.41232159032620
  -2.68701057740269   -0.12671620214944   -3.41468097547486
  -2.69510330282501   -0.12709784539237   -3.41943404725270
  -2.70799938307056   -0.12770600909856   -3.42600167658156
  -2.71046012860938   -0.12782205491236   -3.42746138972316
  -2.72092191845058   -0.12831542039723   -3.43323997821667
  -2.73371220354341   -0.12891859493067   -3.43846012273110
  -2.73786395429045   -0.12911438652574   -3.44066745578109
  -2.74675401065538   -0.12953363094143   -3.44536463792586
  -2.75982620680103   -0.13015010006263   -3.45236588933665
  -2.76216679634801   -0.13026047946370   -3.45333646248695
  -2.77259531810456   -0.13075227606552   -3.45907555728613
  -2.78549379858659   -0.13136055296399   -3.46488805125496
  -2.78863805470649   -0.13150883231854   -3.46646617370707
  -2.79856600441640   -0.13197702254189   -3.47180742234693
  -2.81162589042369   -0.13259291113171   -3.47795942727504
  -2.81398423358919   -0.13270412777217   -3.47892361322716
  -2.82442512450902   -0.13319650768892   -3.48468261977620
  -2.83716605379249   -0.13379735466148   -3.49070277228182
  -2.83966938693045   -0.13391540885547   -3.49215859456123
  -2.85008380477830   -0.13440654033384   -3.49717349790689
  -2.86314789603894   -0.13502262723837   -3.50337310896197
  -2.86639269362518   -0.13517564800812   -3.50493931425972
  -2.87593560961611   -0.13562568050221   -3.51001545772039
  -2.88910768403642   -0.13624685976329   -3.51601692332873
  -2.89303130028915   -0.13643189280872   -3.51785804911668
  -2.90160966515771   -0.13683643822656   -3.52313959406231
  -2.91494693031979   -0.13746540768527   -3.52976748182522
  -2.91583796118482   -0.13750742763419   -3.53035480926815
  -2.92777017456035   -0.13807013653266   -3.53645033745486
  -2.94051367103764   -0.13867110457100   -3.54247178382246
  -2.94374349198908   -0.13882341906058   -3.54408968433880
  -2.95359562198352   -0.13928803371691   -3.54942861876019
  -2.96650022099246   -0.13989659915779   -3.55514443993464
  -2.97040320633629   -0.14008065927425   -3.55693290345728
  -2.97927676667406   -0.14049912575704   -3.56183993010423
  -2.99219088461972   -0.14110814009958   -3.56761914098678
  -2.99624255107763   -0.14129921183939   -3.56987659633131
  -3.00528746620646   -0.14172575920899   -3.57528098565230
  -3.01818124836676   -0.14233381454024   -3.58103291918136
  -3.02142444770931   -0.14248675993872   -3.58259874222302
  -3.03111490849371   -0.14294375046865   -3.58745301901333
  -3.04403570345509   -0.14355307969125   -3.59392549268756
  -3.04722354762946   -0.14370341460627   -3.59558688912055
  -3.05679895133291   -0.14415497918200   -3.60067337727713
  -3.06971608333709   -0.14476413566392   -3.60645397603691
  -3.07456077573120   -0.14499260555754   -3.60881285775293
  -3.08264946438737   -0.14537405843141   -3.61356453452887
  -3.09581546199319   -0.14599495111719   -3.61880869738248
  -3.10064675164506   -0.14622278895353   -3.62127014095916
  -3.10853146462558   -0.14659462257872   -3.62637813691202
  -3.12140339856403   -0.14720164757398   -3.63308563910290
  -3.12536473209821   -0.14738845932125   -3.63485693580227
  -3.13432831402082   -0.14781117111421   -3.63884322400597
  -3.14724686844879   -0.14842039467594   -3.64522436156434
  -3.15199630146212   -0.14864437225120   -3.64772731697336
  -3.15992904652607   -0.14901847101195   -3.65267747114654
  -3.17122940772767   -0.14955138251830   -3.66078026812699
  -3.17260401531060   -0.14961620736634   -3.66216478760956
  -3.17833528500228   -0.14988648718396   -3.67335439596672
  -3.17972909429656   -0.14995221756172   -3.68595378915171
  -3.18101946801622   -0.15001307004160   -3.69889826319412
  -3.18184035459525   -0.15005178206997   -3.71182897549252
  -3.18237085310943   -0.15007679974483   -3.72472984243489
  -3.18317035238573   -0.15011450317360   -3.73771050628727
  -3.18399533173874   -0.15015340821228   -3.75064138490436
  -3.18470672474538   -0.15018695665485   -3.76352206547659
  -3.18551082277267   -0.15022487695522   -3.77570381266042
  -3.18624020601444   -0.15025927379574   -3.77651737201047
  -3.18634450357798   -0.15026419234398   -3.78944281586030
  -3.18717078622091   -0.15030315884426   -3.80237418238383
  -3.18720373337521   -0.15030471259261   -3.81524644021510
  -3.18881592142993   -0.15038074145128   -3.82829721628075
  -3.18885642369135   -0.15038265148945   -3.84110965369913
  -3.18976509929891   -0.15042550354330   -3.85421147113393
  -3.18891553973047   -0.15038543933108   -3.86691161625226
  -3.18585330594962   -0.15024102805185   -3.87557548537728
  -3.18373416841855   -0.15014109206275   -3.87972639621225
  -3.17497568304155   -0.14972805237735   -3.89246199481149
  -3.17336278425397   -0.14965199000137   -3.89407646225523
  -3.16080995606956   -0.14906001365146   -3.90411257892625
  -3.15914020514330   -0.14898127019668   -3.90566031102612
  -3.14749572903254   -0.14843213064316   -3.91645352971216
  -3.14583954558875   -0.14835402701460   -3.91800780768173
  -3.13448973193421   -0.14781878338977   -3.92696497978962
  -3.12969926905240   -0.14759287089504   -3.93105353008563
  -3.12187066831150   -0.14722368345589   -3.93770005140423
  -3.11370855234216   -0.14683876783783   -3.94402650555316
  -3.10882296260652   -0.14660836927455   -3.94807497706948
  -3.09839152103197   -0.14611643497760   -3.95701444475164
  -3.09604195167672   -0.14600563209953   -3.95855332502459
  -3.08357112690613   -0.14541752293246   -3.96968243231077
  -3.08276518368393   -0.14537951561491   -3.97049011826073
  -3.07029147027518   -0.14479127022312   -3.97977196582315
  -3.06698582222714   -0.14463537981844   -3.98291138799888
  -3.05737339826555   -0.14418206941166   -3.99103533318272
  -3.05107385008515   -0.14388499026080   -3.99605854921195
  -3.04481394224955   -0.14358978050115   -4.00114419127118
  -3.03548537064820   -0.14314985623187   -4.00854539149068
  -3.03130214775024   -0.14295258044784   -4.01257238532363
  -3.02094591708487   -0.14246419300733   -4.02158877731968
  -3.01849474793898   -0.14234859880476   -4.02385362559541
  -3.00623132498417   -0.14177027045904   -4.03433843160566
  -3.00542540477454   -0.14173226422673   -4.03514609612612
  -2.99284892798243   -0.14113917263680   -4.04428045081573
  -2.98948573032234   -0.14098056826131   -4.04733991150427
  -2.97969170090853   -0.14051869355881   -4.05620553128140
  -2.97374245249581   -0.14023813412564   -4.06074532326832
  -2.96761030988905   -0.13994894962124   -4.06517849626922
  -2.95820947377161   -0.13950561744389   -4.07334538769994
  -2.95399656097462   -0.13930694151976   -4.07722699679094
  -2.94293668380432   -0.13878537095243   -4.08632291801913
  -2.94122746654005   -0.13870476631239   -4.08780781345243
  -2.92834339322205   -0.13809716883853   -4.09838301749312
  -2.92750867008889   -0.13805780429484   -4.09915690915300
  -2.91542278197996   -0.13748784827991   -4.10879037492743
  -2.91134237554167   -0.13729542119703   -4.11195367865101
  -2.90239743700696   -0.13687358860392   -4.12013741326609
  -2.89766936025392   -0.13665061816433   -4.12508188760069
  -2.89017873466051   -0.13629736922854   -4.13054238873137
  -2.88017341377116   -0.13582553027299   -4.13813194247997
  -2.87676751087267   -0.13566491196958   -4.14112807945592
  -2.86526889987851   -0.13512265124035   -4.15061853842595
  -2.86370127600442   -0.13504872397508   -4.15148017788249
  -2.85079877330240   -0.13444025739353   -4.16280860823519
  -2.84998322458749   -0.13440179709245   -4.16360512194415
  -2.83823549208802   -0.13384778809125   -4.17288851313061
  -2.83410415573079   -0.13365295921436   -4.17681291736583
  -2.82530364731950   -0.13323793777297   -4.18409418251894
  -2.81865044252782   -0.13292418059969   -4.18946599013889
  -2.81209591423677   -0.13261507689206   -4.19517427805987
  -2.80298036371898   -0.13218519844207   -4.20300104778998
  -2.79989076971814   -0.13203949688761   -4.20560528846076
  -2.78747050494165   -0.13145377206933   -4.21559597729446
  -2.78659333230551   -0.13141240565790   -4.21628417521454
  -2.77405018655590   -0.13082088592003   -4.22812001269901
  -2.77324446471379   -0.13078288904250   -4.22892775959160
  -2.76080169896327   -0.13019610310522   -4.23736980208392
  -2.75657106782941   -0.12999659160553   -4.24113818075374
  -2.74762551840309   -0.12957473020351   -4.24839916008712
  -2.73978795769373   -0.12920512022297   -4.25431026111038
  -2.73500809959692   -0.12897970783720   -4.25839158883689
  -2.72587130428749   -0.12854882750827   -4.26693831921430
  -2.72188052799204   -0.12836062727563   -4.27019531557279
  -2.71051842776284   -0.12782480423065   -4.27982847252457
  -2.70894458080623   -0.12775058349226   -4.28068243472260
  -2.69612157069363   -0.12714586568606   -4.29129569604157
  -2.69448662735717   -0.12706876371554   -4.29288415782421
  -2.68340105828618   -0.12654598154894   -4.30193507770884
  -2.67846683157366   -0.12631328932405   -4.30584098189560
  -2.67023378952819   -0.12592502891715   -4.31368243972763
  -2.66225054988509   -0.12554854889249   -4.31863195860979
  -2.65745835473056   -0.12532255470585   -4.32196019249505
  -2.64540819408313   -0.12475428355524   -4.33159244640156
  -2.64457699497132   -0.12471508520017   -4.33236172394833
  -2.63198609758631   -0.12412131355234   -4.33831161088709
  -2.61892379941175   -0.12350531120760   -4.34367398825548
  -2.61655524953330   -0.12339361323078   -4.34459325702989
  -2.60617693711301   -0.12290418444115   -4.34879068244630
  -2.59312470638118   -0.12228865686495   -4.35415153840267
  -2.58436328793440   -0.12187547885950   -4.35763023229445
  -2.58035243978915   -0.12168633206244   -4.35934134567728
  -2.56734883791920   -0.12107309776516   -4.36379887880736
  -2.55436940382141   -0.12046100319108   -4.36872628289284
  -2.55117435373372   -0.12031032845381   -4.37039588220142
  -2.54178528983544   -0.11986755144023   -4.37491690016008
  -2.52876664928697   -0.11925360793687   -4.37938439850467
  -2.51978466557158   -0.11883002833739   -4.38305716431930
  -2.51561727287196   -0.11863349908655   -4.38471426741686
  -2.50280286480801   -0.11802918694267   -4.38964354048552
  -2.49002309463403   -0.11742650828022   -4.39478220941769
  -2.48676991861469   -0.11727309239360   -4.39633421202813
  -2.47715347917514   -0.11681959262169   -4.40034363931539
  -2.46409520791200   -0.11620378018127   -4.40497054104652
  -2.45368699623335   -0.11571294137841   -4.40917625993151
  -2.45129598012875   -0.11560018392125   -4.41021409634127
  -2.43844389983364   -0.11499409520005   -4.41565943078282
  -2.42540838800860   -0.11437935606748   -4.42027982413344
  -2.42137654817771   -0.11418921932767   -4.42189330879802
  -2.41260194609163   -0.11377541959756   -4.42540404913655
  -2.39984583747832   -0.11317385678598   -4.43055804248089
  -2.39154502338593   -0.11278240033048   -4.43475881280955
  -2.38659901015953   -0.11254915226770   -4.43716135949796
  -2.37414390332502   -0.11196178433968   -4.44137400554769
  -2.36086698412077   -0.11133566072410   -4.44612556163923
  -2.35685571319267   -0.11114649398912   -4.44778364837022
  -2.34810205638727   -0.11073368201337   -4.45116401445714
  -2.33511222201844   -0.11012109697496   -4.45657306784326
  -2.32541440320414   -0.10966375944916   -4.46054789446699
  -2.32209112880832   -0.10950703780702   -4.46217371514513
  -2.30939370615266   -0.10890824255495   -4.46648070376217
  -2.29648257167562   -0.10829936890922   -4.47133163281510
  -2.29081013409460   -0.10803186354350   -4.47368080164427
  -2.28358893132955   -0.10769132026577   -4.47696129964950
  -2.27082383435076   -0.10708933357363   -4.48132230560172
  -2.26013520737529   -0.10658527072106   -4.48629980439416
  -2.25754660396040   -0.10646319528289   -4.48722324727997
  -2.24501287477016   -0.10587211961869   -4.49182500253417
  -2.23200478343438   -0.10525867360358   -4.49707940725895
  -2.22710310491517   -0.10502751631252   -4.49929239973335
  -2.21897000139092   -0.10464396888664   -4.50252653519248
  -2.20615240585205   -0.10403950642526   -4.50682481656869
  -2.19339360645612   -0.10343781671959   -4.51202194252778
  -2.19250727563183   -0.10339601841896   -4.51266743887410
  -2.18049593008737   -0.10282957774214   -4.51764529775922
  -2.16773045859713   -0.10222757338849   -4.52281266010702
  -2.16113487848849   -0.10191653372629   -4.52562922353925
  -2.15456820603250   -0.10160685731437   -4.52855849041800
  -2.14178926254724   -0.10100421763757   -4.53296336260764
  -2.12963007169169   -0.10043080475286   -4.53846025057408
  -2.12878386594950   -0.10039089870307   -4.53901623504629
  -2.11589119786167   -0.09978289591015   -4.54303368256213
  -2.10293409710312   -0.09917185454962   -4.54713457449766
  -2.09329494552190   -0.09871728370029   -4.55125102446821
  -2.09006606990780   -0.09856501379169   -4.55299212543570
  -2.07713191009586   -0.09795505429874   -4.55842420360249
  -2.06437898113753   -0.09735364143588   -4.56359740214685
  -2.06200137143223   -0.09724151620847   -4.56450093173989
  -2.05148618687860   -0.09674563269288   -4.56841594071415
  -2.03872265364933   -0.09614371974530   -4.57280877756043
  -2.02678173838193   -0.09558060047603   -4.57797848140860
  -2.02606573673187   -0.09554683469536   -4.57868141203626
  -2.01275692415231   -0.09491920702638   -4.58704370502665
  -2.00854920991090   -0.09472077625991   -4.58997480116719
      
      
