# shadow point cont 2D ind 277  size 1005
# norm -0.5685619 -0.8226405 -0.0000000
# angle  2.1755529
   2.01175473  -4.59056967
   2.01504467  -4.58824179
   2.02795828  -4.58016254
   2.03119145  -4.57770816
   2.04071686  -4.57335304
   2.05354673  -4.56971893
   2.06637483  -4.56493989
   2.06808488  -4.56409621
   2.07941780  -4.55934372
   2.09242283  -4.55393919
   2.09872101  -4.55139882
   2.10515405  -4.54812707
   2.11820564  -4.54399104
   2.13110741  -4.53996837
   2.13433684  -4.53845061
   2.14421972  -4.53413818
   2.15687100  -4.52952871
   2.16663604  -4.52568517
   2.16989801  -4.52414705
   2.18270149  -4.51904234
   2.19574077  -4.51388593
   2.19810863  -4.51275026
   2.20853225  -4.50855611
   2.22152897  -4.50446876
   2.23285561  -4.49983729
   2.23450310  -4.49911933
   2.24755155  -4.49382927
   2.26015249  -4.48915315
   2.26671287  -4.48665725
   2.27327563  -4.48376954
   2.28617044  -4.47896559
   2.29744161  -4.47419465
   2.29905608  -4.47338812
   2.31186050  -4.46822878
   2.32485547  -4.46414028
   2.33212432  -4.46097695
   2.33785245  -4.45879043
   2.35088804  -4.45352263
   2.36338224  -4.44883620
   2.36598874  -4.44789015
   2.37661098  -4.44346293
   2.38930655  -4.43907048
   2.39912975  -4.43517199
   2.40243922  -4.43380151
   2.41532895  -4.42821328
   2.42817317  -4.42382304
   2.43142563  -4.42236140
   2.44117999  -4.41850763
   2.45422968  -4.41321813
   2.46362467  -4.40949643
   2.46673923  -4.40848264
   2.47997468  -4.40393412
   2.49298507  -4.39871042
   2.49762837  -4.39668326
   2.50560158  -4.39324206
   2.51882004  -4.38821108
   2.52847105  -4.38411852
   2.53174199  -4.38260319
   2.54434464  -4.37714048
   2.55638326  -4.37064811
   2.55724444  -4.36993617
   2.57014670  -4.36114585
   2.57346033  -4.35812484
   2.58288540  -4.35055983
   2.58846795  -4.34487840
   2.59578587  -4.33767233
   2.60164550  -4.33227339
   2.60870747  -4.32561364
   2.61521866  -4.31916852
   2.62152190  -4.31415755
   2.62969180  -4.30624040
   2.63453394  -4.30139675
   2.64266987  -4.29334117
   2.64743249  -4.28921625
   2.65652678  -4.28061057
   2.66056196  -4.27657421
   2.67066796  -4.26738275
   2.67306218  -4.26493684
   2.68452048  -4.25443524
   2.68616726  -4.25285902
   2.69768896  -4.24186379
   2.69930308  -4.24024926
   2.71180437  -4.22934209
   2.71336526  -4.22848131
   2.72481709  -4.21638267
   2.72563811  -4.21559298
   2.73769485  -4.20438094
   2.73930848  -4.20276589
   2.75062407  -4.19224318
   2.75302559  -4.18984619
   2.76344086  -4.18008189
   2.76666800  -4.17685162
   2.77629432  -4.16791267
   2.78045733  -4.16380591
   2.78965976  -4.15536078
   2.79438762  -4.15126834
   2.80260249  -4.14335113
   2.80743134  -4.13852850
   2.81515567  -4.13094042
   2.82234324  -4.12517085
   2.82806878  -4.11878879
   2.83462725  -4.11234606
   2.84113094  -4.10675068
   2.84900639  -4.09941792
   2.85380365  -4.09453238
   2.86209467  -4.08652751
   2.86715327  -4.08194863
   2.87643434  -4.07358098
   2.87955929  -4.07106557
   2.89018639  -4.06056013
   2.89263468  -4.05816875
   2.90321269  -4.04776254
   2.90570921  -4.04542682
   2.91713536  -4.03506228
   2.91881587  -4.03352746
   2.93127658  -4.02274428
   2.93206189  -4.02191945
   2.94347429  -4.00898319
   2.94428149  -4.00817595
   2.95710139  -3.99758576
   2.95871524  -3.99597073
   2.97031609  -3.98416262
   2.97112331  -3.98335539
   2.98278131  -3.97327668
   2.98603740  -3.97001543
   2.99493203  -3.95750780
   2.99565855  -3.95666366
   3.00041222  -3.94479720
   3.00095998  -3.93201307
   2.99978668  -3.91904327
   2.99974618  -3.90615439
   2.99895095  -3.89318075
   2.99893724  -3.88024996
   2.99851962  -3.86731851
   2.99850606  -3.85438798
   2.99849258  -3.84145757
   2.99841421  -3.82856708
   2.99778845  -3.81559757
   2.99777205  -3.80266755
   2.99775573  -3.78973765
   2.99721411  -3.77680722
   2.99772337  -3.76387823
   2.99769741  -3.75100410
   2.99629241  -3.73814144
   2.99557851  -3.73489010
   2.99333617  -3.72535336
   2.98424418  -3.71270282
   2.98264042  -3.71115376
   2.97009085  -3.70097674
   2.96845694  -3.69940486
   2.95683628  -3.68826008
   2.95533634  -3.68664667
   2.94415670  -3.67680779
   2.94015258  -3.67351213
   2.93120151  -3.66552247
   2.92540427  -3.66074778
   2.91832723  -3.65407720
   2.91120335  -3.64745105
   2.90553457  -3.64260824
   2.89514131  -3.63436217
   2.89260689  -3.63208404
   2.88310447  -3.62227050
   2.87909850  -3.61898724
   2.86674600  -3.60942061
   2.86589781  -3.60866136
   2.85363274  -3.59828587
   2.85057244  -3.59568253
   2.84069348  -3.58615865
   2.83743719  -3.58298010
   2.82751393  -3.57432524
   2.82271244  -3.57022553
   2.81458322  -3.56298677
   2.80751993  -3.55710326
   2.80185266  -3.55224411
   2.79298572  -3.54411788
   2.78907659  -3.54074877
   2.77822966  -3.53138470
   2.77580367  -3.52895958
   2.76357424  -3.51842563
   2.76271712  -3.51768184
   2.74993078  -3.50632388
   2.74913528  -3.50555873
   2.73714244  -3.49570249
   2.73376854  -3.49260854
   2.72385630  -3.48308290
   2.72002416  -3.47967825
   2.71125966  -3.47228132
   2.70402732  -3.46656161
   2.69836217  -3.46170299
   2.69010370  -3.45378002
   2.68520614  -3.44903691
   2.67555188  -3.44084690
   2.67225911  -3.43775841
   2.66020208  -3.42795095
   2.65936693  -3.42717343
   2.64694317  -3.41529554
   2.64615702  -3.41451507
   2.63384812  -3.40494481
   2.63047117  -3.40187255
   2.62053429  -3.39245643
   2.61654708  -3.38914750
   2.60781172  -3.38169767
   2.60077877  -3.37578055
   2.59528451  -3.37073806
   2.58761706  -3.36310207
   2.58189569  -3.35835954
   2.57196537  -3.35059208
   2.56852923  -3.34660120
   2.55708605  -3.33701117
   2.55622922  -3.33626759
   2.54290928  -3.32546950
   2.54195878  -3.32463920
   2.53025588  -3.31294357
   2.52860395  -3.31140110
   2.51732521  -3.30243719
   2.51326687  -3.29842546
   2.50454809  -3.29095994
   2.49744998  -3.28510273
   2.49162652  -3.27963755
   2.48358284  -3.27233472
   2.47881601  -3.26813324
   2.46863225  -3.25980866
   2.46537455  -3.25662335
   2.45428730  -3.24667757
   2.45267084  -3.24506149
   2.44249669  -3.23385404
   2.43936287  -3.22576477
   2.43728885  -3.22075701
   2.43548970  -3.20800745
   2.42686490  -3.19825734
   2.41394039  -3.19820132
   2.40083418  -3.19598107
   2.39927616  -3.19510280
   2.38814580  -3.18836375
   2.38072097  -3.18208468
   2.37503620  -3.17726839
   2.36661019  -3.16951004
   2.36173461  -3.16472759
   2.35166188  -3.15617860
   2.34936437  -3.15442275
   2.33755354  -3.14368999
   2.33608456  -3.14271282
   2.32309457  -3.13153573
   2.32217035  -3.13072742
   2.31057508  -3.12049366
   2.30654291  -3.11725433
   2.29752799  -3.10931726
   2.29263791  -3.10454031
   2.28456099  -3.09805713
   2.27732960  -3.09154317
   2.27180688  -3.08654753
   2.26340153  -3.07889174
   2.25831497  -3.07423854
   2.24763922  -3.06548883
   2.24594472  -3.06393489
   2.23350101  -3.05298452
   2.23267963  -3.05219106
   2.21984508  -3.04085591
   2.21895935  -3.04004105
   2.20713913  -3.02922445
   2.20394341  -3.02676527
   2.19405971  -3.01810281
   2.18924781  -3.01402015
   2.18125285  -3.00666103
   2.17564413  -3.00093819
   2.16836239  -2.99529585
   2.15998843  -2.98834051
   2.15531134  -2.98413767
   2.14504457  -2.97501233
   2.14256328  -2.97262971
   2.13045990  -2.96210368
   2.12961501  -2.96134150
   2.11677355  -2.95077916
   2.11509544  -2.94920764
   2.10356422  -2.93897534
   2.10039632  -2.93646667
   2.09052161  -2.92695076
   2.08729034  -2.92377623
   2.07751919  -2.91579720
   2.07113740  -2.91079609
   2.06483839  -2.90498550
   2.05809436  -2.89815777
   2.05138381  -2.89258731
   2.04226259  -2.88474807
   2.03917425  -2.88216332
   2.02833010  -2.87202710
   2.02585426  -2.86969483
   2.01335583  -2.85951760
   2.01252148  -2.85874067
   2.00015894  -2.84773934
   1.99844481  -2.84622739
   1.98714169  -2.83649005
   1.98328140  -2.83308513
   1.97462425  -2.82558722
   1.96829088  -2.81976562
   1.96176866  -2.81411459
   1.95333750  -2.80735890
   1.94801310  -2.80208316
   1.93909088  -2.79409037
   1.93599407  -2.79147783
   1.92516025  -2.78137077
   1.92285195  -2.77961355
   1.90998411  -2.76906370
   1.90914988  -2.76828686
   1.89659258  -2.75673710
   1.89569930  -2.75595241
   1.88390159  -2.74592524
   1.88053867  -2.74286374
   1.87085554  -2.73473362
   1.86600464  -2.72992107
   1.85805474  -2.72332324
   1.85131072  -2.71721907
   1.84475299  -2.71165177
   1.83536963  -2.70396017
   1.83250118  -2.70122151
   1.82320769  -2.69122459
   1.81914638  -2.68794303
   1.80739615  -2.67782508
   1.80654020  -2.67708213
   1.79342780  -2.66684264
   1.79171716  -2.66533157
   1.78042208  -2.65559805
   1.77718617  -2.65239337
   1.76744588  -2.64357515
   1.76265914  -2.63944889
   1.75485373  -2.63268114
   1.74730867  -2.62658270
   1.74166779  -2.62168496
   1.73298843  -2.61340897
   1.72905385  -2.61004021
   1.71764909  -2.60049007
   1.71603430  -2.59887526
   1.70406857  -2.58738173
   1.70322412  -2.58661987
   1.69018713  -2.57546568
   1.68935126  -2.57469151
   1.67748457  -2.56476258
   1.67352942  -2.56138374
   1.66449569  -2.55349970
   1.65948975  -2.54884525
   1.65139439  -2.54160387
   1.64494906  -2.53593668
   1.63828639  -2.52970354
   1.62985461  -2.52277925
   1.62590400  -2.51936750
   1.61572723  -2.51026507
   1.61246534  -2.50708008
   1.60075427  -2.49694962
   1.59992197  -2.49617085
   1.58700548  -2.48484587
   1.58615880  -2.48408774
   1.57395299  -2.47373356
   1.57148075  -2.47135618
   1.56096564  -2.46250145
   1.55679957  -2.45859640
   1.54820666  -2.45099646
   1.54225688  -2.44571410
   1.53495985  -2.43928256
   1.52713539  -2.43256140
   1.52257661  -2.42894655
   1.51240441  -2.41984665
   1.50937769  -2.41722316
   1.49827893  -2.40652711
   1.49652985  -2.40499271
   1.48338320  -2.39481837
   1.48253169  -2.39403155
   1.47023025  -2.38210733
   1.46944275  -2.38133661
   1.45772040  -2.37201710
   1.45365262  -2.36800465
   1.44494131  -2.36054646
   1.43841434  -2.35494255
   1.43169061  -2.34880927
   1.42329140  -2.34179557
   1.41929674  -2.33852557
   1.40918606  -2.32933805
   1.40582893  -2.32625057
   1.39475015  -2.31632077
   1.39328621  -2.31534222
   1.38082172  -2.30365350
   1.37997521  -2.30289549
   1.36732616  -2.29291116
   1.36420782  -2.29033274
   1.35431671  -2.28090531
   1.35112345  -2.27762088
   1.34138165  -2.26961808
   1.33625429  -2.26506373
   1.32833292  -2.25766365
   1.32132441  -2.25174607
   1.31578374  -2.24674553
   1.30671203  -2.23889960
   1.30252285  -2.23504344
   1.29166670  -2.22571611
   1.28994647  -2.22415264
   1.27752634  -2.21323399
   1.27669266  -2.21245757
   1.26402699  -2.20170423
   1.26235923  -2.20012605
   1.25102364  -2.19048395
   1.24708049  -2.18717636
   1.23826026  -2.17897783
   1.23378887  -2.17471591
   1.22495023  -2.16732238
   1.21814970  -2.16118250
   1.21244811  -2.15637085
   1.20326036  -2.14871944
   1.19906591  -2.14480414
   1.18837432  -2.13532155
   1.18672280  -2.13372118
   1.17455677  -2.12241641
   1.17370135  -2.12167385
   1.16053485  -2.11070605
   1.15970519  -2.10993052
   1.14773197  -2.10009015
   1.14439664  -2.09698634
   1.13487515  -2.08866062
   1.12821237  -2.08415272
   1.12165347  -2.07856085
   1.11321254  -2.07080964
   1.10929616  -2.06816197
   1.09676962  -2.05827503
   1.09593606  -2.05749870
   1.08352027  -2.04797357
   1.07936342  -2.04485579
   1.07025108  -2.03796726
   1.06368289  -2.03245785
   1.05733285  -2.02748456
   1.04636289  -2.01911031
   1.04471034  -2.01750892
   1.03196543  -2.00646500
   1.03104030  -2.00586787
   1.01844605  -1.99701106
   1.01447407  -1.99371018
   1.00609659  -1.98744126
   0.99721105  -1.98021520
   0.99298081  -1.97639429
   0.98222845  -1.96783398
   0.97985448  -1.96617504
   0.96713930  -1.95704023
   0.96460722  -1.95478875
   0.95422999  -1.94654958
   0.94777549  -1.94170779
   0.94117660  -1.93626839
   0.93230045  -1.92898992
   0.92837038  -1.92640236
   0.91586672  -1.91644778
   0.91503139  -1.91567404
   0.90272491  -1.90676622
   0.89843583  -1.90315285
   0.88952171  -1.89593961
   0.88231398  -1.89023330
   0.87680069  -1.88601536
   0.86604166  -1.87745206
   0.86375055  -1.87572776
   0.85096500  -1.86499123
   0.85009607  -1.86427735
   0.83792328  -1.85556371
   0.83307733  -1.85151597
   0.82510366  -1.84570607
   0.81481649  -1.83835942
   0.81254744  -1.83650044
   0.79969946  -1.82564018
   0.79878212  -1.82500992
   0.78627690  -1.81603804
   0.78230470  -1.81275695
   0.77352987  -1.80532752
   0.76622527  -1.79970308
   0.76043133  -1.79508475
   0.75058757  -1.78723705
   0.74714514  -1.78425951
   0.73454231  -1.77498990
   0.73307137  -1.77403831
   0.72173840  -1.76439845
   0.71767779  -1.76116822
   0.70887327  -1.75468572
   0.70096240  -1.74802353
   0.69597525  -1.74407030
   0.68371216  -1.73549525
   0.68289201  -1.73470277
   0.67018972  -1.72387791
   0.66846389  -1.72244140
   0.65722885  -1.71435503
   0.65154989  -1.70951421
   0.64405830  -1.70336603
   0.63525240  -1.69681721
   0.63114014  -1.69370009
   0.61899221  -1.68408738
   0.61813093  -1.68335682
   0.60539487  -1.67503785
   0.59415372  -1.67040745
   0.59250284  -1.66989843
   0.57955102  -1.66802962
   0.56668677  -1.66817808
   0.55391741  -1.66999371
   0.54988363  -1.67151626
   0.54120702  -1.67496524
   0.52826353  -1.68281784
   0.52579637  -1.68447751
   0.51527948  -1.69083883
   0.50692496  -1.69684393
   0.50217920  -1.70021994
   0.48918495  -1.70896516
   0.48833899  -1.70972269
   0.47663676  -1.71912129
   0.47103851  -1.72321958
   0.46367131  -1.72876672
   0.45380552  -1.73574798
   0.45063020  -1.73822496
   0.43809280  -1.74678545
   0.43481648  -1.74921220
   0.42458041  -1.75725051
   0.41750645  -1.76156362
   0.41213832  -1.76593037
   0.40097357  -1.77484920
   0.39929222  -1.77582587
   0.38634740  -1.78449630
   0.38237772  -1.78776264
   0.37357830  -1.79452436
   0.36472474  -1.80084602
   0.36062372  -1.80407782
   0.34766419  -1.81283747
   0.34686487  -1.81358036
   0.33496052  -1.82273186
   0.33000105  -1.82676395
   0.32175910  -1.83287436
   0.31152725  -1.83966870
   0.30899880  -1.84199558
   0.29626278  -1.85084851
   0.29376073  -1.85258421
   0.28317026  -1.86054630
   0.27668498  -1.86521534
   0.27010988  -1.87077781
   0.25980400  -1.87812225
   0.25737400  -1.87991387
   0.24451414  -1.88880073
   0.24134008  -1.89122336
   0.23160800  -1.89863376
   0.22416206  -1.90392591
   0.21834378  -1.90848533
   0.20591318  -1.91645837
   0.20509041  -1.91724157
   0.19292400  -1.92672732
   0.18883910  -1.92994325
   0.17977436  -1.93694049
   0.17179374  -1.94266670
   0.16703067  -1.94607051
   0.15420384  -1.95501841
   0.15335108  -1.95576221
   0.14104715  -1.96517278
   0.13575848  -1.96867275
   0.12836295  -1.97530198
   0.12066841  -1.98100965
   0.11487024  -1.98484262
   0.10248441  -1.99285979
   0.10082766  -1.99430659
   0.08973100  -2.00271942
   0.08322454  -2.00753141
   0.07670633  -2.01223542
   0.06558748  -2.02032265
   0.06394193  -2.02127420
   0.05098945  -2.03097487
   0.04775427  -2.03335616
   0.03783574  -2.04104238
   0.03145907  -2.04594559
   0.02518055  -2.05034380
   0.01376624  -2.05885927
   0.01196791  -2.06036465
  -0.00087045  -2.06929111
  -0.00401416  -2.07176793
  -0.01374263  -2.08060741
  -0.01858650  -2.08466803
  -0.02647478  -2.09051785
  -0.03523964  -2.09779152
  -0.03930292  -2.10117512
  -0.05147732  -2.11074226
  -0.05233233  -2.11148455
  -0.06528849  -2.12179654
  -0.06695823  -2.12340384
  -0.07816889  -2.13245471
  -0.08384785  -2.13647592
  -0.09130402  -2.14257419
  -0.09975480  -2.14956133
  -0.10379776  -2.15281608
  -0.11449623  -2.16214158
  -0.11686428  -2.16393071
  -0.12951201  -2.17294356
  -0.13204476  -2.17539110
  -0.14262475  -2.18411753
  -0.14748545  -2.18814684
  -0.15555213  -2.19460199
  -0.16359823  -2.20106236
  -0.16862919  -2.20567024
  -0.17951823  -2.21410509
  -0.18127982  -2.21578491
  -0.19435906  -2.22588855
  -0.19521506  -2.22668714
  -0.20710195  -2.23596483
  -0.21133347  -2.23960134
  -0.22004099  -2.24706161
  -0.22798702  -2.25295151
  -0.23288443  -2.25694157
  -0.24375178  -2.26534327
  -0.24625482  -2.26758470
  -0.25874051  -2.27775473
  -0.26024222  -2.27869078
  -0.27158025  -2.28841192
  -0.27554066  -2.29159895
  -0.28443549  -2.29830986
  -0.29110445  -2.30433167
  -0.29793575  -2.31028435
  -0.30729844  -2.31707399
  -0.31039585  -2.31968500
  -0.32316249  -2.32969077
  -0.32398917  -2.33046854
  -0.33644577  -2.34040881
  -0.33959622  -2.34289113
  -0.34912321  -2.35115497
  -0.35547155  -2.35617727
  -0.36209316  -2.36162461
  -0.37102988  -2.36872062
  -0.37497080  -2.37212616
  -0.38762231  -2.38131199
  -0.38844114  -2.38210398
  -0.40105086  -2.39359916
  -0.40190239  -2.39433163
  -0.41356016  -2.40302703
  -0.41929045  -2.40764790
  -0.42660053  -2.41408881
  -0.43464891  -2.42055110
  -0.43954672  -2.42456377
  -0.45154249  -2.43349851
  -0.45237419  -2.43427692
  -0.46524163  -2.44435067
  -0.46759792  -2.44656162
  -0.47841091  -2.45582091
  -0.48239076  -2.45909687
  -0.49096299  -2.46597428
  -0.49844840  -2.47217093
  -0.50444652  -2.47733946
  -0.51587268  -2.48530420
  -0.51675881  -2.48614778
  -0.52937528  -2.49761572
  -0.53023329  -2.49835274
  -0.54295101  -2.50747035
  -0.54693171  -2.51074691
  -0.55563870  -2.51820716
  -0.56282220  -2.52402387
  -0.56856908  -2.52869141
  -0.57829567  -2.53674267
  -0.58165932  -2.53976545
  -0.59414719  -2.54922707
  -0.59497170  -2.55001039
  -0.60741240  -2.56079417
  -0.60974889  -2.56257306
  -0.62024747  -2.57063868
  -0.62600354  -2.57530813
  -0.63315585  -2.58113044
  -0.64271046  -2.58843717
  -0.64603756  -2.59163482
  -0.65743474  -2.60114862
  -0.65897285  -2.60211418
  -0.67188158  -2.61179930
  -0.67502300  -2.61425481
  -0.68480922  -2.62308770
  -0.68973734  -2.62696349
  -0.69774335  -2.63356371
  -0.70537670  -2.63946163
  -0.71114654  -2.64422489
  -0.72198143  -2.65280398
  -0.72345292  -2.65379623
  -0.73610246  -2.66450630
  -0.73790703  -2.66606202
  -0.74954417  -2.67528179
  -0.75365506  -2.67841846
  -0.76221851  -2.68525832
  -0.76962855  -2.69152426
  -0.77527153  -2.69636127
  -0.78549693  -2.70480982
  -0.78780477  -2.70648835
  -0.80073022  -2.71716893
  -0.80156599  -2.71792965
  -0.81416559  -2.72766667
  -0.81723674  -2.73026434
  -0.82672989  -2.73773840
  -0.83324610  -2.74335897
  -0.83965993  -2.74822310
  -0.85004507  -2.75646742
  -0.85255399  -2.75872315
  -0.86520252  -2.76880584
  -0.86602909  -2.76958667
  -0.87843075  -2.77968153
  -0.88099656  -2.78190926
  -0.89148087  -2.78997635
  -0.89707495  -2.79486502
  -0.90407023  -2.80092525
  -0.91310281  -2.80794659
  -0.91733404  -2.81173633
  -0.92919803  -2.82091054
  -0.93004195  -2.82167213
  -0.94302221  -2.83212117
  -0.94473686  -2.83357393
  -0.95604202  -2.84243720
  -0.96147685  -2.84671240
  -0.96858338  -2.85258954
  -0.97747568  -2.85981505
  -0.98150179  -2.86308324
  -0.99229459  -2.87235903
  -0.99481894  -2.87467344
  -1.00722381  -2.88325762
  -1.00983766  -2.88560604
  -1.02079736  -2.89467527
  -1.02538078  -2.89819186
  -1.03315067  -2.90505981
  -1.03993689  -2.91108619
  -1.04628656  -2.91609047
  -1.05685366  -2.92402470
  -1.05937537  -2.92633809
  -1.07218686  -2.93613424
  -1.07302342  -2.93691949
  -1.08517952  -2.94735368
  -1.08838281  -2.94980852
  -1.09805631  -2.95708247
  -1.10446781  -2.96277514
  -1.11063532  -2.96802652
  -1.12051301  -2.97584129
  -1.12374106  -2.97826329
  -1.13613923  -2.98837871
  -1.13698561  -2.98913677
  -1.14966242  -2.99910504
  -1.15275770  -3.00169827
  -1.16243210  -3.00977703
  -1.16811534  -3.01460095
  -1.17516376  -3.01969791
  -1.18489642  -3.02772172
  -1.18814183  -3.03018583
  -1.20010450  -3.03987643
  -1.20152890  -3.04086198
  -1.21402715  -3.05178509
  -1.21575848  -3.05333412
  -1.22719703  -3.06202272
  -1.23200535  -3.06609864
  -1.23996514  -3.07271554
  -1.24816317  -3.07899948
  -1.25304511  -3.08298718
  -1.26427007  -3.09195315
  -1.26597623  -3.09345669
  -1.27888990  -3.10314588
  -1.28123446  -3.10485918
  -1.29157620  -3.11392349
  -1.29578277  -3.11775483
  -1.30470057  -3.12497240
  -1.31128645  -3.13050737
  -1.31747144  -3.13567174
  -1.32752939  -3.14318735
  -1.33091973  -3.14629297
  -1.34337174  -3.15574061
  -1.34483863  -3.15672344
  -1.35635831  -3.16695937
  -1.35954482  -3.16943494
  -1.36888946  -3.17633343
  -1.37631872  -3.18256214
  -1.38202463  -3.18736629
  -1.39261121  -3.19530708
  -1.39509894  -3.19765004
  -1.40774683  -3.20762144
  -1.40855408  -3.20842886
  -1.42068432  -3.21989523
  -1.42314441  -3.22139707
  -1.43422008  -3.22953462
  -1.43962334  -3.23384285
  -1.44677486  -3.23961763
  -1.45638367  -3.24698793
  -1.45945918  -3.24958731
  -1.47091477  -3.25990792
  -1.47241880  -3.26086105
  -1.48533482  -3.27055201
  -1.48853302  -3.27299814
  -1.49816086  -3.28110682
  -1.50307637  -3.28590969
  -1.51134608  -3.29293136
  -1.51920997  -3.29883964
  -1.52412846  -3.30280894
  -1.53533297  -3.31095117
  -1.53777838  -3.31330163
  -1.54994709  -3.32301557
  -1.55167535  -3.32447008
  -1.56299586  -3.33333963
  -1.56780746  -3.33741704
  -1.57595190  -3.34457797
  -1.58396505  -3.35032079
  -1.58883098  -3.35433766
  -1.59928055  -3.36328005
  -1.60156501  -3.36505825
  -1.61458427  -3.37543694
  -1.61610689  -3.37635816
  -1.62759221  -3.38582431
  -1.63159966  -3.38908750
  -1.64049349  -3.39634966
  -1.64693411  -3.40202191
  -1.65327094  -3.40702686
  -1.66447900  -3.41517310
  -1.66615612  -3.41674904
  -1.67858680  -3.42765878
  -1.67943361  -3.42841718
  -1.69199803  -3.43774578
  -1.69602916  -3.44098152
  -1.70512017  -3.44879559
  -1.71089237  -3.45351524
  -1.71802402  -3.45932428
  -1.72682795  -3.46669653
  -1.73063040  -3.47028554
  -1.74319270  -3.47936463
  -1.74402684  -3.48014156
  -1.75683588  -3.49069010
  -1.75859332  -3.49206810
  -1.76949719  -3.50076401
  -1.77517523  -3.50558971
  -1.78245162  -3.51123610
  -1.79206346  -3.51856380
  -1.79535618  -3.52175182
  -1.80742828  -3.53149444
  -1.80827289  -3.53225657
  -1.82123844  -3.54271244
  -1.82296023  -3.54419792
  -1.83397288  -3.55349355
  -1.83899463  -3.55726504
  -1.84741059  -3.56414374
  -1.85515572  -3.57017898
  -1.86015814  -3.57401424
  -1.87080359  -3.58278553
  -1.87309171  -3.58448984
  -1.88601324  -3.59418486
  -1.88774056  -3.59568472
  -1.89886908  -3.60480069
  -1.90357241  -3.60899922
  -1.91167021  -3.61544114
  -1.91923273  -3.62153157
  -1.92511844  -3.62701697
  -1.93427803  -3.63483726
  -1.93755912  -3.63719263
  -1.95076707  -3.64660481
  -1.95157492  -3.64741253
  -1.96337732  -3.65743292
  -1.96753934  -3.66048668
  -1.97663562  -3.66755566
  -1.98367747  -3.67347424
  -1.98921060  -3.67845609
  -1.99983242  -3.68640190
  -2.00230420  -3.68874518
  -2.01510900  -3.69857198
  -2.01599655  -3.69930419
  -2.02810467  -3.70983322
  -2.03053350  -3.71224254
  -2.04071508  -3.72073927
  -2.04654328  -3.72533893
  -2.05415665  -3.73225452
  -2.06106218  -3.73828666
  -2.06650168  -3.74255956
  -2.07494528  -3.75106795
  -2.07960469  -3.75608919
  -2.08708595  -3.76393615
  -2.09328379  -3.77080477
  -2.09864432  -3.77680203
  -2.10531277  -3.78838674
  -2.10595857  -3.79002258
  -2.10913971  -3.80289992
  -2.10992823  -3.81574029
  -2.11074527  -3.82865973
  -2.11154464  -3.84160019
  -2.11155451  -3.85451949
  -2.11158171  -3.86741726
  -2.11236232  -3.88037866
  -2.11149597  -3.89334085
  -2.10823430  -3.90627220
  -2.10599564  -3.91198748
  -2.10278639  -3.91937060
  -2.09413329  -3.93248187
  -2.09321074  -3.93401388
  -2.08576994  -3.94520677
  -2.08014244  -3.95248765
  -2.07601258  -3.95811117
  -2.06669136  -3.96899786
  -2.06509198  -3.97063427
  -2.05495705  -3.98052877
  -2.05064475  -3.98466559
  -2.04113197  -3.99269921
  -2.03705003  -3.99664950
  -2.02857704  -4.00431780
  -2.02206888  -4.00995535
  -2.01547889  -4.01626734
  -2.00896960  -4.02266954
  -2.00256828  -4.02838044
  -1.99443439  -4.03558176
  -1.98945870  -4.04027516
  -1.97975346  -4.04831190
  -1.97672739  -4.05093522
  -1.96680544  -4.06120510
  -1.96344490  -4.06427545
  -1.95191350  -4.07454788
  -1.95110656  -4.07535519
  -1.93777938  -4.08628065
  -1.93698305  -4.08705991
  -1.92528240  -4.09795790
  -1.92277169  -4.10039129
  -1.91219324  -4.10916468
  -1.90816344  -4.11309987
  -1.89924464  -4.12274791
  -1.89596890  -4.12599369
  -1.88658875  -4.13360995
  -1.88079372  -4.13910533
  -1.87345370  -4.14547321
  -1.86577064  -4.15232667
  -1.86053497  -4.15754540
  -1.85184965  -4.16496557
  -1.84813526  -4.16851484
  -1.83849424  -4.17746046
  -1.83451595  -4.18075604
  -1.82265260  -4.19076211
  -1.82180614  -4.19152024
  -1.81028683  -4.20331084
  -1.80867295  -4.20492559
  -1.79596254  -4.21562197
  -1.79515560  -4.21642935
  -1.78327228  -4.22795325
  -1.78165881  -4.22956845
  -1.76976802  -4.23948010
  -1.76668910  -4.24205625
  -1.75703385  -4.25096826
  -1.75218267  -4.25497980
  -1.74431494  -4.26244792
  -1.73843814  -4.26789014
  -1.73121149  -4.27438929
  -1.72347472  -4.28122082
  -1.71850095  -4.28591907
  -1.70955007  -4.29392267
  -1.70538985  -4.29781689
  -1.69663830  -4.30684184
  -1.69247806  -4.31073610
  -1.68136907  -4.31977171
  -1.67975516  -4.32138659
  -1.66834987  -4.33266659
  -1.66665691  -4.33418300
  -1.65460061  -4.34557477
  -1.65374503  -4.34631761
  -1.64126803  -4.35646201
  -1.63856489  -4.35874757
  -1.62772879  -4.36627331
  -1.61905972  -4.37151227
  -1.61518171  -4.37341145
  -1.60189288  -4.38004713
  -1.59374893  -4.38391340
  -1.58897978  -4.38646522
  -1.57618455  -4.39090954
  -1.56324985  -4.39658007
  -1.56239717  -4.39714111
  -1.55007384  -4.40311058
  -1.53745247  -4.40782201
  -1.53250633  -4.41008149
  -1.52424985  -4.41360485
  -1.51163490  -4.41908575
  -1.50196434  -4.42322580
  -1.49870165  -4.42476504
  -1.48562611  -4.43009686
  -1.47360921  -4.43587175
  -1.47272116  -4.43651763
  -1.46014121  -4.44135384
  -1.44700504  -4.44659053
  -1.44153897  -4.44928932
  -1.43432266  -4.45262422
  -1.42103659  -4.45834258
  -1.41302217  -4.46166305
  -1.40812814  -4.46397206
  -1.39555714  -4.46880270
  -1.38256806  -4.47456532
  -1.38166201  -4.47498045
  -1.36936476  -4.48013220
  -1.35699882  -4.48592677
  -1.35281618  -4.48828442
  -1.34389037  -4.49221736
  -1.33093157  -4.49712826
  -1.32342728  -4.50063992
  -1.31767946  -4.50274871
  -1.30478564  -4.50836328
  -1.29439325  -4.51345270
  -1.29201294  -4.51435713
  -1.27907200  -4.51922660
  -1.26602114  -4.52452221
  -1.26286932  -4.52624449
  -1.25327401  -4.53047923
  -1.24019697  -4.53661350
  -1.23541595  -4.53915693
  -1.22765292  -4.54225044
  -1.21448211  -4.54747699
  -1.20248561  -4.55262417
  -1.20156409  -4.55312725
  -1.18849825  -4.55763085
  -1.17575592  -4.56278052
  -1.17089537  -4.56522152
  -1.16268232  -4.56890967
  -1.14977189  -4.57455045
  -1.14342125  -4.57781884
  -1.13707711  -4.58201901
  -1.12824245  -4.59056086
  -1.12762170  -4.59950593
  -1.12736243  -4.60329142
         
