# shadow point cont 2D ind 341  size 980
# norm -0.8945446 -0.4469786  0.0000000
# angle  2.6782077
   1.68016456  -4.59062733
   1.69246922  -4.57871542
   1.69386413  -4.57773620
   1.70481642  -4.57228753
   1.71760264  -4.56636591
   1.72249579  -4.56389387
   1.73068185  -4.55931932
   1.74338418  -4.55418003
   1.74753051  -4.55102401
   1.75665459  -4.54594313
   1.76932991  -4.54136227
   1.77569542  -4.53820233
   1.78215581  -4.53417492
   1.79539420  -4.52738994
   1.79851442  -4.52560654
   1.80813245  -4.52064051
   1.82095972  -4.51402514
   1.82416920  -4.51233183
   1.83396638  -4.50691053
   1.84668002  -4.50247456
   1.85155628  -4.49931623
   1.85967686  -4.49457652
   1.87263975  -4.48819009
   1.87581682  -4.48650602
   1.88550083  -4.48166376
   1.89835991  -4.47510132
   1.90158785  -4.47348707
   1.91132389  -4.46794311
   1.92417091  -4.46156290
   1.92501886  -4.46081761
   1.93727377  -4.45447630
   1.94989696  -4.44858658
   1.95071989  -4.44780095
   1.96326282  -4.44107309
   1.97577912  -4.43559980
   1.97748632  -4.43472764
   1.98894284  -4.42863559
   2.00022787  -4.42220981
   2.00184212  -4.42140319
   2.01462147  -4.41548626
   2.02678290  -4.40914286
   2.02767024  -4.40849733
   2.04074479  -4.40155999
   2.05249142  -4.39609636
   2.05332923  -4.39534372
   2.06627110  -4.38885481
   2.07698593  -4.38365368
   2.07948757  -4.38220156
   2.09240196  -4.37574881
   2.10182368  -4.37049549
   2.10496277  -4.36873862
   2.11822691  -4.36202309
   2.12530122  -4.35773696
   2.13078057  -4.35426574
   2.14289243  -4.34474990
   2.14369929  -4.34394263
   2.15641305  -4.33396468
   2.15961241  -4.33141173
   2.16970298  -4.32146474
   2.17154486  -4.31933340
   2.18262758  -4.30941721
   2.18586259  -4.30620659
   2.19534393  -4.29712526
   2.19945042  -4.29311692
   2.20844055  -4.28517848
   2.21394481  -4.28018890
   2.22115711  -4.27367673
   2.22842946  -4.26725940
   2.23407767  -4.26160868
   2.24138817  -4.25436243
   2.24697684  -4.24945268
   2.25580973  -4.24141335
   2.25971896  -4.23726549
   2.27028900  -4.22834468
   2.27279511  -4.22602294
   2.28319880  -4.21542936
   2.28570493  -4.21310763
   2.29762587  -4.20248161
   2.29843278  -4.20167438
   2.31067535  -4.18961980
   2.31152161  -4.18886192
   2.32445782  -4.17766078
   2.32526474  -4.17685355
   2.33717197  -4.16612929
   2.33964791  -4.16373793
   2.35046283  -4.15361647
   2.35291974  -4.15123887
   2.36318303  -4.14211586
   2.36729259  -4.13814286
   2.37628342  -4.13020475
   2.38172029  -4.12518086
   2.38883195  -4.11777623
   2.39470252  -4.11229776
   2.40171511  -4.10637391
   2.40899121  -4.09916282
   2.41484107  -4.09290670
   2.42133550  -4.08647005
   2.42773704  -4.08075992
   2.43562183  -4.07333262
   2.44032204  -4.06915458
   2.44941145  -4.06044658
   2.45355760  -4.05653616
   2.46306066  -4.04750314
   2.46613861  -4.04493116
   2.47787287  -4.03484850
   2.47936942  -4.03389401
   2.49141712  -4.02183795
   2.49217488  -4.02099125
   2.50415796  -4.00861042
   2.50499802  -4.00784303
   2.51777439  -3.99729308
   2.51938789  -3.99567817
   2.53085345  -3.98454499
   2.53246748  -3.98293060
   2.54351600  -3.97299380
   2.54682186  -3.96972198
   2.55703986  -3.95988803
   2.56010985  -3.95730377
   2.56941141  -3.94884817
   2.57434231  -3.94402788
   2.58267884  -3.93626419
   2.58730869  -3.93125712
   2.59543605  -3.92243112
   2.59869984  -3.91849379
   2.60798572  -3.90612342
   2.60875803  -3.90529291
   2.61524571  -3.89274642
   2.61640476  -3.87988120
   2.61713612  -3.86699095
   2.61739614  -3.85404208
   2.61677466  -3.84107183
   2.61709934  -3.82820427
   2.61671545  -3.81525635
   2.61623779  -3.80236949
   2.61405127  -3.78943282
   2.60886526  -3.77687073
   2.60805658  -3.77606224
   2.59592660  -3.76393492
   2.59511795  -3.76312644
   2.58302254  -3.75105600
   2.58217449  -3.75029674
   2.56924461  -3.73967967
   2.56701583  -3.73788448
   2.55671344  -3.72876511
   2.55326580  -3.72498058
   2.54334074  -3.71632595
   2.53854018  -3.71222632
   2.53061266  -3.70557271
   2.52335315  -3.69910419
   2.51747989  -3.69365647
   2.50946090  -3.68639238
   2.50454807  -3.68232932
   2.49426056  -3.67318394
   2.49181609  -3.67079215
   2.47988324  -3.66007876
   2.47901580  -3.65935604
   2.46560702  -3.64848347
   2.46415969  -3.64753967
   2.45318811  -3.63827405
   2.44832871  -3.63424506
   2.43989929  -3.62649867
   2.43506484  -3.62168389
   2.42693743  -3.61444623
   2.42052162  -3.60876255
   2.41399165  -3.60317279
   2.40583351  -3.59598636
   2.40107926  -3.59179117
   2.39079462  -3.58264714
   2.38834948  -3.58025564
   2.37641394  -3.56954439
   2.37554664  -3.56882177
   2.36281308  -3.55728187
   2.36200463  -3.55647376
   2.34971490  -3.54694751
   2.34632513  -3.54390517
   2.33638440  -3.53533604
   2.33149355  -3.53134836
   2.32351028  -3.52384536
   2.31723208  -3.51802855
   2.31073156  -3.51241857
   2.30249778  -3.50525636
   2.29782676  -3.50105209
   2.28694158  -3.49171938
   2.28527994  -3.49011585
   2.27296113  -3.47902250
   2.27209396  -3.47829998
   2.25935423  -3.46677545
   2.25854591  -3.46596746
   2.24626856  -3.45642835
   2.24287969  -3.45338640
   2.23296258  -3.44473520
   2.22816430  -3.44063731
   2.22024190  -3.43398652
   2.21300174  -3.42747060
   2.20731503  -3.42186010
   2.19986979  -3.41474325
   2.19436611  -3.40977497
   2.18471974  -3.40161182
   2.18164438  -3.39902689
   2.16953355  -3.38850401
   2.16867698  -3.38776052
   2.15596835  -3.37622444
   2.15520710  -3.37546889
   2.14270574  -3.36605650
   2.13945020  -3.36287963
   2.12953570  -3.35422959
   2.12473815  -3.35013224
   2.11664897  -3.34282562
   2.11036767  -3.33700980
   2.10386819  -3.33140129
   2.09500560  -3.32411910
   2.09079572  -3.32020150
   2.08194645  -3.31141113
   2.07784576  -3.30812868
   2.06611367  -3.29800555
   2.06525722  -3.29726216
   2.05201762  -3.28626666
   2.05121396  -3.28547942
   2.03942324  -3.27542559
   2.03603614  -3.27238441
   2.02616673  -3.26364432
   2.02150440  -3.25943445
   2.01360477  -3.25277055
   2.00695867  -3.24651783
   2.00043942  -3.24095131
   1.99284443  -3.23410102
   1.98718291  -3.22915128
   1.97709308  -3.22062358
   1.97466951  -3.21820004
   1.96356212  -3.20749617
   1.96182921  -3.20599724
   1.94882923  -3.19559184
   1.94797935  -3.19483745
   1.93583749  -3.18516610
   1.93246530  -3.18204797
   1.92297415  -3.17296021
   1.91890185  -3.16898143
   1.91000908  -3.16170672
   1.90356438  -3.15603688
   1.89709325  -3.15038626
   1.88901641  -3.14313111
   1.88417547  -3.13906961
   1.87377709  -3.13007139
   1.87125659  -3.12775523
   1.85998010  -3.11723546
   1.85826769  -3.11574903
   1.84573137  -3.10481072
   1.84494358  -3.10402893
   1.83243988  -3.09390560
   1.82989273  -3.09159912
   1.81953845  -3.08256211
   1.81409827  -3.07827986
   1.80662867  -3.07123581
   1.80082032  -3.06576596
   1.79351347  -3.05933007
   1.78567528  -3.05260298
   1.78096830  -3.04840903
   1.77107934  -3.03978991
   1.76788219  -3.03728843
   1.75660340  -3.02676906
   1.75489121  -3.02528281
   1.74186613  -3.01484336
   1.74105872  -3.01405517
   1.72914763  -3.00333443
   1.72669071  -3.00095867
   1.71602519  -2.99142150
   1.71214862  -2.98804737
   1.70302939  -2.98026608
   1.69725121  -2.97547041
   1.69014868  -2.96887075
   1.68231313  -2.96214503
   1.67760385  -2.95795055
   1.66777873  -2.94922330
   1.66451853  -2.94602662
   1.65396471  -2.93648877
   1.65152790  -2.93482639
   1.63897512  -2.92392276
   1.63818619  -2.92314106
   1.62610372  -2.91411107
   1.62191816  -2.91028151
   1.61261310  -2.90107268
   1.60926190  -2.89796785
   1.59990781  -2.89032410
   1.59409966  -2.88485502
   1.58676699  -2.87848047
   1.57936709  -2.87210025
   1.57388436  -2.86710542
   1.56435713  -2.85888306
   1.56097078  -2.85579273
   1.55050380  -2.84605803
   1.54820234  -2.84433865
   1.53579702  -2.83337254
   1.53496112  -2.83259826
   1.52244979  -2.82243881
   1.51998711  -2.82006110
   1.50942416  -2.81127140
   1.50448729  -2.80729833
   1.49667959  -2.79977704
   1.49106191  -2.79404447
   1.48361750  -2.78781060
   1.47622570  -2.78150962
   1.47054623  -2.77666634
   1.46033158  -2.76825696
   1.45783607  -2.76594668
   1.44716970  -2.75562172
   1.44462434  -2.75345271
   1.43219259  -2.74299783
   1.43147806  -2.74229184
   1.41922454  -2.73266930
   1.41586612  -2.72960432
   1.40613683  -2.72077043
   1.40195911  -2.71689154
   1.39319517  -2.70950032
   1.38662000  -2.70398718
   1.37996849  -2.69769037
   1.37354505  -2.69127465
   1.36725519  -2.68618551
   1.35857780  -2.67791025
   1.35444753  -2.67397535
   1.34322172  -2.66499734
   1.34151032  -2.66351168
   1.32893205  -2.65266210
   1.32814099  -2.65188038
   1.31570317  -2.64168071
   1.31316406  -2.63940147
   1.30242352  -2.62998472
   1.29846292  -2.62666972
   1.28976853  -2.61917625
   1.28411831  -2.61352511
   1.27716578  -2.60752016
   1.26892718  -2.60045759
   1.26390326  -2.59581423
   1.25504396  -2.58777481
   1.25099436  -2.58450505
   1.24053430  -2.57477507
   1.23802461  -2.57248659
   1.22573804  -2.56231332
   1.22481447  -2.56147695
   1.21248891  -2.55116264
   1.21004262  -2.54875880
   1.19962619  -2.53974883
   1.19469998  -2.53584939
   1.18675980  -2.52921936
   1.17934878  -2.52294816
   1.17350699  -2.51751329
   1.16545717  -2.51025171
   1.16039848  -2.50561318
   1.15095132  -2.49727931
   1.14792518  -2.49465604
   1.13743335  -2.48416228
   1.13507900  -2.48241834
   1.12253079  -2.47169101
   1.12168169  -2.47093722
   1.10890381  -2.46106902
   1.10575905  -2.45853357
   1.09620237  -2.44951732
   1.09202782  -2.44564043
   1.08330691  -2.43820052
   1.07686276  -2.43253308
   1.07020446  -2.42630392
   1.06231776  -2.41963389
   1.05750139  -2.41558351
   1.04706532  -2.40657847
   1.04459531  -2.40427868
   1.03263614  -2.39356167
   1.03178067  -2.39281903
   1.01972185  -2.38136228
   1.01838925  -2.38049886
   1.00578986  -2.37044594
   1.00326320  -2.36814859
   0.99280999  -2.35923463
   0.98774134  -2.35541977
   0.97982090  -2.34801671
   0.97402341  -2.34250594
   0.96687549  -2.33595841
   0.95949899  -2.32959229
   0.95397676  -2.32464079
   0.94436985  -2.31647722
   0.94110623  -2.31328889
   0.92999497  -2.30335579
   0.92845201  -2.30244598
   0.91501928  -2.29183965
   0.91350205  -2.29083857
   0.90269974  -2.28060981
   0.89932119  -2.27757326
   0.88970420  -2.26946544
   0.88482313  -2.26464322
   0.87668190  -2.25745026
   0.86953268  -2.25171028
   0.86398938  -2.24670224
   0.85491664  -2.23885290
   0.85073363  -2.23500617
   0.84048608  -2.22588503
   0.83802796  -2.22348910
   0.82603322  -2.21277363
   0.82516741  -2.21205214
   0.81184335  -2.20127052
   0.81104088  -2.20047557
   0.79957037  -2.19157776
   0.79449743  -2.18714832
   0.78615678  -2.17854945
   0.78199747  -2.17465706
   0.77346245  -2.16781871
   0.76683621  -2.16155272
   0.76028989  -2.15601998
   0.75133282  -2.14881568
   0.74739524  -2.14550770
   0.73660875  -2.13610560
   0.73439031  -2.13429011
   0.72245569  -2.12282301
   0.72160947  -2.12206519
   0.70857309  -2.11088798
   0.70713230  -2.10990490
   0.69591983  -2.10091559
   0.69163577  -2.09718593
   0.68269978  -2.08917977
   0.67650461  -2.08405715
   0.67015258  -2.07827436
   0.66193722  -2.07118633
   0.65706469  -2.06719133
   0.64665478  -2.05823521
   0.64409102  -2.05598299
   0.63132698  -2.04613148
   0.63050583  -2.04533416
   0.61823151  -2.03427077
   0.61580884  -2.03265243
   0.60510786  -2.02394101
   0.59983687  -2.01952215
   0.59305514  -2.01480586
   0.58282999  -2.00669460
   0.57938810  -2.00372500
   0.56692357  -1.99426673
   0.56606223  -1.99353607
   0.55392907  -1.98471444
   0.54901748  -1.98078811
   0.54106446  -1.97418782
   0.53293377  -1.96775419
   0.52798800  -1.96390593
   0.51687813  -1.95472491
   0.51531014  -1.95384553
   0.50205296  -1.94385903
   0.50044116  -1.94226340
   0.48935947  -1.93391001
   0.48282273  -1.92918402
   0.47615435  -1.92380090
   0.46665416  -1.91631755
   0.46341986  -1.91391719
   0.45111191  -1.90373553
   0.45023962  -1.90301230
   0.43744412  -1.89393159
   0.43285421  -1.89041884
   0.42485547  -1.88385319
   0.41614366  -1.87729576
   0.41209606  -1.87393501
   0.40101830  -1.86499121
   0.39852299  -1.86272988
   0.38616797  -1.85397334
   0.38363405  -1.85169773
   0.37300457  -1.84300374
   0.36733892  -1.83898470
   0.36018625  -1.83320936
   0.35064724  -1.82571795
   0.34745626  -1.82330768
   0.33459246  -1.81352552
   0.33373120  -1.81279495
   0.32147396  -1.80335018
   0.31813387  -1.80025341
   0.30882402  -1.79325821
   0.30046638  -1.78721605
   0.29520616  -1.78296550
   0.28301193  -1.77481374
   0.28217677  -1.77404012
   0.26994094  -1.76293348
   0.26826427  -1.76134333
   0.25715439  -1.75308970
   0.25146995  -1.74824099
   0.24410385  -1.74270743
   0.23424820  -1.73570551
   0.23114228  -1.73314870
   0.21855303  -1.72295121
   0.21767041  -1.72225814
   0.20524907  -1.71306475
   0.20116741  -1.70990211
   0.19244698  -1.70327915
   0.18454507  -1.69659751
   0.17958586  -1.69267263
   0.16809170  -1.68409022
   0.16635412  -1.68266271
   0.15364692  -1.67506663
   0.14485488  -1.67087153
   0.14067639  -1.66946794
   0.12778219  -1.66817566
   0.11504558  -1.67007310
   0.10953448  -1.67192689
   0.10226317  -1.67447076
   0.08924164  -1.68120871
   0.08373487  -1.68456951
   0.07636576  -1.69010876
   0.06525259  -1.69753107
   0.06371934  -1.69843663
   0.05073286  -1.70893364
   0.04910007  -1.71039687
   0.03768208  -1.71998520
   0.03364529  -1.72310868
   0.02498883  -1.73071862
   0.01845299  -1.73621476
   0.01195477  -1.74182059
   0.00239132  -1.74928064
  -0.00083480  -1.75170165
  -0.01364233  -1.76137434
  -0.01445417  -1.76217554
  -0.02669547  -1.77348424
  -0.02837755  -1.77493102
  -0.03949146  -1.78316667
  -0.04512179  -1.78800526
  -0.05246449  -1.79447190
  -0.05997818  -1.80055581
  -0.06562439  -1.80536956
  -0.07572072  -1.81381518
  -0.07821803  -1.81556698
  -0.09078692  -1.82617798
  -0.09162201  -1.82695154
  -0.10404206  -1.83643312
  -0.10740421  -1.83948173
  -0.11708187  -1.84752733
  -0.12336094  -1.85256774
  -0.12979894  -1.85752232
  -0.13943632  -1.86546585
  -0.14272626  -1.86870953
  -0.15415590  -1.87825388
  -0.15584316  -1.87977634
  -0.16866120  -1.88966164
  -0.17027529  -1.89112898
  -0.18146895  -1.90099318
  -0.18555449  -1.90420400
  -0.19464454  -1.91190934
  -0.20086387  -1.91711941
  -0.20726115  -1.92197423
  -0.21622355  -1.92986231
  -0.22018742  -1.93326790
  -0.23225663  -1.94297970
  -0.23308524  -1.94375947
  -0.24609778  -1.95420685
  -0.24844264  -1.95585257
  -0.25913652  -1.96446457
  -0.26402018  -1.96839102
  -0.27175802  -1.97523489
  -0.27903489  -1.98168984
  -0.28474226  -1.98651270
  -0.29462021  -1.99436232
  -0.29801336  -1.99733263
  -0.31047063  -2.00672625
  -0.31129598  -2.00751151
  -0.32336109  -2.01732181
  -0.32670262  -2.02039577
  -0.33669732  -2.02884139
  -0.34211945  -2.03313305
  -0.34918878  -2.03898500
  -0.35801292  -2.04634751
  -0.36208342  -2.04960784
  -0.37292529  -2.05876405
  -0.37541860  -2.06111705
  -0.38784468  -2.07059930
  -0.39023907  -2.07224538
  -0.40116026  -2.08297150
  -0.40280413  -2.08456945
  -0.41375212  -2.09304032
  -0.41874996  -2.09768670
  -0.42663910  -2.10434242
  -0.43391954  -2.11079211
  -0.43993499  -2.11681386
  -0.44714321  -2.12331760
  -0.45267927  -2.12830642
  -0.46358888  -2.13672513
  -0.46522974  -2.13835399
  -0.47658889  -2.14954304
  -0.47831657  -2.15112761
  -0.49119273  -2.16166380
  -0.49272648  -2.16257062
  -0.50442111  -2.17334785
  -0.50603455  -2.17496169
  -0.51712718  -2.18565361
  -0.51957812  -2.18806516
  -0.52993261  -2.19712689
  -0.53473195  -2.20117470
  -0.54281438  -2.20843269
  -0.54926823  -2.21408130
  -0.55590741  -2.22031829
  -0.56317340  -2.22678502
  -0.56880573  -2.23162208
  -0.57823844  -2.23992180
  -0.58150903  -2.24313980
  -0.59147349  -2.25256538
  -0.59461214  -2.25503004
  -0.60717027  -2.26517775
  -0.60798790  -2.26597125
  -0.62039111  -2.27696012
  -0.62261052  -2.27865699
  -0.63309839  -2.28914750
  -0.63560674  -2.29154295
  -0.64630051  -2.30098540
  -0.64963708  -2.30407663
  -0.65899607  -2.31252678
  -0.66462483  -2.31737537
  -0.67188575  -2.32383129
  -0.67852912  -2.33008097
  -0.68493398  -2.33575154
  -0.69346901  -2.34335475
  -0.69760137  -2.34742709
  -0.70695824  -2.35566953
  -0.71115458  -2.35955817
  -0.72184501  -2.36904098
  -0.72339324  -2.37002234
  -0.73636763  -2.38114666
  -0.73717443  -2.38195366
  -0.74949716  -2.39386735
  -0.75033241  -2.39464112
  -0.76229671  -2.40451004
  -0.76561453  -2.40757689
  -0.77518598  -2.41662434
  -0.77936284  -2.42047409
  -0.78800397  -2.42795478
  -0.79430233  -2.43376054
  -0.80089149  -2.44025493
  -0.80780281  -2.44605366
  -0.81458116  -2.45224567
  -0.82269787  -2.45942989
  -0.82660236  -2.46283388
  -0.83705742  -2.47250678
  -0.83956095  -2.47495748
  -0.85178529  -2.48526188
  -0.85261710  -2.48604036
  -0.86550449  -2.49736811
  -0.86633793  -2.49814443
  -0.87837095  -2.50866179
  -0.88087233  -2.51105246
  -0.89168406  -2.52117133
  -0.89470994  -2.52379452
  -0.90408375  -2.53226614
  -0.90919276  -2.53682990
  -0.91770583  -2.54437543
  -0.92375770  -2.54962188
  -0.92983234  -2.55484558
  -0.93862876  -2.56299610
  -0.94273295  -2.56707904
  -0.95255027  -2.57580300
  -0.95593511  -2.57883450
  -0.96731909  -2.58835603
  -0.96907108  -2.59065727
  -0.98008880  -2.60156853
  -0.98155111  -2.60248748
  -0.99458304  -2.61358894
  -0.99602257  -2.61458319
  -1.00720293  -2.62435160
  -1.01054693  -2.62759321
  -1.02078872  -2.63739711
  -1.02384014  -2.64000403
  -1.03316789  -2.64768952
  -1.03894515  -2.65313711
  -1.04626880  -2.66037553
  -1.05272427  -2.66602568
  -1.05936777  -2.67226593
  -1.06718851  -2.67896639
  -1.07207390  -2.68379141
  -1.08165463  -2.69203019
  -1.08497837  -2.69509512
  -1.09559760  -2.70469578
  -1.09788486  -2.70639803
  -1.11057430  -2.71725625
  -1.11140024  -2.71803805
  -1.12408027  -2.72941598
  -1.12489109  -2.73020929
  -1.13658895  -2.74031363
  -1.13985583  -2.74352561
  -1.14977832  -2.75295162
  -1.15376314  -2.75623617
  -1.16241322  -2.76372293
  -1.16874296  -2.76955017
  -1.17537700  -2.77580735
  -1.18258877  -2.78228909
  -1.18835603  -2.78787178
  -1.19731704  -2.79500328
  -1.20115058  -2.79843418
  -1.21083508  -2.80812077
  -1.21395928  -2.81073829
  -1.22495827  -2.82063315
  -1.22743270  -2.82297324
  -1.23970428  -2.83255577
  -1.24134521  -2.83414148
  -1.25280220  -2.84525522
  -1.25448080  -2.84683635
  -1.26571544  -2.85655729
  -1.26898066  -2.85976850
  -1.27850521  -2.86805679
  -1.28351554  -2.87268095
  -1.29154233  -2.87996866
  -1.29724093  -2.88559444
  -1.30454507  -2.89202603
  -1.31245977  -2.89856087
  -1.31721274  -2.90358105
  -1.32487234  -2.91121312
  -1.33054986  -2.91602432
  -1.34138185  -2.92457294
  -1.34302722  -2.92618703
  -1.35515192  -2.93752834
  -1.35599605  -2.93829006
  -1.36905688  -2.94939727
  -1.36989063  -2.95017385
  -1.38214260  -2.96130673
  -1.38375693  -2.96292136
  -1.39485561  -2.97361860
  -1.39803302  -2.97617158
  -1.40783061  -2.98407979
  -1.41279243  -2.98877682
  -1.42059762  -2.99641149
  -1.42791041  -3.00199889
  -1.43390044  -3.00805484
  -1.44074215  -3.01496465
  -1.44626434  -3.01923471
  -1.45620235  -3.02771366
  -1.45949000  -3.03090749
  -1.47073236  -3.04063222
  -1.47257496  -3.04282338
  -1.48448105  -3.05354855
  -1.48531326  -3.05432735
  -1.49800599  -3.06508303
  -1.49967370  -3.06663635
  -1.51138941  -3.07744177
  -1.51373366  -3.07916808
  -1.52380907  -3.08766532
  -1.52876534  -3.09245703
  -1.53737654  -3.10070106
  -1.54217504  -3.10484751
  -1.54969302  -3.11188410
  -1.55640102  -3.11807222
  -1.56299669  -3.12355585
  -1.57103535  -3.13086390
  -1.57587926  -3.13570851
  -1.58528564  -3.14412681
  -1.58842297  -3.14660800
  -1.59969551  -3.15710719
  -1.60136334  -3.15871685
  -1.61364460  -3.16982222
  -1.61447693  -3.17060111
  -1.62720361  -3.18076730
  -1.62965212  -3.18290864
  -1.64046642  -3.19304171
  -1.64290214  -3.19544494
  -1.65298089  -3.20394379
  -1.65845826  -3.20896349
  -1.66596448  -3.21685522
  -1.67101960  -3.22145072
  -1.67906004  -3.22793997
  -1.68628583  -3.23442833
  -1.69177357  -3.23947202
  -1.70001196  -3.24734904
  -1.70471878  -3.25158014
  -1.71515128  -3.26047257
  -1.71762760  -3.26288845
  -1.73029531  -3.27290735
  -1.73111516  -3.27369961
  -1.74320553  -3.28569457
  -1.74402641  -3.28648775
  -1.75653312  -3.29742026
  -1.75817317  -3.29901814
  -1.76934694  -3.30890972
  -1.77328840  -3.31215966
  -1.78224575  -3.32103034
  -1.78647360  -3.32482855
  -1.79509082  -3.33154306
  -1.80224229  -3.33817485
  -1.80805069  -3.34365271
  -1.81552965  -3.35068614
  -1.82133523  -3.35617568
  -1.82920892  -3.36364647
  -1.83395950  -3.36786172
  -1.84406083  -3.37604586
  -1.84752460  -3.37930909
  -1.85868881  -3.38989273
  -1.85959185  -3.39074116
  -1.87283471  -3.40160418
  -1.87366891  -3.40238111
  -1.88573849  -3.41291697
  -1.88880840  -3.41552252
  -1.89845840  -3.42442710
  -1.90254115  -3.42844387
  -1.91123919  -3.43596403
  -1.91779262  -3.44152428
  -1.92453986  -3.44762090
  -1.93177285  -3.45411177
  -1.93725766  -3.45915586
  -1.94550307  -3.46703559
  -1.95037793  -3.47185885
  -1.95929650  -3.47990202
  -1.96329596  -3.48317184
  -1.97377176  -3.49288434
  -1.97607849  -3.49468234
  -1.98913229  -3.50499771
  -1.98996662  -3.50577473
  -2.00224276  -3.51691767
  -2.00444090  -3.51875162
  -2.01496503  -3.53004370
  -2.01733738  -3.53176000
  -2.02829218  -3.54095011
  -2.03211874  -3.54440493
  -2.04066431  -3.55285567
  -2.04642219  -3.55760413
  -2.05410149  -3.56444999
  -2.06019934  -3.57043659
  -2.06652361  -3.57628023
  -2.07473951  -3.58336280
  -2.07938451  -3.58760428
  -2.08980880  -3.59673756
  -2.09233238  -3.59891187
  -2.10361901  -3.60941767
  -2.10531391  -3.61101376
  -2.11835015  -3.62133862
  -2.11912949  -3.62217149
  -2.13094560  -3.63469426
  -2.13179049  -3.63545656
  -2.14401166  -3.64577470
  -2.14650632  -3.64815733
  -2.15734167  -3.65829743
  -2.16041764  -3.66087727
  -2.16970620  -3.66781579
  -2.17638147  -3.67402385
  -2.18282236  -3.67970495
  -2.19093952  -3.68694128
  -2.19594397  -3.69160488
  -2.20486028  -3.69965070
  -2.20884615  -3.70294056
  -2.21975394  -3.71304084
  -2.22143281  -3.71468788
  -2.23387837  -3.72557039
  -2.23483435  -3.72706753
  -2.24629228  -3.73902241
  -2.24710022  -3.73983048
  -2.26017034  -3.75104927
  -2.26094985  -3.75188228
  -2.27267495  -3.76435093
  -2.27346865  -3.76517237
  -2.28480031  -3.77727671
  -2.28639694  -3.77890916
  -2.29629225  -3.79006461
  -2.29947261  -3.79497710
  -2.30339931  -3.80310922
  -2.30577490  -3.81603281
  -2.30659287  -3.82895275
  -2.30741091  -3.84187278
  -2.30822901  -3.85479289
  -2.30864167  -3.86768671
  -2.30943397  -3.88063005
  -2.30938605  -3.89358635
  -2.30724698  -3.90664548
  -2.30347025  -3.91940016
  -2.29952025  -3.92430898
  -2.29293010  -3.93227060
  -2.28647423  -3.93872841
  -2.27921078  -3.94518564
  -2.27336026  -3.95144211
  -2.26564889  -3.95827621
  -2.26087321  -3.96238715
  -2.25238085  -3.97078400
  -2.24736743  -3.97542797
  -2.23802020  -3.98389253
  -2.23465948  -3.98696267
  -2.22475513  -3.99642720
  -2.22150913  -3.99967229
  -2.20980731  -4.00976151
  -2.20900034  -4.01056877
  -2.19698950  -4.02281098
  -2.19613392  -4.02355363
  -2.18317406  -4.03478801
  -2.18236923  -4.03559272
  -2.17008623  -4.04669646
  -2.16844715  -4.04829406
  -2.15756472  -4.05761871
  -2.15342252  -4.06157143
  -2.14427798  -4.06930499
  -2.13939325  -4.07412052
  -2.13134114  -4.08140579
  -2.12504731  -4.08723544
  -2.11843050  -4.09351537
  -2.11132532  -4.10014953
  -2.10552017  -4.10562523
  -2.09679063  -4.11305856
  -2.09281220  -4.11635387
  -2.08306519  -4.12596984
  -2.07970453  -4.12904023
  -2.06868742  -4.13907523
  -2.06699446  -4.14059138
  -2.05445892  -4.15143146
  -2.05365219  -4.15223900
  -2.04114205  -4.16394366
  -2.04033509  -4.16475099
  -2.02864218  -4.17565705
  -2.02608150  -4.17806840
  -2.01515265  -4.18717448
  -2.01173034  -4.19014538
  -2.00239418  -4.19944360
  -1.99768993  -4.20367275
  -1.98951200  -4.21081180
  -1.98283508  -4.21621486
  -1.97637947  -4.22267371
  -1.96991602  -4.22911637
  -1.96348191  -4.23479257
  -1.95493157  -4.24243114
  -1.95077132  -4.24632508
  -1.94087123  -4.25496610
  -1.93784513  -4.25758963
  -1.92674951  -4.26828696
  -1.92513560  -4.26990173
  -1.91203028  -4.28038611
  -1.91121336  -4.28100149
  -1.89931076  -4.29250638
  -1.89769686  -4.29412117
  -1.88664908  -4.30486656
  -1.88404645  -4.30725985
  -1.87330038  -4.31580296
  -1.86841568  -4.31974305
  -1.85996825  -4.32823205
  -1.85532823  -4.33247055
  -1.84792292  -4.33878573
  -1.84012237  -4.34555389
  -1.83413371  -4.35085062
  -1.82573060  -4.35865982
  -1.82164634  -4.36182453
  -1.80927371  -4.37113793
  -1.80838566  -4.37178373
  -1.79601418  -4.37909337
  -1.78612446  -4.38463739
  -1.78271190  -4.38664679
  -1.76979330  -4.39229629
  -1.76164689  -4.39698097
  -1.75670372  -4.40003588
  -1.74412097  -4.40551858
  -1.73593419  -4.41016258
  -1.73103992  -4.41247112
  -1.71812419  -4.41891561
  -1.71009826  -4.42307503
  -1.70520400  -4.42538361
  -1.69228883  -4.43182824
  -1.68583037  -4.43586445
  -1.67937153  -4.43909266
  -1.66644966  -4.44475423
  -1.65854174  -4.44909980
  -1.65369762  -4.45152100
  -1.64101235  -4.45833634
  -1.63350116  -4.46208063
  -1.62769415  -4.46493625
  -1.61494465  -4.47089089
  -1.60759775  -4.47476512
  -1.60186556  -4.47783228
  -1.58910934  -4.48380444
  -1.58180210  -4.48780057
  -1.57602604  -4.49075536
  -1.56327402  -4.49671823
  -1.55670461  -4.50056256
  -1.55002741  -4.50414808
  -1.53797733  -4.50972354
  -1.52929201  -4.51366426
  -1.52419227  -4.51625422
  -1.51162022  -4.52251745
  -1.50281946  -4.52677617
  -1.49891193  -4.52864870
  -1.48602266  -4.53585348
  -1.48003597  -4.53933654
  -1.47268900  -4.54321115
  -1.45991054  -4.54840434
  -1.45258549  -4.55225052
  -1.44685322  -4.55531802
  -1.43435908  -4.56169442
  -1.42681169  -4.56539357
  -1.42100459  -4.56824964
  -1.40826141  -4.57420618
  -1.40013491  -4.57910017
  -1.39631795  -4.58182352
  -1.38568620  -4.59060188
  -1.38459605  -4.59282857
  -1.37965299  -4.60339761
         
