# shadow point cont 2D ind 35  size 1104
# norm  0.9624552 -0.2714404  0.0000000
# angle  0.2748894
   2.09337057  -4.60341949
   2.09919772  -4.59010441
   2.10572305  -4.58454807
   2.11709973  -4.57730389
   2.11869544  -4.57643569
   2.13160438  -4.56917346
   2.13973738  -4.56443084
   2.14485957  -4.56088747
   2.15734018  -4.55454372
   2.16223753  -4.55132087
   2.17051801  -4.54607909
   2.18305931  -4.53931598
   2.18399159  -4.53843360
   2.19615457  -4.53045589
   2.20495887  -4.52547277
   2.20899361  -4.52305088
   2.22199519  -4.51511972
   2.22597839  -4.51262125
   2.23493813  -4.50703669
   2.24655965  -4.50042201
   2.24817151  -4.49955228
   2.26071001  -4.49174263
   2.26816309  -4.48715081
   2.27400246  -4.48343565
   2.28655597  -4.47640169
   2.28991050  -4.47418848
   2.29966220  -4.46782381
   2.31032468  -4.46163910
   2.31274644  -4.46003909
   2.32530017  -4.45300520
   2.33260611  -4.44821890
   2.33822095  -4.44493264
   2.35147356  -4.43734506
   2.35444836  -4.43542563
   2.36389474  -4.42944116
   2.37551899  -4.42259345
   2.37714123  -4.42183175
   2.39005221  -4.41376033
   2.39718110  -4.40949489
   2.40279611  -4.40620867
   2.41548457  -4.39804152
   2.41807593  -4.39635055
   2.42897548  -4.38988228
   2.44084656  -4.38381801
   2.44171837  -4.38310794
   2.45463098  -4.37503619
   2.46101079  -4.37089071
   2.46735486  -4.36669385
   2.48044325  -4.35968491
   2.48279136  -4.35796582
   2.49301848  -4.35114639
   2.50201129  -4.34485358
   2.50609519  -4.34169011
   2.51899030  -4.33285232
   2.52049523  -4.33186518
   2.53191765  -4.32233208
   2.53608238  -4.31925365
   2.54503135  -4.31289486
   2.55376535  -4.30626547
   2.55794343  -4.30239794
   2.57030203  -4.29376229
   2.57110861  -4.29295460
   2.58377010  -4.28382344
   2.58770654  -4.28047922
   2.59649577  -4.27390631
   2.60466551  -4.26757682
   2.60960449  -4.26366194
   2.62147086  -4.25447086
   2.62232626  -4.25372838
   2.63504861  -4.24459374
   2.63909952  -4.24137685
   2.64815766  -4.23435897
   2.65566361  -4.22903567
   2.66146746  -4.22433127
   2.67294208  -4.21551101
   2.67378847  -4.21475314
   2.68730216  -4.20574156
   2.69035896  -4.20317222
   2.70001417  -4.19506677
   2.70706641  -4.18994497
   2.71273618  -4.18593760
   2.72395567  -4.17697276
   2.72545250  -4.17601824
   2.73876710  -4.16599366
   2.74109042  -4.16429316
   2.75148277  -4.15689098
   2.75872926  -4.15121158
   2.76459565  -4.14665001
   2.77614191  -4.13798384
   2.77694870  -4.13717628
   2.79061456  -4.12760398
   2.79306111  -4.12584458
   2.80295040  -4.11716725
   2.80879648  -4.11250118
   2.81606263  -4.10766031
   2.82793935  -4.09930709
   2.82878582  -4.09854923
   2.84210825  -4.08851884
   2.84374204  -4.08695638
   2.85461895  -4.07839413
   2.86025551  -4.07350271
   2.86773038  -4.06731967
   2.87794653  -4.06053768
   2.88045342  -4.05821603
   2.89339390  -4.04922418
   2.89570776  -4.04760708
   2.90628873  -4.03883599
   2.91192546  -4.03476914
   2.91920646  -4.02913984
   2.92947317  -4.02158449
   2.93194409  -4.01922679
   2.94486365  -4.00952896
   2.94570396  -4.00876614
   2.95779217  -4.00062628
   2.96357412  -3.99595563
   2.97151926  -3.98962071
   2.97997356  -3.98340243
   2.98360752  -3.98057742
   2.99688389  -3.97127928
   2.99775902  -3.97053381
   3.00983263  -3.96080399
   3.01379677  -3.95748604
   3.02255262  -3.95086990
   3.03133669  -3.94425527
   3.03546831  -3.94116313
   3.04754393  -3.93145689
   3.04839053  -3.93069905
   3.06115224  -3.92081834
   3.06329535  -3.91843658
   3.06916167  -3.90569995
   3.07248938  -3.89286728
   3.07247539  -3.87993612
   3.07292135  -3.86697265
   3.07279694  -3.85406302
   3.07150884  -3.84107669
   3.07121556  -3.82821256
   3.07073632  -3.81529449
   3.06991440  -3.80236332
   3.06950510  -3.78949463
   3.06784550  -3.77672054
   3.06225444  -3.76387526
   3.06065906  -3.76143550
   3.05359417  -3.75087032
   3.04789370  -3.74451249
   3.04061046  -3.73805928
   3.03515542  -3.73376728
   3.02604598  -3.72515132
   3.02201285  -3.72185120
   3.01029510  -3.71170675
   3.00946564  -3.71090533
   2.99650461  -3.69959370
   2.99564716  -3.69884965
   2.98320009  -3.68865899
   2.98075422  -3.68630849
   2.97043852  -3.67799004
   2.96473348  -3.67319795
   2.95730472  -3.66687800
   2.94938523  -3.66022572
   2.94456870  -3.65613433
   2.93480859  -3.64732193
   2.93141542  -3.64428463
   2.91930999  -3.63448069
   2.91850113  -3.63367217
   2.90592101  -3.62196498
   2.90506369  -3.62122104
   2.89278863  -3.61171139
   2.88872334  -3.60848928
   2.87968488  -3.60052099
   2.87350533  -3.59537559
   2.86693093  -3.58983658
   2.85881060  -3.58260248
   2.85397470  -3.57855451
   2.84269143  -3.56959479
   2.84105164  -3.56801281
   2.82875235  -3.55690839
   2.82790655  -3.55614555
   2.81519979  -3.54614874
   2.81269606  -3.54383680
   2.80203546  -3.53511314
   2.79720971  -3.53098992
   2.78947877  -3.52413380
   2.78261885  -3.51826268
   2.77594748  -3.51263607
   2.76661376  -3.50502210
   2.76322154  -3.50198552
   2.75112549  -3.49218539
   2.75031687  -3.49137706
   2.73773236  -3.47967096
   2.73687527  -3.47892719
   2.72440864  -3.46887019
   2.72185400  -3.46651992
   2.71148209  -3.45750604
   2.70597719  -3.45328529
   2.69877898  -3.44752328
   2.69145275  -3.44030889
   2.68578076  -3.43550974
   2.67495103  -3.42769951
   2.67252515  -3.42527508
   2.66078446  -3.41438845
   2.65992748  -3.41364476
   2.64684080  -3.40326822
   2.64519731  -3.40171883
   2.63406964  -3.39261206
   2.62859804  -3.38835805
   2.62114692  -3.38127919
   2.61466434  -3.37563766
   2.60820206  -3.36998101
   2.59928445  -3.36273610
   2.59529356  -3.35944031
   2.58480300  -3.34972233
   2.58231457  -3.34738985
   2.56980887  -3.33730408
   2.56899260  -3.33650501
   2.55665751  -3.32771068
   2.55176359  -3.32374254
   2.54338240  -3.31597950
   2.53915107  -3.31136201
   2.53044995  -3.30385752
   2.52343802  -3.29791811
   2.51765471  -3.29323883
   2.50761981  -3.28547165
   2.50438664  -3.28223932
   2.49334081  -3.27233019
   2.49164260  -3.27075291
   2.47904810  -3.25983313
   2.47818088  -3.25911067
   2.46559605  -3.24920022
   2.46310034  -3.24679797
   2.45307102  -3.23900592
   2.44732649  -3.23345013
   2.43989558  -3.22718240
   2.43182115  -3.22069976
   2.42700987  -3.21658209
   2.41742605  -3.20759212
   2.41423342  -3.20511864
   2.40195454  -3.19480778
   2.40110930  -3.19404535
   2.38822352  -3.18345287
   2.38658981  -3.18186745
   2.37562869  -3.17255503
   2.37134562  -3.16883793
   2.36216487  -3.16103084
   2.35605428  -3.15582945
   2.34978730  -3.15073508
   2.34129050  -3.14322721
   2.33630976  -3.13921551
   2.32620995  -3.12992456
   2.32393080  -3.12811203
   2.31100764  -3.11760768
   2.31016252  -3.11684533
   2.29793283  -3.10649421
   2.29540916  -3.10417744
   2.28496151  -3.09603032
   2.27993076  -3.09138848
   2.27201937  -3.08473609
   2.26393378  -3.07828292
   2.25892773  -3.07361039
   2.24871465  -3.06519184
   2.24618841  -3.06289979
   2.23471575  -3.05256727
   2.23324952  -3.05160193
   2.22016993  -3.04046242
   2.21934856  -3.03966897
   2.20765370  -3.02954387
   2.20361751  -3.02622755
   2.19444440  -3.01851120
   2.18801040  -3.01363746
   2.18139991  -3.00732833
   2.17426977  -3.00071957
   2.16879773  -2.99642935
   2.15805402  -2.98786605
   2.15551375  -2.98557495
   2.14297141  -2.97542217
   2.14212649  -2.97465997
   2.12970359  -2.96370761
   2.12741084  -2.96195418
   2.11718463  -2.95361081
   2.11221726  -2.94884411
   2.10401464  -2.94172687
   2.09748443  -2.93615051
   2.09110496  -2.93121576
   2.08152395  -2.92299600
   2.07816445  -2.91992052
   2.06690513  -2.91019518
   2.06519083  -2.90866153
   2.05256046  -2.89792174
   2.05174870  -2.89711837
   2.03944557  -2.88757948
   2.03613461  -2.88441714
   2.02646929  -2.87630730
   2.02081761  -2.87146749
   2.01352826  -2.86501523
   2.00608631  -2.85876496
   2.00044876  -2.85389545
   1.99159354  -2.84578285
   1.98768610  -2.84239822
   1.97561856  -2.83265318
   1.97477382  -2.83189111
   1.96187676  -2.82134519
   1.96015869  -2.81986984
   1.94854133  -2.81055549
   1.94391600  -2.80705613
   1.93607527  -2.80035405
   1.93018314  -2.79413945
   1.92288723  -2.78772103
   1.91482231  -2.78124350
   1.91003182  -2.77713591
   1.89978395  -2.76794510
   1.89724295  -2.76566997
   1.88497401  -2.75536552
   1.88412937  -2.75460352
   1.87147463  -2.74463175
   1.86901266  -2.74223658
   1.85858832  -2.73313964
   1.85422602  -2.72961458
   1.84523199  -2.72242420
   1.83829901  -2.71641907
   1.83284898  -2.71212440
   1.82291493  -2.70353714
   1.81956905  -2.70044831
   1.80790176  -2.69031336
   1.80703203  -2.68951197
   1.79406046  -2.67821089
   1.79320449  -2.67746793
   1.78075375  -2.66742212
   1.77758139  -2.66492106
   1.76806181  -2.65664442
   1.76241572  -2.65180769
   1.75512130  -2.64535386
   1.74696766  -2.63898922
   1.74188509  -2.63440866
   1.73123555  -2.62556123
   1.72952870  -2.62409391
   1.71703836  -2.61323243
   1.71620593  -2.61245355
   1.70333916  -2.60185923
   1.70107383  -2.60011928
   1.69061994  -2.59040456
   1.68725331  -2.58727819
   1.67744731  -2.57935691
   1.67111226  -2.57435442
   1.66454682  -2.56884268
   1.65516552  -2.56120784
   1.65199601  -2.55868625
   1.64157710  -2.54902554
   1.63832300  -2.54584687
   1.62650860  -2.53647762
   1.62476824  -2.53501739
   1.61298159  -2.52508138
   1.61043842  -2.52284461
   1.60000447  -2.51390614
   1.59525163  -2.50974179
   1.58703928  -2.50264855
   1.57987140  -2.49686178
   1.57417361  -2.49210831
   1.56528931  -2.48399879
   1.56120097  -2.48085792
   1.54930986  -2.47090123
   1.54846553  -2.47013946
   1.53541475  -2.45901649
   1.53459408  -2.45822356
   1.52277316  -2.44807515
   1.51939042  -2.44514193
   1.50972914  -2.43703534
   1.50402428  -2.43224791
   1.49679931  -2.42654765
   1.48854413  -2.41951300
   1.48373593  -2.41544356
   1.47398068  -2.40663589
   1.47055796  -2.40366489
   1.45797225  -2.39441745
   1.45719366  -2.39358525
   1.44556306  -2.38138925
   1.44371922  -2.38014127
   1.43191307  -2.37121975
   1.42800171  -2.36785486
   1.41914800  -2.36056628
   1.41269107  -2.35491569
   1.40624505  -2.34925578
   1.39750352  -2.34181860
   1.39354018  -2.33853699
   1.38291926  -2.32894615
   1.38035244  -2.32671806
   1.36753368  -2.31694178
   1.36671314  -2.31614896
   1.35483826  -2.30543381
   1.35227418  -2.30309590
   1.34159692  -2.29444802
   1.33597557  -2.29038036
   1.32846378  -2.28336183
   1.32158107  -2.27728510
   1.31602279  -2.27316732
   1.30621500  -2.26447059
   1.30292205  -2.26128837
   1.29103096  -2.25133211
   1.29018684  -2.25057049
   1.27711034  -2.23946941
   1.27626388  -2.23871144
   1.26396162  -2.22846440
   1.26079895  -2.22595623
   1.25127343  -2.21770267
   1.24563939  -2.21284845
   1.23853165  -2.20698713
   1.23088520  -2.20022136
   1.22491049  -2.19492406
   1.21362405  -2.18677739
   1.21281721  -2.18597014
   1.20046718  -2.17408362
   1.19963517  -2.17330507
   1.18732793  -2.16303924
   1.18454063  -2.16084125
   1.17359397  -2.15176698
   1.16960972  -2.14847754
   1.16110292  -2.14159986
   1.15327350  -2.13486958
   1.14847227  -2.13073683
   1.13917544  -2.12242312
   1.13520241  -2.11902681
   1.12424749  -2.10991371
   1.12182667  -2.10749258
   1.10996073  -2.09717275
   1.10813962  -2.09585954
   1.09631095  -2.08697690
   1.09237624  -2.08368600
   1.08373646  -2.07538003
   1.07866097  -2.07067624
   1.07053524  -2.06434786
   1.06325698  -2.05790217
   1.05759652  -2.05306849
   1.04660256  -2.04457253
   1.04492326  -2.04312025
   1.03218331  -2.03225621
   1.03127820  -2.03159178
   1.01865268  -2.02185352
   1.01482522  -2.01917976
   1.00613499  -2.01247473
   0.99934460  -2.00645332
   0.99288706  -2.00080993
   0.98350591  -1.99316615
   0.98033695  -1.99067237
   0.96806211  -1.98040081
   0.96721818  -1.97963936
   0.95467105  -1.96963991
   0.95125068  -1.96720829
   0.94143425  -1.96025130
   0.93497966  -1.95460259
   0.92849417  -1.94897263
   0.91896832  -1.94150986
   0.91560661  -1.93846915
   0.90370239  -1.92843005
   0.90280309  -1.92775733
   0.89014343  -1.91879003
   0.88675202  -1.91564754
   0.87732747  -1.90793111
   0.87066626  -1.90270561
   0.86417718  -1.89703925
   0.85589119  -1.89006095
   0.85099351  -1.88606430
   0.83899771  -1.87710915
   0.83816590  -1.87633077
   0.82519984  -1.86502239
   0.82433088  -1.86430849
   0.81221623  -1.85552461
   0.80684481  -1.85110945
   0.79964804  -1.84538125
   0.79125277  -1.83848685
   0.78635978  -1.83457789
   0.77561312  -1.82516524
   0.77389393  -1.82357096
   0.76107350  -1.81269051
   0.76015034  -1.81206948
   0.74788069  -1.80368462
   0.74314486  -1.79944019
   0.73518666  -1.79289869
   0.72788662  -1.78648873
   0.72232575  -1.78202174
   0.71117554  -1.77423498
   0.70895732  -1.77241984
   0.69695893  -1.76133294
   0.69513215  -1.76002890
   0.68350186  -1.75175403
   0.67920619  -1.74805470
   0.67057652  -1.74126818
   0.66236321  -1.73495622
   0.65744234  -1.73110304
   0.64705428  -1.72218665
   0.64447537  -1.71983833
   0.63170044  -1.71008378
   0.63087363  -1.70929846
   0.61916578  -1.69886635
   0.61555438  -1.69623629
   0.60592254  -1.68910036
   0.59844389  -1.68257168
   0.59313614  -1.67873494
   0.57977541  -1.67145750
   0.57888773  -1.67089260
   0.56675229  -1.66762554
   0.55384577  -1.66762491
   0.54093928  -1.66762430
   0.52785558  -1.66868899
   0.51742054  -1.67089246
   0.51514902  -1.67189045
   0.50233891  -1.67613098
   0.48943649  -1.68178301
   0.48528711  -1.68394101
   0.47652620  -1.68823135
   0.46375835  -1.69336834
   0.45636677  -1.69714517
   0.45058950  -1.70005337
   0.43778651  -1.70594918
   0.42883015  -1.70977397
   0.42480413  -1.71220925
   0.41210717  -1.71838211
   0.40376950  -1.72254193
   0.39896345  -1.72506172
   0.38619860  -1.73100834
   0.37520803  -1.73603051
   0.37341506  -1.73695198
   0.36047049  -1.74258329
   0.34749797  -1.74797324
   0.34590542  -1.74878162
   0.33461480  -1.75464105
   0.32152375  -1.75975161
   0.31757098  -1.76152652
   0.30889032  -1.76600950
   0.29587200  -1.77217561
   0.29103212  -1.77459585
   0.28293239  -1.77858336
   0.27005906  -1.78427693
   0.26287972  -1.78766538
   0.25712005  -1.79068444
   0.24412559  -1.79695143
   0.23721613  -1.80061234
   0.23148121  -1.80407793
   0.21829353  -1.81062857
   0.21209455  -1.81349753
   0.20564401  -1.81683887
   0.19270134  -1.82245488
   0.18377956  -1.82623525
   0.17983142  -1.82813356
   0.16699290  -1.83382273
   0.15581108  -1.83954395
   0.15405537  -1.84040573
   0.14096511  -1.84635049
   0.12813932  -1.85146307
   0.12653884  -1.85219621
   0.11500479  -1.85811347
   0.10238796  -1.86281979
   0.09826967  -1.86496442
   0.08936930  -1.87060215
   0.07641922  -1.87697651
   0.07552938  -1.87757456
   0.06355692  -1.88431759
   0.05147262  -1.89077960
   0.05059493  -1.89146768
   0.03778636  -1.89889678
   0.02895244  -1.90384200
   0.02483873  -1.90610098
   0.01180425  -1.91313321
   0.00550222  -1.91660212
  -0.00081249  -1.92013949
  -0.01361205  -1.92665431
  -0.01924319  -1.92995861
  -0.02662471  -1.93466203
  -0.03942384  -1.94118049
  -0.04192635  -1.94274825
  -0.05259823  -1.94886193
  -0.06523054  -1.95495852
  -0.06608671  -1.95568254
  -0.07832362  -1.96282716
  -0.08834913  -1.96754996
  -0.09176282  -1.97002385
  -0.10406200  -1.97742374
  -0.11140239  -1.98129653
  -0.11710204  -1.98440778
  -0.12983104  -1.99117302
  -0.13548742  -1.99439370
  -0.14278101  -1.99840169
  -0.15580465  -2.00541130
  -0.15826478  -2.00695968
  -0.16886503  -2.01324088
  -0.18137342  -2.01971666
  -0.18220220  -2.02047248
  -0.19471125  -2.02768045
  -0.20424726  -2.03277359
  -0.20744841  -2.03443362
  -0.22038032  -2.04164915
  -0.22909187  -2.04590548
  -0.23312577  -2.04842705
  -0.24614127  -2.05545465
  -0.25248559  -2.05891651
  -0.25909996  -2.06262805
  -0.27197887  -2.06913655
  -0.27733438  -2.07192832
  -0.28462171  -2.07692886
  -0.29709341  -2.08425250
  -0.29798058  -2.08489793
  -0.31056546  -2.09038538
  -0.32282367  -2.09733895
  -0.32370141  -2.09802711
  -0.33652613  -2.10542341
  -0.34540859  -2.11025865
  -0.34944646  -2.11265572
  -0.36233760  -2.11914649
  -0.36961217  -2.12316094
  -0.37521313  -2.12646480
  -0.38804090  -2.13391612
  -0.39293994  -2.13619717
  -0.40123516  -2.14057531
  -0.41413019  -2.14710451
  -0.41730743  -2.14880536
  -0.42686700  -2.15466466
  -0.43948518  -2.16088607
  -0.44191859  -2.16241217
  -0.45257038  -2.16861983
  -0.46480431  -2.17480676
  -0.46568208  -2.17549496
  -0.47846873  -2.18296059
  -0.48787905  -2.18825249
  -0.49114298  -2.18993915
  -0.50447587  -2.19716478
  -0.51078807  -2.20064119
  -0.51707681  -2.20416349
  -0.53012352  -2.21115972
  -0.53418137  -2.21353438
  -0.54303409  -2.21841592
  -0.55579900  -2.22514513
  -0.55898653  -2.22680286
  -0.56870641  -2.23240801
  -0.58104894  -2.23918664
  -0.58196506  -2.23989570
  -0.59452138  -2.24693392
  -0.60436327  -2.25226009
  -0.60755213  -2.25397032
  -0.62033656  -2.26146001
  -0.62840400  -2.26549522
  -0.63340552  -2.26840035
  -0.64627685  -2.27495367
  -0.65185624  -2.27829065
  -0.65920479  -2.28297745
  -0.67196781  -2.28970598
  -0.67515853  -2.29136528
  -0.68483210  -2.29702269
  -0.69757583  -2.30391758
  -0.69841415  -2.30465201
  -0.71084538  -2.31120109
  -0.72196425  -2.31711728
  -0.72357401  -2.31798776
  -0.73648961  -2.32524221
  -0.74604095  -2.33029112
  -0.74943924  -2.33244020
  -0.76262603  -2.33926966
  -0.76882304  -2.34288509
  -0.77523289  -2.34700701
  -0.78810106  -2.35351886
  -0.79215765  -2.35591145
  -0.80104996  -2.36072767
  -0.81407630  -2.36779844
  -0.81493183  -2.36848414
  -0.82686730  -2.37444853
  -0.83964701  -2.38108574
  -0.84051580  -2.38179961
  -0.85252337  -2.38929918
  -0.86236621  -2.39462610
  -0.86559348  -2.39624041
  -0.87864256  -2.40326403
  -0.88582283  -2.40744199
  -0.89138860  -2.41080508
  -0.90405124  -2.41695841
  -0.90982470  -2.42068915
  -0.91722939  -2.42529700
  -0.92997768  -2.43127043
  -0.93404101  -2.43359286
  -0.94304801  -2.43901881
  -0.95585097  -2.44565235
  -0.95672891  -2.44634070
  -0.96885398  -2.45357097
  -0.98075632  -2.45968635
  -0.98164635  -2.46030287
  -0.99463818  -2.46653942
  -1.00409780  -2.47245451
  -1.00746501  -2.47483190
  -1.02065869  -2.48152443
  -1.02769039  -2.48514104
  -1.03325402  -2.48857989
  -1.04623526  -2.49564974
  -1.05027889  -2.49810484
  -1.05923520  -2.50278675
  -1.07208926  -2.50933740
  -1.07455453  -2.51088294
  -1.08520175  -2.51707894
  -1.09706465  -2.52394682
  -1.09794688  -2.52461979
  -1.11074740  -2.53133261
  -1.12072024  -2.53636770
  -1.12414166  -2.53855367
  -1.13669708  -2.54557029
  -1.14403995  -2.54944518
  -1.14976220  -2.55256756
  -1.16267181  -2.55984054
  -1.16672778  -2.56221456
  -1.17559048  -2.56704352
  -1.18831176  -2.57307833
  -1.19302546  -2.57570272
  -1.20109003  -2.58060636
  -1.21388559  -2.58721824
  -1.21634204  -2.58877339
  -1.22707343  -2.59562170
  -1.23837094  -2.60127317
  -1.23996872  -2.60211969
  -1.25286947  -2.60940736
  -1.26169223  -2.61435169
  -1.26580771  -2.61661217
  -1.27868587  -2.62314644
  -1.28652943  -2.62754619
  -1.29146979  -2.63065998
  -1.30454291  -2.63760323
  -1.30865939  -2.63990886
  -1.31745479  -2.64486935
  -1.33050845  -2.65195435
  -1.33138246  -2.65267603
  -1.34303105  -2.65921307
  -1.35557378  -2.66556714
  -1.35647621  -2.66621516
  -1.36909542  -2.67315264
  -1.37886958  -2.67869206
  -1.38201598  -2.68039406
  -1.39508867  -2.68737918
  -1.40238282  -2.69140431
  -1.40798212  -2.69476361
  -1.42062758  -2.70247066
  -1.42479624  -2.70458463
  -1.43407350  -2.70964860
  -1.44647212  -2.71616134
  -1.44967222  -2.71778778
  -1.45935343  -2.72348233
  -1.47231452  -2.72982957
  -1.47319275  -2.73051812
  -1.48512776  -2.73726911
  -1.49626685  -2.74390444
  -1.49791048  -2.74482716
  -1.51112098  -2.75233416
  -1.51965964  -2.75691633
  -1.52373775  -2.75936160
  -1.53695528  -2.76685439
  -1.54243163  -2.76958269
  -1.54972688  -2.77357353
  -1.56258185  -2.78009322
  -1.56665077  -2.78249628
  -1.57555526  -2.78730161
  -1.58836435  -2.79391951
  -1.59082143  -2.79547505
  -1.60154529  -2.80232112
  -1.61284563  -2.80797433
  -1.61443770  -2.80886176
  -1.62707519  -2.81587958
  -1.63623738  -2.82096030
  -1.64028043  -2.82335941
  -1.65288195  -2.82961743
  -1.66102917  -2.83426012
  -1.66595832  -2.83736971
  -1.67901978  -2.84438059
  -1.68377997  -2.84693845
  -1.69176976  -2.85112483
  -1.70434572  -2.85788307
  -1.70782299  -2.86018549
  -1.71758442  -2.86568111
  -1.73027781  -2.87261393
  -1.73111614  -2.87335903
  -1.74343863  -2.88019222
  -1.75458129  -2.88610447
  -1.75623609  -2.88694431
  -1.76943273  -2.89364699
  -1.77885917  -2.89890585
  -1.78218276  -2.90119845
  -1.79511698  -2.90844125
  -1.80084867  -2.91151046
  -1.80819499  -2.91538744
  -1.82106912  -2.92200171
  -1.82500067  -2.92456575
  -1.83373408  -2.92975083
  -1.84694579  -2.93638795
  -1.84785302  -2.93710521
  -1.85970161  -2.94398014
  -1.87189233  -2.95029631
  -1.87277509  -2.95096963
  -1.88552499  -2.95773174
  -1.89597031  -2.96346708
  -1.89843830  -2.96500840
  -1.91135395  -2.97228176
  -1.91860555  -2.97634845
  -1.92445130  -2.98000545
  -1.93718290  -2.98602568
  -1.94283353  -2.98926321
  -1.95028369  -2.99378149
  -1.96295115  -2.99999499
  -1.96701171  -3.00225549
  -1.97594648  -3.00782495
  -1.98869526  -3.01459110
  -1.98957813  -3.01526448
  -2.00179083  -3.02235491
  -2.01223880  -3.02809145
  -2.01473184  -3.02957535
  -2.02779431  -3.03581438
  -2.03646785  -3.04099104
  -2.04044587  -3.04363062
  -2.05414870  -3.05035056
  -2.05939682  -3.05342210
  -2.06655709  -3.05760185
  -2.07931775  -3.06434472
  -2.08337913  -3.06674257
  -2.09210011  -3.07192427
  -2.10507330  -3.07824142
  -2.10756290  -3.07973132
  -2.11823782  -3.08588529
  -2.13079123  -3.09215818
  -2.13166681  -3.09285694
  -2.14378857  -3.10019652
  -2.15377165  -3.10522620
  -2.15722031  -3.10737675
  -2.16972662  -3.11450538
  -2.17622214  -3.11847619
  -2.18268275  -3.12170847
  -2.19560411  -3.12817311
  -2.20060889  -3.13115144
  -2.20868710  -3.13597370
  -2.22158525  -3.14307142
  -2.22333228  -3.14383733
  -2.23476267  -3.15015459
  -2.24712998  -3.15677704
  -2.24874525  -3.15758517
  -2.26037519  -3.16426973
  -2.27079394  -3.17002886
  -2.27312605  -3.17102727
  -2.28603698  -3.17832574
  -2.29476297  -3.18342833
  -2.29884061  -3.18585210
  -2.31189347  -3.19204200
  -2.31908232  -3.19621386
  -2.32466633  -3.19960535
  -2.33772237  -3.20662624
  -2.34312344  -3.20945939
  -2.35053287  -3.21413638
  -2.36321889  -3.22111316
  -2.36416162  -3.22166787
  -2.37651227  -3.22760038
  -2.38872728  -3.23469693
  -2.38961055  -3.23537056
  -2.40237075  -3.24211463
  -2.41221447  -3.24761450
  -2.41528720  -3.24941712
  -2.42821996  -3.25666197
  -2.43557091  -3.26054160
  -2.44156212  -3.26410308
  -2.45406996  -3.27120977
  -2.45818984  -3.27347283
  -2.46716036  -3.27820631
  -2.47983889  -3.28511318
  -2.48232953  -3.28660369
  -2.49301059  -3.29273393
  -2.50505457  -3.29935563
  -2.50593797  -3.30002934
  -2.51868655  -3.30681970
  -2.52830885  -3.31259798
  -2.53162467  -3.31485594
  -2.54454366  -3.32135674
  -2.55173891  -3.32553151
  -2.55718431  -3.32843714
  -2.57057204  -3.33562254
  -2.57532528  -3.33817892
  -2.58332577  -3.34237055
  -2.59609716  -3.34913187
  -2.59945927  -3.35131035
  -2.60935153  -3.35740080
  -2.62193616  -3.36369603
  -2.62281969  -3.36436982
  -2.63488027  -3.37095830
  -2.64622503  -3.37733749
  -2.64779254  -3.37824744
  -2.66075010  -3.38549602
  -2.66975624  -3.39011514
  -2.67382222  -3.39249274
  -2.68675550  -3.39973905
  -2.69317622  -3.40307960
  -2.69968447  -3.40701527
  -2.71245175  -3.41299974
  -2.71806781  -3.41626548
  -2.72537353  -3.42109117
  -2.73831098  -3.42836020
  -2.73919992  -3.42900678
  -2.75122113  -3.43484743
  -2.76325540  -3.44221373
  -2.76419674  -3.44287977
  -2.77772252  -3.44919228
  -2.78842775  -3.45500625
  -2.79001711  -3.45586697
  -2.80312009  -3.46364921
  -2.81108866  -3.46789113
  -2.81605448  -3.47089217
  -2.82916164  -3.47791511
  -2.83458435  -3.48073876
  -2.84175526  -3.48496278
  -2.85495068  -3.49259478
  -2.85653153  -3.49346295
  -2.86761868  -3.49951845
  -2.88053758  -3.50600327
  -2.88142144  -3.50667726
  -2.89348272  -3.51326719
  -2.90484294  -3.51965359
  -2.90657700  -3.52103005
  -2.91950944  -3.52750101
  -2.92710131  -3.53171867
  -2.93292212  -3.53487126
  -2.94537256  -3.54210666
  -2.95101810  -3.54534410
  -2.95830811  -3.54936797
  -2.97116443  -3.55677949
  -2.97437547  -3.55843929
  -2.98417663  -3.56391199
  -2.99694889  -3.57068999
  -2.99856563  -3.57149896
  -3.01004372  -3.57768743
  -3.02209517  -3.58428296
  -3.02297921  -3.58495708
  -3.03591418  -3.59220573
  -3.04554747  -3.59723218
  -3.04884926  -3.59948558
  -3.06178435  -3.60599354
  -3.06899336  -3.61017512
  -3.07455827  -3.61356108
  -3.08765557  -3.62051841
  -3.09312416  -3.62330565
  -3.10025675  -3.62763675
  -3.11320449  -3.63491772
  -3.11571094  -3.63637374
  -3.12646250  -3.64234279
  -3.13870538  -3.64871254
  -3.13960420  -3.64937678
  -3.15233174  -3.65702292
  -3.15886715  -3.66176124
  -3.16543301  -3.66662403
  -3.17406637  -3.67497995
  -3.17795101  -3.67916273
  -3.18540743  -3.68789764
  -3.19143139  -3.69573378
  -3.19521072  -3.70079885
  -3.20277476  -3.71394460
  -3.20358524  -3.71636820
  -3.20658842  -3.72678884
  -3.20740646  -3.73971184
  -3.20770870  -3.75259648
  -3.20820868  -3.76552032
  -3.20821860  -3.77844273
  -3.20825478  -3.79140166
  -3.20857232  -3.80428728
  -3.20858636  -3.81720995
  -3.20819630  -3.83013102
  -3.20861466  -3.84305555
  -3.20862893  -3.85597849
  -3.20864327  -3.86890152
  -3.20860211  -3.88180655
  -3.20723730  -3.89473370
  -3.20448142  -3.90758892
  -3.20398522  -3.90845739
  -3.20014427  -3.92064176
  -3.19369422  -3.93356096
  -3.19143640  -3.93767842
  -3.18555974  -3.94647858
  -3.17809258  -3.95434927
  -3.17260035  -3.95935421
  -3.16538415  -3.96586609
  -3.15735737  -3.97239704
  -3.15247303  -3.97638319
  -3.14251682  -3.98493615
  -3.13913568  -3.98804449
  -3.12823708  -3.99813356
  -3.12662256  -3.99974797
  -3.11418169  -4.00990910
  -3.11244458  -4.01155820
  -3.10038223  -4.02194220
  -3.09814023  -4.02372894
  -3.08807407  -4.03225974
  -3.08289991  -4.03675137
  -3.07476500  -4.04312981
  -3.06681541  -4.04973457
  -3.06203802  -4.05384529
  -3.05290218  -4.06243328
  -3.04892218  -4.06572811
  -3.03770142  -4.07551401
  -3.03600788  -4.07702994
  -3.02328054  -4.08771873
  -3.02244204  -4.08852694
  -3.01017050  -4.09882209
  -3.00705818  -4.10137960
  -2.99725031  -4.11012024
  -2.99174708  -4.11431780
  -2.98507387  -4.11980633
  -2.97714770  -4.12717163
  -2.97141717  -4.13191597
  -2.96192431  -4.14024911
  -2.95850097  -4.14321954
  -2.94638332  -4.15289124
  -2.94557615  -4.15369849
  -2.93285235  -4.16529918
  -2.93201758  -4.16601415
  -2.91974665  -4.17630961
  -2.91727091  -4.17866635
  -2.90727338  -4.18650421
  -2.90145366  -4.19196911
  -2.89391250  -4.19890860
  -2.88698243  -4.20492318
  -2.88178519  -4.20945743
  -2.87049598  -4.21748734
  -2.86787511  -4.21969154
  -2.85750440  -4.23029424
  -2.85516098  -4.23200672
  -2.84270319  -4.24213182
  -2.84097949  -4.24373648
  -2.82952439  -4.25323492
  -2.82559639  -4.25656674
  -2.81661171  -4.26451804
  -2.81157567  -4.26916995
  -2.80329574  -4.27537323
  -2.79618604  -4.28199344
  -2.79037970  -4.28746905
  -2.78057008  -4.29542779
  -2.77849359  -4.29738667
  -2.76691987  -4.30756713
  -2.76454679  -4.30926031
  -2.75203746  -4.31936329
  -2.74972575  -4.32119153
  -2.73891042  -4.33048382
  -2.73471642  -4.33351125
  -2.72597192  -4.33857746
  -2.71303378  -4.34585245
  -2.71213196  -4.34647546
  -2.69995138  -4.35197283
  -2.68702628  -4.35762723
  -2.68303124  -4.35932691
  -2.67420893  -4.36280749
  -2.66102529  -4.36696217
  -2.64902629  -4.37199296
  -2.64812482  -4.37257344
  -2.63546511  -4.37650348
  -2.62253031  -4.38134376
  -2.61350187  -4.38497795
  -2.60948450  -4.38663148
  -2.59669276  -4.39101518
  -2.58363673  -4.39629970
  -2.57805488  -4.39810845
  -2.57082721  -4.40069410
  -2.55778919  -4.40518047
  -2.54499739  -4.41036462
  -2.54334885  -4.41108270
  -2.53205482  -4.41520629
  -2.51915691  -4.41922917
  -2.50774813  -4.42383069
  -2.50609649  -4.42453155
  -2.49351266  -4.42933770
  -2.47993939  -4.43449498
  -2.47458420  -4.43659806
  -2.46768007  -4.43901265
  -2.45440632  -4.44307769
  -2.44173853  -4.44896413
  -2.43915810  -4.44985237
  -2.42854999  -4.45353862
  -2.41563410  -4.45758417
  -2.40433552  -4.46243420
  -2.40270822  -4.46322412
  -2.38977997  -4.46805205
  -2.37688754  -4.47211873
  -2.36828377  -4.47598255
  -2.36431441  -4.47774670
  -2.35102733  -4.48178036
  -2.33864513  -4.48711873
  -2.33500034  -4.48866983
  -2.32530424  -4.49179843
  -2.31237719  -4.49663743
  -2.30097335  -4.50119494
  -2.29932688  -4.50192832
  -2.28651061  -4.50631657
  -2.27334379  -4.51127080
  -2.26620726  -4.51399551
  -2.26066524  -4.51599304
  -2.24780664  -4.52000970
  -2.23531171  -4.52584076
  -2.23000941  -4.52754066
  -2.22178253  -4.53013963
  -2.20888589  -4.53419224
  -2.19608116  -4.53937346
  -2.19519077  -4.53995937
  -2.18312997  -4.54421532
  -2.16996797  -4.54919682
  -2.15897719  -4.55320682
  -2.15731543  -4.55388928
  -2.14436328  -4.55873113
  -2.13120459  -4.56371287
  -2.12573072  -4.56572450
  -2.11855013  -4.56840551
  -2.10584479  -4.57301443
  -2.09346719  -4.57818643
  -2.09051180  -4.58015522
  -2.08023433  -4.58737087
  -2.07609430  -4.59152572
         
