# shadow point cont 3D ind 299  size 983
# norm -0.7015314 -0.7126385  0.0000000
# angle  2.3483405
   1.35132622170643   -1.33026462339562   -4.59074493018690
   1.35305109754270   -1.33196261553689   -4.58832297190410
   1.36211835810453   -1.34088855493092   -4.57839903856894
   1.36326545453200   -1.34201777285963   -4.57737570867530
   1.37130535126080   -1.34993236078242   -4.57249459844699
   1.38042930726847   -1.35891411197430   -4.56739935708625
   1.38616246708939   -1.36455791549674   -4.56415462637661
   1.38958666129237   -1.36792874064517   -4.56245852406917
   1.39892771037993   -1.37712420133186   -4.55632623413070
   1.40748722043736   -1.38555030395615   -4.55132780330265
   1.40812151472858   -1.38617471221736   -4.55071565942391
   1.41742898708059   -1.39533711949122   -4.54539007265368
   1.42647302592617   -1.40424019909971   -4.54010291867032
   1.42872326906015   -1.40645537023093   -4.53838868098454
   1.43562495900918   -1.41324949131979   -4.53354702106058
   1.44487473076903   -1.42235509731556   -4.52864198487584
   1.44889743312042   -1.42631510234066   -4.52560018254017
   1.45413142834990   -1.43146752118739   -4.52172818331715
   1.46328055900759   -1.44047405466040   -4.51734682225782
   1.47030230660036   -1.44738636218987   -4.51295562328378
   1.47265027264611   -1.44969773313600   -4.51151957369506
   1.48174431987971   -1.45865004170814   -4.50560131987232
   1.49094918855185   -1.46771144447001   -4.50076436415395
   1.49209962013713   -1.46884394557518   -4.49995777426745
   1.50004821559148   -1.47666865523356   -4.49482393346412
   1.50946529033653   -1.48593895665152   -4.48894001048887
   1.51225043779471   -1.48868069515629   -4.48707734499335
   1.51856347977512   -1.49489534286878   -4.48300084777677
   1.52777037026030   -1.50395873593196   -4.47733721752079
   1.53342898342177   -1.50952915466970   -4.47395420977835
   1.53684888814882   -1.51289575719742   -4.47145327145060
   1.54618655203794   -1.52208788544693   -4.46600668454347
   1.55519483481533   -1.53095576627676   -4.46153812073063
   1.55578347322765   -1.53153523024578   -4.46076960142425
   1.56451563170914   -1.54013129041780   -4.45522583396189
   1.57358054605356   -1.54905492016226   -4.44961601248316
   1.57652716082766   -1.55195560937394   -4.44785384371905
   1.58286013093478   -1.55818987461589   -4.44383806597103
   1.59221840459138   -1.56740229141167   -4.43854988836323
   1.59679986354854   -1.57191234433327   -4.43544713446342
   1.60140186325051   -1.57644261785426   -4.43222096597132
   1.61060965597545   -1.58550689909501   -4.42653628070498
   1.61748912390679   -1.59227914451573   -4.42243449692130
   1.61981381025169   -1.59456759859546   -4.42089644285926
   1.62891874707224   -1.60353062703085   -4.41573093261205
   1.63810700654474   -1.61257567946193   -4.41012797350432
   1.63928257580838   -1.61373292645282   -4.40930771365602
   1.64732673111177   -1.62165170657660   -4.40443739951178
   1.65655341055766   -1.63073458017228   -4.39956386505125
   1.66162060507254   -1.63572279803909   -4.39626472951273
   1.66565709215319   -1.63969637294641   -4.39306402069802
   1.67513792944838   -1.64902944311953   -4.38731042545632
   1.68074777299652   -1.65455185236092   -4.38378309882517
   1.68412343170773   -1.65787489848556   -4.38118516248657
   1.69345246551738   -1.66705853116293   -4.37493004732891
   1.69957669129742   -1.67308730554029   -4.37049207714183
   1.70253312696031   -1.67599766257363   -4.36745908204988
   1.71126778406877   -1.68459618242934   -4.35809873158698
   1.71187732338706   -1.68519622154548   -4.35735620504946
   1.72084130773688   -1.69402049437738   -4.34653288186375
   1.72155094213965   -1.69471906850876   -4.34514187776159
   1.73003247956164   -1.70306841376918   -4.33441177486003
   1.73170581877720   -1.70471567253293   -4.33205475134774
   1.73916341354365   -1.71205703417758   -4.32044096480354
   1.74033713054098   -1.71321245777134   -4.31887091347893
   1.74857567881002   -1.72132260107677   -4.30796586109221
   1.74971583363630   -1.72244498559520   -4.30640806109384
   1.75741341088487   -1.73002258938557   -4.29628993728246
   1.75982085996004   -1.73239251626621   -4.29291367630006
   1.76681289035781   -1.73927556976909   -4.28420566776943
   1.76928338909419   -1.74170756362695   -4.28056260576514
   1.77618432938252   -1.74850094673924   -4.27087549120599
   1.77891638656558   -1.75119042242715   -4.26744493004462
   1.78512896402920   -1.75730617145001   -4.25921297892313
   1.78860183353512   -1.76072491325431   -4.25436251533265
   1.79443178803462   -1.76646400282581   -4.24640928576501
   1.79835264732860   -1.77032375210641   -4.24144846371895
   1.80364576088279   -1.77553436786717   -4.23354087290156
   1.80722307599148   -1.77905592739839   -4.22889072465403
   1.81286368578638   -1.78460862336773   -4.22067402198586
   1.81622612457795   -1.78791865561673   -4.21560563377551
   1.82216686016468   -1.79376679965554   -4.20784135130097
   1.82607521828433   -1.79761424260352   -4.20286603895405
   1.83112410927140   -1.80258444221898   -4.19622941600275
   1.83575104436590   -1.80713926249265   -4.18976517044413
   1.84043813856419   -1.81175330423797   -4.18343870326221
   1.84552980473047   -1.81676561234414   -4.17684859408567
   1.84963915974994   -1.82081091947988   -4.17132621232320
   1.85531123126180   -1.82639458680787   -4.16393542647833
   1.85884001423930   -1.82986837062350   -4.15921287587433
   1.86501638918128   -1.83594848137261   -4.15102116482442
   1.86786141464749   -1.83874916463441   -4.14694571784816
   1.87371463215003   -1.84451115463474   -4.13810438672498
   1.87724347185237   -1.84798499429111   -4.13338186310247
   1.88402291860395   -1.85465877744943   -4.12517426817805
   1.88632281623533   -1.85692282916938   -4.12194443756257
   1.89283188237331   -1.86333044583189   -4.11248022996270
   1.89578689402449   -1.86623940104799   -4.10856969968938
   1.90295847156753   -1.87329920329722   -4.09934574575575
   1.90465994718910   -1.87497415993655   -4.09689400728267
   1.91168448445247   -1.88188921365717   -4.08644943929111
   1.91404853362058   -1.88421641705617   -4.08332103218512
   1.92195898337328   -1.89200357554694   -4.07340076673345
   1.92312438264508   -1.89315081105417   -4.07181067122109
   1.93118444950233   -1.90108525473637   -4.06059487585547
   1.93233476574918   -1.90221764230077   -4.05898042537007
   1.94094125722756   -1.91068999409957   -4.04756202101650
   1.94152526165407   -1.91126489630750   -4.04676936230796
   1.95016545982358   -1.91977042944924   -4.03476437608436
   1.95074062838761   -1.92033663350932   -4.03395715455587
   1.95981397174218   -1.92926856089045   -4.02328087115932
   1.96096386958486   -1.93040053657187   -4.02166579852086
   1.96865416303967   -1.93797097009277   -4.00897863621524
   1.96925290626379   -1.93856038138128   -4.00821123661000
   1.97813006738466   -1.94729918420001   -3.99826090057600
   1.97983774717833   -1.94898024831401   -3.99581811473868
   1.98764434466578   -1.95666517316771   -3.98392792442618
   1.98872621381553   -1.95773018044273   -3.98299201776557
   1.99676100923599   -1.96563974656553   -3.97258137791888
   1.99832788470840   -1.96718220091647   -3.97019503671614
   2.00586121648229   -1.97459811914120   -3.95874892507340
   2.00701124823722   -1.97573022664774   -3.95713398306232
   2.01346132247809   -1.98207977085333   -3.94451283367795
   2.01514782169490   -1.98373998450824   -3.94124503189373
   2.02015530725763   -1.98866942403902   -3.93144187978691
   2.02416685632613   -1.99261844961487   -3.92254749670563
   2.02591891823829   -1.99434320411331   -3.91850632736152
   2.02935081536054   -1.99772161212429   -3.90580777019309
   2.03181035360975   -2.00014281632374   -3.89306181902560
   2.03268393279254   -2.00100278001269   -3.88015993744593
   2.03267253410609   -2.00099155898472   -3.86723000312209
   2.03266119993308   -2.00098040146468   -3.85430019461793
   2.03230938048703   -2.00063406543169   -3.84139895622452
   2.03176491220780   -2.00009808316568   -3.82841451653587
   2.03229072267885   -2.00061569842173   -3.81553935938108
   2.03172521113452   -2.00005900086828   -3.80258106289383
   2.03169649656790   -2.00003073384323   -3.78967980217934
   2.03072050274399   -1.99906995173470   -3.77680153314291
   2.02663603517810   -1.99504914415987   -3.76403071556836
   2.02427057507100   -1.99272055181260   -3.76000182094950
   2.01953458703254   -1.98805837828026   -3.75120877112780
   2.01524836429225   -1.98383896006147   -3.74442504479003
   2.01107060265330   -1.97972631248311   -3.73812702092707
   2.00573605344751   -1.97447490688154   -3.72946754086808
   2.00285407335966   -1.97163784496812   -3.72542481604452
   1.99665832463836   -1.96553866239695   -3.71713716121828
   1.99276818053531   -1.96170914958423   -3.71208371099468
   1.98780654235138   -1.95682484286085   -3.70603817894267
   1.98237097256045   -1.95147399116810   -3.69919340646903
   1.97821664088734   -1.94738440837911   -3.69368874605967
   1.97210552917738   -1.94136854367761   -3.68607084513579
   1.96922445008458   -1.93853236871645   -3.68283643379056
   1.96193731444486   -1.93135880944432   -3.67367692399263
   1.95963198301309   -1.92908940861451   -3.67044302614126
   1.95139003567742   -1.92097591921985   -3.66014749145234
   1.95078730637975   -1.92038258398422   -3.65938461357783
   1.94179071080668   -1.91152620820344   -3.64783965694372
   1.94119409123900   -1.91093888747233   -3.64706445040026
   1.93226153777980   -1.90214555565319   -3.63688981671149
   1.93007559262754   -1.89999368036355   -3.63428493313835
   1.92289717130842   -1.89292714100446   -3.62415686517735
   1.92116792269048   -1.89122484423514   -3.62175476230355
   1.91388915163218   -1.88405951917512   -3.61332759011792
   1.90977012631954   -1.88000469246618   -3.60862785761697
   1.90443022794198   -1.87474802106434   -3.60159014358220
   1.89985018624183   -1.87023936331056   -3.59590500208577
   1.89521622738480   -1.86567762874583   -3.59025952537199
   1.88995343486003   -1.86049686143479   -3.58318918593898
   1.88587795603021   -1.85648490249873   -3.57827771868841
   1.87968396451780   -1.85038744974882   -3.56999201351235
   1.87690711664441   -1.84765388147257   -3.56662407267094
   1.86887947783423   -1.83975136041803   -3.55686136756245
   1.86769141791145   -1.83858181744584   -3.55530185042543
   1.85894300500629   -1.82996975618952   -3.54417796512127
   1.85833873633272   -1.82937490557051   -3.54341886352930
   1.84915011654400   -1.82032949843903   -3.53280630281791
   1.84799776483299   -1.81919510713496   -3.53118970400777
   1.84001543687237   -1.81133719072086   -3.52058816827032
   1.83820486960591   -1.80955484272512   -3.51833333043806
   1.83061774157534   -1.80208596670532   -3.50945777500777
   1.82736629525823   -1.79888519701621   -3.50518860438921
   1.82144495840869   -1.79305614936834   -3.49818519514183
   1.81674553053026   -1.78842996617404   -3.49259194064092
   1.81213649858194   -1.78389277001040   -3.48612595695923
   1.80709581752278   -1.77893065236397   -3.47945789161798
   1.80330209618278   -1.77519605948139   -3.47505893692392
   1.79629536463433   -1.76829853395809   -3.46632334953173
   1.79394921039129   -1.76598894657614   -3.46315834185760
   1.78635853582360   -1.75851657929509   -3.45359333491480
   1.78473532919594   -1.75691867175910   -3.45183791423452
   1.77598851529000   -1.74830818458022   -3.44067834810625
   1.77540286960748   -1.74773166669668   -3.43988453520432
   1.76637679761993   -1.73884627391707   -3.42907066911843
   1.76516375766695   -1.73765214025023   -3.42757148009025
   1.75683817060499   -1.72945631472740   -3.41661683690537
   1.75525196566456   -1.72789483217507   -3.41482180075127
   1.74786523854532   -1.72062323364352   -3.40577973851668
   1.74488389378401   -1.71768835574178   -3.40189620267656
   1.73863216734192   -1.71153406791145   -3.39450045211924
   1.73351243769198   -1.70649413371550   -3.38873394361135
   1.72948031291076   -1.70252485311737   -3.38307705733890
   1.72426625751116   -1.69739206332086   -3.37585214481998
   1.72007272156654   -1.69326388729316   -3.37046239575160
   1.71378369305986   -1.68707287878346   -3.36317332621263
   1.71076180605221   -1.68409809052167   -3.35923659481078
   1.70356271961650   -1.67701120812987   -3.34994344273306
   1.70191556011660   -1.67538972104806   -3.34818485078133
   1.69352262944187   -1.66712760152143   -3.33748394514147
   1.69243525112189   -1.66605717094140   -3.33655310154480
   1.68299455805484   -1.65676361931359   -3.32546936954746
   1.68241855521340   -1.65619659397905   -3.32466138033276
   1.67419260519708   -1.64809885257157   -3.31438632773425
   1.67187167756647   -1.64581409862329   -3.31117845897005
   1.66483382358703   -1.63888593573923   -3.30165944981569
   1.66207950103474   -1.63617454170729   -3.29825227779046
   1.65583116370912   -1.63002359017109   -3.29082499112107
   1.65158925055289   -1.62584779093283   -3.28549808461838
   1.64651684585157   -1.62085444408488   -3.27888123581094
   1.64133580080543   -1.61575415014668   -3.27241585275455
   1.63728555471808   -1.61176703067878   -3.26759944220724
   1.63085897447516   -1.60544061429668   -3.25964091712702
   1.62809968295000   -1.60272432873765   -3.25624111158522
   1.62106952127695   -1.59580373826868   -3.24671297156341
   1.61884743735868   -1.59361628746723   -3.24418802206596
   1.61053908704793   -1.58543743004581   -3.23386791246402
   1.60941282933050   -1.58432872603766   -3.23142165246938
   1.60420344636001   -1.57920053584638   -3.22059087616967
   1.60119523649746   -1.57623921155946   -3.20753135694899
   1.60061939266540   -1.57567234275599   -3.20672342146337
   1.59180820434660   -1.56699848449565   -3.19485848753368
   1.59120114179696   -1.56640088354555   -3.19439832083774
   1.58201086224845   -1.55735384252310   -3.19247003927583
   1.57290117931343   -1.54838614194558   -3.18660618188608
   1.56879185415829   -1.54434086420871   -3.18190778608279
   1.56360078272863   -1.53923070015693   -3.17545897843868
   1.55841974629385   -1.53413041469587   -3.16899452342213
   1.55439465799735   -1.53016806091270   -3.16413909671249
   1.54852206383387   -1.52438699625360   -3.15622181245296
   1.54514244331477   -1.52106005006928   -3.15208942953681
   1.53758372603209   -1.51361914199107   -3.14329516932480
   1.53567077868454   -1.51173600959714   -3.14038219621635
   1.52721337567984   -1.50341042259806   -3.13040393785311
   1.52661862423908   -1.50282494087748   -3.12962680598440
   1.51735319957380   -1.49370392594047   -3.11845059821572
   1.51628300973881   -1.49265041594788   -3.11744281801716
   1.50807835698230   -1.48457363986384   -3.10552733497602
   1.50751905861053   -1.48402305864522   -3.10476079316566
   1.49896267419929   -1.47560003295119   -3.09492730848219
   1.49612671637812   -1.47280827600728   -3.09162040504443
   1.48990570484409   -1.46668422436636   -3.08417440132187
   1.48576285561507   -1.46260594505756   -3.07870404565755
   1.48059079091549   -1.45751449149938   -3.07220398127442
   1.47598517321400   -1.45298065636856   -3.06574169435625
   1.47146396103372   -1.44852991122524   -3.05997271028188
   1.46513799561144   -1.44230254149400   -3.05269338321529
   1.46214442234505   -1.43935562567912   -3.04882651199288
   1.45483079042766   -1.43215598309692   -3.03969028249573
   1.45324800320549   -1.43059786499471   -3.03787285354264
   1.44518864603755   -1.42266411994071   -3.02656436208713
   1.44394202590174   -1.42143692946749   -3.02503531991032
   1.43482855791201   -1.41246550282864   -3.01525521410692
   1.43365067356905   -1.41130597684098   -3.01365854202868
   1.42563946239813   -1.40341962738661   -3.00240502751801
   1.42435692267732   -1.40215707716647   -3.00082008641446
   1.41597709748510   -1.39390785886197   -2.99082078606938
   1.41381120953438   -1.39177572816489   -2.98822095757792
   1.40705593954008   -1.38512574494798   -2.97991666333339
   1.40357685261135   -1.38170088262483   -2.97510004307738
   1.39774732307245   -1.37596221139055   -2.96796034976836
   1.39297165856476   -1.37126097978139   -2.96259954805832
   1.38820588432312   -1.36656948428984   -2.95629077869480
   1.38273831999608   -1.36118713672375   -2.94942564579482
   1.37937550111795   -1.35787673031216   -2.94525791413934
   1.37280994201997   -1.35141350118173   -2.93670455410176
   1.36993203786166   -1.34858045167095   -2.93266627582171
   1.36230656234204   -1.34107382584116   -2.92317653896781
   1.36103170032623   -1.33981883366230   -2.92167887194480
   1.35194719378445   -1.33087591708196   -2.91106092171571
   1.35137163377832   -1.33030932768075   -2.91025328803886
   1.34245112896771   -1.32152785672151   -2.89854280141428
   1.34186273469041   -1.32094863308244   -2.89777493195652
   1.33338737395220   -1.31260536823679   -2.88784161492659
   1.33106349318520   -1.31031770717933   -2.88463440934508
   1.32422318938794   -1.30358401548549   -2.87641840306773
   1.32057156839347   -1.29998930819057   -2.87192233625132
   1.31468360401048   -1.29419311287022   -2.86401666616697
   1.31033310213051   -1.28991041735824   -2.85880616792755
   1.30584171866067   -1.28548903601888   -2.85376971287997
   1.29986557954384   -1.27960604024486   -2.84604759618592
   1.29638323120407   -1.27617796734261   -2.84125417873115
   1.28957032454561   -1.26947124577926   -2.83303746356079
   1.28732363771537   -1.26725957552369   -2.83053243390400
   1.27972439247199   -1.25977877114840   -2.82020520235810
   1.27806917731035   -1.25814935395937   -2.81848708661055
   1.26892810300671   -1.24915075127512   -2.80789184587322
   1.26834238079922   -1.24857415805932   -2.80709977582747
   1.25958426944805   -1.23995254951575   -2.79517096176867
   1.25899397371439   -1.23937145405617   -2.79440236817746
   1.25031433194831   -1.23082709208074   -2.78398724202652
   1.24806611121375   -1.22861391182809   -2.78146684656104
   1.24117115757012   -1.22182642205342   -2.77255995857239
   1.23783447375480   -1.21854174336690   -2.76834899697341
   1.23206447005033   -1.21286167020497   -2.76110635337159
   1.22746894483350   -1.20833777025863   -2.75543827392228
   1.22272268365863   -1.20366548370568   -2.74920391933070
   1.21709690318202   -1.19812738592676   -2.74253721262218
   1.21363918242629   -1.19472355676616   -2.73851378830578
   1.20664789363648   -1.18784123331263   -2.72976221941165
   1.20431988813997   -1.18554951181316   -2.72657649444418
   1.19729760789465   -1.17863667993299   -2.71704444659423
   1.19509101852726   -1.17646448218633   -2.71450767103333
   1.18608670545277   -1.16760050918812   -2.70452811114451
   1.18552156707418   -1.16704417898429   -2.70370725315640
   1.17693941403837   -1.15859578629219   -2.69142898467107
   1.17632742623582   -1.15799333685356   -2.69069148020280
   1.16752354047362   -1.14932666733309   -2.68050706270799
   1.16578710050322   -1.14761729129482   -2.67810591814107
   1.15840369343033   -1.14034896106380   -2.66907150667798
   1.15498064086271   -1.13697925975735   -2.66499165329940
   1.14911282747141   -1.13120290135792   -2.65709162205836
   1.14564627016397   -1.12779037337097   -2.65227689199323
   1.14001051181077   -1.12224245322938   -2.64563270146972
   1.13487381555743   -1.11718581686934   -2.63912684588280
   1.13091937228494   -1.11329300704584   -2.63412820395842
   1.12408710307922   -1.10656722471742   -2.62600670185116
   1.12169953746043   -1.10421687139215   -2.62283731120943
   1.11357172652949   -1.09621573948676   -2.61329267706722
   1.11238542522610   -1.09504792772434   -2.61173502469014
   1.10364037552236   -1.08643917725102   -2.60062379946639
   1.10303698111814   -1.08584518727509   -2.59986561186170
   1.09415784999875   -1.07710444516199   -2.58804013382626
   1.09359859506546   -1.07655390670484   -2.58728462807888
   1.08488062454496   -1.06797181336206   -2.57762364519073
   1.08294283860099   -1.06606422950291   -2.57475861054677
   1.07555963263251   -1.05879609724191   -2.56572477832194
   1.07216839601134   -1.05545771600262   -2.56161897287171
   1.06650553708695   -1.04988311767589   -2.55418354559497
   1.06235378294749   -1.04579607224744   -2.54873209352539
   1.05713450134066   -1.04065813769872   -2.54233479576353
   1.05189072677646   -1.03549609193673   -2.53598611839907
   1.04782903202476   -1.03149770224190   -2.53038969654877
   1.04211149933938   -1.02586928229246   -2.52306913737941
   1.03880400305739   -1.02261333622609   -2.51883092638052
   1.03204500087960   -1.01595967899504   -2.50974896615620
   1.02970285913767   -1.01365404157587   -2.50718441677080
   1.02068455775711   -1.00477629829155   -2.49742344458134
   1.02011956713452   -1.00422011354082   -2.49660275519035
   1.01127580300175   -0.99551418718898   -2.48473162257022
   1.01067248831434   -0.99492027568742   -2.48397352064110
   1.00176340261830   -0.98615004586587   -2.47316335534608
   1.00012114643914   -0.98453338568227   -2.47140258297684
   0.99285655189953   -0.97738201618753   -2.46216434727495
   0.98985248311685   -0.97442476843813   -2.45833717810833
   0.98344055996537   -0.96811278070391   -2.45041381603629
   0.97952144465803   -0.96425474822839   -2.44539787255958
   0.97438150813552   -0.95919492210161   -2.43891069044283
   0.96921644430271   -0.95411036029559   -2.43234603768332
   0.96503474999705   -0.94999384134456   -2.42700377088341
   0.95936684735023   -0.94441427790621   -2.41958878399930
   0.95588777806417   -0.94098943295075   -2.41560172733301
   0.94878634066623   -0.93399867765126   -2.40702473490184
   0.94629022037960   -0.93154146157737   -2.40332789233413
   0.93769520911753   -0.92308041106569   -2.39431152833576
   0.93711046314505   -0.92250477886943   -2.39351868518999
   0.92865662781161   -0.91418270393634   -2.38122267463826
   0.92806114378143   -0.91359650104438   -2.38044867819407
   0.91902251607880   -0.90469874824145   -2.36969162660777
   0.91785964730941   -0.90355400379654   -2.36809411062879
   0.90983674263937   -0.89565614309644   -2.35834768731406
   0.90737603259067   -0.89323378536103   -2.35536390485175
   0.90061822915997   -0.88658130819354   -2.34628331458575
   0.89724228625343   -0.88325798230300   -2.34210345953429
   0.89156036308803   -0.87766461686808   -2.33558844238284
   0.88695923927407   -0.87313520558363   -2.32913113204967
   0.88238336294806   -0.86863064828300   -2.32335459537603
   0.87642492393749   -0.86276507674364   -2.31647715730956
   0.87286890833234   -0.85926448474462   -2.31177695729800
   0.86566294354511   -0.85217083120641   -2.30321684120905
   0.86406877104546   -0.85060150527621   -2.30149998810224
   0.85543224374497   -0.84209958578980   -2.29018669800164
   0.85483930042948   -0.84151588401328   -2.28940810313134
   0.84641321632105   -0.83322112777814   -2.27790222779965
   0.84536757321311   -0.83219178193045   -2.27692619512305
   0.83635076894426   -0.82331551242405   -2.26617418229227
   0.83515174503194   -0.82213517634565   -2.26459447714314
   0.82700559494961   -0.81411599112055   -2.25426908833296
   0.82525046839613   -0.81238821974590   -2.25188624636721
   0.81780450478280   -0.80505830797271   -2.24296960125749
   0.81491062945927   -0.80220953622125   -2.23895559856319
   0.80869604961892   -0.79609181603046   -2.23151641193521
   0.80410091476791   -0.79156830036574   -2.22584976941440
   0.79936110853071   -0.78690236814463   -2.21962096062439
   0.79379581273302   -0.78142381233813   -2.21290556468349
   0.79041568046695   -0.77809636238288   -2.20870480110626
   0.78387601047789   -0.77165861885700   -2.20019391963530
   0.78093990369295   -0.76876827385830   -2.19624574560888
   0.77266304494714   -0.76062041717830   -2.18687760682032
   0.77208798390749   -0.76005431896675   -2.18607053904564
   0.76337280566878   -0.75147497438561   -2.17397102784964
   0.76276321069088   -0.75087488047736   -2.17322847048872
   0.75339387307952   -0.74165157216821   -2.16225570253616
   0.75279699198588   -0.74106399398724   -2.16148479054684
   0.74426368120658   -0.73266368230247   -2.15164438664480
   0.74189867599806   -0.73033553776379   -2.14854229939007
   0.73507443892807   -0.72361766238325   -2.13952572008606
   0.73208345634208   -0.72067329687075   -2.13567577380128
   0.72565421227578   -0.71434425818327   -2.12776100310723
   0.72129416672411   -0.71005216774603   -2.12254458337580
   0.71680378911788   -0.70563177659303   -2.11751035181193
   0.71084796803052   -0.69976878217427   -2.10980496095616
   0.70754178492488   -0.69651412881725   -2.10556828719893
   0.70019502695607   -0.68928187648205   -2.09635086450329
   0.69835909428623   -0.68747455842488   -2.09413690612377
   0.68956097117643   -0.67881356174084   -2.08399163025063
   0.68897639075782   -0.67823809251815   -2.08319898605905
   0.68022245480596   -0.66962059429664   -2.07132113851919
   0.67960855036088   -0.66901625808803   -2.07059040880819
   0.67067368085803   -0.66022064632280   -2.06205133443730
   0.66770315680803   -0.65729642048215   -2.05817591584809
   0.66158600519268   -0.65127461001246   -2.05134586640145
   0.65585390605820   -0.64563185064472   -2.04487899157369
   0.65241076578902   -0.64224237472107   -2.04084020467708
   0.64437865394849   -0.63433545035226   -2.03186787610517
   0.64315960082492   -0.63313539723535   -2.03038292307895
   0.63379357622940   -0.62391535030580   -2.02022022565016
   0.63319676236868   -0.62332783830986   -2.01944939591471
   0.62480570792275   -0.61506756576937   -2.01017885207937
   0.62133803121052   -0.61165393582454   -2.00615469424634
   0.61563551902039   -0.60604030226281   -1.99967338437318
   0.61089727389105   -0.60137590681833   -1.99342497766136
   0.60618202635562   -0.59673415053019   -1.98793090131790
   0.59872986964781   -0.58939814218730   -1.98068961531251
   0.59700497516963   -0.58770013169468   -1.97826878377821
   0.58851577409053   -0.57934324222194   -1.96739198496442
   0.58789229109313   -0.57872947675110   -1.96669376023063
   0.57860714217152   -0.56958904497750   -1.95728879836340
   0.57587624290501   -0.56690070915900   -1.95453719540548
   0.56945203987044   -0.56057663293438   -1.94749289282559
   0.56477520918631   -0.55597269473739   -1.94198471603454
   0.56016899859784   -0.55143827596024   -1.93635754188044
   0.55346609979303   -0.54483984768214   -1.92870564037259
   0.55123057241774   -0.54263916295169   -1.92624759417066
   0.54304796805302   -0.53458409161600   -1.91592373795068
   0.54182901238344   -0.53338413443417   -1.91443890660524
   0.53263024245512   -0.52432873536188   -1.90475587623735
   0.53141129570772   -0.52312878696317   -1.90327105642078
   0.52355902852127   -0.51539890421259   -1.89495613244765
   0.52006961889015   -0.51196388007537   -1.89013180678684
   0.51444356297004   -0.50642551114598   -1.88404760334616
   0.50782137949145   -0.49990654017531   -1.87747239530198
   0.50484191513686   -0.49697351337253   -1.87362479713828
   0.49655394829271   -0.48881472172358   -1.86409371566468
   0.49593703340695   -0.48820742199463   -1.86337237173538
   0.48676562061048   -0.47917895366942   -1.85380593348349
   0.48501091668477   -0.47745159833552   -1.85139669294041
   0.47783754117624   -0.47039002614367   -1.84278595391650
   0.47363790311178   -0.46625584310297   -1.83812172192446
   0.46827551245748   -0.46097702998616   -1.83209559389434
   0.46300751271136   -0.45579113661285   -1.82579788864845
   0.45906748349795   -0.45191251619274   -1.82161606427368
   0.45107839717196   -0.44404794674829   -1.81264272740388
   0.44987577492183   -0.44286406841532   -1.81112005532033
   0.44068111438150   -0.43381271468261   -1.80053894329177
   0.44005944774989   -0.43320073726792   -1.79983396062592
   0.43128921851864   -0.42456719971199   -1.79046864706001
   0.42853433201569   -0.42185525051907   -1.78705334585358
   0.42256638417325   -0.41598031835128   -1.78067885644502
   0.41609113238479   -0.40960598901215   -1.77376578391968
   0.41314172238777   -0.40670254814354   -1.76992104781282
   0.40566374412683   -0.39934112069896   -1.76090858192709
   0.40388479136575   -0.39758989446895   -1.75867488354029
   0.39473221558247   -0.38857996956564   -1.74890054434624
   0.39412737272552   -0.38798455371239   -1.74814711826812
   0.38550014206329   -0.37949178596802   -1.73849373015651
   0.38263574538447   -0.37667203341086   -1.73523430006151
   0.37633209747242   -0.37046663335198   -1.72798012126908
   0.37173637592404   -0.36594254013409   -1.72231293412521
   0.36701317805103   -0.36129295742131   -1.71681112694969
   0.36046819518753   -0.35484998382679   -1.71001488532635
   0.35764390445465   -0.35206971212941   -1.70665883765522
   0.34876233375867   -0.34332656846264   -1.69726891043739
   0.34816715220284   -0.34274066333070   -1.69649529703008
   0.33949250986237   -0.33420122286046   -1.68606776959658
   0.33719012013929   -0.33193471789025   -1.68361762636418
   0.33027108796523   -0.32512352487006   -1.67707716382860
   0.32208933742664   -0.31706929405288   -1.67074276169443
   0.32090691952124   -0.31590530516229   -1.67017943294495
   0.31169348751639   -0.30683547253473   -1.66802333114080
   0.30251757994860   -0.29780257949313   -1.66880044333134
   0.29354312590092   -0.28896800014275   -1.67121942451631
   0.29238746002179   -0.28783034632476   -1.67200362060847
   0.28434378019001   -0.27991203426195   -1.67743954739901
   0.27606722162198   -0.27176447308118   -1.68405691917663
   0.27482846015614   -0.27054501879371   -1.68548634908923
   0.26604343904749   -0.26189691990471   -1.69345012427283
   0.26205966827164   -0.25797523967258   -1.69761202483442
   0.25680649925978   -0.25280394588360   -1.70327102409672
   0.25069375410020   -0.24678647319122   -1.70967808962556
   0.24723073407743   -0.24337742735728   -1.71374535278417
   0.23846376746451   -0.23474710156893   -1.72267454470830
   0.23787139729426   -0.23416396400468   -1.72344427643613
   0.22896852748969   -0.22539985319451   -1.73332332735295
   0.22673269110224   -0.22319886426811   -1.73584195078988
   0.22008102675909   -0.21665087191789   -1.74280751212521
   0.21430211935110   -0.21096203382444   -1.74914754045329
   0.21082501793228   -0.20753912606529   -1.75313214128181
   0.20228658286998   -0.19913376996393   -1.76219771986583
   0.20169847673816   -0.19855482997935   -1.76297958622778
   0.19253298219333   -0.18953218766467   -1.77334795051827
   0.19129479457349   -0.18831329827930   -1.77496120382591
   0.18335367497979   -0.18049594796376   -1.78243619076286
   0.17870811725769   -0.17592279531240   -1.78799569392820
   0.17405319036020   -0.17134041951243   -1.79348268533687
   0.16730296629737   -0.16469540358175   -1.80086968188475
   0.16493573257289   -0.16236506526048   -1.80343211529911
   0.15602270654896   -0.15359095652449   -1.81329453233414
   0.15542759019179   -0.15300511557504   -1.81406807461754
   0.14648486928651   -0.14420177477834   -1.82350639817105
   0.14363610618243   -0.14139741213302   -1.82660359682135
   0.13733706721799   -0.13519654918728   -1.83399062250133
   0.13213739655121   -0.13007791992499   -1.83964419685442
   0.12800973491476   -0.12601459149688   -1.84426912449000
   0.11952198925578   -0.11765913476027   -1.85258041209344
   0.11893308644743   -0.11707941051605   -1.85336080803652
   0.10973682512212   -0.10802648094800   -1.86304470193371
   0.10747107199629   -0.10579604156170   -1.86545746998806
   0.10055796233840   -0.09899067875010   -1.87420569061691
   0.09711273984856   -0.09559915305901   -1.87837271534001
   0.09135963957878   -0.08993571987699   -1.88413777483987
   0.08494029900274   -0.08361643032524   -1.89113544986002
   0.08189378988252   -0.08061740370800   -1.89484656671847
   0.07298395216345   -0.07184643358436   -1.90341032255940
   0.07239765930194   -0.07126927860869   -1.90419698089073
   0.06366376015053   -0.06267150489661   -1.91449004721889
   0.06139971668891   -0.06044274852791   -1.91696159151034
   0.05441195632477   -0.05356389850645   -1.92493095683008
   0.05024810562343   -0.04946494505160   -1.92947512874559
   0.04515148090389   -0.04444775567555   -1.93524953382510
   0.03834270069115   -0.03774509624366   -1.94275441709283
   0.03601039275891   -0.03544913936567   -1.94509400987567
   0.02683127158838   -0.02641308280814   -1.95468864834815
   0.02579845073677   -0.02539635937072   -1.95569627605028
   0.01778436918094   -0.01750718426890   -1.96413853983162
   0.01376249856616   -0.01354799801707   -1.96875892908347
   0.00838718182157   -0.00825646027436   -1.97562105253697
   0.00279135081311   -0.00274784517500   -1.98166743721455
  -0.00064544964119    0.00063538974532   -1.98490123696382
  -0.00941200327463    0.00926530899084   -1.99422211570632
  -0.01000580482069    0.00984985562165   -1.99499821545297
  -0.01901098073774    0.01871467801427   -2.00507556360458
  -0.02131010094326    0.02097796442521   -2.00749661669334
  -0.02819597883766    0.02775651990412   -2.01475856611973
  -0.03291738328462    0.03240433714295   -2.02021962896162
  -0.03762795401560    0.03704148951872   -2.02561588005713
  -0.04443370746024    0.04374116935734   -2.03311792991189
  -0.04684186452804    0.04611179319592   -2.03608389512230
  -0.05541459394119    0.05455090914074   -2.04585627293188
  -0.05601746466584    0.05514438359909   -2.04661389950991
  -0.06497278293855    0.06396012542224   -2.05591517505748
  -0.06787833628023    0.06682039317976   -2.05914257902263
  -0.07416938560759    0.07301339101389   -2.06559965186153
  -0.07937634092025    0.07813919138449   -2.07188755616951
  -0.08348149484281    0.08218036290107   -2.07748522416492
  -0.08981293021281    0.08841311732613   -2.08477416786794
  -0.09266255582463    0.09121832903625   -2.08798705285096
  -0.10116673533334    0.09958996348671   -2.09790063195066
  -0.10175370024763    0.10016778004063   -2.09868652734807
  -0.11100746896923    0.10927732070202   -2.10982377761740
  -0.11159255945279    0.10985329203985   -2.11061516548280
  -0.12008144610622    0.11820987198752   -2.12126338625401
  -0.12183054153169    0.11993170623455   -2.12369438784507
  -0.12930385029016    0.12728853695493   -2.13198645889873
  -0.13332379567300    0.13124582798124   -2.13670110943955
  -0.13858828568346    0.13642826632118   -2.14370094420863
  -0.14311435059478    0.14088378856148   -2.14952452166116
  -0.14773390586317    0.14543134403007   -2.15517768656116
  -0.15406552203952    0.15166427644344   -2.16243878741005
  -0.15707994857606    0.15463172051207   -2.16622711473669
  -0.16552298594748    0.16294316577879   -2.17536365684338
  -0.16610610112116    0.16351719259368   -2.17615728613194
  -0.17497244814482    0.17224534986234   -2.18787164449550
  -0.17556627171835    0.17282991817732   -2.18864780688898
  -0.18457878309287    0.18170196169790   -2.19937800489719
  -0.18623439185101    0.18333176634888   -2.20117756752354
  -0.19385504521551    0.19083364518104   -2.21062083972650
  -0.19665140344780    0.19358641973021   -2.21390269907536
  -0.20295550805701    0.19979226936823   -2.22213652877485
  -0.20661153184758    0.20339131083784   -2.22659051713966
  -0.21246067350974    0.20914928852333   -2.23367226449361
  -0.21740121944600    0.21401283174013   -2.23970923901212
  -0.22127189155714    0.21782317604893   -2.24394630370591
  -0.22824956366826    0.22469209505160   -2.25279895981569
  -0.23063109628565    0.22703650940505   -2.25582136403984
  -0.23865241913986    0.23493281294331   -2.26557307686565
  -0.23985489581201    0.23611654796726   -2.26709575438288
  -0.24912231126458    0.24523952266340   -2.27750583360386
  -0.24968518212577    0.24579362069107   -2.27825612956600
  -0.25803256230838    0.25401089966975   -2.28913409493072
  -0.25985733423003    0.25580723092872   -2.29153633716231
  -0.26742824544399    0.26326014288516   -2.30019911085818
  -0.27038152951828    0.26616739745017   -2.30407860386480
  -0.27652440820724    0.27221453401458   -2.31171192888208
  -0.28120530077584    0.27682247078803   -2.31717817395112
  -0.28590390682315    0.28144784496016   -2.32344566705146
  -0.29188838650304    0.28733905130228   -2.33037844293826
  -0.29479366230377    0.29019904584456   -2.33373715685436
  -0.30245218027552    0.29773819913102   -2.34314617030267
  -0.30418671288241    0.29944569753371   -2.34541621247709
  -0.31269834788940    0.30782467128200   -2.35614799949922
  -0.31329960546023    0.30841655772894   -2.35690937317864
  -0.32241304639341    0.31738795773293   -2.36742323194847
  -0.32362596690720    0.31858197382215   -2.36902300954926
  -0.33170259064786    0.32653271633427   -2.37869464650952
  -0.33448468168251    0.32927144605254   -2.38195141232427
  -0.34080821190150    0.33549641853525   -2.39082874184119
  -0.34426407829179    0.33889842223232   -2.39497074296919
  -0.35004790446709    0.34459210242980   -2.40146428220449
  -0.35537504706399    0.34983621686096   -2.40755483702888
  -0.35952877897393    0.35392520923460   -2.41297778368920
  -0.36622162511680    0.36051374153026   -2.42064380772633
  -0.36840473025114    0.36266282106614   -2.42310922478880
  -0.37691671574941    0.37104213984299   -2.43375756275558
  -0.37757219840545    0.37168740622988   -2.43463873340641
  -0.38684285237088    0.38081356896384   -2.44571942052218
  -0.38743673116956    0.38139819164322   -2.44649568227021
  -0.39593119863116    0.38976026541730   -2.45629587458565
  -0.39825729562528    0.39205010816005   -2.45953447337914
  -0.40519256746811    0.39887728773960   -2.46844305160817
  -0.40868612495118    0.40231639508088   -2.47245787414019
  -0.41459080276516    0.40812904333881   -2.47936175499443
  -0.41910616444733    0.41257402916912   -2.48505574708103
  -0.42364695156764    0.41704404415995   -2.49169228720963
  -0.42842655094212    0.42174914930758   -2.49791273286939
  -0.43311980932554    0.42636925916382   -2.50336345883624
  -0.44019444356870    0.43333362905909   -2.51118460630189
  -0.44193431220120    0.43504638032078   -2.51292329221322
  -0.45110661360847    0.44407572340701   -2.52339572833716
  -0.45168664714204    0.44464671661184   -2.52419456488349
  -0.46045613408736    0.45327952345100   -2.53610960698417
  -0.46105910633316    0.45387309784821   -2.53686742239745
  -0.46959513581680    0.46227608586394   -2.54658598800306
  -0.47193016504674    0.46457472162583   -2.54980409830205
  -0.47886689904006    0.47140334056697   -2.55866584697392
  -0.48233203878026    0.47481447308070   -2.56269299163541
  -0.48818387229873    0.48057510066756   -2.56975056151517
  -0.49316879059912    0.48548232466649   -2.57564053260259
  -0.49718889584707    0.48943977306626   -2.58064965773193
  -0.50373211368820    0.49588100914783   -2.58831069948282
  -0.50682425658466    0.49892495829910   -2.59279074074267
  -0.51386790176836    0.50585882212644   -2.60146712413358
  -0.51554339002512    0.50750819643672   -2.60323340335159
  -0.52470950244119    0.51653144699258   -2.61382453304912
  -0.52529260904250    0.51710546536870   -2.61461750824697
  -0.53414043891719    0.52581539409431   -2.62559857982369
  -0.53578243629708    0.52743179951226   -2.62727020569805
  -0.54319228139311    0.53472615570676   -2.63617281323599
  -0.54657983213891    0.53806090851826   -2.64035036822453
  -0.55237858815209    0.54376928585907   -2.64764905678973
  -0.55704405908035    0.54836204135190   -2.65310352959290
  -0.56177610360174    0.55302033283032   -2.65934199369805
  -0.56691084619826    0.55807504598298   -2.66583410727526
  -0.57089061580103    0.56199278740381   -2.67083308640727
  -0.57783597167072    0.56882989384186   -2.67874830304757
  -0.58023703538051    0.57119353487861   -2.68186831990697
  -0.58919255817271    0.58000947803364   -2.69105768550928
  -0.58976756571519    0.58057552358183   -2.69186479074243
  -0.59844828551645    0.58912094679034   -2.70398329194048
  -0.59905131929097    0.58971458175728   -2.70474119028046
  -0.60781653572196    0.59834318464180   -2.71498792354269
  -0.60961470803906    0.60011333087429   -2.71727821987051
  -0.61685166860575    0.60723749709569   -2.72574124546962
  -0.62086336293004    0.61118666566340   -2.73059079917612
  -0.62603852138659    0.61628116475964   -2.73704797697941
  -0.63077372604892    0.62094256712545   -2.74329892641482
  -0.63537356163950    0.62547071026460   -2.74893798726066
  -0.64151978903836    0.63152114334636   -2.75643687242067
  -0.64435403029278    0.63431121047771   -2.75985384970351
  -0.65214035209448    0.64197617565991   -2.76901338874559
  -0.65393040479522    0.64373832882734   -2.77129586394966
  -0.66283061277448    0.65249981929907   -2.78146840675085
  -0.66342461235669    0.65308456087947   -2.78224483180793
  -0.67199724245672    0.66152357905905   -2.79276050029988
  -0.67378383234535    0.66328232338532   -2.79515494655606
  -0.68134183225951    0.67072252527583   -2.80466644347863
  -0.68368649127476    0.67303064073441   -2.80786482997771
  -0.69059063858293    0.67982718088234   -2.81591978362173
  -0.69456825594095    0.68374280360304   -2.82081058100872
  -0.69968015582543    0.68877503006725   -2.82743034074019
  -0.70495947251306    0.69397206399766   -2.83369850653504
  -0.70897647156351    0.69792645461274   -2.83853909748822
  -0.71527080051445    0.70412268095464   -2.84664138836743
  -0.71808183865144    0.70688990660940   -2.85003213542494
  -0.72621542627589    0.71489672517349   -2.85957044445279
  -0.72741830453475    0.71608085552507   -2.86109368575552
  -0.73667273031963    0.72519104300883   -2.87150001126174
  -0.73727388968649    0.72578283278240   -2.87226102840392
  -0.74560662175324    0.73398569194888   -2.88236221603354
  -0.74847771820494    0.73681203985710   -2.88572859984938
  -0.75499839305759    0.74323108430234   -2.89341362141274
  -0.75854620733413    0.74672360279762   -2.89810356486638
  -0.76415350672865    0.75224350753823   -2.90557054519243
  -0.76820762988013    0.75623444364283   -2.91120115032576
  -0.77328154025348    0.76122927269561   -2.91703807524913
  -0.77961493947696    0.76746396036576   -2.92429845228647
  -0.78258515314330    0.77038788066035   -2.92814583618034
  -0.79033709677394    0.77801900348529   -2.93743570581605
  -0.79157430783472    0.77923693153212   -2.93907167560176
  -0.80008688307995    0.78761683086421   -2.94954911008418
  -0.80127504662505    0.78878647584369   -2.95110215688493
  -0.81001924460500    0.79739438786808   -2.96066787871043
  -0.81177287010493    0.79912068158440   -2.96307731442644
  -0.81936514180107    0.80659462110126   -2.97338229488539
  -0.82158451139390    0.80877939988240   -2.97597354233786
  -0.82851908000226    0.81560588718802   -2.98402141144523
  -0.83262046781472    0.81964335129261   -2.98870085943838
  -0.83780549177040    0.82474756212557   -2.99514178547808
  -0.84294611179342    0.82980806109991   -3.00163858236480
  -0.84686144065234    0.83366236614212   -3.00666899735860
  -0.85369274708903    0.84038720070710   -3.01491223198023
  -0.85594137444866    0.84260078124721   -3.01738556413955
  -0.86408330600009    0.85061581369090   -3.02767507822523
  -0.86535200145070    0.85186473541587   -3.02920735013863
  -0.87443614503008    0.86080729469088   -3.03978527857800
  -0.87501132136607    0.86137350640179   -3.04059258430904
  -0.88373210439570    0.86995836841828   -3.05102960162921
  -0.88600062880013    0.87219153589039   -3.05347732824423
  -0.89303571751809    0.87911697661198   -3.06213159719318
  -0.89601151653731    0.88204639520685   -3.06600750152727
  -0.90218890350088    0.88812750220430   -3.07349296871679
  -0.90673857629731    0.89260626438023   -3.07928713369236
  -0.91142341834324    0.89721808907495   -3.08476131425460
  -0.91764785131658    0.90334550882906   -3.09222147225559
  -0.92056666915712    0.90621883434665   -3.09541115592850
  -0.92895223221698    0.91447370108912   -3.10461023750838
  -0.93003777769094    0.91554232738963   -3.10629901316145
  -0.93824293336970    0.92361959855745   -3.11838856998389
  -0.93886657249011    0.92423351771800   -3.11908712589637
  -0.94849310987137    0.93371001711421   -3.12960703993377
  -0.94906834037560    0.93427628214909   -3.13041440628721
  -0.95719621873200    0.94227748042905   -3.14010439448603
  -0.96020583166153    0.94524018591494   -3.14390054404244
  -0.96675681878221    0.95168907018505   -3.15241660088451
  -0.97010782387420    0.95498784693865   -3.15661115956555
  -0.97599337869781    0.96078167025469   -3.16366025979331
  -0.98102623075387    0.96573608091987   -3.16954384045084
  -0.98504866614863    0.96969582314909   -3.17438744741285
  -0.99178022870486    0.97632246842904   -3.18269603141164
  -0.99415092641488    0.97865621674661   -3.18588167589104
  -1.00184720848978    0.98623254554972   -3.19521143609484
  -1.00361303323122    0.98797084837173   -3.19755621220890
  -1.01239046671064    0.99661147789133   -3.20717159887856
  -1.01359708207820    0.99779928710551   -3.20868803280413
  -1.02198175419297    1.00605327678905   -3.21943587442503
  -1.02359468328823    1.00764106697694   -3.22122148929120
  -1.03080483701975    1.01473884417109   -3.22892704096338
  -1.03492574899565    1.01879552813800   -3.23437503173118
  -1.04017938894354    1.02396728552306   -3.24159077118604
  -1.04487546581747    1.02859016994119   -3.24706663004583
  -1.04950567434228    1.03314821262590   -3.25267414818218
  -1.05534880120068    1.03890026925359   -3.25981110793823
  -1.05870274927399    1.04220194311958   -3.26399106328514
  -1.06656747659336    1.04994409180104   -3.27313556171286
  -1.06773975841527    1.05109810258784   -3.27473888783000
  -1.07638407025360    1.05960768528329   -3.28606028420444
  -1.07698576723650    1.06020000429367   -3.28682219636401
  -1.08624123759242    1.06931122006793   -3.29726824910761
  -1.08746317922058    1.07051411666956   -3.29872719313605
  -1.09580684552183    1.07872773965096   -3.30874775085319
  -1.09849479745371    1.08137379750652   -3.31151014522450
  -1.10444376546249    1.08723004565790   -3.31936967032222
  -1.10815427646409    1.09088272510781   -3.32459657028400
  -1.11383543650550    1.09647533931269   -3.33120996599198
  -1.11964238078411    1.10219177729767   -3.33753822627502
  -1.12326378693341    1.10575674067215   -3.34293859582641
  -1.12942369864132    1.11182064478106   -3.35045906452065
  -1.13220253987785    1.11455617535215   -3.35386241176514
  -1.14068061046809    1.12290210781440   -3.36383052983883
  -1.14128236547859    1.12349448394798   -3.36459250518597
  -1.15059211199433    1.13265912994074   -3.37570119654212
  -1.15118647077799    1.13324422512413   -3.37647802824085
  -1.15963131253637    1.14155744665487   -3.38639834262145
  -1.16204384865362    1.14393238129159   -3.38956729966307
  -1.16912530926463    1.15090347115982   -3.39810876853823
  -1.17201836709539    1.15375143815984   -3.40212890253661
  -1.17811925904728    1.15975724238712   -3.40900989897183
  -1.18379834496669    1.16534781479700   -3.41547356363160
  -1.18742558862792    1.16891852470070   -3.42090561831154
  -1.19274353003770    1.17415358135326   -3.42795908736626
  -1.19664935639074    1.17799853199442   -3.43219978896665
  -1.20451379815227    1.18574039956872   -3.44131842345790
  -1.20574894471392    1.18695629529344   -3.44292914898352
  -1.21503725611255    1.19609984025409   -3.45323617688034
  -1.21563167642266    1.19668499600498   -3.45401307530735
  -1.22422263098837    1.20514205304746   -3.46453983239512
  -1.22597212611125    1.20686428076226   -3.46694872351903
  -1.23335114773812    1.21412829389827   -3.47604874154522
  -1.23636295021859    1.21709315480903   -3.47984622915583
  -1.24287602572657    1.22350471835201   -3.48844760718107
  -1.24615150423268    1.22672914566747   -3.49276380043111
  -1.25192892183650    1.23241651717665   -3.49920201825171
  -1.25731211843561    1.23771581195948   -3.50532905498904
  -1.26138282159469    1.24172306965779   -3.51088404427806
  -1.26853427283265    1.24876305928796   -3.51865717314316
  -1.27030041990134    1.25050167941347   -3.52105346037995
  -1.27803008157599    1.25811086756615   -3.53117658484349
  -1.27964836739463    1.25970393098821   -3.53294271566970
  -1.28870858947718    1.26862294160381   -3.54370187600399
  -1.28931215669321    1.26921710169811   -3.54446037528408
  -1.29822535149948    1.27799137658581   -3.55527672776640
  -1.29943250688584    1.27917971740214   -3.55679374828226
  -1.30714277423490    1.28676981350670   -3.56627998796592
  -1.31014276674367    1.28972304851448   -3.57011239290083
  -1.31673415402181    1.29621170327035   -3.57863359937096
  -1.32004153813806    1.29946753891918   -3.58285347097249
  -1.32556425097531    1.30490417545783   -3.58889435243040
  -1.33097909160114    1.31023462106761   -3.59579990061214
  -1.33488731537637    1.31408193176505   -3.60081584742834
  -1.34217181000563    1.32125289118918   -3.60926300346607
  -1.34400203386036    1.32305458940810   -3.61149264167200
  -1.35285059439125    1.33176523740201   -3.62165130320659
  -1.35342619803609    1.33233186976179   -3.62245907784008
  -1.36248902871391    1.34125344831541   -3.63400028632125
  -1.36309474762747    1.34184972657116   -3.63473571348169
  -1.37184516106706    1.35046375718183   -3.64507915173059
  -1.37399225484641    1.35257738663110   -3.64771800134320
  -1.38061200957771    1.35909396670863   -3.65642191199570
  -1.38430637246971    1.36273074973131   -3.66075515441324
  -1.39029074103037    1.36862184668609   -3.66763874187639
  -1.39532198710807    1.37357467640349   -3.67352590356019
  -1.39922958086788    1.37742136690485   -3.67776789615652
  -1.40580663625969    1.38389591314935   -3.68628209692823
  -1.40854101080175    1.38658767007820   -3.68971576642070
  -1.41646084307039    1.39438406485020   -3.69970928036338
  -1.41762554419336    1.39553061308988   -3.70121665371010
  -1.42662933117813    1.40439406819793   -3.71215518909629
  -1.42722131967764    1.40497683004012   -3.71293251727206
  -1.43609735378263    1.41371452340849   -3.72298444679812
  -1.43789939774980    1.41548848094800   -3.72526546104884
  -1.44538353289600    1.42285596931741   -3.73576795122661
  -1.44712978234818    1.42457500194813   -3.73816041673867
  -1.45445055656252    1.43178167550835   -3.74647404712588
  -1.45837821063437    1.43564811366429   -3.75150407017343
  -1.46369510186381    1.44088213650448   -3.75856905088061
  -1.46826755353623    1.44538332252774   -3.76424920095855
  -1.47265904866584    1.44970637237380   -3.77008036817186
  -1.47615284703037    1.45314571684219   -3.77719772958330
  -1.48076183140735    1.45768286617592   -3.79011992184958
  -1.48192785247002    1.45883071378288   -3.79407771917891
  -1.48408790259838    1.46095709764517   -3.80293822868203
  -1.48549051818579    1.46233785224475   -3.81575805457978
  -1.48605838499752    1.46289686835670   -3.82866049500713
  -1.48607943805112    1.46291759328009   -3.84159626998236
  -1.48666169937589    1.46349077955405   -3.85451582024039
  -1.48724400630998    1.46406401072646   -3.86743545541837
  -1.48752494216826    1.46434056795424   -3.88033846356172
  -1.48783327482674    1.46464409497920   -3.89327433919874
  -1.48811463145277    1.46492106641671   -3.90617819310284
  -1.48812180155839    1.46492812476997   -3.91909786425660
  -1.48808957735146    1.46489640280542   -3.93203687958368
  -1.48631982940798    1.46315423792790   -3.94495208792150
  -1.48263309412413    1.45952496363043   -3.95770494105599
  -1.48217334671523    1.45907238178607   -3.95859266918250
  -1.47607800718947    1.45307204344551   -3.97093637800155
  -1.47314954862543    1.45018922746352   -3.97571350445174
  -1.46728346580574    1.44441457266322   -3.98363776477166
  -1.46397683434849    1.44115947794255   -3.98787551285595
  -1.45795108532605    1.43522764547660   -3.99633401810426
  -1.45437850319731    1.43171074515771   -4.00097815687234
  -1.44758656930393    1.42502466948059   -4.00926737225414
  -1.44543006357610    1.42290177477626   -4.01189062683445
  -1.43795432911279    1.41554255615776   -4.02238525713910
  -1.43637288368155    1.41398575893351   -4.02420124820502
  -1.42781285377874    1.40555914456608   -4.03566663655418
  -1.42720963821201    1.40496533064031   -4.03642468251817
  -1.41796990044513    1.39586960224898   -4.04761101527774
  -1.41739484540428    1.39530350994272   -4.04841830918456
  -1.40891274978949    1.38695361518943   -4.05992189376865
  -1.40776264077653    1.38582143162901   -4.06153649253916
  -1.39946071479028    1.37764889840338   -4.07169344846238
  -1.39769805760260    1.37591371376604   -4.07404891136000
  -1.39092208287582    1.36924334851798   -4.08229530020281
  -1.38709115443919    1.36547212844384   -4.08752943921131
  -1.38105900175629    1.35953399212406   -4.09511015958206
  -1.37756250942158    1.35609199567337   -4.09987195290415
  -1.37183536936841    1.35045411809534   -4.10717404047297
  -1.36685716728085    1.34555350563122   -4.11317063831610
  -1.36265173926694    1.34141362288249   -4.11851410070320
  -1.35801733188930    1.33685144678774   -4.12571475054955
  -1.35356063540884    1.33246421181077   -4.13156752598171
  -1.34699210560238    1.32599805827294   -4.13929903000011
  -1.34469255851811    1.32373435163652   -4.14252932977949
  -1.33742140444625    1.31657652484557   -4.15173147359661
  -1.33518175443671    1.31437178173571   -4.15425289314190
  -1.32809549974926    1.30739597251092   -4.16444667749988
  -1.32570063734870    1.30503843613059   -4.16751723116148
  -1.31709544219949    1.29656736045653   -4.17725329568845
  -1.31652055722220    1.29600143556325   -4.17806089421649
  -1.30755310354300    1.28717374747449   -4.18969268730397
  -1.30697804735642    1.28660765404037   -4.19050005362596
  -1.29835219929261    1.27811624734541   -4.20261059820112
  -1.29777714235711    1.27755015317403   -4.20341797134939
  -1.28917813056661    1.26908516448564   -4.21321812368287
  -1.28684989647226    1.26679321795123   -4.21633449993096
  -1.27980544616131    1.25985856154526   -4.22662903163941
  -1.27851614050725    1.25858935084484   -4.22883927369950
  -1.27076789017978    1.25096186375972   -4.23740360000652
  -1.26729713427929    1.24754520261847   -4.24216991055369
  -1.26169029081345    1.24202574670049   -4.24963793926307
  -1.25708942617899    1.23749659055599   -4.25528924896282
  -1.25234517781314    1.23282628544068   -4.26235442865021
  -1.24727403567196    1.22783418147477   -4.26819822351183
  -1.24330901769967    1.22393096176738   -4.27313615713494
  -1.23736096660994    1.21807561624406   -4.28091313952010
  -1.23381502799904    1.21458494418054   -4.28560729637399
  -1.22758000917653    1.20844710356696   -4.29382992157419
  -1.22475778584338    1.20566886704708   -4.29714502067702
  -1.21769532125292    1.19871647712986   -4.30655808110546
  -1.21553882264772    1.19659358943715   -4.30918184584313
  -1.20697438251073    1.18816263357289   -4.31968067425359
  -1.20643450178175    1.18763116735615   -4.32052745938534
  -1.19835434098549    1.17967694291652   -4.33277932760453
  -1.19733119478411    1.17866974334147   -4.33380058665812
  -1.18836568930992    1.16984397309326   -4.34531392030043
  -1.18779061754816    1.16927786432670   -4.34612137535950
  -1.17834247094168    1.15997697532938   -4.35701451822611
  -1.17772535980915    1.15936948241234   -4.35782841624360
  -1.16955119533145    1.15132271942066   -4.36582574082402
  -1.16372119502086    1.14558358475208   -4.37145714723464
  -1.16021874067262    1.14213571921104   -4.37456741268958
  -1.15132540768813    1.13338099658130   -4.38035445619213
  -1.14522307800701    1.12737377703305   -4.38433901682262
  -1.14169524913717    1.12390093245447   -4.38646809123017
  -1.13272828455501    1.11507372583975   -4.39193698268554
  -1.12401593532731    1.10649716617702   -4.39754132003884
  -1.12337810820318    1.10586928014518   -4.39811466326117
  -1.11407753850093    1.09671366793726   -4.40340894867487
  -1.10511423436802    1.08789006472050   -4.40969749302845
  -1.10393192784872    1.08672618547997   -4.41051792458115
  -1.09589822202947    1.07881769197600   -4.41542791817895
  -1.08646018333393    1.06952675334901   -4.42116321794239
  -1.08363799699473    1.06674855324650   -4.42288771699267
  -1.07736689961162    1.06057519638816   -4.42708457147207
  -1.06815404654783    1.05150593367836   -4.43277424121918
  -1.06404680561132    1.04746270767576   -4.43575854874548
  -1.05884302708301    1.04234003457654   -4.43890053553562
  -1.04963712214886    1.03327761170372   -4.44454112108989
  -1.04388207497605    1.02761226196286   -4.44855223458266
  -1.04043009615472    1.02421408524360   -4.45097369048480
  -1.03122535284980    1.01515280589499   -4.45586528529119
  -1.02248655785109    1.00655021264167   -4.46172581821950
  -1.02182666086260    1.00590060072356   -4.46233546317480
  -1.01281386495723    0.99702827710679   -4.46797173762854
  -1.00387091595033    0.98822471176364   -4.47408612427641
  -1.00212131469643    0.98650237957195   -4.47532368954801
  -0.99449690384995    0.97899680182145   -4.47962481457001
  -0.98519785093944    0.96984268276477   -4.48570250144071
  -0.98289597440812    0.96757668298777   -4.48729261582128
  -0.97599198459113    0.96078029787638   -4.49213584087711
  -0.96689230503102    0.95182244476245   -4.49734097630221
  -0.96280979578202    0.94780356498242   -4.50044178485866
  -0.95748318370475    0.94255997280230   -4.50393649114477
  -0.94863382536376    0.93384853943286   -4.50900245032127
  -0.94151620095038    0.92684184940669   -4.51334669146158
  -0.93907285174283    0.92443658192857   -4.51523757301645
  -0.92985823299429    0.91536558105375   -4.52087762676627
  -0.92139183690743    0.90703114113754   -4.52619697327415
  -0.92075894791440    0.90640811627172   -4.52684293510879
  -0.91145521547242    0.89724939061813   -4.53218715917483
  -0.90286575676908    0.88879380612371   -4.53878984237982
  -0.90223286206568    0.88817077563651   -4.53943581573703
  -0.89324693920094    0.87932490622059   -4.54415627630853
  -0.88393222142102    0.87015536644514   -4.54949164415732
  -0.88048458900661    0.86676146839026   -4.55186545397588
  -0.87473117899797    0.86109773029694   -4.55590192089602
  -0.86533117944235    0.85184423793669   -4.56169933221777
  -0.86137393559475    0.84794867118747   -4.56445169383300
  -0.85621165663079    0.84286685084569   -4.56769405929772
  -0.84700669777313    0.83380535930393   -4.57334542111673
  -0.83988895181221    0.82679854962464   -4.57813322992685
  -0.83819315249192    0.82512918081648   -4.57980720378837
  -0.82984688803080    0.81691300016980   -4.58854096575144
  -0.82782983114735    0.81492738087793   -4.59225936865162
  -0.82414640066469    0.81130135987345   -4.60331169357801
      
      
