# shadow point cont 2D ind 122  size 1204
# norm  0.5750053 -0.8181497  0.0000000
# angle  0.9581858
   2.48673997  -4.60397704
   2.49050833  -4.59110446
   2.49354106  -4.58847885
   2.50604764  -4.57919978
   2.50859862  -4.57747706
   2.51920725  -4.57122750
   2.52884385  -4.56477301
   2.53209967  -4.56239025
   2.54487005  -4.55485438
   2.54893370  -4.55170347
   2.55812183  -4.54490651
   2.56892655  -4.53867741
   2.57050482  -4.53782804
   2.58378166  -4.52846510
   2.58699678  -4.52606982
   2.59686884  -4.51908699
   2.60691693  -4.51291172
   2.60929495  -4.51124662
   2.62252715  -4.50264635
   2.62506066  -4.50043637
   2.63562112  -4.49326291
   2.64559381  -4.48694602
   2.64799924  -4.48531104
   2.66145918  -4.47631387
   2.66378399  -4.47458574
   2.67398424  -4.46772821
   2.68293520  -4.46133422
   2.68709508  -4.45829277
   2.70001006  -4.44948132
   2.70087613  -4.44870030
   2.71292668  -4.44054599
   2.72084831  -4.43549115
   2.72565423  -4.43220945
   2.73857508  -4.42331816
   2.74015811  -4.42243030
   2.75149900  -4.41523084
   2.75892436  -4.40986138
   2.76478286  -4.40531743
   2.77707711  -4.39820010
   2.77886125  -4.39647102
   2.79043174  -4.38888198
   2.79761863  -4.38398944
   2.80315171  -4.37980668
   2.81593456  -4.37153385
   2.81676124  -4.37075288
   2.82900019  -4.36278629
   2.83627493  -4.35801527
   2.84190876  -4.35395661
   2.85397735  -4.34506096
   2.85482381  -4.34430306
   2.86810359  -4.33593789
   2.87263678  -4.33229586
   2.88039979  -4.32630956
   2.88968873  -4.31942212
   2.89393403  -4.31657196
   2.90650742  -4.30806086
   2.90887020  -4.30629338
   2.91924896  -4.29887450
   2.92745919  -4.29334764
   2.93251853  -4.28965274
   2.94458840  -4.28073031
   2.94544394  -4.27998782
   2.95799407  -4.27142618
   2.96366359  -4.26735414
   2.97127329  -4.26141598
   2.98150413  -4.25465476
   2.98381256  -4.25290771
   2.99680123  -4.24400647
   3.00001341  -4.24157486
   3.00984322  -4.23451841
   3.01795563  -4.22892961
   3.02295114  -4.22511160
   3.03548982  -4.21653276
   3.03634542  -4.21579028
   3.04896117  -4.20683291
   3.05358260  -4.20325586
   3.06132822  -4.19798536
   3.07220117  -4.19041132
   3.07480888  -4.18826984
   3.08707687  -4.18013653
   3.09120581  -4.17690387
   3.10027565  -4.17075052
   3.10922084  -4.16440527
   3.11338193  -4.16136403
   3.12593043  -4.15273653
   3.12766158  -4.15130712
   3.13903714  -4.14334131
   3.14483903  -4.13871538
   3.15196182  -4.13368017
   3.16449386  -4.12596560
   3.16530961  -4.12516858
   3.17783576  -4.11438261
   3.18088527  -4.11247266
   3.19042030  -4.10659731
   3.20029513  -4.09955857
   3.20363180  -4.09731635
   3.21660303  -4.08775343
   3.21742151  -4.08694446
   3.22929358  -4.07855247
   3.23577810  -4.07368774
   3.24239553  -4.06909165
   3.25400522  -4.06144762
   3.25571672  -4.05996271
   3.26790512  -4.05098745
   3.27212799  -4.04783355
   3.28132320  -4.04193573
   3.29078610  -4.03515856
   3.29391647  -4.03262296
   3.30726396  -4.02339715
   3.30872980  -4.02245815
   3.31993981  -4.01425967
   3.32573763  -4.00961147
   3.33286154  -4.00457629
   3.34476074  -3.99625148
   3.34560124  -3.99548406
   3.35886686  -3.98626937
   3.36222413  -3.98396392
   3.37163668  -3.97715176
   3.37973428  -3.97072601
   3.38473127  -3.96690814
   3.39631419  -3.95742265
   3.39712166  -3.95661538
   3.40976859  -3.94499423
   3.41051143  -3.94413829
   3.41744304  -3.93188666
   3.41967488  -3.91899199
   3.41965948  -3.90605875
   3.41964416  -3.89312564
   3.41922477  -3.88019187
   3.41920960  -3.86725905
   3.41913578  -3.85432596
   3.41837110  -3.84139330
   3.41841489  -3.82846936
   3.41909011  -3.81552762
   3.41832654  -3.80259644
   3.41825168  -3.78966225
   3.41795415  -3.77671766
   3.41775135  -3.76375203
   3.41688955  -3.75095479
   3.41385941  -3.73802904
   3.41023199  -3.73056320
   3.40601495  -3.72496714
   3.39666144  -3.71652845
   3.39135560  -3.71213336
   3.38408624  -3.70564899
   3.37677833  -3.69920676
   3.37112478  -3.69434647
   3.36137133  -3.68631426
   3.35820631  -3.68379293
   3.34689813  -3.67325523
   3.34524379  -3.67168072
   3.33246327  -3.66095437
   3.33160553  -3.66021021
   3.31939034  -3.65060791
   3.31608103  -3.64745963
   3.30656248  -3.63993203
   3.29987038  -3.63456538
   3.29313376  -3.62828803
   3.28544002  -3.62145251
   3.28073299  -3.61806334
   3.27010242  -3.60847260
   3.26755670  -3.60619430
   3.25483474  -3.59623143
   3.25400058  -3.59545137
   3.24177164  -3.58499950
   3.23922970  -3.58275207
   3.22872608  -3.57384517
   3.22325917  -3.56958026
   3.21579811  -3.56250181
   3.20860530  -3.55673222
   3.20284501  -3.55200352
   3.19439973  -3.54436170
   3.18952766  -3.54034177
   3.17717863  -3.53153645
   3.17634458  -3.53075647
   3.16436961  -3.51852476
   3.16355575  -3.51772142
   3.15141014  -3.50865438
   3.14712374  -3.50498620
   3.13794639  -3.49723519
   3.13229298  -3.49236540
   3.12518861  -3.48651258
   3.11626864  -3.47926199
   3.11228297  -3.47595886
   3.10179327  -3.46623228
   3.09927487  -3.46392362
   3.08673161  -3.45387101
   3.08591328  -3.45307342
   3.07348899  -3.44359293
   3.07017529  -3.44044395
   3.06046262  -3.43237757
   3.05468632  -3.42762515
   3.04760948  -3.42095570
   3.04037045  -3.41442354
   3.03461303  -3.40969621
   3.02551426  -3.40186514
   3.02148631  -3.39859616
   3.00918499  -3.38900394
   3.00835599  -3.38821722
   2.99610481  -3.37686705
   2.99435104  -3.37546797
   2.98251407  -3.36638579
   2.97864446  -3.36299581
   2.97013455  -3.35609194
   2.96339625  -3.34994441
   2.95680951  -3.34440789
   2.94806121  -3.33697230
   2.94403628  -3.33371758
   2.93197044  -3.32395056
   2.93114833  -3.32315665
   2.91836860  -3.31163835
   2.91752287  -3.31087566
   2.90518824  -3.30062990
   2.90198096  -3.29816349
   2.89245844  -3.29063903
   2.88646415  -3.28540507
   2.87918742  -3.27893887
   2.87126414  -3.27229094
   2.86663318  -3.26879453
   2.85518482  -3.25923767
   2.85351031  -3.25770520
   2.84077865  -3.24696626
   2.83994507  -3.24618664
   2.82785357  -3.23561157
   2.82530973  -3.23333466
   2.81468216  -3.22459173
   2.80915639  -3.22038943
   2.80177471  -3.21405751
   2.79506886  -3.20789828
   2.78865162  -3.20295286
   2.77979067  -3.19482686
   2.77567721  -3.19090278
   2.76443251  -3.18189610
   2.76299431  -3.18090381
   2.75036540  -3.16992247
   2.74861601  -3.16849877
   2.73715357  -3.15987371
   2.73306436  -3.15587422
   2.72415858  -3.14780233
   2.71844883  -3.14301526
   2.71121418  -3.13730896
   2.70230272  -3.13006307
   2.69829949  -3.12678633
   2.68704144  -3.11704414
   2.68552587  -3.11605993
   2.67272608  -3.10472152
   2.67191177  -3.10391990
   2.65962462  -3.09425935
   2.65553974  -3.09112298
   2.64622749  -3.08270122
   2.64154333  -3.07850748
   2.63365297  -3.07182794
   2.62562026  -3.06528103
   2.62053433  -3.06072601
   2.61095553  -3.05251097
   2.60776259  -3.05003758
   2.59506307  -3.04008619
   2.59422982  -3.03930680
   2.58192742  -3.02817881
   2.58020824  -3.02670285
   2.56878760  -3.01794341
   2.56339623  -3.01361706
   2.55659887  -3.00748650
   2.54969604  -3.00060276
   2.54311307  -2.99509474
   2.53420499  -2.98785067
   2.53023186  -2.98455280
   2.51828593  -2.97459302
   2.51742932  -2.97384968
   2.50418135  -2.96295365
   2.50334658  -2.96217650
   2.49148113  -2.95221497
   2.48815502  -2.94906251
   2.47868364  -2.94152125
   2.47212518  -2.93596857
   2.46537918  -2.92984894
   2.45694063  -2.92292970
   2.45331199  -2.91974259
   2.44118630  -2.91040754
   2.43957023  -2.90879192
   2.42696396  -2.89789880
   2.42611887  -2.89713656
   2.41359013  -2.88636611
   2.41126148  -2.88459201
   2.40090669  -2.87552728
   2.39538579  -2.87132762
   2.38801334  -2.86500036
   2.38008485  -2.85836648
   2.37522648  -2.85428528
   2.36514373  -2.84591607
   2.36181118  -2.84275379
   2.34968202  -2.83293505
   2.34881409  -2.83220108
   2.33651394  -2.82191739
   2.33397196  -2.81964180
   2.32335200  -2.81090405
   2.31791128  -2.80664991
   2.31051562  -2.79953957
   2.30473176  -2.79399098
   2.29750133  -2.78828752
   2.28795621  -2.78084751
   2.28459822  -2.77777132
   2.27396393  -2.76824087
   2.27162910  -2.76649826
   2.25841392  -2.75634220
   2.25697137  -2.75534872
   2.24610095  -2.74602737
   2.24185673  -2.74212298
   2.23266328  -2.73444852
   2.22625459  -2.72952949
   2.22005052  -2.72442464
   2.21137454  -2.71613949
   2.20717137  -2.71213557
   2.19561818  -2.70362793
   2.19400268  -2.70201273
   2.18158980  -2.69074904
   2.18068654  -2.69008018
   2.16815807  -2.68020720
   2.16566543  -2.67785598
   2.15516030  -2.66897928
   2.14971802  -2.66470601
   2.14245720  -2.65822984
   2.13507846  -2.65187584
   2.12931616  -2.64717418
   2.11892641  -2.63895423
   2.11661021  -2.63723490
   2.10432464  -2.62612670
   2.10349197  -2.62534772
   2.09077293  -2.61459499
   2.08907883  -2.61307830
   2.07781261  -2.60414591
   2.07300358  -2.60009630
   2.06492023  -2.59282242
   2.05898329  -2.58752155
   2.05166570  -2.58188746
   2.04242974  -2.57409768
   2.03907350  -2.57102254
   2.02784435  -2.56129667
   2.02637919  -2.56027082
   2.01342247  -2.54897600
   2.01256857  -2.54822548
   2.00063161  -2.53844627
   1.99716362  -2.53536952
   1.98738680  -2.52742175
   1.98167750  -2.52263668
   1.97449644  -2.51690927
   1.96647736  -2.50961907
   1.96162981  -2.50541029
   1.95012752  -2.49690175
   1.94851253  -2.49528692
   1.93618288  -2.48396505
   1.93529400  -2.48326601
   1.92313206  -2.47383831
   1.91971697  -2.47072746
   1.91021593  -2.46253244
   1.90408111  -2.45718163
   1.89743316  -2.45165909
   1.88906273  -2.44486943
   1.88425385  -2.44075479
   1.87364014  -2.43200740
   1.87116626  -2.42970032
   1.85917647  -2.41885269
   1.85826474  -2.41821194
   1.84496752  -2.40829087
   1.84270833  -2.40650443
   1.83234659  -2.39743770
   1.82747684  -2.39343924
   1.81933532  -2.38629108
   1.81291407  -2.38054635
   1.80662060  -2.37559418
   1.79766353  -2.36748194
   1.79358648  -2.36434098
   1.78219230  -2.35480212
   1.78055077  -2.35321625
   1.76834021  -2.34263928
   1.76659922  -2.34117997
   1.75476588  -2.33128683
   1.75149389  -2.32893741
   1.74163587  -2.32110132
   1.73612800  -2.31609950
   1.72925782  -2.31074749
   1.72076049  -2.30320931
   1.71572454  -2.29859434
   1.70490764  -2.29002209
   1.70321937  -2.28843193
   1.69091829  -2.27734178
   1.69007396  -2.27658007
   1.67746292  -2.26661216
   1.67423063  -2.26408520
   1.66445398  -2.25615002
   1.65939356  -2.25156177
   1.65137095  -2.24506093
   1.64401017  -2.23869610
   1.63827033  -2.23396735
   1.62869279  -2.22575829
   1.62556360  -2.22324975
   1.61408311  -2.21294968
   1.61241869  -2.21139237
   1.60019116  -2.20166130
   1.59757981  -2.19947662
   1.58674801  -2.19021294
   1.58272271  -2.18697482
   1.57394686  -2.17963669
   1.56751628  -2.17388556
   1.56117798  -2.16895684
   1.55222601  -2.16093920
   1.54819381  -2.15768368
   1.53680997  -2.14815178
   1.53537051  -2.14715786
   1.52293780  -2.13591692
   1.52115613  -2.13452552
   1.50991809  -2.12582866
   1.50512760  -2.12158795
   1.49707486  -2.11492146
   1.49012573  -2.10925506
   1.48369145  -2.10358016
   1.47545380  -2.09643943
   1.47055281  -2.09252412
   1.45956499  -2.08336819
   1.45795114  -2.08175370
   1.44593049  -2.07002155
   1.44501140  -2.06939336
   1.43175725  -2.06028832
   1.42862924  -2.05778971
   1.41909361  -2.04951538
   1.41403247  -2.04492677
   1.40601630  -2.03843041
   1.39873395  -2.03198689
   1.39311633  -2.02712364
   1.38352348  -2.01890333
   1.38033498  -2.01643293
   1.36810416  -2.00612476
   1.36727213  -2.00534625
   1.35440667  -1.99479554
   1.35209987  -1.99304862
   1.34150686  -1.98419378
   1.33656096  -1.98036100
   1.32849414  -1.97316607
   1.32102527  -1.96666629
   1.31611510  -1.96276513
   1.30682634  -1.95446144
   1.30285754  -1.95106235
   1.29063704  -1.94135305
   1.28976431  -1.94062686
   1.27672487  -1.92966722
   1.27522325  -1.92871776
   1.26406052  -1.91976101
   1.25937147  -1.91552520
   1.25128619  -1.90824830
   1.24430845  -1.90229967
   1.23856659  -1.89739581
   1.22911015  -1.89009579
   1.22484665  -1.88637152
   1.21290903  -1.87719103
   1.21205953  -1.87643266
   1.19945259  -1.86489904
   1.19861903  -1.86412277
   1.18721307  -1.85459245
   1.18266845  -1.85086163
   1.17361167  -1.84394571
   1.16723598  -1.83825877
   1.16120100  -1.83280126
   1.15116223  -1.82506825
   1.14808498  -1.82266595
   1.13616395  -1.81169318
   1.13525611  -1.81103284
   1.12183563  -1.80053870
   1.12101438  -1.79974723
   1.10985759  -1.79038025
   1.10465711  -1.78611553
   1.09628986  -1.77915211
   1.08911289  -1.77349213
   1.08362185  -1.76857014
   1.07460278  -1.76042584
   1.07057141  -1.75731470
   1.05942323  -1.74758572
   1.05756781  -1.74605946
   1.04477575  -1.73626955
   1.04303668  -1.73481227
   1.03155826  -1.72535800
   1.02753692  -1.72212276
   1.01878391  -1.71480468
   1.01199160  -1.70857781
   1.00667406  -1.70402069
   0.99689568  -1.69619306
   0.99287191  -1.69306010
   0.98140446  -1.68355182
   0.97969392  -1.68206706
   0.96696873  -1.67358800
   0.96032048  -1.67067080
   0.95377589  -1.66861345
   0.94089899  -1.66684327
   0.92797199  -1.66732750
   0.91508510  -1.66805138
   0.90215691  -1.66813221
   0.88931083  -1.66868674
   0.87652024  -1.67071540
   0.87565121  -1.67127123
   0.86360759  -1.67533117
   0.85070843  -1.67959421
   0.83842330  -1.68373813
   0.83753343  -1.68433610
   0.82494087  -1.68849091
   0.81199617  -1.69309794
   0.80228813  -1.69706156
   0.79903035  -1.69866497
   0.78600896  -1.70313708
   0.77312881  -1.70725287
   0.76439608  -1.71009865
   0.76039437  -1.71168064
   0.74750654  -1.71674220
   0.73452738  -1.72197294
   0.73218635  -1.72301719
   0.72169572  -1.72723489
   0.70868361  -1.73173629
   0.69592866  -1.73540351
   0.69509202  -1.73611949
   0.68283785  -1.74054388
   0.66986895  -1.74434771
   0.65718114  -1.74822807
   0.65635852  -1.74883126
   0.64421364  -1.75382946
   0.63115804  -1.75808870
   0.61851930  -1.76136057
   0.61769595  -1.76211309
   0.60533501  -1.76774082
   0.59253592  -1.77208871
   0.58604242  -1.77438765
   0.57961821  -1.77690802
   0.56659724  -1.78138041
   0.55388442  -1.78509382
   0.54824807  -1.78754978
   0.54089908  -1.79062121
   0.52779809  -1.79582360
   0.51835211  -1.80029708
   0.51524684  -1.80211728
   0.50229640  -1.80873565
   0.48944615  -1.81290429
   0.48781730  -1.81366399
   0.47636936  -1.81804823
   0.46346288  -1.82208162
   0.45222102  -1.82605984
   0.45054795  -1.82686605
   0.43776498  -1.83132272
   0.42476630  -1.83583951
   0.41444644  -1.83934820
   0.41195245  -1.84019634
   0.39893166  -1.84466898
   0.38615545  -1.84827997
   0.37577957  -1.85208702
   0.37323356  -1.85310355
   0.36021280  -1.85757625
   0.34734140  -1.86168045
   0.33716970  -1.86530631
   0.33458343  -1.86623100
   0.32141028  -1.87187628
   0.30884240  -1.87660505
   0.30478428  -1.87827210
   0.29584368  -1.88219359
   0.28282699  -1.88752527
   0.27553147  -1.89066633
   0.26996949  -1.89324096
   0.25716694  -1.89917118
   0.24665696  -1.90389051
   0.24411995  -1.90529209
   0.23118136  -1.91088273
   0.21834306  -1.91583102
   0.21745593  -1.91647637
   0.20550150  -1.92172437
   0.19258694  -1.92655663
   0.18599292  -1.92939493
   0.17944001  -1.93238394
   0.16671637  -1.93761478
   0.15474937  -1.94287617
   0.15387710  -1.94350721
   0.14086874  -1.94885850
   0.12815752  -1.95407396
   0.12493094  -1.95568757
   0.11515899  -1.96044964
   0.10231431  -1.96472213
   0.09339013  -1.96843551
   0.08924308  -1.97064230
   0.07630803  -1.97623187
   0.06497998  -1.98100764
   0.06335712  -1.98176432
   0.05052369  -1.98677874
   0.03785431  -1.99136994
   0.03145396  -1.99454369
   0.02487123  -1.99781792
   0.01166286  -2.00341061
   0.00369057  -2.00684271
  -0.00090947  -2.00893922
  -0.01386649  -2.01535065
  -0.02438314  -2.02007368
  -0.02691448  -2.02147250
  -0.03982094  -2.02712044
  -0.05264652  -2.03222326
  -0.05351120  -2.03281538
  -0.06563389  -2.03841641
  -0.07839862  -2.04359041
  -0.08329429  -2.04587170
  -0.09147174  -2.04965296
  -0.10436910  -2.05451869
  -0.11472351  -2.05868776
  -0.11711252  -2.05973389
  -0.13009441  -2.06528633
  -0.14309770  -2.06982483
  -0.14790462  -2.07152708
  -0.15598087  -2.07472630
  -0.16874546  -2.07990037
  -0.18003840  -2.08479101
  -0.18168479  -2.08550945
  -0.19484886  -2.09133245
  -0.20748313  -2.09601802
  -0.21148264  -2.09766980
  -0.22036676  -2.10169295
  -0.23329626  -2.10731463
  -0.24057438  -2.11044735
  -0.24634948  -2.11339699
  -0.25915680  -2.11773382
  -0.27211653  -2.12239052
  -0.27372989  -2.12319744
  -0.28493743  -2.12827558
  -0.29795363  -2.13363812
  -0.30432963  -2.13623884
  -0.31086314  -2.13928020
  -0.32360791  -2.14447702
  -0.33634239  -2.14892460
  -0.33717493  -2.14967196
  -0.34934005  -2.15525489
  -0.36236469  -2.16057262
  -0.36702575  -2.16245094
  -0.37515230  -2.16655559
  -0.38809138  -2.17137248
  -0.39707557  -2.17500553
  -0.40118957  -2.17726493
  -0.41392009  -2.18265615
  -0.42552135  -2.18761936
  -0.42708938  -2.18837828
  -0.43981961  -2.19363886
  -0.45265875  -2.19857031
  -0.45755442  -2.20092149
  -0.46574951  -2.20464554
  -0.47853637  -2.20978646
  -0.48817768  -2.21380341
  -0.49141650  -2.21547552
  -0.50448762  -2.22152979
  -0.51719733  -2.22600948
  -0.51808457  -2.22665497
  -0.53016983  -2.23237486
  -0.54305142  -2.23725883
  -0.54869032  -2.23969152
  -0.55595446  -2.24291463
  -0.56888781  -2.24852332
  -0.57786410  -2.25227339
  -0.58206572  -2.25434273
  -0.59467787  -2.25905583
  -0.60748841  -2.26490283
  -0.60837743  -2.26553304
  -0.62054668  -2.27105890
  -0.63369710  -2.27614222
  -0.63988330  -2.27833864
  -0.64616162  -2.28118555
  -0.65922729  -2.28728747
  -0.66814089  -2.29122110
  -0.67212554  -2.29295285
  -0.68492897  -2.29810017
  -0.69792538  -2.30348734
  -0.69881543  -2.30409949
  -0.71115058  -2.30992896
  -0.72377545  -2.31390894
  -0.73034389  -2.31688803
  -0.73681503  -2.32005603
  -0.74959189  -2.32520848
  -0.76159413  -2.33027116
  -0.76248407  -2.33088761
  -0.77541835  -2.33648763
  -0.78843326  -2.34190969
  -0.79149933  -2.34303990
  -0.80110273  -2.34733435
  -0.81411573  -2.35268605
  -0.82138372  -2.35590251
  -0.82705224  -2.35828059
  -0.84009338  -2.36357692
  -0.85275061  -2.36821617
  -0.85363972  -2.36884644
  -0.86579741  -2.37436897
  -0.87896699  -2.37944043
  -0.88370118  -2.38129561
  -0.89157278  -2.38496841
  -0.90438338  -2.39010355
  -0.91352252  -2.39420502
  -0.91753925  -2.39593052
  -0.93030068  -2.40111281
  -0.94324467  -2.40667564
  -0.94414867  -2.40728167
  -0.95614164  -2.41236265
  -0.96902651  -2.41726302
  -0.97623185  -2.42058033
  -0.98196021  -2.42366371
  -0.99486184  -2.42852859
  -1.00686813  -2.43359314
  -1.00775817  -2.43420966
  -1.02081587  -2.44032863
  -1.03356699  -2.44554621
  -1.03597848  -2.44637914
  -1.04664078  -2.45075659
  -1.05940550  -2.45518255
  -1.06760409  -2.45896008
  -1.07244541  -2.46138180
  -1.08513781  -2.46676068
  -1.09801324  -2.47156323
  -1.09889820  -2.47222369
  -1.11095740  -2.47806260
  -1.12396873  -2.48259549
  -1.13038210  -2.48511790
  -1.13671244  -2.48783085
  -1.14991689  -2.49443635
  -1.15865853  -2.49795586
  -1.16268164  -2.49960164
  -1.17561033  -2.50520034
  -1.18841122  -2.51029739
  -1.18930049  -2.51092777
  -1.20141423  -2.51655590
  -1.21419727  -2.52171713
  -1.21983047  -2.52414037
  -1.22712091  -2.52735287
  -1.24002729  -2.53220370
  -1.24986369  -2.53671091
  -1.25305909  -2.53835542
  -1.26585428  -2.54350077
  -1.27890578  -2.54876107
  -1.28055952  -2.54952526
  -1.29179374  -2.55450388
  -1.30456206  -2.55968237
  -1.31257389  -2.56303370
  -1.31750001  -2.56530101
  -1.33053885  -2.57062111
  -1.34256620  -2.57566511
  -1.34345597  -2.57625116
  -1.35650137  -2.58161831
  -1.36913586  -2.58631130
  -1.37326562  -2.58850046
  -1.38205929  -2.59275427
  -1.39509912  -2.59807478
  -1.40314212  -2.60138684
  -1.40800266  -2.60375907
  -1.42093625  -2.60929966
  -1.43315738  -2.61397144
  -1.43405150  -2.61459180
  -1.44659283  -2.61944123
  -1.45947501  -2.62512834
  -1.46438157  -2.62744622
  -1.47257910  -2.63116018
  -1.48548456  -2.63604262
  -1.49514793  -2.64014889
  -1.49839310  -2.64171313
  -1.51129919  -2.64739014
  -1.52389801  -2.65223991
  -1.52637091  -2.65371652
  -1.53713334  -2.65867169
  -1.54977631  -2.66337393
  -1.55637502  -2.66626419
  -1.56296085  -2.66917074
  -1.57575965  -2.67430330
  -1.58643265  -2.67875216
  -1.58893681  -2.68013830
  -1.60171304  -2.68526800
  -1.61460223  -2.69022109
  -1.61850952  -2.69207434
  -1.62727596  -2.69647504
  -1.64044752  -2.70227554
  -1.64757591  -2.70501223
  -1.65321236  -2.70746842
  -1.66611981  -2.71313221
  -1.67651021  -2.71811147
  -1.67893349  -2.71908874
  -1.69211335  -2.72484177
  -1.70493173  -2.72994574
  -1.70582133  -2.73057631
  -1.71794310  -2.73614914
  -1.73072572  -2.74054267
  -1.73655839  -2.74328634
  -1.74415147  -2.74676752
  -1.75668440  -2.75234139
  -1.76708208  -2.75661277
  -1.76947165  -2.75750439
  -1.78251281  -2.76286084
  -1.79488112  -2.76883058
  -1.79582035  -2.76937383
  -1.80835171  -2.77486090
  -1.82125996  -2.77902260
  -1.82778819  -2.78218208
  -1.83418341  -2.78542148
  -1.84708997  -2.79034621
  -1.85965679  -2.79526772
  -1.86128449  -2.79604032
  -1.87292700  -2.80163443
  -1.88567179  -2.80685822
  -1.88969373  -2.80852821
  -1.89864992  -2.81238819
  -1.91154743  -2.81648101
  -1.92211613  -2.82120136
  -1.92444715  -2.82217098
  -1.93751711  -2.82823723
  -1.95042042  -2.83319598
  -1.95130845  -2.83384197
  -1.96334780  -2.83960429
  -1.97612952  -2.84476627
  -1.98251531  -2.84734756
  -1.98906957  -2.85035823
  -2.00225593  -2.85549032
  -2.01323489  -2.86018034
  -2.01487172  -2.86094982
  -2.02780861  -2.86656286
  -2.04061641  -2.87164886
  -2.04313142  -2.87306531
  -2.05364535  -2.87787379
  -2.06669492  -2.88322515
  -2.07161487  -2.88558541
  -2.07946499  -2.88922765
  -2.09227474  -2.89438192
  -2.10443028  -2.89910307
  -2.10532063  -2.89968943
  -2.11837091  -2.90504941
  -2.13116811  -2.91016358
  -2.13518404  -2.91184313
  -2.14409106  -2.91580377
  -2.15730320  -2.92084195
  -2.16668620  -2.92475773
  -2.16991811  -2.92635530
  -2.18297075  -2.93165773
  -2.19588424  -2.93662060
  -2.19749932  -2.93742855
  -2.20867843  -2.94251714
  -2.22173192  -2.94787006
  -2.22738399  -2.95030889
  -2.23465232  -2.95353487
  -2.24743052  -2.95870905
  -2.25798559  -2.96344995
  -2.26049376  -2.96478973
  -2.27341481  -2.96963936
  -2.28648287  -2.97526274
  -2.28875856  -2.97618533
  -2.29912469  -2.98049985
  -2.31218025  -2.98582690
  -2.32097890  -2.98931300
  -2.32510222  -2.99151913
  -2.33787826  -2.99670189
  -2.35065004  -3.00189686
  -2.35154108  -3.00251394
  -2.36386680  -3.00843204
  -2.37662630  -3.01291364
  -2.38151795  -3.01522567
  -2.38971422  -3.01899907
  -2.40263628  -3.02462143
  -2.41071078  -3.02794680
  -2.41556022  -3.03031451
  -2.42833723  -3.03549776
  -2.44111035  -3.04069336
  -2.44200148  -3.04131050
  -2.45419425  -3.04677537
  -2.46725281  -3.05210367
  -2.47200057  -3.05402263
  -2.47990881  -3.05763814
  -2.49310067  -3.06342005
  -2.50190495  -3.06690852
  -2.50588958  -3.06860080
  -2.51879612  -3.07351651
  -2.53147272  -3.07901084
  -2.53477025  -3.08045036
  -2.54466290  -3.08476895
  -2.55757886  -3.08965909
  -2.56560393  -3.09301648
  -2.57050229  -3.09532411
  -2.58331191  -3.10047514
  -2.59561201  -3.10571466
  -2.59650066  -3.10636099
  -2.60928877  -3.11225580
  -2.62226689  -3.11779419
  -2.62391048  -3.11853291
  -2.63527318  -3.12322022
  -2.64804373  -3.12770643
  -2.65685009  -3.13191013
  -2.66099697  -3.13403729
  -2.67455452  -3.13942608
  -2.68595498  -3.14481776
  -2.68684594  -3.14540444
  -2.69977267  -3.15025675
  -2.71267872  -3.15519754
  -2.71752661  -3.15762275
  -2.72549411  -3.16112286
  -2.73855693  -3.16639686
  -2.74699545  -3.16979713
  -2.75184392  -3.17222168
  -2.76441246  -3.17770052
  -2.77740015  -3.18254495
  -2.77900508  -3.18337436
  -2.79013313  -3.18861607
  -2.80319202  -3.19394138
  -2.80952177  -3.19666586
  -2.81600987  -3.19990214
  -2.82905084  -3.20444358
  -2.84123562  -3.20921739
  -2.84212455  -3.20986387
  -2.85490982  -3.21575775
  -2.86789300  -3.22129837
  -2.86953707  -3.22203732
  -2.88113791  -3.22707677
  -2.89369373  -3.23197346
  -2.90098155  -3.23518242
  -2.90676408  -3.23804111
  -2.91970347  -3.24298703
  -2.93019614  -3.24768399
  -2.93287023  -3.24902342
  -2.94541988  -3.25457862
  -2.95835105  -3.25940013
  -2.96092157  -3.26085323
  -2.97128150  -3.26585262
  -2.98459930  -3.27085493
  -2.99155387  -3.27392155
  -2.99714436  -3.27641813
  -3.01022430  -3.28184891
  -3.02270677  -3.28685230
  -3.02359857  -3.28746979
  -3.03594010  -3.29340443
  -3.04885993  -3.29835145
  -3.05282065  -3.30013107
  -3.06167197  -3.30427560
  -3.07473696  -3.30955123
  -3.08215883  -3.31251289
  -3.08806780  -3.31533026
  -3.10060354  -3.32091704
  -3.11125027  -3.32531318
  -3.11392657  -3.32653142
  -3.12646763  -3.33147572
  -3.13939432  -3.33718414
  -3.14340244  -3.33884792
  -3.15248971  -3.34325876
  -3.16527101  -3.34845869
  -3.17251062  -3.35181921
  -3.17807447  -3.35443462
  -3.19114203  -3.35975174
  -3.20318537  -3.36482076
  -3.20407698  -3.36540777
  -3.21701186  -3.37026393
  -3.22993910  -3.37521462
  -3.23482139  -3.37752226
  -3.24303517  -3.38118585
  -3.25597587  -3.38610257
  -3.26499330  -3.39001203
  -3.26890975  -3.39188300
  -3.28157089  -3.39728613
  -3.29470549  -3.40258454
  -3.29631149  -3.40341452
  -3.30744388  -3.40861488
  -3.32066314  -3.41362609
  -3.32774504  -3.41656068
  -3.33328926  -3.41920757
  -3.34623661  -3.42485238
  -3.35752940  -3.42975937
  -3.35918019  -3.43050330
  -3.37224954  -3.43588603
  -3.38495263  -3.44135642
  -3.38750102  -3.44258307
  -3.39854212  -3.44705680
  -3.41092013  -3.45157879
  -3.41984497  -3.45555880
  -3.42400557  -3.45771791
  -3.43694511  -3.46336727
  -3.44961679  -3.46809221
  -3.45050874  -3.46867940
  -3.46282241  -3.47385781
  -3.47593472  -3.47927255
  -3.47915969  -3.48099798
  -3.48856954  -3.48554393
  -3.50164457  -3.49089941
  -3.50894020  -3.49411231
  -3.51458327  -3.49652257
  -3.52770065  -3.50182559
  -3.53972324  -3.50694945
  -3.54064338  -3.50750417
  -3.55357574  -3.51307131
  -3.56652295  -3.51796813
  -3.56987718  -3.51942297
  -3.57947077  -3.52378575
  -3.59210459  -3.52923650
  -3.60115269  -3.53295069
  -3.60535675  -3.53502274
  -3.61811893  -3.54028646
  -3.63031816  -3.54581211
  -3.63124404  -3.54635410
  -3.64386839  -3.55112385
  -3.65680689  -3.55599869
  -3.66330611  -3.55920052
  -3.66975524  -3.56245946
  -3.68268557  -3.56736008
  -3.69534041  -3.57217489
  -3.69617595  -3.57291360
  -3.70870992  -3.57905663
  -3.72174116  -3.58389114
  -3.72336966  -3.58467858
  -3.73480244  -3.59006874
  -3.74727717  -3.59440917
  -3.75545587  -3.59823181
  -3.76037294  -3.60048279
  -3.77364272  -3.60549219
  -3.78550284  -3.61094081
  -3.78639571  -3.61155889
  -3.79930688  -3.61706758
  -3.81276373  -3.62140613
  -3.81652734  -3.62343522
  -3.82508587  -3.62729035
  -3.83818134  -3.63342149
  -3.84548163  -3.63663700
  -3.85112913  -3.63909876
  -3.86393133  -3.64428737
  -3.87613155  -3.64982064
  -3.87702456  -3.65043880
  -3.88990089  -3.65640299
  -3.89617157  -3.66304555
  -3.90145427  -3.67587165
  -3.90331696  -3.68632823
  -3.90389589  -3.68882466
  -3.90545932  -3.70177756
  -3.90628363  -3.71470413
  -3.90703594  -3.72764832
  -3.90705184  -3.74057423
  -3.90713935  -3.75348206
  -3.90789270  -3.76642755
  -3.90790884  -3.77935376
  -3.90792505  -3.79228006
  -3.90794134  -3.80520646
  -3.90757071  -3.81813101
  -3.90759009  -3.83105760
  -3.90743660  -3.84404845
  -3.90631826  -3.85692258
  -3.90538447  -3.86984676
  -3.90277167  -3.88185744
  -3.90205747  -3.88272672
  -3.89085678  -3.89574693
  -3.89001583  -3.89651439
  -3.87698524  -3.90360514
  -3.86728499  -3.90844367
  -3.86405160  -3.91005651
  -3.85144654  -3.91705453
  -3.84311625  -3.92151997
  -3.83820336  -3.92379277
  -3.82541341  -3.92973445
  -3.81647646  -3.93449442
  -3.81232877  -3.93668367
  -3.79940011  -3.94233574
  -3.79057593  -3.94731487
  -3.78661493  -3.94908868
  -3.77352154  -3.95602462
  -3.76621320  -3.96000625
  -3.76057068  -3.96325796
  -3.74781877  -3.96925127
  -3.74109307  -3.97274431
  -3.73457961  -3.97586742
  -3.72195399  -3.98134590
  -3.71383286  -3.98609087
  -3.70902255  -3.98858254
  -3.69581621  -3.99442726
  -3.68779263  -3.99866493
  -3.68298986  -4.00116927
  -3.67006713  -4.00763639
  -3.66192563  -4.01152808
  -3.65700450  -4.01377505
  -3.64419436  -4.02051780
  -3.63768229  -4.02446334
  -3.63126899  -4.02778560
  -3.61835159  -4.03346652
  -3.60953428  -4.03763572
  -3.60541305  -4.03989410
  -3.59248268  -4.04634568
  -3.58367358  -4.05053889
  -3.57955245  -4.05279728
  -3.56662775  -4.05846508
  -3.55791236  -4.06357756
  -3.55407192  -4.06553315
  -3.54076796  -4.07217684
  -3.53261601  -4.07604543
  -3.52769542  -4.07829246
  -3.51489684  -4.08503229
  -3.50682255  -4.08908777
  -3.50197404  -4.09150715
  -3.48878358  -4.09730111
  -3.48144334  -4.10138694
  -3.47593926  -4.10408025
  -3.46318584  -4.11005403
  -3.45425812  -4.11482065
  -3.45025890  -4.11652418
  -3.43732502  -4.12374174
  -3.42924878  -4.12779818
  -3.42440058  -4.13021760
  -3.41147220  -4.13588696
  -3.40250257  -4.14053903
  -3.39838201  -4.14279749
  -3.38546632  -4.14845120
  -3.37591871  -4.15360368
  -3.37268671  -4.15521665
  -3.35960944  -4.16135515
  -3.35016672  -4.16664662
  -3.34700636  -4.16837855
  -3.33405239  -4.17413744
  -3.32562457  -4.17896763
  -3.32069284  -4.18117787
  -3.30788648  -4.18715252
  -3.29845915  -4.19245343
  -3.29529891  -4.19418538
  -3.28205795  -4.19928569
  -3.27171257  -4.20520430
  -3.26926660  -4.20678175
  -3.25633454  -4.21250310
  -3.24575533  -4.21796060
  -3.24325108  -4.21941264
  -3.23032435  -4.22586473
  -3.22151862  -4.23086654
  -3.21755955  -4.23264055
  -3.20462610  -4.23831190
  -3.19419045  -4.24401022
  -3.19171000  -4.24552104
  -3.17862936  -4.25088975
  -3.16697598  -4.25736956
  -3.16604666  -4.25795755
  -3.15291947  -4.26412106
  -3.14236822  -4.26965198
  -3.13984489  -4.27104068
  -3.12691830  -4.27668618
  -3.11645584  -4.28239520
  -3.11415645  -4.28341873
  -3.10106607  -4.28959101
  -3.08991435  -4.29554823
  -3.08829866  -4.29635478
  -3.07508292  -4.30215453
  -3.06297936  -4.30834900
  -3.06206638  -4.30899798
  -3.04972681  -4.31531369
  -3.03732851  -4.32124333
  -3.03643739  -4.32185542
  -3.02351102  -4.32749787
  -3.01234859  -4.33418694
  -3.01075794  -4.33503706
  -2.99765923  -4.34041665
  -2.98511299  -4.34679130
  -2.98417755  -4.34734260
  -2.97181016  -4.35330850
  -2.95926859  -4.35970612
  -2.95833234  -4.36025580
  -2.94610803  -4.36574532
  -2.93345233  -4.37251715
  -2.93169029  -4.37341177
  -2.92010613  -4.37832506
  -2.90718815  -4.38475069
  -2.90557264  -4.38555729
  -2.89442509  -4.39071891
  -2.88209579  -4.39713697
  -2.87760071  -4.39931429
  -2.86840562  -4.40332850
  -2.85577884  -4.40947535
  -2.85162925  -4.41179485
  -2.84271061  -4.41575198
  -2.82978575  -4.42139676
  -2.82334250  -4.42459343
  -2.81671966  -4.42830453
  -2.80442765  -4.43496999
  -2.79912053  -4.43769930
  -2.79085779  -4.44123873
  -2.77836480  -4.44688120
  -2.77233847  -4.45024503
  -2.76487389  -4.45379083
  -2.75226315  -4.45927725
  -2.74494611  -4.46325304
  -2.73917411  -4.46622392
  -2.72624650  -4.47187447
  -2.71895235  -4.47584374
  -2.71317411  -4.47879687
  -2.70057679  -4.48429506
  -2.69162832  -4.48905373
  -2.68747938  -4.49123070
  -2.67471325  -4.49644062
  -2.66489485  -4.50179343
  -2.66163072  -4.50333174
  -2.64919173  -4.50977682
  -2.63830753  -4.51484989
  -2.63578476  -4.51623885
  -2.62285972  -4.52188581
  -2.61083741  -4.52767895
  -2.60994921  -4.52832461
  -2.59720951  -4.53433678
  -2.58572552  -4.54049108
  -2.58408925  -4.54124897
  -2.57134239  -4.54648460
  -2.55849131  -4.55278966
  -2.55750227  -4.55349401
  -2.54517315  -4.55945951
  -2.53206030  -4.56490619
  -2.53055370  -4.56573611
  -2.51948304  -4.57027614
  -2.50655260  -4.57592882
  -2.50100500  -4.57914180
  -2.49390961  -4.58421229
  -2.48663263  -4.59171860
         
