# shadow point cont 3D ind 373  size 1017
# norm -0.9775999 -0.2104718  0.0000000
# angle  2.9295351
   0.34272665870937   -1.59189793684946   -4.59115031522339
   0.34277160782443   -1.59210671665026   -4.59026503889186
   0.34529626991039   -1.60383327559672   -4.58097481832778
   0.34575976363975   -1.60598611282942   -4.57910458494380
   0.34802825796537   -1.61652282290128   -4.57283831746906
   0.35075305909367   -1.62917898834462   -4.56797684090929
   0.35209221099488   -1.63539908559845   -4.56534338362665
   0.35340474902081   -1.64149556663491   -4.56249944672376
   0.35615884583935   -1.65428780479879   -4.55634507667821
   0.35787105307876   -1.66224067074201   -4.55243729318756
   0.35890491024596   -1.66704273398871   -4.55024419806041
   0.36162829031665   -1.67969229889890   -4.54538750495052
   0.36431618586041   -1.69217704515907   -4.54020791089465
   0.36450323823536   -1.69304586665920   -4.53961026943483
   0.36711262157751   -1.70516593918132   -4.53367124245160
   0.36975489059162   -1.71743875918313   -4.52810163032053
   0.37043462857903   -1.72059600847282   -4.52648754874299
   0.37250461613043   -1.73021069361220   -4.52198624963519
   0.37519264744047   -1.74269607048006   -4.51680644984972
   0.37656381935408   -1.74906489439520   -4.51370018050012
   0.37791118078397   -1.75532312329546   -4.51035209813689
   0.38065835848931   -1.76808322353909   -4.50505852059576
   0.38287125024087   -1.77836167058795   -4.50106940448077
   0.38339302524508   -1.78078521288204   -4.50005250183769
   0.38606877669658   -1.79321355222164   -4.49340816568085
   0.38865648153271   -1.80523293234609   -4.48824711632711
   0.38885273400182   -1.80614448647454   -4.48772088088418
   0.39153844260786   -1.81861907483903   -4.48245028090780
   0.39425790051539   -1.83125042207257   -4.47680059122720
   0.39494468588720   -1.83444040507697   -4.47526165248182
   0.39701788043985   -1.84406998610658   -4.47069635095212
   0.39969829742432   -1.85651999592941   -4.46468168072913
   0.40087086592188   -1.86196634602984   -4.46209963610580
   0.40241194146830   -1.86912433890997   -4.45825994679659
   0.40513125325356   -1.88175500743429   -4.45342045054869
   0.40718469709732   -1.89129285030487   -4.44956405000009
   0.40789860903539   -1.89460883087545   -4.44783880687917
   0.41061136139410   -1.90720903215329   -4.44163312639188
   0.41322568628410   -1.91935205719344   -4.43660536200296
   0.41342732694547   -1.92028863841544   -4.43603351180681
   0.41610440417966   -1.93272313575491   -4.43005190888805
   0.41873184417965   -1.94492707790207   -4.42434137356390
   0.41907172213909   -1.94650574419100   -4.42353445138784
   0.42147728641879   -1.95767911724644   -4.41830760455554
   0.42420515483834   -1.97034952965448   -4.41337994803226
   0.42537673757463   -1.97579130108767   -4.41078848906257
   0.42688750401355   -1.98280851412339   -4.40741668826662
   0.42960463554760   -1.99542905580955   -4.40178628520488
   0.43134472611408   -2.00351143432407   -4.39826576325286
   0.43241632970290   -2.00848882227685   -4.39614192962222
   0.43507691876007   -2.02084673527628   -4.39001274636137
   0.43760810916129   -2.03260361696344   -4.38497620613758
   0.43779338011090   -2.03346416409319   -4.38438759682067
   0.44048192754717   -2.04595193826587   -4.37919810003809
   0.44329574352680   -2.05902156018996   -4.37347214463222
   0.44376651927521   -2.06120822096927   -4.37233186485149
   0.44592211054177   -2.07122051853273   -4.36707945996186
   0.44867910561354   -2.08402621851292   -4.36090245236459
   0.44920368921591   -2.08646280619324   -4.35941475392363
   0.45140241321989   -2.09667544684051   -4.35274336141777
   0.45313334987876   -2.10471530725420   -4.34649233521611
   0.45431514234224   -2.11020450086251   -4.34162566589376
   0.45624307333215   -2.11915936120744   -4.33376079913154
   0.45688295937455   -2.12213150604893   -4.33105470696588
   0.45898880656046   -2.13191275213930   -4.32087992621199
   0.45966494263893   -2.13505327127019   -4.31775574095767
   0.46214665668597   -2.14658034502106   -4.30763393103233
   0.46238452799489   -2.14768521047664   -4.30634178632670
   0.46476127482375   -2.15872473213954   -4.29503358466375
   0.46510081100672   -2.16030181094393   -4.29341813594892
   0.46766994533771   -2.17223493472365   -4.28223710142621
   0.46785003381314   -2.17307141027994   -4.28149436737593
   0.47043684307188   -2.18508663062348   -4.26953348981486
   0.47060660122219   -2.18587512385088   -4.26872572805514
   0.47318561635003   -2.19785414198906   -4.25676604645844
   0.47335546367488   -2.19864304941468   -4.25595871194986
   0.47602350331776   -2.21103556891965   -4.24427903329064
   0.47618126378789   -2.21176833528182   -4.24342266426416
   0.47853940546227   -2.22272143966063   -4.23297031347094
   0.47937680135777   -2.22661097893192   -4.22967499505919
   0.48133858502472   -2.23572307830500   -4.21963043475028
   0.48184812996862   -2.23808981437387   -4.21720848283153
   0.48411613856214   -2.24862426831560   -4.20699786240475
   0.48462546309618   -2.25098998062401   -4.20457487682889
   0.48672724365812   -2.26075233804570   -4.19517130476866
   0.48754629928409   -2.26455669037141   -4.19100986899054
   0.48940999540645   -2.27321319238754   -4.18210566900609
   0.49028567019847   -2.27728052960610   -4.17821205144556
   0.49221177511613   -2.28622690820449   -4.16883012119976
   0.49304239796880   -2.29008498802370   -4.16550118804743
   0.49484496266986   -2.29845754660861   -4.15788424117431
   0.49606361207358   -2.30411793345694   -4.15238930645124
   0.49769064707160   -2.31167519108692   -4.14472117593914
   0.49880050611718   -2.31683026811392   -4.13953690504546
   0.50028024152397   -2.32370334810724   -4.13285730853681
   0.50180138687606   -2.33076876915372   -4.12635935378233
   0.50307993655136   -2.33670738098492   -4.11952852627349
   0.50426890133314   -2.34222988860139   -4.11387760773663
   0.50584867802216   -2.34956764067883   -4.10685456701322
   0.50715653349539   -2.35564237217877   -4.10096199312415
   0.50851783690586   -2.36196535883735   -4.09454215816893
   0.50990431047376   -2.36840525592779   -4.08822576108557
   0.51128203360143   -2.37480450894397   -4.08182018127636
   0.51264034276545   -2.38111358791657   -4.07535963210015
   0.51390822971136   -2.38700267346644   -4.06927750315608
   0.51556432832523   -2.39469492587705   -4.06181092641481
   0.51658911081529   -2.39945483903289   -4.05697800264822
   0.51821396289207   -2.40700195742295   -4.04943693584181
   0.51943216834557   -2.41266028220976   -4.04386563472176
   0.52108488056807   -2.42033680549835   -4.03638301471184
   0.52206418488558   -2.42488548148543   -4.03216313724051
   0.52409415746566   -2.43431430495149   -4.02324082276894
   0.52482186855566   -2.43769437986938   -4.01943170116987
   0.52656376600217   -2.44578515098633   -4.01075755868543
   0.52754429868315   -2.45033953248017   -4.00657653210288
   0.52960393806047   -2.45990615238586   -3.99781177269008
   0.53029922906404   -2.46313564237727   -3.99455193139835
   0.53226509392354   -2.47226669808723   -3.98456544484175
   0.53293797864899   -2.47539211532268   -3.98132327136029
   0.53530585105436   -2.48639041703349   -3.97158039894052
   0.53565066937586   -2.48799203033273   -3.96999097097270
   0.53802872269581   -2.49903762038983   -3.95868993714798
   0.53836879625655   -2.50061719520832   -3.95707872183096
   0.54084307918884   -2.51210975289240   -3.94607945225515
   0.54114346501371   -2.51350498598187   -3.94434110590316
   0.54354948248795   -2.52468046403685   -3.93326323013506
   0.54388920890136   -2.52625842642424   -3.93164881863371
   0.54630917646533   -2.53749869990289   -3.91977041609058
   0.54650797138691   -2.53842206322317   -3.91898628512839
   0.54857784910950   -2.54803623822935   -3.90710104569310
   0.54923941807329   -2.55110909597701   -3.90379851212028
   0.55115038430378   -2.55998515835031   -3.89431346446698
   0.55200273150138   -2.56394414347988   -3.88776691614091
   0.55254225165977   -2.56645010852583   -3.88136984787133
   0.55318701387984   -2.56944490225369   -3.86834456252933
   0.55321788713960   -2.56958830247448   -3.85539380463244
   0.55330037580977   -2.56997144612707   -3.84247466699333
   0.55329785621370   -2.56995974309876   -3.82955408887560
   0.55329535089017   -2.56994810636361   -3.81663359513221
   0.55304854071619   -2.56880172163756   -3.80368998406385
   0.55209820029224   -2.56438757724073   -3.79084771075939
   0.55196812149397   -2.56378338680109   -3.78995587186623
   0.55010178600528   -2.55511462544736   -3.77779736894523
   0.54925522769986   -2.55118252858366   -3.77292864846449
   0.54756560071639   -2.54333454348919   -3.76477566404990
   0.54651199327061   -2.53844074408207   -3.76008481621607
   0.54480101940074   -2.53049360689785   -3.75204686840877
   0.54378023682162   -2.52575227254180   -3.74719793698697
   0.54148512747583   -2.51509194093481   -3.73863954375765
   0.54114339281525   -2.51350465063418   -3.73709340188419
   0.53845801369035   -2.50103159264483   -3.72654925178925
   0.53827582827228   -2.50018537720233   -3.72582460472854
   0.53562785351931   -2.48788605516551   -3.71642256097968
   0.53493452847230   -2.48466569665570   -3.71324880153193
   0.53290971004465   -2.47526081321419   -3.70589403183998
   0.53138291614697   -2.46816915578412   -3.70021254231465
   0.53018194173966   -2.46259086581858   -3.69542315165820
   0.52801186218304   -2.45251127299673   -3.68710888430318
   0.52749262053785   -2.45009949765710   -3.68475702105874
   0.52478498412441   -2.43752305893909   -3.67493022470852
   0.52460469969058   -2.43668567319460   -3.67418674422691
   0.52197941561051   -2.42449174487154   -3.66413650303609
   0.52130954027468   -2.42138030565907   -3.66163624497604
   0.51934002693678   -2.41223230348437   -3.65475370998980
   0.51775401443255   -2.40486558727148   -3.64862923989379
   0.51651527930233   -2.39911190617322   -3.64419062885368
   0.51419764858179   -2.38834696720900   -3.63559272995569
   0.51384627029005   -2.38671488413797   -3.63403817819501
   0.51113422865379   -2.37411798402616   -3.62348515840841
   0.51095635692705   -2.37329180483169   -3.62272274828742
   0.50841949461671   -2.36150857824200   -3.61375210337228
   0.50739582721461   -2.35675384445049   -3.60972622615157
   0.50566226312611   -2.34870178014282   -3.60350654270282
   0.50396228977599   -2.34080573820970   -3.59698105220815
   0.50297532671843   -2.33622148888114   -3.59356160235024
   0.50045867665646   -2.32453214421064   -3.58367078974014
   0.50028300440037   -2.32371618112484   -3.58289357426020
   0.49761517818360   -2.31132465294217   -3.57364911467223
   0.49673031102370   -2.30721461898232   -3.57057403486799
   0.49477393423082   -2.29812763347613   -3.56310906847537
   0.49347774603765   -2.29210709419782   -3.55787107913830
   0.49216761246782   -2.28602178138712   -3.55273778006744
   0.49023174906899   -2.27703007656259   -3.54501162805036
   0.48937134603796   -2.27303367367081   -3.54184397516951
   0.48669152615619   -2.26058643727263   -3.53269574794898
   0.48651128926262   -2.25974927234328   -3.53195243417836
   0.48392658340965   -2.24774382190590   -3.52165933069215
   0.48327472104441   -2.24471604939984   -3.51908385911956
   0.48129114803621   -2.23550274282124   -3.51223624287855
   0.47962058983558   -2.22774332847343   -3.50567385648572
   0.47852983676949   -2.22267699496421   -3.50118329688100
   0.47631836011976   -2.21240512078510   -3.49311442290064
   0.47581372713062   -2.21006119978022   -3.49143331042010
   0.47304822443028   -2.19721598353823   -3.48124136003100
   0.47286800374986   -2.19637889391575   -3.48049810259742
   0.47045624683653   -2.18517675729477   -3.47163003988740
   0.46924601281021   -2.17955545821973   -3.46685623053489
   0.46764962968251   -2.17214057250010   -3.46076957371838
   0.46608189808083   -2.16485876748481   -3.45454615572952
   0.46492273626108   -2.15947468876659   -3.45032705249806
   0.46254561664779   -2.14843343559329   -3.44141363913430
   0.46222917713783   -2.14696363629335   -3.44046268078997
   0.45945160001071   -2.13406233671324   -3.43031638481726
   0.45896027379140   -2.13178022303764   -3.42858725947421
   0.45672525156104   -2.12139898426639   -3.41984376949556
   0.45572991033012   -2.11677581997002   -3.41566102495091
   0.45413882658800   -2.10938554885434   -3.41015720499113
   0.45231939551673   -2.10093464929636   -3.40279138381517
   0.45128264230122   -2.09611913447469   -3.39884867691064
   0.44871425609919   -2.08418948560687   -3.39010993358894
   0.44853186754186   -2.08334232662249   -3.38938783735856
   0.44577307745896   -2.07052828916853   -3.37825734611225
   0.44560007219100   -2.06972471371817   -3.37746746114519
   0.44312122262755   -2.05821094493031   -3.36896206690856
   0.44179873848536   -2.05206826613958   -3.36390155031698
   0.44043874879565   -2.04575138145563   -3.35824704018233
   0.43854716661372   -2.03696535417622   -3.35110358916594
   0.43768703608217   -2.03297021699095   -3.34793685838210
   0.43510666981518   -2.02098492307712   -3.33843675203124
   0.43492649172244   -2.02014803126607   -3.33769364153832
   0.43236810632184   -2.00826483415435   -3.32867542895381
   0.43129982116481   -2.00330285966472   -3.32478040211689
   0.42949878737802   -1.99493741187552   -3.31828972680067
   0.42817982018352   -1.98881106861530   -3.31229426815772
   0.42688970130829   -1.98281872012539   -3.30783659978571
   0.42466789911359   -1.97249888582025   -3.29905695523834
   0.42412931059646   -1.96999724806477   -3.29678681962293
   0.42145051823721   -1.95755478430665   -3.28764201481260
   0.42109019100491   -1.95588113516641   -3.28615589302082
   0.41872793877025   -1.94490893804337   -3.27718167777723
   0.41767607861126   -1.94002325443986   -3.27330863147851
   0.41596699183106   -1.93208488241607   -3.26692720424040
   0.41429773788144   -1.92433152605775   -3.26030885717283
   0.41321367775876   -1.91929627995458   -3.25583732977182
   0.41076522596375   -1.90792370282376   -3.24716686636316
   0.41059667900861   -1.90714083535976   -3.24641883569077
   0.40774470307138   -1.89389396793628   -3.23589780174344
   0.40753736857423   -1.89293093996671   -3.23511099419213
   0.40505066920187   -1.88138071036002   -3.22597016865662
   0.40387291869880   -1.87591029086301   -3.22186051395348
   0.40236383469655   -1.86890089241478   -3.21607785822651
   0.40066213113645   -1.86099681399657   -3.20882048839375
   0.39968971226156   -1.85648011953654   -3.20531993847125
   0.39713494778249   -1.84461374089334   -3.19564521378599
   0.39695615671593   -1.84378329154619   -3.19489113559007
   0.39426064167642   -1.83126315422652   -3.18581617458005
   0.39353647027237   -1.82789952045388   -3.18289825731923
   0.39149026619544   -1.81839530487665   -3.17486665259550
   0.39016461476168   -1.81223791463938   -3.16983261441214
   0.38886189036514   -1.80618701598170   -3.16542634793919
   0.38669717473348   -1.79613233753653   -3.15735320245968
   0.38599501805013   -1.79287095781259   -3.15494658365723
   0.38340603034514   -1.78084561901456   -3.14461077888959
   0.38323325972914   -1.78004313347636   -3.14381764932583
   0.38058632286581   -1.76774863223282   -3.13386935373129
   0.37990387617965   -1.76457880157007   -3.13143456863357
   0.37793780898395   -1.75544680604826   -3.12454358431688
   0.37626544250278   -1.74767899259293   -3.11795150433250
   0.37518311505878   -1.74265179444154   -3.11344315563578
   0.37297238764198   -1.73238340030202   -3.10537793474456
   0.37248438731120   -1.73011673472466   -3.10366212202186
   0.36974540823023   -1.71739471547906   -3.09325353458346
   0.36942593100826   -1.71591080660419   -3.09231651815073
   0.36710021893085   -1.70510833132640   -3.08316073143412
   0.36606819371541   -1.70031477713538   -3.07913737064391
   0.36431481078030   -1.69217065818234   -3.07301336677769
   0.36263349462411   -1.68436127524635   -3.06647238292137
   0.36162135768947   -1.67966009820885   -3.06238848616346
   0.35935461422987   -1.66913152056541   -3.05385397727482
   0.35880486689764   -1.66657805230804   -3.05157383364616
   0.35614607059726   -1.65422846631137   -3.04160419663778
   0.35583220104873   -1.65277060397693   -3.04064443704853
   0.35351138190078   -1.64199085539440   -3.03222216215100
   0.35244220395924   -1.63702473409624   -3.02767300216973
   0.35075698284818   -1.62919721341275   -3.02191315255947
   0.34884760388892   -1.62032852360218   -3.01490975445871
   0.34799134278582   -1.61635135915115   -3.01171942626375
   0.34550896816024   -1.60482121714287   -3.00168191432195
   0.34533845506979   -1.60402921736695   -3.00090042050970
   0.34256998401349   -1.59117021369519   -2.99142703729096
   0.34187936669004   -1.58796243202891   -2.98908302091781
   0.33987428080421   -1.57864920236400   -2.98161994709688
   0.33837295655017   -1.57167584642037   -2.97581775221632
   0.33716059065887   -1.56604464525168   -2.97108223830564
   0.33511074279396   -1.55652350499578   -2.96308182531617
   0.33439888672315   -1.55321707352436   -2.96004128887829
   0.33175501547413   -1.54093681145644   -2.95071561354599
   0.33157683680306   -1.54010920656590   -2.94995748156925
   0.32900778171365   -1.52817645084770   -2.94037754703226
   0.32830499242062   -1.52491213277619   -2.93731053097328
   0.32621457436304   -1.51520255195298   -2.92957166332041
   0.32474397052366   -1.50837188629467   -2.92434753837486
   0.32365379167534   -1.50330821991408   -2.92057859607879
   0.32116225419039   -1.49173551822576   -2.91150331355184
   0.32079491316755   -1.49002929140765   -2.91009264575002
   0.31819454400768   -1.47795108798969   -2.89899137859149
   0.31802766941007   -1.47717598829757   -2.89817062793160
   0.31546133668653   -1.46525587743354   -2.88918457682624
   0.31441769503398   -1.46040836717634   -2.88534458674228
   0.31269848976334   -1.45242299675419   -2.87901468148930
   0.31085016122040   -1.44383787412259   -2.87243705942357
   0.31001234645704   -1.43994638929247   -2.86917043476333
   0.30759088069677   -1.42869915698656   -2.85971122872714
   0.30728026996253   -1.42725643120367   -2.85878737569353
   0.30450352639587   -1.41435900334799   -2.84778600341374
   0.30432346658157   -1.41352266091704   -2.84704330168213
   0.30190554686629   -1.40229189929289   -2.83823267154748
   0.30065629389934   -1.39648936491115   -2.83361063781915
   0.29904067573790   -1.38898513624212   -2.82782090296715
   0.29725700957257   -1.38070035763948   -2.82084040056776
   0.29642186459986   -1.37682127346193   -2.81749926652440
   0.29383396042446   -1.36480096744580   -2.80801535725464
   0.29365262557600   -1.36395870273188   -2.80728446302458
   0.29098996386405   -1.35159116265859   -2.79727529612987
   0.29046180194264   -1.34913795438996   -2.79500498306784
   0.28823811491978   -1.33880936542868   -2.78696426237972
   0.28689726966485   -1.33258140287977   -2.78203471240489
   0.28555525082579   -1.32634798926334   -2.77708044897646
   0.28361198125780   -1.31732188423935   -2.76946297593667
   0.28273858281765   -1.31326512022760   -2.76645015358679
   0.28010765984077   -1.30104500033768   -2.75698837756922
   0.27993219553703   -1.30023000314962   -2.75621189040723
   0.27733149696254   -1.28815026966553   -2.74683569420437
   0.27661714703018   -1.28483225469759   -2.74373909072124
   0.27463910985643   -1.27564466098146   -2.73617735486608
   0.27310867765963   -1.26853610436742   -2.73053155711920
   0.27188913356659   -1.26287156186317   -2.72588182690884
   0.26973954991136   -1.25288716847303   -2.71747551500070
   0.26924848662876   -1.25060627608672   -2.71572669011015
   0.26656507722725   -1.23814236707517   -2.70583542062183
   0.26609766721801   -1.23597133949249   -2.70412188899583
   0.26381760483559   -1.22538089807154   -2.69549656542416
   0.26294292857130   -1.22131819881793   -2.69166844217112
   0.26102523192733   -1.21241087499741   -2.68468069691172
   0.25934874283013   -1.20462391280126   -2.67887938588011
   0.25835670115498   -1.20001607429262   -2.67471551135001
   0.25608055629416   -1.18944382898915   -2.66626789350194
   0.25556826190280   -1.18706432227751   -2.66467373821657
   0.25289294720988   -1.17463801159562   -2.65467021493908
   0.25241169073210   -1.17240266988935   -2.65291913861659
   0.25019076520750   -1.16208690754445   -2.64488677744724
   0.24898411629353   -1.15648226061127   -2.64015404457687
   0.24746614856278   -1.14943159899104   -2.63444175211063
   0.24548822642522   -1.14024453959545   -2.62685659083459
   0.24479794453142   -1.13703831593390   -2.62442458071861
   0.24222478621878   -1.12508650155071   -2.61412905218416
   0.24204520009186   -1.12425235930447   -2.61335215444438
   0.23924654207846   -1.11125314315288   -2.60342464866755
   0.23861125816845   -1.10830237431140   -2.60145763247832
   0.23663282521530   -1.09911294227780   -2.59387635976525
   0.23539664568218   -1.09337113142553   -2.58849344981792
   0.23384994523039   -1.08618701196598   -2.58297847443178
   0.23202971096007   -1.07773238170637   -2.57542550873172
   0.23117100689520   -1.07374387017833   -2.57222615681663
   0.22858098993668   -1.06171375070002   -2.56281748729280
   0.22840037144079   -1.06087481330296   -2.56208037711980
   0.22575999245700   -1.04861077212033   -2.55192728549108
   0.22495948923049   -1.04489259204198   -2.54910731779309
   0.22306333443913   -1.03608532589097   -2.54284999985156
   0.22147649672872   -1.02871477675762   -2.53680301514593
   0.22025715415146   -1.02305117025451   -2.53215402860139
   0.21823722988220   -1.01366901921632   -2.52394393826068
   0.21757482922115   -1.01059229839848   -2.52143788351252
   0.21493203497965   -0.99831703881871   -2.51211596505407
   0.21457583047718   -0.99666253894781   -2.51060026134225
   0.21211367170360   -0.98522629559686   -2.50145095551788
   0.21113941202697   -0.98070105097475   -2.49793544512458
   0.20938830022854   -0.97256748100501   -2.49099088453660
   0.20788023301727   -0.96556280535098   -2.48519100087950
   0.20673873863020   -0.96026078838345   -2.48089807034699
   0.20435471269611   -0.94918745670809   -2.47203988080421
   0.20399471551515   -0.94751534059140   -2.47055493496905
   0.20134165782420   -0.93519240930713   -2.46051371104103
   0.20099081871552   -0.93356283063536   -2.45896107796502
   0.19860120648128   -0.92246355169428   -2.45011928695962
   0.19756193488960   -0.91763633951054   -2.44621305584299
   0.19583311741385   -0.90960632228575   -2.43913328296495
   0.19402629788015   -0.90121400083989   -2.43310589797691
   0.19320773278148   -0.89741192691701   -2.43049069627398
   0.19071309579210   -0.88582482864008   -2.42075680619817
   0.19035054690414   -0.88414086034618   -2.41929547494634
   0.18772588456612   -0.87194981989265   -2.40982184874264
   0.18706607130629   -0.86888511704465   -2.40733449060733
   0.18501028612546   -0.85933639912383   -2.39931922955652
   0.18366831229751   -0.85310319457516   -2.39437831912303
   0.18226102683528   -0.84656663032795   -2.38902397874579
   0.18040518863403   -0.83794662681019   -2.38168553897270
   0.17954568609931   -0.83395440654672   -2.37852286676441
   0.17698066788570   -0.82204040132283   -2.36894166524723
   0.17680202894036   -0.82121065854885   -2.36818814068594
   0.17414799471839   -0.80888319146996   -2.35892112648239
   0.17331052224845   -0.80499329652546   -2.35568029405085
   0.17146019576224   -0.79639889384027   -2.34828893860124
   0.17005543150744   -0.78987404010584   -2.34288322001442
   0.16865429690438   -0.78336604538998   -2.33837305269416
   0.16647943375892   -0.77326423373861   -2.33003781988599
   0.16599132918049   -0.77099708395136   -2.32829884312831
   0.16329726595863   -0.75848369003926   -2.31768778091961
   0.16312147278198   -0.75766716530121   -2.31691404044735
   0.16052281626150   -0.74559691675644   -2.30672341468173
   0.15985263070864   -0.74248403664691   -2.30423008009207
   0.15778108749591   -0.73286212576653   -2.29724313196883
   0.15623285258558   -0.72567087904883   -2.29165980096925
   0.15509782380499   -0.72039889355202   -2.28728156038516
   0.15303469860231   -0.71081608267300   -2.27856512125036
   0.15235401108438   -0.70765442300078   -2.27623551032223
   0.14965541052381   -0.69511995404257   -2.26718003673501
   0.14929545954133   -0.69344805250875   -2.26569528911324
   0.14692261078830   -0.68242663664155   -2.25595126476689
   0.14594021130732   -0.67786358422880   -2.25252535470885
   0.14426255099771   -0.67007118198131   -2.24674713536642
   0.14253806682726   -0.66206129210755   -2.23964382367066
   0.14150510243627   -0.65726337563077   -2.23570806222402
   0.13911579982965   -0.64616553484911   -2.22690234221023
   0.13876051617483   -0.64451531213451   -2.22543632049563
   0.13606281300332   -0.63198501137196   -2.21557222938541
   0.13570765627382   -0.63033537820050   -2.21404953485124
   0.13338917434742   -0.61956648555250   -2.20563511478125
   0.13232076270844   -0.61460392357902   -2.20108888410385
   0.13058693155154   -0.60655061879119   -2.19402936288925
   0.12862353488389   -0.59743102734704   -2.18795412750919
   0.12801333365776   -0.59459676264000   -2.18599931429017
   0.12553214976576   -0.58307215135501   -2.17525704616745
   0.12517732974977   -0.58142408215159   -2.17379228690355
   0.12248803905707   -0.56893285569898   -2.16469573996053
   0.12181559593330   -0.56580948961648   -2.16219337286345
   0.11976620872542   -0.55629048902191   -2.15422774555323
   0.11854217875128   -0.55060511048203   -2.14971469133116
   0.11699785782304   -0.54343204344147   -2.14399488675290
   0.11486388210068   -0.53352014583041   -2.13633940165892
   0.11433073059090   -0.53104376190499   -2.13406246124132
   0.11167749018984   -0.51871998196815   -2.12401037291162
   0.11150171366362   -0.51790353456811   -2.12323671387082
   0.10889556052513   -0.50579846570680   -2.11308931762989
   0.10822477160014   -0.50268278305236   -2.11066652553484
   0.10625750903985   -0.49354523529709   -2.10375986614457
   0.10480994876647   -0.48682160247162   -2.09791998061587
   0.10342852475570   -0.48040515958115   -2.09325480914238
   0.10123588733442   -0.47022078991365   -2.08491388778000
   0.10071443803429   -0.46779876045095   -2.08264707868446
   0.09814392378257   -0.45585922721078   -2.07230828787881
   0.09797190923700   -0.45506025347109   -2.07151562481528
   0.09531417293106   -0.44271559094018   -2.06305321119484
   0.09430813740190   -0.43804275373138   -2.05890101043047
   0.09260522853116   -0.43013307688222   -2.05253444032193
   0.09073322445982   -0.42143798607673   -2.04612758526085
   0.08991752853914   -0.41764923892145   -2.04346641136362
   0.08746945915753   -0.40627843802570   -2.03341238290384
   0.08712276689632   -0.40466812064501   -2.03184190274677
   0.08456227986952   -0.39277516189286   -2.02367227584535
   0.08351054187594   -0.38789004572363   -2.01973234590814
   0.08172927637382   -0.37961641772957   -2.01397282996585
   0.07988243168410   -0.37103818730444   -2.00724332717871
   0.07906802623315   -0.36725543412730   -2.00463766605077
   0.07628698904960   -0.35433806326543   -1.99544705644098
   0.07595694165351   -0.35280505801023   -1.99456757251996
   0.07359179838126   -0.34181943258613   -1.98635875549790
   0.07208393115861   -0.33481568583987   -1.98139068563741
   0.07088573552288   -0.32925030272191   -1.97743784973767
   0.06834482728149   -0.31744828357806   -1.96849211457075
   0.06816591683817   -0.31661727974931   -1.96774498496037
   0.06544947506963   -0.30399994188832   -1.95889486558044
   0.06444112199982   -0.29931634015889   -1.95557820603112
   0.06273627765301   -0.29139767340404   -1.95000460807081
   0.06082479442738   -0.28251920968993   -1.94300764915944
   0.05999286244298   -0.27865504921128   -1.94056721185572
   0.05739133998068   -0.26657148893031   -1.93170526002321
   0.05686829306504   -0.26414203885773   -1.92938516769266
   0.05456699666673   -0.25345296960836   -1.92198739562833
   0.05318345103711   -0.24702667221550   -1.91717851105792
   0.05187849773632   -0.24096542073587   -1.91277552931334
   0.04926241202698   -0.22881421703607   -1.90409983405868
   0.04906077402725   -0.22787764817690   -1.90338674098920
   0.04640878828373   -0.21555969587766   -1.89457227357095
   0.04553708348405   -0.21151079849284   -1.89124731179534
   0.04367768939934   -0.20287427859565   -1.88408517844469
   0.04141377772547   -0.19235885404010   -1.87773473688147
   0.04110201117718   -0.19091075972821   -1.87676901241254
   0.03830679928060   -0.17792755011160   -1.86594435193465
   0.03812624281578   -0.17708890083666   -1.86520754477799
   0.03557882332757   -0.16525663823171   -1.85718826879930
   0.03405301792332   -0.15816957215924   -1.85229450675481
   0.03285544128246   -0.15260706415073   -1.84834379293617
   0.03061315876554   -0.14219210277611   -1.83960149648522
   0.03012488679742   -0.13992417549667   -1.83790724999451
   0.02742968703334   -0.12740550256939   -1.82975698173269
   0.02655194046773   -0.12332854236987   -1.82677248537233
   0.02466890662899   -0.11458222046369   -1.82031992466005
   0.02296347696704   -0.10666083503507   -1.81385880282005
   0.02196113087863   -0.10200513455308   -1.81051516046890
   0.01933193914368   -0.08979305594147   -1.80194261079665
   0.01883522625328   -0.08748592223788   -1.80027985901103
   0.01654222217901   -0.07683536920309   -1.79286968887305
   0.01505745416914   -0.06993891375805   -1.78757155231799
   0.01387462884103   -0.06444492269660   -1.78355040567425
   0.01120210323502   -0.05203156677496   -1.77518170902662
   0.01101966119614   -0.05118415937929   -1.77445928238146
   0.00847446642517   -0.03936223014844   -1.76558349896746
   0.00742834849264   -0.03450321805771   -1.76173712929741
   0.00567175030431   -0.02634416488566   -1.75574851247582
   0.00379557200073   -0.01762968559224   -1.74920915148972
   0.00297508507832   -0.01381868517600   -1.74668772214564
   0.00023102921968   -0.00107308529646   -1.73718553867181
  -0.00010268068651    0.00047693159796   -1.73633812902197
  -0.00235762687348    0.01095071322987   -1.72907957492765
  -0.00396340469049    0.01840923543400   -1.72317696846017
  -0.00519803496529    0.02414385028606   -1.71862210408133
  -0.00757437399716    0.03518147781211   -1.71047067283838
  -0.00790634278050    0.03672340753327   -1.70950710157782
  -0.01057104100066    0.04910040678679   -1.70044095498460
  -0.01144261497920    0.05314869653311   -1.69738174136563
  -0.01332790512947    0.06190549856271   -1.69103674335541
  -0.01546459139304    0.07182998610471   -1.68409891915082
  -0.01596819442513    0.07416912316159   -1.68244718698106
  -0.01872595065187    0.08697835855700   -1.67475196632223
  -0.02025192563812    0.09406621230448   -1.67160913051497
  -0.02144346113276    0.09960066037669   -1.66945755207233
  -0.02412152987186    0.11203976306154   -1.66790247541894
  -0.02681789263318    0.12456383788227   -1.66851414973111
  -0.02870206085066    0.13331542875466   -1.67125903070906
  -0.02955944936955    0.13729782983032   -1.67275163441260
  -0.03229820390375    0.15001880610030   -1.67900498633792
  -0.03386162897176    0.15728060811345   -1.68362243869019
  -0.03505809544334    0.16283795960400   -1.68768006475494
  -0.03751211491375    0.17423639749220   -1.69595312494328
  -0.03782960393798    0.17571107157956   -1.69691671784254
  -0.04049078839276    0.18807175008382   -1.70623565290208
  -0.04122025800499    0.19145999299163   -1.70932642574184
  -0.04326789713574    0.20097087411169   -1.71716702324306
  -0.04462061472310    0.20725398131021   -1.72202267387736
  -0.04594541762739    0.21340743029490   -1.72715124868422
  -0.04801539321799    0.22302205987876   -1.73493628906703
  -0.04868822232260    0.22614721876639   -1.73757046154217
  -0.05139359780757    0.23871315591625   -1.74709123261049
  -0.05158339502969    0.23959472669175   -1.74776000000055
  -0.05415376057699    0.25153356922915   -1.75747102728115
  -0.05512258565642    0.25603357121592   -1.76083027005371
  -0.05688016295503    0.26419717216266   -1.76794335285069
  -0.05823180378646    0.27047527804159   -1.77360409014981
  -0.05962628788944    0.27695238249234   -1.77889388645975
  -0.06186917518016    0.28737015292232   -1.78702987909804
  -0.06217882545299    0.28880841755084   -1.78801963223679
  -0.06501984888980    0.30200441276354   -1.79833285859102
  -0.06534321907483    0.30350640368635   -1.79926241424250
  -0.06771449877081    0.31452053159206   -1.80835896845952
  -0.06863375337826    0.31879028848393   -1.81203222798149
  -0.07039690662394    0.32697978860836   -1.81911439203628
  -0.07210634527787    0.33491979501639   -1.82537131435778
  -0.07315807296742    0.33980486332542   -1.82931512660532
  -0.07536783412428    0.35006876937750   -1.83818625593571
  -0.07583273542786    0.35222814451570   -1.83992814333840
  -0.07852141328826    0.36471652448279   -1.84904217425648
  -0.07905810738327    0.36720936302005   -1.85122800645866
  -0.08130869266423    0.37766288910102   -1.85997821695051
  -0.08246485161804    0.38303302009745   -1.86410191237769
  -0.08395220322772    0.38994147585554   -1.87010982339230
  -0.08568681791278    0.39799841997766   -1.87702756717068
  -0.08676060866528    0.40298596687566   -1.88064212611776
  -0.08927561868820    0.41466769388726   -1.88986889782319
  -0.08945861909658    0.41551769479948   -1.89059745819848
  -0.09211444748321    0.42785349542038   -1.90064488460502
  -0.09278315520248    0.43095951128347   -1.90306755246879
  -0.09487010279682    0.44065297248740   -1.91087479487967
  -0.09596887524702    0.44575655445888   -1.91533311737338
  -0.09761394014082    0.45339755740943   -1.92210413818757
  -0.09955816209102    0.46242808606149   -1.92903972731210
  -0.10026754203098    0.46572301639201   -1.93210183599384
  -0.10271802398982    0.47710502323459   -1.94126583909464
  -0.10302688743857    0.47853963321997   -1.94227122901706
  -0.10569741306326    0.49094369962160   -1.95228491453628
  -0.10636675729069    0.49405267193997   -1.95470964753818
  -0.10849650966912    0.50394495294895   -1.96215801568844
  -0.10998040654353    0.51083736214107   -1.96736893856933
  -0.11115934791107    0.51631331296939   -1.97237543821996
  -0.11317663483463    0.52568321405540   -1.98047919171387
  -0.11384538270020    0.52878941639018   -1.98295407337249
  -0.11654461541887    0.54132682159849   -1.99190511272005
  -0.11690903242840    0.54301946694978   -1.99334790166816
  -0.11928748709408    0.55406692117889   -2.00228869468302
  -0.12030573840525    0.55879649829303   -2.00630524355336
  -0.12204240294160    0.56686296357130   -2.01335034127601
  -0.12344247008298    0.57336600013757   -2.01871742489360
  -0.12483546280247    0.57983617740520   -2.02424880759263
  -0.12709407259572    0.59032697576787   -2.03213660345802
  -0.12741152240678    0.59180146771773   -2.03307987302961
  -0.13022486082492    0.60486887146266   -2.04369404006506
  -0.13054032500379    0.60633414054145   -2.04466731963894
  -0.13287101732703    0.61715974808181   -2.05393163569261
  -0.13376364048548    0.62130580712975   -2.05758003884138
  -0.13559417177201    0.62980826500491   -2.06440071584351
  -0.13742077490847    0.63829247739541   -2.07106279869989
  -0.13830456865266    0.64239752555032   -2.07491217652102
  -0.14038049125628    0.65203977784023   -2.08356378230281
  -0.14104633369307    0.65513248502966   -2.08601613239296
  -0.14361283244339    0.66705336705541   -2.09646018393725
  -0.14379115866700    0.66788165729848   -2.09722055137716
  -0.14655367712913    0.68071301234084   -2.10821657487748
  -0.14673653016418    0.68156232873291   -2.10894743425868
  -0.14914002648041    0.69272609650471   -2.11866994949928
  -0.15001568750057    0.69679336975572   -2.12252434656957
  -0.15192733604791    0.70567260135661   -2.13036856832177
  -0.15322535023528    0.71170162201891   -2.13557228452265
  -0.15461215842902    0.71814307338057   -2.14186928912110
  -0.15616402401097    0.72535118385403   -2.14814336876880
  -0.15736493681360    0.73092918767796   -2.15295683916838
  -0.15939904268874    0.74037720948682   -2.16103467902558
  -0.16010665455974    0.74366392748473   -2.16420108717659
  -0.16262039664054    0.75533976515451   -2.17395909442020
  -0.16279851142523    0.75616707330535   -2.17471696189987
  -0.16551858899235    0.76880129873586   -2.18603875638928
  -0.16569367514504    0.76961453948662   -2.18681724624982
  -0.16828177744737    0.78163576576342   -2.19702282341891
  -0.16883338008227    0.78419785153682   -2.19939327384380
  -0.17088537112949    0.79372894645314   -2.20820110961363
  -0.17192730605557    0.79856852930150   -2.21289361693680
  -0.17369842078119    0.80679500893469   -2.21966173374719
  -0.17520013739290    0.81377018730254   -2.22557906827177
  -0.17636189807783    0.81916633723854   -2.23059602924031
  -0.17824660016772    0.82792040784327   -2.23851568207861
  -0.17907895904655    0.83178655116261   -2.24189442822547
  -0.18127887550071    0.84200473050651   -2.25159760035227
  -0.18176200869624    0.84424878919770   -2.25332986974305
  -0.18451999942618    0.85705911381432   -2.26356388095654
  -0.18470003614793    0.85789534898491   -2.26430646308784
  -0.18722129175086    0.86960608548758   -2.27501236554672
  -0.18773456718894    0.87199014896835   -2.27732888772103
  -0.19005479231000    0.88276713841278   -2.28819449542074
  -0.19049947151628    0.88483258588542   -2.29011585466560
  -0.19256013410418    0.89440395840301   -2.29731980234894
  -0.19397307153552    0.90096677493537   -2.30347304437454
  -0.19535515400329    0.90738627622913   -2.30898521315239
  -0.19716484884398    0.91579195291059   -2.31654660143469
  -0.19804036075053    0.91985853355817   -2.32046766164304
  -0.20025625424771    0.93015092312520   -2.32930506297866
  -0.20078990639387    0.93262963240816   -2.33158452343693
  -0.20335095171659    0.94452518433508   -2.34200837881189
  -0.20352679476042    0.94534194069635   -2.34278230535793
  -0.20626795906495    0.95807410987567   -2.35393317336360
  -0.20644560577654    0.95889924391905   -2.35469477906803
  -0.20898358862372    0.97068767518203   -2.36443121398604
  -0.20968991119405    0.97396840463181   -2.36759615247483
  -0.21182523631246    0.98388656992219   -2.37665221748251
  -0.21276994975596    0.98827457810131   -2.38031981601011
  -0.21437438017646    0.99572684191365   -2.38730740628066
  -0.21574928574662    1.00211300792927   -2.39366538635531
  -0.21711783079468    1.00846963057048   -2.39840128190110
  -0.21915053937372    1.01791116221369   -2.40656365450353
  -0.21983764513133    1.02110263334717   -2.40976850408754
  -0.22220238388652    1.03208637986908   -2.41949842174376
  -0.22255510815744    1.03372471474877   -2.42106860039513
  -0.22528209534268    1.04639103399674   -2.43144989963873
  -0.22546215784319    1.04722738890459   -2.43219258535949
  -0.22806414296048    1.05931309812698   -2.44324097234452
  -0.22854208045827    1.06153302382388   -2.44508183625661
  -0.23066511216006    1.07139408861140   -2.45436392255655
  -0.23153628186110    1.07544050056824   -2.45828141140206
  -0.23343527200803    1.08426093638836   -2.46535285371221
  -0.23481061235998    1.09064912187993   -2.47094924875466
  -0.23614276541258    1.09683671085822   -2.47676354158634
  -0.23785827316299    1.10480490702604   -2.48389517557776
  -0.23895750269522    1.10991061205368   -2.48811700876786
  -0.24090572881878    1.11895973930363   -2.49692333022200
  -0.24159531006587    1.12216270859894   -2.50003992937232
  -0.24411455051827    1.13386408512363   -2.50990205757768
  -0.24429042129241    1.13468097028675   -2.51067609597787
  -0.24699083861070    1.14722387772735   -2.52126571652368
  -0.24734618820496    1.14887440671767   -2.52278915067030
  -0.24975727371257    1.16007342479111   -2.53310939141661
  -0.25041063267808    1.16310814871114   -2.53569033684624
  -0.25243057538068    1.17249038536857   -2.54384690031449
  -0.25362510622978    1.17803874627326   -2.54865917860493
  -0.25519718871665    1.18534076029467   -2.55570052263872
  -0.25668599415544    1.19225596880312   -2.56156041811699
  -0.25786981633422    1.19775459003993   -2.56643264635915
  -0.25990921700236    1.20722720512115   -2.57449820635353
  -0.26062057484365    1.21053132241445   -2.57753804685170
  -0.26300589916864    1.22161068486021   -2.58720085100951
  -0.26337287417823    1.22331521161876   -2.58883124641509
  -0.26586323726120    1.23488245844080   -2.60029246403488
  -0.26603614982388    1.23568560329340   -2.60108430038567
  -0.26876861783291    1.24837737989010   -2.61066303167267
  -0.26930833774854    1.25088427276914   -2.61298655966460
  -0.27150778297907    1.26110026337188   -2.62269793303921
  -0.27234234662863    1.26497664741772   -2.62597727309002
  -0.27418183313792    1.27352070054167   -2.63341883781333
  -0.27556414427833    1.27994126397491   -2.63892009607860
  -0.27698041153149    1.28651954687481   -2.64509256989104
  -0.27860916257881    1.29408477521635   -2.65193933251677
  -0.27961230116501    1.29874415669477   -2.65605621689447
  -0.28155521097001    1.30776859069037   -2.66451658321311
  -0.28238914544575    1.31164205234754   -2.66788449097419
  -0.28475107712544    1.32261276055575   -2.67762257925145
  -0.28510288292308    1.32424682930764   -2.67917090325839
  -0.28776219474881    1.33659880981819   -2.68918870765297
  -0.28811760927155    1.33824964038857   -2.69071238789879
  -0.29048637466738    1.34925208986450   -2.70045564915923
  -0.29118072334767    1.35247720294955   -2.70360993800713
  -0.29323558845044    1.36202164728875   -2.71157450494864
  -0.29428130104788    1.36687877667768   -2.71632640320069
  -0.29593780348569    1.37457290477110   -2.72379451925979
  -0.29731126371858    1.38095235747933   -2.72934800581355
  -0.29876420096241    1.38770096527522   -2.73521537583062
  -0.30068876027795    1.39664016485570   -2.74239442984444
  -0.30133186241518    1.39962724782523   -2.74498860151389
  -0.30377169595069    1.41095979483534   -2.75516720154725
  -0.30412923817888    1.41262050817912   -2.75667521994105
  -0.30683301403366    1.42517901536130   -2.76726572635340
  -0.30701073783833    1.42600450748686   -2.76802762758752
  -0.30955762942997    1.43783431811607   -2.77854554596716
  -0.31020929240298    1.44086116448441   -2.78112117633686
  -0.31227399459527    1.45045130017008   -2.78985901065706
  -0.31329205779522    1.45518000354462   -2.79390223626662
  -0.31500940460286    1.46315674177163   -2.80191323369674
  -0.31615630331651    1.46848386077343   -2.80695964173881
  -0.31766493692969    1.47549116725296   -2.81273635720838
  -0.31937773607786    1.48344678249593   -2.81991767229578
  -0.32043142802177    1.48834097438022   -2.82457587146343
  -0.32270032838677    1.49887957042514   -2.83323151385981
  -0.32306097572558    1.50055470639719   -2.83478497377482
  -0.32578800255784    1.51322120979775   -2.84523363465176
  -0.32596623709850    1.51404907419156   -2.84599196680195
  -0.32858964953569    1.52623430910151   -2.85767618398016
  -0.32876485645382    1.52704811078397   -2.85845515064764
  -0.33122976619247    1.53849713182673   -2.86858171558632
  -0.33208454448399    1.54246740890950   -2.87189016801722
  -0.33401638817210    1.55144044296819   -2.87953134825299
  -0.33509535453375    1.55645202955302   -2.88400016624363
  -0.33675913767251    1.56417997507066   -2.89073841945730
  -0.33840950684249    1.57184561534105   -2.89744033088780
  -0.33943558408761    1.57661154237951   -2.90224571581350
  -0.34103559565062    1.58404328146770   -2.90995571548746
  -0.34222213308414    1.58955451452884   -2.91479341251618
  -0.34465951303425    1.60087566511723   -2.92349928503376
  -0.34483095276219    1.60167196894205   -2.92425162668191
  -0.34760999975309    1.61458009575043   -2.93526553759775
  -0.34779016561124    1.61541693073417   -2.93600860358053
  -0.35030503953657    1.62709802559925   -2.94670016048886
  -0.35083146972161    1.62954319029292   -2.94904690507145
  -0.35302322246964    1.63972345082709   -2.95801293070290
  -0.35390324894615    1.64381100076442   -2.96188959628960
  -0.35578352893142    1.65254453156279   -2.96991505943504
  -0.35696808172423    1.65804654635808   -2.97478361340276
  -0.35853122587072    1.66530704354604   -2.98103350664687
  -0.36020137365683    1.67306455159910   -2.98768695621425
  -0.36123091076343    1.67784654901385   -2.99249474972724
  -0.36330057009702    1.68745970964609   -3.00032430945182
  -0.36404368975454    1.69091135433018   -3.00335796325126
  -0.36641543039102    1.70192762321388   -3.01387193808098
  -0.36658446399700    1.70271275107535   -3.01470470202741
  -0.36943113845613    1.71593499417553   -3.02522427816771
  -0.36962021441041    1.71681321480377   -3.02588710941842
  -0.37210082432489    1.72833516007604   -3.03613760430324
  -0.37293907681109    1.73222867804270   -3.03942605880445
  -0.37478507760758    1.74080298874972   -3.04761794036269
  -0.37596692261962    1.74629242643580   -3.05253064188433
  -0.37748691554627    1.75335249469274   -3.05824954267329
  -0.37919885985121    1.76130413935703   -3.06543004428673
  -0.38025339943792    1.76620226837546   -3.07009062301637
  -0.38199659907509    1.77429908791199   -3.07794358715966
  -0.38298635479239    1.77889630859588   -3.08214774416671
  -0.38534644085531    1.78985844427717   -3.09112861807918
  -0.38574847538849    1.79172581562878   -3.09325436937838
  -0.38830876375550    1.80361785164526   -3.10292891032157
  -0.38880336226484    1.80591516446460   -3.10458284624992
  -0.39116392816400    1.81687952889081   -3.11512394530961
  -0.39152776553438    1.81856948193222   -3.11667930183387
  -0.39389323379524    1.82955661686457   -3.12640413598163
  -0.39473495215653    1.83346623313952   -3.12967845078587
  -0.39658489088522    1.84205883476728   -3.13788317361324
  -0.39776218589759    1.84752713859955   -3.14278979748647
  -0.39929496439743    1.85464659332984   -3.14923735926242
  -0.40098719650544    1.86250667871553   -3.15574420222060
  -0.40201000278470    1.86725741276079   -3.15976589571608
  -0.40405731016017    1.87676675294281   -3.16861279794608
  -0.40470202295888    1.87976131711820   -3.17120499028333
  -0.40707887721350    1.89080133775265   -3.18173636635711
  -0.40743736017771    1.89246642063028   -3.18329220073318
  -0.41012689648100    1.90495878789580   -3.19314148453670
  -0.41048255581210    1.90661075555285   -3.19466604908614
  -0.41288769354911    1.91778214740141   -3.20421542299993
  -0.41373771660970    1.92173033737160   -3.20744701543210
  -0.41562482445726    1.93049558224765   -3.21624271529466
  -0.41663090710191    1.93516863829863   -3.22035525149312
  -0.41828669981046    1.94285946983922   -3.22627453581607
  -0.41999812235019    1.95080869100668   -3.23345505090325
  -0.42102264247161    1.95556738551178   -3.23825742361475
  -0.42288906521467    1.96423655214490   -3.24637647594378
  -0.42377190908265    1.96833718831160   -3.25024770101826
  -0.42611766231858    1.97923275082985   -3.25932753460567
  -0.42646328241150    1.98083808819967   -3.26087883118191
  -0.42904544306076    1.99283171666631   -3.27204518702173
  -0.42922110165868    1.99364761631256   -3.27282238878032
  -0.43188989343975    2.00604362935158   -3.28281976763713
  -0.43241410534387    2.00847849056658   -3.28511696927464
  -0.43465009044068    2.01886420166311   -3.29390313513046
  -0.43564460274762    2.02348351577058   -3.29804437943174
  -0.43733792497041    2.03134866452509   -3.30537292964178
  -0.43872859574353    2.03780805680844   -3.31089165300666
  -0.44010821712048    2.04421612681934   -3.31723374444609
  -0.44162986430303    2.05128387876961   -3.32374487729127
  -0.44284779378796    2.05694092173671   -3.32842252450498
  -0.44486277763146    2.06630012546872   -3.33666033727969
  -0.44557162038738    2.06959256068501   -3.33972155087972
  -0.44805517900946    2.08112820212424   -3.34978464536848
  -0.44822827676901    2.08193220717990   -3.35057716799925
  -0.45097681544408    2.09469862886026   -3.36176111126930
  -0.45115469352648    2.09552483757553   -3.36252356645209
  -0.45362417240757    2.10699508138648   -3.37262552724670
  -0.45434254729625    2.11033179148505   -3.37577423671209
  -0.45642117524161    2.11998660955541   -3.38436894879473
  -0.45744060241192    2.12472164830404   -3.38841607904456
  -0.45910369083035    2.13244636698240   -3.39507060843566
  -0.46053010609851    2.13907178541651   -3.40118064502647
  -0.46187458937748    2.14531664587174   -3.40692586994105
  -0.46377925622228    2.15416344883720   -3.41398153948633
  -0.46468058847108    2.15834995989733   -3.41783578429295
  -0.46680646049169    2.16822421740727   -3.42712845528222
  -0.46729448388376    2.17049099009979   -3.42892272664580
  -0.47002426119498    2.18317026893429   -3.43933862922558
  -0.47020216291656    2.18399658744894   -3.44010116900437
  -0.47275409845912    2.19584982623832   -3.45140040603954
  -0.47310369190510    2.19747361905178   -3.45298075436536
  -0.47539598506679    2.20812087003742   -3.46150629624415
  -0.47645348259003    2.21303273808937   -3.46621153580615
  -0.47818875130791    2.22109272006530   -3.47327816050021
  -0.47955322887011    2.22743045003449   -3.47890578994437
  -0.48092284136154    2.23379203074027   -3.48531517205584
  -0.48231351283523    2.24025142627760   -3.49162902060563
  -0.48366611343222    2.24653399007884   -3.49651010263539
  -0.48571026333150    2.25602866440485   -3.50458377179355
  -0.48636553664531    2.25907228009627   -3.50713675345130
  -0.48890791842782    2.27088114354887   -3.51770390102062
  -0.48908365138986    2.27169738860187   -3.51848137176813
  -0.49180023867314    2.28431540235023   -3.52982321627688
  -0.49197563148496    2.28513006747239   -3.53060285716600
  -0.49455877975786    2.29712828325663   -3.54093274758525
  -0.49521058230014    2.30015577789678   -3.54350731775083
  -0.49717159839974    2.30926431207049   -3.55197072967992
  -0.49837120971164    2.31483627072589   -3.55688354041554
  -0.49996206298498    2.32222547135940   -3.56380026656788
  -0.50135274956475    2.32868493706152   -3.56928580439893
  -0.50272827026800    2.33507396024942   -3.57486301790440
  -0.50456070623532    2.34358526499231   -3.58234474938846
  -0.50540469287587    2.34750541697834   -3.58563500050700
  -0.50781956956923    2.35872204436413   -3.59513818810123
  -0.50813479830855    2.36018621987252   -3.59609440936936
  -0.51085290338542    2.37281128347365   -3.60742006860033
  -0.51102832125598    2.37362606498869   -3.60819980125282
  -0.51353223480731    2.38525625107175   -3.61816362546126
  -0.51422072850229    2.38845416890139   -3.62130684681676
  -0.51630527534637    2.39813647909240   -3.63161283907065
  -0.51694322241150    2.40109961776569   -3.63423986091516
  -0.51893935951225    2.41037128208360   -3.64101660089671
  -0.52031886587406    2.41677881787180   -3.64738938212305
  -0.52173768857346    2.42336897031698   -3.65353720577655
  -0.52340637238882    2.43111967851378   -3.66015771685437
  -0.52446310133875    2.43602797669384   -3.66482372559618
  -0.52663861223653    2.44613279702738   -3.67311962516881
  -0.52715121474503    2.44851373488259   -3.67546863419438
  -0.52970152725453    2.46035943500256   -3.68604272501007
  -0.52987770585012    2.46117774993581   -3.68681789079577
  -0.53263115403506    2.47396697532413   -3.69796086346100
  -0.53280660149218    2.47478189426292   -3.69874070601217
  -0.53531096424173    2.48641416678338   -3.70870603601047
  -0.53602809850286    2.48974511441096   -3.71177526549031
  -0.53812111765700    2.49946677681625   -3.72116633089472
  -0.53883597884819    2.50278716648094   -3.72416015328362
  -0.54076999430804    2.51177028799230   -3.73514152785138
  -0.54109804365647    2.51329401270901   -3.73760206778324
  -0.54217015356571    2.51827375242057   -3.75036116578673
  -0.54271142577438    2.52078785539554   -3.76323807600779
  -0.54306467072161    2.52242860871430   -3.77615984764537
  -0.54308897241529    2.52254148530283   -3.78909130360247
  -0.54317640679883    2.52294760082150   -3.80201959953113
  -0.54333841624378    2.52370010283616   -3.81496928830040
  -0.54335133848918    2.52376012412508   -3.82787601838595
  -0.54342815290215    2.52411691196871   -3.84080126384415
  -0.54351894009991    2.52453860065015   -3.84163331947518
  -0.54362183186888    2.52501651268466   -3.85373336236276
  -0.54368862193883    2.52532673942618   -3.86668491715612
  -0.54370138021187    2.52538599909567   -3.87959035022181
  -0.54393527341033    2.52647238701038   -3.89252578138442
  -0.54404651242569    2.52698907036299   -3.90544859231205
  -0.54404907977323    2.52700099518750   -3.91837758114554
  -0.54412639216551    2.52736009604712   -3.93130681955315
  -0.54406475152478    2.52707378739179   -3.94421609611960
  -0.54363918992738    2.52509713745316   -3.95699310506603
  -0.54349265927291    2.52441653137656   -3.95782627925875
  -0.54215185319336    2.51818875078956   -3.96977551304869
  -0.54082423136910    2.51202220847588   -3.97774963521253
  -0.53980509134445    2.50728850346237   -3.98259281173903
  -0.53814866601042    2.49959473350085   -3.98925152448625
  -0.53678982406486    2.49328317986276   -3.99570910778856
  -0.53542560532967    2.48694665209415   -4.00209770207181
  -0.53375077440549    2.47916739178560   -4.00868709484447
  -0.53274784123190    2.47450896440842   -4.01280811165688
  -0.53080483406529    2.46548407818722   -4.02124885557118
  -0.52995544825875    2.46153884813684   -4.02454694696782
  -0.52761979077259    2.45069017839107   -4.03444910471455
  -0.52727695146831    2.44909775723767   -4.03606596331439
  -0.52464381234819    2.43686734379817   -4.04696242342800
  -0.52447396332866    2.43607842850114   -4.04776962987104
  -0.52195922382056    2.42439795797768   -4.05849309963825
  -0.52142485099901    2.42191590129921   -4.06076662467848
  -0.51908560507280    2.41105056395504   -4.07059397190098
  -0.51844371232058    2.40806909834106   -4.07319429258127
  -0.51644419954366    2.39878175467112   -4.08143908344837
  -0.51539980861456    2.39393076417169   -4.08614814892268
  -0.51368748173181    2.38597734250869   -4.09337298882811
  -0.51237105305076    2.37986279014426   -4.09922514533689
  -0.51104932936688    2.37372364353285   -4.10425726509928
  -0.50915697597906    2.36493403415376   -4.11219529182613
  -0.50825175317582    2.36072945223328   -4.11597288228955
  -0.50638349879378    2.35205177799728   -4.12485228948352
  -0.50557118798206    2.34827875400747   -4.12822260370722
  -0.50316722319725    2.33711281029122   -4.13775531255781
  -0.50281628738934    2.33548278247060   -4.13938064277932
  -0.50021595378638    2.32340474420751   -4.14969901663577
  -0.49985592176134    2.32173246624689   -4.15118394767648
  -0.49738070469014    2.31023556967127   -4.16198075668663
  -0.49704103050683    2.30865784988242   -4.16359520923679
  -0.49478600501029    2.29818369987318   -4.17228533291115
  -0.49373544781172    2.29330406826460   -4.17695674408925
  -0.49202717108684    2.28536945878852   -4.18416680451647
  -0.49067680678866    2.27909728215550   -4.18986136403508
  -0.48926997165294    2.27256280958639   -4.19608331804194
  -0.48778379015018    2.26565978874482   -4.20274281885352
  -0.48658950785121    2.26011258230659   -4.20755990877631
  -0.48453471173683    2.25056845840490   -4.21553200510091
  -0.48383455942384    2.24731638858718   -4.21868371360133
  -0.48179658165904    2.23785038261216   -4.22837056229652
  -0.48115652999411    2.23487746848665   -4.23097809978025
  -0.47874723596341    2.22368677147118   -4.24129948888547
  -0.47839886466042    2.22206865527159   -4.24268697525459
  -0.47563977713622    2.20925323626128   -4.25311000968291
  -0.47546687713462    2.20845014975245   -4.25389960992879
  -0.47300339796398    2.19700777341680   -4.26406704010560
  -0.47230012711781    2.19374121862566   -4.26716268509978
  -0.47024453020420    2.18419337516903   -4.27595377581102
  -0.46923949008630    2.17952516144976   -4.28006461220501
  -0.46756945625862    2.17176818271119   -4.28748136138415
  -0.46621916349477    2.16549633834106   -4.29317606340554
  -0.46480932985864    2.15894793832720   -4.29934468589384
  -0.46326468688114    2.15177337543117   -4.30571122153149
  -0.46205418092303    2.14615081328642   -4.31048145514023
  -0.45993266739166    2.13629680010195   -4.31899409670296
  -0.45941867221480    2.13390939357607   -4.32139696405658
  -0.45721097226335    2.12365506141780   -4.33189131519378
  -0.45669773895907    2.12127119364027   -4.33425578760828
  -0.45405694685684    2.10900523360372   -4.34434586439683
  -0.45388720570000    2.10821681930762   -4.34515350938688
  -0.45130513736140    2.09622361960589   -4.35550992922896
  -0.45077084431701    2.09374193347662   -4.35778365945751
  -0.44850556651298    2.08322016351509   -4.36628344287843
  -0.44732024201571    2.07771456430433   -4.37034236365430
  -0.44582933548181    2.07078959662224   -4.37456065222563
  -0.44311208545471    2.05816850455917   -4.38100127258994
  -0.44192862742207    2.05267157470958   -4.38348133118860
  -0.44042216604666    2.04567435784735   -4.38616912991459
  -0.43767403527904    2.03290983081685   -4.39068765670755
  -0.43502340432192    2.02059817123403   -4.39617163190847
  -0.43465444943685    2.01888444834316   -4.39683706027361
  -0.43221480682173    2.00755278812078   -4.40161105722986
  -0.42955106727783    1.99518024172996   -4.40552162879196
  -0.42783038884683    1.98718802876760   -4.40931075133582
  -0.42680697663131    1.98243448026756   -4.41160269065315
  -0.42406047969277    1.96967754205185   -4.41613259874134
  -0.42136636590717    1.95716391328112   -4.42049221745322
  -0.42067518900635    1.95395353248799   -4.42196608940681
  -0.41867693277972    1.94467202524706   -4.42567729851540
  -0.41596014903724    1.93205309898433   -4.43051753340268
  -0.41346263281915    1.92045262725621   -4.43584065015158
  -0.41327588765531    1.91958523269127   -4.43648617347037
  -0.41049437445659    1.90666565083255   -4.44064315418873
  -0.40780411108992    1.89416990650058   -4.44502834541531
  -0.40626766870836    1.88703343376014   -4.44816825060693
  -0.40508572634362    1.88154354388991   -4.45067258048927
  -0.40236747286406    1.86891779098748   -4.45551019884454
  -0.39964934790826    1.85629263505263   -4.46034853961573
  -0.39946204329704    1.85542264196461   -4.46094672150998
  -0.39696327060443    1.84381633415942   -4.46552256778973
  -0.39421290521207    1.83104142773640   -4.47002471070015
  -0.39217870317831    1.82159295928963   -4.47410570887936
  -0.39152871439052    1.81857388918242   -4.47518757441603
  -0.38877636931895    1.80578978753875   -4.47970053891918
  -0.38608927818593    1.79330877760831   -4.48487762269274
  -0.38505650484723    1.78851174853188   -4.48715331882269
  -0.38334067646945    1.78054206311299   -4.49098870240763
  -0.38062206741707    1.76791465864470   -4.49502043090245
  -0.37793157462401    1.75541784867227   -4.49940493214184
  -0.37774265290745    1.75454034444791   -4.49997810567888
  -0.37521755043066    1.74281173997264   -4.50503186736996
  -0.37243739938080    1.72989848502750   -4.50999901793763
  -0.37108835335496    1.72363243151027   -4.51253285485038
  -0.36975030809986    1.71741747441002   -4.51517914987079
  -0.36697719486242    1.70453690871969   -4.52024023035234
  -0.36431218499704    1.69215846193543   -4.52486016149455
  -0.36412544499126    1.69129109132861   -4.52550574448061
  -0.36159534994556    1.67953929735247   -4.53050335829521
  -0.35887817153141    1.66691853791746   -4.53453232412184
  -0.35699086949668    1.65815239108020   -4.53835813116114
  -0.35615804803984    1.65428409917694   -4.54018200390602
  -0.35344215159128    1.64166929422000   -4.54420919018197
  -0.35072303747095    1.62903954381044   -4.54904863130108
  -0.34968593077724    1.62422238715206   -4.55126039711720
  -0.34800304097542    1.61640569494153   -4.55469820944829
  -0.34525476948671    1.60364051428928   -4.55919566049100
  -0.34259878304694    1.59130397954263   -4.56390483403576
  -0.34226962559216    1.58977510788979   -4.56485921143048
  -0.33987977105583    1.57867470350319   -4.56955949682019
  -0.33713449664769    1.56592344370080   -4.57404873254379
  -0.33542320585713    1.55797483448228   -4.57712167461460
  -0.33437836370834    1.55312174815614   -4.57937581211362
  -0.33166971865262    1.54054062449308   -4.58579595363274
  -0.33028750511263    1.53412051439460   -4.58953068780708
  -0.32880699651038    1.52724384306040   -4.60151741369027
  -0.32850284781773    1.52583113219002   -4.60315402536792
      
      
