# shadow point cont 3D ind 320  size 973
# norm -0.8090170 -0.5877853  0.0000000
# angle  2.5132741
   1.05997404980555   -1.45892911832097   -4.59068571913878
   1.06295307459938   -1.46302939418783   -4.58442609860117
   1.06701128030380   -1.46861503514895   -4.57757501742610
   1.07016660524927   -1.47295796735710   -4.57398547456250
   1.07788097216744   -1.48357588251116   -4.56680932644697
   1.08062053988662   -1.48734657398974   -4.56429037589708
   1.08530927649323   -1.49380006628493   -4.55931788906059
   1.09253792181990   -1.50374944302207   -4.55131659182657
   1.09305949117864   -1.50446732165770   -4.55067098584084
   1.10054679254155   -1.51477270788673   -4.54323165855970
   1.10576971491262   -1.52196144381029   -4.53837556702338
   1.10823149755932   -1.52534979693735   -4.53540399799274
   1.11574672155851   -1.53569361537812   -4.52718830074086
   1.11717622967872   -1.53766116450994   -4.52548665599652
   1.12332700908739   -1.54612698608484   -4.51978997185573
   1.13040443255753   -1.55586822379266   -4.51254197635841
   1.13089495207369   -1.55654336598634   -4.51177648378079
   1.13859223527891   -1.56713776742676   -4.50391273380262
   1.14275797403591   -1.57287141493729   -4.49973565115921
   1.14601688903540   -1.57735692662294   -4.49636343883125
   1.15387008726768   -1.58816592668773   -4.48884096101391
   1.15564693361399   -1.59061154587425   -4.48701726821789
   1.16119391683331   -1.59824631329048   -4.48103082958927
   1.16792880046568   -1.60751608535854   -4.47393619275784
   1.16884116677320   -1.60877184984906   -4.47303627895155
   1.17643694002582   -1.61922653482597   -4.46494079858734
   1.18019674335265   -1.62440146014954   -4.46088410192411
   1.18396808163127   -1.62959226197222   -4.45679137327636
   1.19156284120104   -1.64004555173438   -4.44951270970036
   1.19302235834898   -1.64205440474942   -4.44787018697910
   1.19931113971916   -1.65071016972913   -4.44097865114808
   1.20527177196986   -1.65891427619357   -4.43498967456725
   1.20668348364034   -1.66085733061373   -4.43335077972625
   1.21440954897860   -1.67149134726170   -4.42532113176007
   1.21723312514636   -1.67537766645008   -4.42214979814642
   1.22208044144710   -1.68204942496921   -4.41679620819378
   1.22944672174326   -1.69218823998998   -4.40995479887895
   1.22992762955968   -1.69285015281391   -4.40916179143255
   1.23717703784818   -1.70282810731631   -4.40191540807322
   1.24152232024013   -1.70880887543994   -4.39665622692774
   1.24474295856739   -1.71324170380595   -4.39318502365489
   1.25227145800258   -1.72360379431682   -4.38646019918367
   1.25513454200709   -1.72754449137743   -4.38322845958713
   1.25993071836506   -1.73414586180393   -4.37773971401163
   1.26642327743436   -1.74308210272450   -4.37042618975902
   1.26734887313326   -1.74435607591014   -4.36957405094173
   1.27507173203024   -1.75498567927030   -4.35992017949051
   1.27692403847052   -1.75753516036586   -4.35754189007949
   1.28257710083352   -1.76531593319760   -4.35099646505956
   1.28730532583463   -1.77182377660504   -4.34458556132421
   1.29015051776667   -1.77573984734057   -4.34054844920627
   1.29677516678211   -1.78485789447489   -4.33167300999646
   1.29770012398482   -1.78613098884591   -4.33081960073780
   1.30537859569449   -1.79669949848395   -4.31959745091311
   1.30630587759186   -1.79797579252267   -4.31874158569373
   1.31296691506756   -1.80714392407580   -4.30991000542816
   1.31583118038687   -1.81108624707674   -4.30590197086250
   1.32075440239551   -1.81786248083989   -4.29905660642126
   1.32573253514660   -1.82471429275619   -4.29299306989246
   1.32808163488346   -1.82794755116340   -4.28972176116892
   1.33524915985393   -1.83781280294727   -4.27998791994637
   1.33573587730553   -1.83848271204803   -4.27921048276846
   1.34325383551022   -1.84883029379982   -4.27023905488926
   1.34517522008991   -1.85147485279759   -4.26702879817150
   1.35086639569486   -1.85930808400646   -4.25976280782694
   1.35514141103264   -1.86519213782712   -4.25408990001913
   1.35850073542283   -1.86981585118278   -4.24934059515791
   1.36462768299126   -1.87824887104365   -4.24123817421068
   1.36603773928214   -1.88018964702925   -4.23959541964305
   1.37367284316807   -1.89069846597877   -4.22917988913973
   1.37459842730131   -1.89197242324564   -4.22832007711522
   1.38138712457511   -1.90131626343684   -4.21740586412273
   1.38313842255670   -1.90372671831606   -4.21546445503101
   1.38873874108934   -1.91143489549327   -4.20962119287851
   1.39401493815120   -1.91869695773806   -4.20242096420667
   1.39643816332599   -1.92203224105787   -4.19850287164769
   1.40354350436986   -1.93181190400943   -4.18956894061217
   1.40403129768232   -1.93248329390563   -4.18879402734742
   1.41153983640782   -1.94281791085657   -4.17895583283684
   1.41298503173819   -1.94480705158083   -4.17658509621062
   1.41921216925693   -1.95337797107791   -4.16859553809440
   1.42295401434960   -1.95852817901268   -4.16382584246969
   1.42668951103459   -1.96366964911387   -4.15887322368142
   1.43195892811981   -1.97092237952138   -4.15081928644473
   1.43432648520871   -1.97418104229424   -4.14758194674875
   1.44156468060441   -1.98414356357371   -4.13805454629203
   1.44207545821591   -1.98484658864356   -4.13734068057449
   1.44944243249181   -1.99498635884549   -4.12892161518063
   1.45279484342048   -1.99960055663770   -4.12484696264133
   1.45726266222333   -2.00574998166189   -4.11722814945704
   1.46100161079132   -2.01089620287243   -4.11221798727425
   1.46484819365363   -2.01619056997972   -4.10750243925478
   1.47093834567888   -2.02457294512018   -4.09942089688514
   1.47236136028793   -2.02653155670065   -4.09699923916242
   1.47992604271089   -2.03694344882172   -4.08785637337910
   1.48093973283310   -2.03833867357889   -4.08640848033370
   1.48763284136432   -2.04755094715301   -4.07692043910578
   1.48998010535156   -2.05078167886762   -4.07363497072495
   1.49510649313483   -2.05783754632984   -4.06698224510060
   1.49997723594897   -2.06454154867849   -4.06075747619057
   1.50291277656741   -2.06858197371252   -4.05693942986177
   1.50942090756147   -2.07753964754880   -4.04780194385631
   1.51029223711848   -2.07873892979784   -4.04683631392020
   1.51808390046915   -2.08946323436410   -4.03753454393767
   1.51993823625035   -2.09201550860782   -4.03507048812860
   1.52548933176572   -2.09965593611399   -4.02674046386231
   1.52928070201719   -2.10487430958193   -4.02180237613528
   1.53317293531227   -2.11023150911954   -4.01636783872974
   1.53876541186413   -2.11792889273616   -4.00888700953915
   1.54065049181537   -2.12052348269970   -4.00643817258297
   1.54827608682186   -2.13101921379947   -3.99692768564484
   1.54875046220658   -2.13167213550251   -3.99612048093641
   1.55583072370074   -2.14141727941529   -3.98704617694130
   1.55868269916723   -2.14534268688498   -3.98305592198700
   1.56354253306994   -2.15203167440516   -3.97603867325576
   1.56853369150643   -2.15890141463936   -3.96999056371321
   1.57084908712539   -2.16208828330804   -3.96746262665026
   1.57809488806813   -2.17206127272496   -3.95707799555285
   1.57860130528089   -2.17275829622082   -3.95634735277323
   1.58623472788158   -2.18326480107973   -3.94527688540922
   1.58670912324536   -2.18391775028159   -3.94446968757632
   1.59382891709226   -2.19371730580993   -3.93315193675364
   1.59458876775257   -2.19476315052105   -3.93155121292113
   1.59825267416979   -2.19980608507200   -3.91888523183124
   1.59871836745201   -2.20044705688614   -3.90595621851958
   1.59917751854926   -2.20107902415515   -3.89307921056261
   1.59916837965878   -2.20106644555152   -3.88014980000384
   1.59915929185281   -2.20105393725970   -3.86722051342426
   1.59915025507419   -2.20104149920098   -3.85429135049117
   1.59914126926603   -2.20102913129709   -3.84136231087188
   1.59913939748934   -2.20102655501750   -3.82838220753715
   1.59930873544876   -2.20125962872329   -3.81553650601992
   1.59883893296900   -2.20061300108396   -3.80257527388036
   1.59883180441256   -2.20060318946775   -3.78964672809396
   1.59882471638351   -2.20059343363272   -3.77671830397758
   1.59856647809690   -2.20023799912385   -3.76379510622175
   1.59772158836671   -2.19907510817443   -3.75080483259538
   1.59384145210736   -2.19373455877809   -3.73956635635062
   1.59324555419640   -2.19291437566701   -3.73812383453180
   1.58659418712641   -2.18375955428545   -3.72524384028960
   1.58610317163245   -2.18308372943690   -3.72446607908271
   1.57857742456190   -2.17272542723095   -3.71382056494569
   1.57756552557870   -2.17133266776513   -3.71231399500781
   1.57078813399848   -2.16200438852617   -3.70197056341938
   1.56900815083138   -2.15955445187622   -3.69936325253862
   1.56351242783579   -2.15199023810517   -3.69169116534266
   1.56007039475117   -2.14725268599784   -3.68626640511527
   1.55567964419028   -2.14120933630853   -3.67999699122677
   1.55142215095969   -2.13534939959941   -3.67347043558192
   1.54819556522524   -2.13090838532967   -3.66845363051736
   1.54296118316743   -2.12370387650046   -3.66039530562869
   1.54058090851178   -2.12042770949868   -3.65715946423629
   1.53431388490389   -2.11180189150960   -3.64759950136615
   1.53284908793645   -2.10978577144646   -3.64530535804059
   1.52533503442383   -2.09944356404223   -3.63545327387625
   1.52481063182217   -2.09872178578226   -3.63466357241487
   1.51774627013739   -2.08899852607966   -3.62327146724575
   1.51673878191918   -2.08761183751103   -3.62178388228600
   1.51000133022894   -2.07833853081454   -3.61211168180233
   1.50780070634898   -2.07530963189240   -3.60864051472913
   1.50255088389510   -2.06808387118120   -3.60141385993747
   1.49867883150965   -2.06275444828275   -3.59589511409714
   1.49487443340333   -2.05751814351093   -3.59020091486564
   1.49024133384414   -2.05114122904193   -3.58272386500279
   1.48747240211294   -2.04733012146808   -3.57851843753648
   1.48125202573092   -2.03876850787734   -3.56969483246361
   1.47974558440028   -2.03669506926560   -3.56745521791886
   1.47254438017302   -2.02678346196158   -3.55708626675573
   1.47205352144896   -2.02610785288828   -3.55630871301233
   1.46446548703541   -2.01566381950955   -3.54493315766873
   1.46362534599043   -2.01450746456459   -3.54393926613749
   1.45701986393731   -2.00541579849068   -3.53412854320520
   1.45458457542761   -2.00206391141480   -3.53103803541682
   1.44917891863811   -1.99462366314147   -3.52239899410119
   1.44650462862672   -1.99094281871969   -3.51811248495853
   1.44185401257733   -1.98454179487025   -3.51224416417460
   1.43776679142736   -1.97891621757447   -3.50556384010410
   1.43411747916279   -1.97389337015136   -3.50041414846365
   1.42788420669558   -1.96531400662212   -3.49239324743641
   1.42645879956206   -1.96335210201424   -3.48996863849275
   1.42028210063385   -1.95485060528126   -3.47946210340811
   1.41893170701657   -1.95299194792091   -3.47773453700432
   1.41137451853111   -1.94259037031993   -3.46713600142206
   1.41087469217156   -1.94190241835528   -3.46638129112399
   1.40361822791986   -1.93191475215269   -3.45613847710637
   1.40213454673729   -1.92987264019725   -3.45383307153131
   1.39602630340943   -1.92146536451495   -3.44479180205669
   1.39357731896988   -1.91809462660883   -3.44089391575253
   1.38830012288468   -1.91083118932639   -3.43374712990550
   1.38370550479603   -1.90450724005770   -3.42773533906679
   1.38085504134210   -1.90058391369475   -3.42288658773907
   1.37610682053848   -1.89404854842624   -3.41486217370842
   1.37322310716459   -1.89007945747460   -3.41085463925044
   1.36707952787371   -1.88162354601164   -3.40187470044916
   1.36572802431083   -1.87976336094224   -3.40014771438256
   1.35817248090825   -1.86936404760360   -3.38955032434815
   1.35768068005923   -1.86868714180653   -3.38877547023585
   1.35045520272260   -1.85874212543362   -3.37763051189757
   1.34912770899386   -1.85691498706584   -3.37585216234612
   1.34291441179038   -1.84836311712846   -3.36705265498553
   1.34000637029207   -1.84436054138621   -3.36308410098576
   1.33544231484550   -1.83807865798553   -3.35627007073494
   1.33146093181214   -1.83259875435993   -3.35023373708104
   1.32753872197641   -1.82720029565373   -3.34469989199875
   1.32251927626331   -1.82029162132345   -3.33708884676463
   1.32026168214857   -1.81718430960016   -3.33443001436037
   1.31352612532653   -1.80791361096599   -3.32409445813357
   1.31254673950919   -1.80656560203383   -3.32253556886690
   1.30533411638669   -1.79663827796885   -3.31139655559301
   1.30484347375257   -1.79596296631785   -3.31061928092781
   1.29731876220100   -1.78560608938151   -3.29998327827871
   1.29631097345077   -1.78421898716602   -3.29845653893590
   1.28985690657492   -1.77533572620460   -3.28919024804988
   1.28697128711426   -1.77136401174958   -3.28520177092411
   1.28206539118941   -1.76461162529491   -3.27823827403649
   1.27836505253330   -1.75951854606902   -3.27241402153360
   1.27456229676220   -1.75428450177770   -3.26676484127824
   1.26980898335514   -1.74774212714190   -3.25950267383840
   1.26684899776266   -1.74366805648755   -3.25485660825987
   1.26044078758630   -1.73484791185824   -3.24624788578441
   1.25945794736716   -1.73349514834989   -3.24475762214031
   1.25189091606557   -1.72308002327474   -3.23420574643912
   1.25140033810309   -1.72240480063660   -3.23342855406621
   1.24413059390487   -1.71239885615573   -3.22241666252077
   1.24275802727699   -1.71050968026447   -3.22068860099994
   1.23667034853946   -1.70213070931249   -3.21162461969670
   1.23419389288258   -1.69872216051952   -3.20779339261683
   1.22897038615292   -1.69153262029536   -3.20052226147967
   1.22518012847895   -1.68631577815897   -3.19485017702613
   1.22137824065748   -1.68108292849785   -3.18920157896123
   1.21665389373264   -1.67458042280447   -3.18189041827409
   1.21384944778625   -1.67072043410692   -3.17772996488473
   1.20786985844756   -1.66249023544930   -3.16936775442999
   1.20593926937431   -1.65983300755302   -3.16624715209445
   1.19896428416130   -1.65023276401027   -3.15626870592189
   1.19847376872752   -1.64955762743552   -3.15549159332598
   1.19113422919765   -1.63945561792201   -3.14371533299582
   1.19068218292837   -1.63883342960976   -3.14296106799302
   1.18337336664578   -1.62877370701836   -3.13349776271498
   1.18102904008310   -1.62554701832180   -3.13020889231889
   1.17576227629007   -1.61829793985769   -3.12222099085154
   1.17237945468972   -1.61364188536679   -3.11746316165558
   1.16817608747484   -1.60785644672712   -3.11088718683013
   1.16344695685976   -1.60134735684898   -3.10438597703398
   1.16059036085155   -1.59741558974919   -3.10036364897002
   1.15516909103452   -1.58995385198704   -3.09181510579797
   1.15286568758052   -1.58678348911740   -3.08851492410729
   1.14615495837147   -1.57754696276089   -3.07890356827556
   1.14518959023317   -1.57621824750872   -3.07731681142653
   1.13775350932107   -1.56598336018215   -3.06655924918550
   1.13724510504485   -1.56528360172807   -3.06577998253201
   1.13019057589045   -1.55557387534252   -3.05516023199889
   1.12831777824029   -1.55299619051614   -3.05268219123931
   1.12258921994918   -1.54511150645389   -3.04467276446526
   1.11920375688576   -1.54045181630098   -3.03994636129249
   1.11477469292197   -1.53435573273660   -3.03300006531934
   1.11093801367829   -1.52907499679096   -3.02742528198405
   1.10720092324814   -1.52393133308774   -3.02160518274455
   1.10170999927519   -1.51637372460468   -3.01396250391341
   1.09986429215229   -1.51383332669024   -3.01144330579015
   1.09369270182153   -1.50533886133842   -3.00094346576656
   1.09229462509487   -1.50341457380842   -2.99922747519121
   1.08455556744461   -1.49276267477711   -2.98902938217591
   1.08407509866439   -1.49210136623468   -2.98825484435291
   1.07691553055244   -1.48224706612700   -2.97783730492125
   1.07542625913778   -1.48019725987718   -2.97552015735470
   1.06933143109742   -1.47180844875405   -2.96649782300120
   1.06651285108638   -1.46792900618546   -2.96240231388653
   1.06174339603846   -1.46136441448701   -2.95517236052900
   1.05796730515885   -1.45616707127026   -2.94948956990050
   1.05413440131762   -1.45089153172027   -2.94390527869103
   1.04894576645615   -1.44374998850503   -2.93661124635913
   1.04656383156700   -1.44047153638786   -2.93334266123023
   1.04041216266503   -1.43200449053046   -2.92360908924940
   1.03893672849538   -1.42997372961451   -2.92131831973663
   1.03150098001285   -1.41973929983799   -2.91129262617248
   1.03100159818892   -1.41905195972412   -2.91053847622295
   1.02356275390411   -1.40881326894130   -2.89897652480421
   1.02308809305606   -1.40815995433170   -2.89816894623325
   1.01640110205369   -1.39895610081368   -2.88932046907117
   1.01343875957412   -1.39487878618255   -2.88469753710529
   1.00856208882958   -1.38816662473767   -2.87770251824193
   1.00469736874780   -1.38284729388943   -2.87212409296448
   1.00111355801386   -1.37791460158884   -2.86691084237855
   0.99587302254920   -1.37070162332170   -2.85886395405683
   0.99338744679972   -1.36728052179816   -2.85505256385108
   0.98761171789470   -1.35933091295575   -2.84628215664723
   0.98579615268596   -1.35683200182700   -2.84374054754666
   0.97843764704088   -1.34670388769542   -2.83356750452473
   0.97793987127950   -1.34601875813702   -2.83280917002205
   0.97052693111878   -1.33581572132226   -2.82124836156526
   0.96968449184857   -1.33465620314166   -2.82029504214336
   0.96301662989209   -1.32547867849655   -2.81143869105471
   0.95984990971244   -1.32112006209410   -2.80711670231925
   0.95569741245038   -1.31540463993778   -2.80045495796480
   0.95182152655213   -1.31006994066163   -2.79406687801139
   0.94793549508082   -1.30472127720213   -2.78862205376862
   0.94312146747922   -1.29809533664664   -2.78147848551990
   0.94034967770793   -1.29428029531809   -2.77730416928264
   0.93422388060833   -1.28584885894172   -2.76835697091778
   0.93274339974560   -1.28381115184867   -2.76602402135992
   0.92544925738485   -1.27377162617798   -2.75585395059586
   0.92496623846197   -1.27310680766529   -2.75506196642075
   0.91753966274381   -1.26288500311580   -2.74426052600524
   0.91619196047576   -1.26103005007988   -2.74251785448999
   0.91014282496375   -1.25270412932667   -2.73326386835418
   0.90719724250379   -1.24864988288352   -2.72948963618507
   0.90235046315097   -1.24197886340978   -2.72246856542896
   0.89834254686874   -1.23646243990017   -2.71630626891864
   0.89499029374840   -1.23184845931249   -2.71144582712606
   0.88961945607912   -1.22445613544670   -2.70376068306238
   0.88722303997029   -1.22115775164059   -2.69975561759886
   0.88148819814108   -1.21326441903009   -2.69093494495807
   0.87959664690979   -1.21066092211370   -2.68850842962598
   0.87240987004664   -1.20076917237280   -2.67815152350805
   0.87191968891198   -1.20009449592130   -2.67737484123730
   0.86427964693138   -1.18957888026756   -2.66619740797273
   0.86376959907608   -1.18887685962095   -2.66543894665369
   0.85671780217491   -1.17917089385934   -2.65561281890412
   0.85475065447282   -1.17646334732729   -2.65251033973256
   0.84913556158169   -1.16873483499017   -2.64428628040301
   0.84621207961171   -1.16471100726187   -2.63959812758203
   0.84155013145806   -1.15829438610902   -2.63296900897161
   0.83695242651657   -1.15196618815189   -2.62625128837448
   0.83415315268970   -1.14811331826613   -2.62206858062137
   0.82869449183335   -1.14060011615347   -2.61382557055171
   0.82612161349080   -1.13705885291922   -2.61003656535280
   0.81927409052423   -1.12763404610802   -2.60062989779198
   0.81879172576643   -1.12697012797630   -2.59983693941593
   0.81122750829840   -1.11655887581079   -2.58849018207889
   0.81072752753764   -1.11587071133110   -2.58773044376498
   0.80368795415594   -1.10618156980071   -2.57788655332755
   0.80170994642496   -1.10345907572123   -2.57482364206150
   0.79599710678693   -1.09559602652889   -2.56678095468034
   0.79271111069591   -1.09107324091848   -2.56186652025524
   0.78859336696832   -1.08540565289869   -2.55588022488344
   0.78406696147938   -1.07917559021899   -2.54919531344878
   0.78069113827101   -1.07452916818828   -2.54442264860306
   0.77503915502616   -1.06674988063526   -2.53623479017880
   0.77322059522323   -1.06424684780121   -2.53369141292482
   0.76685540070558   -1.05548590914684   -2.52352006405207
   0.76552541050276   -1.05365533467727   -2.52178785802566
   0.75807929488554   -1.04340663576399   -2.51100768077613
   0.75759203429852   -1.04273597910147   -2.51022924250236
   0.75040195000507   -1.03283967707329   -2.49991883716457
   0.74847290991803   -1.03018458117362   -2.49748593238528
   0.74285858463707   -1.02245712536127   -2.48848423385398
   0.74042047767914   -1.01910135902420   -2.48461264935147
   0.73527935582426   -1.01202521185220   -2.47796633111171
   0.73103933834082   -1.00618932844552   -2.47145254321865
   0.72776610237090   -1.00168410563508   -2.46650830574636
   0.72238193844978   -0.99427343975719   -2.45873856380417
   0.71998846759068   -0.99097910973956   -2.45475627241976
   0.71357968699393   -0.98215817999392   -2.44541310853910
   0.71268800889337   -0.98093089037744   -2.44447677404365
   0.70494923286108   -0.97027937896001   -2.43351329639933
   0.70410271323535   -0.96911424465184   -2.43251789726436
   0.69752664317051   -0.96006306070683   -2.42266372377714
   0.69554063446789   -0.95732955423465   -2.41962670279153
   0.68972880418441   -0.94933025610763   -2.41099056224037
   0.68691209508721   -0.94545338863101   -2.40689747798437
   0.68212100381663   -0.93885901722685   -2.39973224026428
   0.67789259756025   -0.93303911530317   -2.39399800293985
   0.67459100471031   -0.92849486259576   -2.38911802038441
   0.66949180987973   -0.92147642302198   -2.38084472109579
   0.66716765096868   -0.91827749271652   -2.37746087763813
   0.66083516768366   -0.90956157721132   -2.36813180182340
   0.65933128230621   -0.90749165656735   -2.36588732712905
   0.65174212813749   -0.89704608197785   -2.35620120635905
   0.65123232857598   -0.89634440307833   -2.35543156727733
   0.64411528619742   -0.88654863462124   -2.34411903275099
   0.64279296922254   -0.88472862144389   -2.34233513865209
   0.63672071188751   -0.87637087623151   -2.33408106310312
   0.63378647937881   -0.87233225165607   -2.32940953925326
   0.62902217734317   -0.86577475247055   -2.32218535206873
   0.62524446797995   -0.86057518160222   -2.31650345678368
   0.62153236659009   -0.85546591236226   -2.31149540738198
   0.61624975435641   -0.84819502039097   -2.30356122196036
   0.61390963401583   -0.84497412106247   -2.30024992501099
   0.60675003378091   -0.83511977674132   -2.29066905264420
   0.60626005386230   -0.83444537723996   -2.28989264714392
   0.59929916635410   -0.82486453752323   -2.27832894584816
   0.59835826930346   -0.82356950383370   -2.27674663439068
   0.59116042300850   -0.81366251832699   -2.26712856625340
   0.58966994171546   -0.81161104682245   -2.26485105987867
   0.58344875870962   -0.80304832300927   -2.25609314305269
   0.58055947029273   -0.79907155866924   -2.25210898730832
   0.57590074329097   -0.79265937105160   -2.24470327332869
   0.57249967438340   -0.78797820129695   -2.23921949728909
   0.56829386003287   -0.78218939446402   -2.23344148480720
   0.56349487745836   -0.77558416161181   -2.22633210094868
   0.56061694933393   -0.77162303337293   -2.22229965576629
   0.55459296294678   -0.76333172742049   -2.21316840962439
   0.55312671082453   -0.76131360450858   -2.21082316544679
   0.54601906150045   -0.75153076448185   -2.20031945405340
   0.54550825345442   -0.75082769752246   -2.19960545239946
   0.53770963507385   -0.74009382017880   -2.18951011831914
   0.53635389948707   -0.73822781022822   -2.18776319499666
   0.53052460570419   -0.73020447565634   -2.17907127995377
   0.52762409099472   -0.72621225965017   -2.17427185305871
   0.52278266435013   -0.71954860754726   -2.16722611034816
   0.51937938152361   -0.71486439059460   -2.16171997696732
   0.51531583884404   -0.70927140391737   -2.15570113805169
   0.50980125959010   -0.70168123673324   -2.14803025714967
   0.50780348629049   -0.69893153768246   -2.14501607223464
   0.50147685676530   -0.69022367918648   -2.13569415655441
   0.50000979780851   -0.68820444576208   -2.13334781530241
   0.49292450665331   -0.67845237911479   -2.12280098168810
   0.49243459291324   -0.67777807070037   -2.12202467655098
   0.48487856533976   -0.66737809095765   -2.11067737851437
   0.48399017217603   -0.66615532266881   -2.10971205965968
   0.47729101782549   -0.65693472773829   -2.10018666853888
   0.47498781114223   -0.65376463570034   -2.09679210783241
   0.46983390865102   -0.64667089749157   -2.09016423685958
   0.46543562339260   -0.64061717718080   -2.08404730048727
   0.46211596568967   -0.63604806033633   -2.07839848469363
   0.45782265703407   -0.63013882792377   -2.07116513046185
   0.45445676804702   -0.62550607917569   -2.06642160138041
   0.44871922512842   -0.61760902883459   -2.05842608352368
   0.44687360392732   -0.61506874918136   -2.05592138627400
   0.44006478236266   -0.60569721028005   -2.04571648114327
   0.43921817307045   -0.60453195255654   -2.04475766225957
   0.43164769943859   -0.59411208952025   -2.03341077808821
   0.43117313858752   -0.59345891254467   -2.03261301920189
   0.42418966246929   -0.58384698227350   -2.02264987017460
   0.42177895411721   -0.58052892688217   -2.01952339376790
   0.41647329730202   -0.57322631676552   -2.01162365595954
   0.41288010277528   -0.56828070878218   -2.00639937132006
   0.40917730893497   -0.56318425028514   -2.00136416465845
   0.40422925601850   -0.55637383970938   -1.99370643585051
   0.40125118527581   -0.55227487698125   -1.98913624907736
   0.39488001145791   -0.54350570852611   -1.98054583875482
   0.39390219721339   -0.54215986267838   -1.97898907259261
   0.38669053946420   -0.53223386733577   -1.96787518579328
   0.38619318086963   -0.53154931195821   -1.96711743055343
   0.37858295471815   -0.52107473427263   -1.95667666401745
   0.37720928676348   -0.51918404253509   -1.95496146480108
   0.37102342537972   -0.51066993476394   -1.94613403133124
   0.36822479485517   -0.50681795030787   -1.94202825775834
   0.36360884807820   -0.50046464461819   -1.93522853510334
   0.35956898013843   -0.49490424342479   -1.92934004518819
   0.35574920142801   -0.48964676906757   -1.92372896276797
   0.35068025443507   -0.48266996207066   -1.91620807798698
   0.34837688670153   -0.47949964836602   -1.91282648978061
   0.34214511595455   -0.47092235177735   -1.90329811217101
   0.34062967026648   -0.46883651973084   -1.90103972976575
   0.33337286480215   -0.45884838388936   -1.89079145730353
   0.33289801085937   -0.45819480350766   -1.89003229691149
   0.32548652624576   -0.44799377008163   -1.87999723301022
   0.32363859595085   -0.44545031223343   -1.87748861138642
   0.31796274551822   -0.43763817431465   -1.86860331093513
   0.31555922393418   -0.43433001066092   -1.86459593256644
   0.31042361498199   -0.42726145134852   -1.85798094875773
   0.30610879913401   -0.42132261682520   -1.85165962451397
   0.30282373076596   -0.41680110811590   -1.84670109221229
   0.29709985921632   -0.40892287479988   -1.83875026573810
   0.29517782204294   -0.40627741758395   -1.83555735957014
   0.28825231714859   -0.39674527785724   -1.82541960379600
   0.28774966758819   -0.39605344008998   -1.82467725458592
   0.28014904421820   -0.38559207949921   -1.81434392813713
   0.27915808341843   -0.38422813897051   -1.81274819146988
   0.27249665654267   -0.37505947145417   -1.80310798120117
   0.27016464649848   -0.37184973499100   -1.79983093188212
   0.26492706585716   -0.36464082368927   -1.79179454026681
   0.26158517634547   -0.36004110738517   -1.78694887390389
   0.25718255048831   -0.35398141275278   -1.78080144213369
   0.25241141544517   -0.34741450873926   -1.77440649652788
   0.24971663672217   -0.34370546402526   -1.77013563853724
   0.24451531651354   -0.33654646092752   -1.76113005810023
   0.24220104568914   -0.33336114040574   -1.75853816879676
   0.23486421550330   -0.32326285998439   -1.74859887711058
   0.23437331421104   -0.32258719232098   -1.74782526036116
   0.22696432834882   -0.31238959813120   -1.73777087446668
   0.22549023786647   -0.31036068664216   -1.73548561218297
   0.21928446195293   -0.30181916887227   -1.72587554024104
   0.21695244340363   -0.29860942070280   -1.72257870339359
   0.21195091550570   -0.29172540812936   -1.71571546566183
   0.20803907653102   -0.28634122368882   -1.70947401801732
   0.20419226043935   -0.28104653556886   -1.70390038435115
   0.19930833336226   -0.27432438663905   -1.69695514278363
   0.19652956847389   -0.27049974488546   -1.69279106609533
   0.19000248981381   -0.26151599182423   -1.68360666403145
   0.18898494981486   -0.26011546816632   -1.68216417356754
   0.18137356574709   -0.24963929674568   -1.67400205988466
   0.17615472594740   -0.24245617999956   -1.67071695589805
   0.17370363524376   -0.23908254306963   -1.66946728715510
   0.16610121302256   -0.22861870657258   -1.66859042759712
   0.15867980632327   -0.21840401656722   -1.67074714244545
   0.15725957591772   -0.21644923711412   -1.67173644802905
   0.15111577836388   -0.20799302523798   -1.67660081128177
   0.14350698159966   -0.19752041493516   -1.68365557332532
   0.14301690024290   -0.19684587581615   -1.68437566088786
   0.13606997032321   -0.18728424707191   -1.69210413154245
   0.13171398252037   -0.18128874421430   -1.69761322223413
   0.12818410993209   -0.17643029140222   -1.70263427117675
   0.12231249171602   -0.16834870224571   -1.71039426298380
   0.12088630203708   -0.16638572055646   -1.71216240997971
   0.11327923458014   -0.15591549044092   -1.72252863723928
   0.11278837975730   -0.15523988673719   -1.72330216784942
   0.10559892217063   -0.14534444729689   -1.73439626870919
   0.10462368620409   -0.14400215014435   -1.73601059256473
   0.09813108843654   -0.13506585596021   -1.74508642394567
   0.09533427615318   -0.13121637409844   -1.74926427804868
   0.09052837639549   -0.12460162056036   -1.75654491710528
   0.08663314250583   -0.11924029105862   -1.76182741550981
   0.08288145510325   -0.11407653634646   -1.76831819289494
   0.07829328092968   -0.10776145636598   -1.77516722467654
   0.07539175836996   -0.10376785317294   -1.77925535376088
   0.06908983707495   -0.09509400263826   -1.78764510670646
   0.06761892044669   -0.09306945958460   -1.79000849584217
   0.06025032058162   -0.08292745195113   -1.80011965436555
   0.05976953914749   -0.08226571307751   -1.80091335512692
   0.05269522324288   -0.07252875256670   -1.81138398123966
   0.05120529832090   -0.07047804684122   -1.81383356665632
   0.04485343322873   -0.06173545456708   -1.82307727438136
   0.04253776626621   -0.05854821242604   -1.82637209625438
   0.03756708034730   -0.05170665019492   -1.83324382160725
   0.03325886887619   -0.04577690581651   -1.83979812504262
   0.02988835696007   -0.04113779415243   -1.84530044022938
   0.02466767684226   -0.03395214442571   -1.85256454268368
   0.02231529030141   -0.03071436212093   -1.85578710065673
   0.01524320983835   -0.02098047843146   -1.86558602479548
   0.01476218588201   -0.02031840575464   -1.86637834907469
   0.00780424411064   -0.01074162049683   -1.87780691020296
   0.00682470859149   -0.00939340551781   -1.87935906514595
  -0.00035742053257    0.00049194715904   -1.88812028680001
  -0.00229985540147    0.00316547939428   -1.89137494404316
  -0.00803263563779    0.01105597446559   -1.90017208158505
  -0.01088774838379    0.01498570003009   -1.90420943121523
  -0.01570622842993    0.02161776884975   -1.91126244610203
  -0.01949521802127    0.02683286562012   -1.91693299225475
  -0.02331459286427    0.03208978410153   -1.92253891921168
  -0.02846562736473    0.03917957485969   -1.92984833754949
  -0.03074128056546    0.04231174278243   -1.93323762854205
  -0.03651027435104    0.05025208152821   -1.94293180663001
  -0.03840682848194    0.05286246434518   -1.94535230295568
  -0.04595821902957    0.06325606176936   -1.95507189494994
  -0.04644510068512    0.06392619687746   -1.95585156223334
  -0.05390384729134    0.07419228085564   -1.96721575251435
  -0.05440109750631    0.07487668706147   -1.96797336698671
  -0.06103706952441    0.08401031897193   -1.97769925404313
  -0.06348781279974    0.08738347770782   -1.98176823862503
  -0.06873905073056    0.09461118665590   -1.98892719438313
  -0.07259885175941    0.09992374700863   -1.99438911146387
  -0.07638863588939    0.10513993736761   -2.00002105203343
  -0.08109624378207    0.11161940375977   -2.00730656477411
  -0.08388237027740    0.11545417789608   -2.01153072771508
  -0.08963096626268    0.12336644147831   -2.02021642532634
  -0.09162330083781    0.12610865476706   -2.02335647972448
  -0.09902293284967    0.13629337448632   -2.03251392575850
  -0.09950074875927    0.13695103166561   -2.03331407262102
  -0.10659434340186    0.14671452708281   -2.04460372365943
  -0.10761483236063    0.14811910963570   -2.04621474865209
  -0.11428708451563    0.15730267687068   -2.05571921478498
  -0.11620633208273    0.15994429452294   -2.05894212944683
  -0.12185433883819    0.16771810890786   -2.06718468767830
  -0.12555800958463    0.17281577436263   -2.07204239744005
  -0.12950083552332    0.17824260870021   -2.07908723435383
  -0.13372327170231    0.18405429351732   -2.08492561720417
  -0.13707694307982    0.18867022616852   -2.08958582790531
  -0.14313218485547    0.19700455147261   -2.09797834285836
  -0.14454087989477    0.19894345385616   -2.10029577348090
  -0.15115900973905    0.20805252812116   -2.11077924436798
  -0.15217308220401    0.20944827912797   -2.11238310088073
  -0.15970656287312    0.21981722571916   -2.12289928981701
  -0.16018626690634    0.22047748167766   -2.12369604023607
  -0.16732734203874    0.23030632838262   -2.13433394767854
  -0.16875476961665    0.23227101389364   -2.13659566022955
  -0.17497963236098    0.24083880243234   -2.14609170057465
  -0.17730075134549    0.24403354863788   -2.14950096321575
  -0.18249396371289    0.25118139224954   -2.15677244258812
  -0.18588547445084    0.25584940631234   -2.16223003199601
  -0.19014044831816    0.26170587541540   -2.16884435237756
  -0.19489471690782    0.26824956474728   -2.17514086999496
  -0.19765125831541    0.27204361850371   -2.17937095484718
  -0.20301825512288    0.27943065587673   -2.18802254800340
  -0.20537414267143    0.28267325690522   -2.19123772452738
  -0.21160915858840    0.29125502008720   -2.20076060364327
  -0.21298072409592    0.29314281805448   -2.20251231056963
  -0.22050820484133    0.30350350645916   -2.21307721989900
  -0.22099081021595    0.30416775577151   -2.21386865427869
  -0.22817690079561    0.31405856092422   -2.22507576420354
  -0.22954933155934    0.31594754981452   -2.22676859625037
  -0.23579215553327    0.32454005986492   -2.23626603036924
  -0.23806781334186    0.32767223412984   -2.23968768017663
  -0.24318703174429    0.33471823378589   -2.24714731884647
  -0.24698040614016    0.33993936572194   -2.25279587778999
  -0.25079562959425    0.34519057030671   -2.25843431777090
  -0.25563695925681    0.35185408892530   -2.26549598365316
  -0.25860153761933    0.35593448098530   -2.27008040866894
  -0.26459879643002    0.36418899958471   -2.27842959747317
  -0.26602133201080    0.36614695183932   -2.28085041563340
  -0.27254137090410    0.37512101549283   -2.29154253576388
  -0.27349595829227    0.37643489231541   -2.29250606560576
  -0.28119534258743    0.38703218565804   -2.30344550516323
  -0.28166952555007    0.38768484251481   -2.30425245383917
  -0.28856054874681    0.39716952225635   -2.31431398147931
  -0.29055661799890    0.39991687588693   -2.31757713114530
  -0.29653583128446    0.40814655695183   -2.32656723853726
  -0.29921466425910    0.41183365422608   -2.33007580836503
  -0.30383066611599    0.41818703572677   -2.33689227807541
  -0.30775018048913    0.42358178444698   -2.34298752787344
  -0.31145987920898    0.42868774669537   -2.34882766536790
  -0.31662364555063    0.43579506132956   -2.35623618327650
  -0.31906666847928    0.43915759391985   -2.36011641652096
  -0.32530087046829    0.44773823682609   -2.36894180314998
  -0.32674055149519    0.44971978776276   -2.37121204837306
  -0.33410569290884    0.45985703524622   -2.38134602381053
  -0.33458422668072    0.46051568047817   -2.38214454298144
  -0.34180477265374    0.47045390941137   -2.39404440602629
  -0.34268984967876    0.47167211342683   -2.39497595771102
  -0.34931381404951    0.48078921822857   -2.40398312464930
  -0.35170973543105    0.48408692110100   -2.40789222554231
  -0.35706748664352    0.49146123300423   -2.41642486875523
  -0.35982818344135    0.49526100616466   -2.42065033700418
  -0.36451954127735    0.50171810627259   -2.42729018425277
  -0.36847960297925    0.50716866360304   -2.43335584804650
  -0.37229809985104    0.51242437366075   -2.43896141503612
  -0.37745881190776    0.51952748443237   -2.44628497474068
  -0.37987733472562    0.52285629551312   -2.45026999222352
  -0.38635050612262    0.53176585159207   -2.45939940178598
  -0.38726830167481    0.53302908879678   -2.46037791529689
  -0.39491607339725    0.54355534352744   -2.47151817096666
  -0.39540592800844    0.54422957055795   -2.47229446056854
  -0.40259270997889    0.55412132732844   -2.48340896855722
  -0.40354115728021    0.55542675304650   -2.48502301422040
  -0.40997925968702    0.56428804080137   -2.49504997410391
  -0.41199081803104    0.56705671333805   -2.49826041157549
  -0.41788662061015    0.57517158941461   -2.50661164031221
  -0.42061350234927    0.57892482013959   -2.51084872284039
  -0.42523645907897    0.58528777420148   -2.51770151066433
  -0.42997977064371    0.59181638248235   -2.52396384005385
  -0.43285495948685    0.59577374042398   -2.52879489268834
  -0.43810968613148    0.60300625117467   -2.53684322276752
  -0.44059644550644    0.60642898181893   -2.54063239811485
  -0.44717102896357    0.61547811962395   -2.54958842694848
  -0.44811951261517    0.61678359537387   -2.55120253305745
  -0.45554281793813    0.62700089861053   -2.56220925351281
  -0.45602925905462    0.62767042736865   -2.56298603738973
  -0.46341404535837    0.63783471372366   -2.57359928563148
  -0.46436254327657    0.63914020910988   -2.57521341410578
  -0.47072618007698    0.64789900375042   -2.58468556825860
  -0.47357620538779    0.65182172706110   -2.58869778085436
  -0.47859021275445    0.65872291614968   -2.59700493279957
  -0.48136239206175    0.66253849362854   -2.60120764874989
  -0.48605988161910    0.66900403332688   -2.60769930306460
  -0.49059062771213    0.67524007033558   -2.61451699875011
  -0.49348225162070    0.67922004920414   -2.61939271337403
  -0.49919416623800    0.68708182521467   -2.62743343383795
  -0.50116403824242    0.68979312142720   -2.63047839716399
  -0.50775766306832    0.69886846742792   -2.64018586036188
  -0.50876745401017    0.70025832542375   -2.64176772126971
  -0.51630757568295    0.71063641257232   -2.65229890752784
  -0.51678972808473    0.71130003842104   -2.65309163191105
  -0.52410435189955    0.72136775439480   -2.66484679497368
  -0.52459948932381    0.72204925259370   -2.66560152065806
  -0.53142459423878    0.73144320360398   -2.67509471570633
  -0.53428080001284    0.73537443359254   -2.67909493386948
  -0.53936213126260    0.74236828605664   -2.68726160210923
  -0.54261725377310    0.74684857782902   -2.69143945709625
  -0.54667997270829    0.75244043071936   -2.69747889787772
  -0.55106756172592    0.75847942891769   -2.70453073797124
  -0.55428613547833    0.76290941564021   -2.70876815651870
  -0.56004758446944    0.77083936986729   -2.71747048693275
  -0.56196632480318    0.77348028937273   -2.72067446380386
  -0.56846644136974    0.78242693229590   -2.73058691666220
  -0.56947446343145    0.78381435563707   -2.73216743376762
  -0.57702970436100    0.79421325265731   -2.74270427696183
  -0.57751964449757    0.79488759740340   -2.74348070153230
  -0.58459287991793    0.80462307075521   -2.75399546071540
  -0.58603914317462    0.80661368135397   -2.75640615219102
  -0.59212910809526    0.81499579896703   -2.76550458736231
  -0.59498950393260    0.81893279608295   -2.76949709707892
  -0.59977095907533    0.82551390449494   -2.77659698495348
  -0.60312499966926    0.83013034532896   -2.78223002414363
  -0.60730682439249    0.83588613327259   -2.78810596999212
  -0.61253187530311    0.84307779887950   -2.79533195594376
  -0.61509236992633    0.84660201738636   -2.79977443064448
  -0.62071964987501    0.85434730376916   -2.80802506053700
  -0.62267803165135    0.85704278503949   -2.81108007582304
  -0.62967660435654    0.86667549398002   -2.82100221335285
  -0.63016561706920    0.86734856223661   -2.82178083918918
  -0.63774184411291    0.87777634416496   -2.83311096179931
  -0.63823181965864    0.87845073764757   -2.83388743772724
  -0.64542535952489    0.88835179586367   -2.84500902280968
  -0.64675248975972    0.89017843392499   -2.84681411408687
  -0.65284161098877    0.89855939029622   -2.85591246651298
  -0.65574476480684    0.90255523872376   -2.85987198198972
  -0.66060454160771    0.90924414765000   -2.86680512633161
  -0.66468941089349    0.91486648788243   -2.87283712358899
  -0.66801415728078    0.91944260870005   -2.87770902478872
  -0.67293784132762    0.92621947840424   -2.88537212963087
  -0.67573016344717    0.93006278008572   -2.88956701298829
  -0.68195075721435    0.93862469288146   -2.89828871908385
  -0.68339277796497    0.94060946417156   -2.90068672208444
  -0.69040488793517    0.95026080555890   -2.91141640060056
  -0.69090100418114    0.95094365099030   -2.91217807635481
  -0.69843522569517    0.96131361726703   -2.92270924263045
  -0.69942576974647    0.96267698419068   -2.92429863111722
  -0.70631583066553    0.97216033947061   -2.93509366160898
  -0.70768556306935    0.97404561438712   -2.93683672134828
  -0.71354754364385    0.98211393846801   -2.94552078760585
  -0.71652064043952    0.98620605514538   -2.95011744505565
  -0.72147299610211    0.99302238794311   -2.95776084784477
  -0.72511939642637    0.99804122742423   -2.96287256634130
  -0.72873268829296    1.00301449702279   -2.96812513617357
  -0.73407267530693    1.01036435860436   -2.97595159480985
  -0.73652619578702    1.01374133983466   -2.97979835484424
  -0.74265264815613    1.02217367811214   -2.98882262301198
  -0.74414709919445    1.02423061350232   -2.99105104523946
  -0.75156739510034    1.03444377463172   -3.00101968475489
  -0.75204181021937    1.03509675102436   -3.00182698865642
  -0.75928363640878    1.04506426966265   -3.01374679224198
  -0.75977335877604    1.04573831467500   -3.01451879878473
  -0.76692169325314    1.05557715301076   -3.02495311679491
  -0.76875166765670    1.05809589669474   -3.02747083421771
  -0.77425118541387    1.06566533350703   -3.03612250241843
  -0.77766952645492    1.07037027631394   -3.04069601432393
  -0.78216761372682    1.07656136231168   -3.04744258943285
  -0.78620039878426    1.08211201475388   -3.05349804457820
  -0.78947898589743    1.08662460278114   -3.05854457147529
  -0.79485887362965    1.09402938298994   -3.06621443901678
  -0.79713344653836    1.09716006401828   -3.06963358218920
  -0.80328035549921    1.10562055837878   -3.07933444506215
  -0.80466057582196    1.10752026867727   -3.08115149775009
  -0.81206048322635    1.11770536744184   -3.09182949557287
  -0.81255058004474    1.11837992784195   -3.09260613843670
  -0.82000481443678    1.12863980129010   -3.10335529647765
  -0.82130962097157    1.13043571341431   -3.10517211228378
  -0.82735913198732    1.13876215100408   -3.11506271260359
  -0.82931863007374    1.14145916874342   -3.11826047499555
  -0.83495769606594    1.14922067722343   -3.12574484315103
  -0.83842034671625    1.15398660697542   -3.13099042377248
  -0.84283130028793    1.16005776372351   -3.13798905246747
  -0.84704969423233    1.16586388488201   -3.14372703608010
  -0.85018095710753    1.17017369849168   -3.14817225403239
  -0.85594632915935    1.17810905234860   -3.15684831927203
  -0.85788256826183    1.18077405684296   -3.16005144862450
  -0.86448719947326    1.18986455183375   -3.16976767731941
  -0.86545359894077    1.19119468658878   -3.17137182649424
  -0.87284491886002    1.20136796569406   -3.18152402045761
  -0.87380700010139    1.20269215692071   -3.18311145800022
  -0.88060180658658    1.21204440572003   -3.19337684604003
  -0.88208451024226    1.21408517222512   -3.19557794072827
  -0.88837319032741    1.22274079779794   -3.20502628711546
  -0.89069052727792    1.22593033848027   -3.20833775385196
  -0.89584869077533    1.23302994146093   -3.21737651765551
  -0.89834837182523    1.23647045726497   -3.22115151619673
  -0.90375285570251    1.24390909116313   -3.22810902006687
  -0.90780867010565    1.24949144078040   -3.23413623549130
  -0.91102958941533    1.25392465588554   -3.23837595008164
  -0.91680255227734    1.26187045759635   -3.24708623159283
  -0.91873391644654    1.26452875232069   -3.25026293532329
  -0.92498839068359    1.27313729758262   -3.25980461472678
  -0.92644196998531    1.27513797785348   -3.26215086608178
  -0.93377642040040    1.28523298280140   -3.27232556563614
  -0.93425886193901    1.28589700661283   -3.27311868903218
  -0.94144812671922    1.29579218067779   -3.28434784244611
  -0.94282346341060    1.29768516923437   -3.28602091796631
  -0.94911268845288    1.30634154487634   -3.29547015381521
  -0.95143267364891    1.30953473055591   -3.29878237849262
  -0.95642068815781    1.31640014354501   -3.30664713876748
  -0.96031070366855    1.32175429056435   -3.31204044782397
  -0.96437704610549    1.32735113077699   -3.31875693632866
  -0.96844689319218    1.33295279472619   -3.32478714316257
  -0.97165838481990    1.33737303374033   -3.32905792500375
  -0.97742817016180    1.34531446196992   -3.33773596705240
  -0.97937700422634    1.34799680194236   -3.34092456345625
  -0.98608944985047    1.35723569074155   -3.35045595548018
  -0.98706848049896    1.35858321082572   -3.35202153913282
  -0.99453083847461    1.36885426542749   -3.36277851960360
  -0.99502109410391    1.36952904441206   -3.36355537241006
  -1.00210740383562    1.37928251300965   -3.37407939038732
  -1.00358890781092    1.38132162829636   -3.37645156927763
  -1.01005714235397    1.39022438937879   -3.38639553887497
  -1.01148104133960    1.39218421819918   -3.38881831869856
  -1.01732551999735    1.40022845295829   -3.39667089470145
  -1.02115418096643    1.40549815269574   -3.40229083422851
  -1.02526534065864    1.41115667856827   -3.40893706729993
  -1.02973238989120    1.41730504436982   -3.41509123394116
  -1.03240726184754    1.42098668977010   -3.41951400782509
  -1.03817929328277    1.42893120948195   -3.42819283957225
  -1.04012646143210    1.43161125651880   -3.43138193965981
  -1.04721262276514    1.44136452086314   -3.44112215683271
  -1.04770197214803    1.44203805250654   -3.44190123433532
  -1.05528275893424    1.45247211038202   -3.45323804643033
  -1.05577307474009    1.45314697219252   -3.45401497813983
  -1.06286146350086    1.46290330232811   -3.46454000645345
  -1.06432194372476    1.46491348090350   -3.46693363141901
  -1.07049566077959    1.47341087343987   -3.47581575728331
  -1.07332753459894    1.47730861336588   -3.47986971325938
  -1.07808029087112    1.48385022117132   -3.48713398917779
  -1.08190815768944    1.48911882785402   -3.49275498086163
  -1.08576472631198    1.49442693918114   -3.49826344407320
  -1.09043205103161    1.50085096054220   -3.50570254298817
  -1.09329167808333    1.50478689951548   -3.50972881918047
  -1.09988698555435    1.51386456147854   -3.51866011185222
  -1.10083643190030    1.51517136226357   -3.52027553516407
  -1.10759829488169    1.52447826821985   -3.53142149593430
  -1.10859158062480    1.52584540875853   -3.53291839212139
  -1.11621501803802    1.53633817018594   -3.54333718159054
  -1.11709536286005    1.53754986088276   -3.54430742742439
  -1.12362308193507    1.54653449539953   -3.55501029827689
  -1.12548701785130    1.54909998309554   -3.55757949741888
  -1.13133740425862    1.55715234917435   -3.56611803381525
  -1.13371119265630    1.56041958860795   -3.57015682094210
  -1.13872968814522    1.56732695506686   -3.57783565623659
  -1.14257393297350    1.57261810414637   -3.58343307728418
  -1.14652944081211    1.57806239362171   -3.58954478054025
  -1.15146652537068    1.58485770754796   -3.59657766460892
  -1.15394447248120    1.58826830915078   -3.60045363442253
  -1.16017875691515    1.59684906553273   -3.60913601380111
  -1.16154558220128    1.59873033914501   -3.61095557306931
  -1.16896185518830    1.60893796320161   -3.62165838672209
  -1.16943665306849    1.60959146641978   -3.62246619724468
  -1.17655421005789    1.61938794317793   -3.63456358400842
  -1.17704465690747    1.62006298535464   -3.63534068819065
  -1.18439268941078    1.63017668444323   -3.64549086626401
  -1.18625474760924    1.63273958768245   -3.64806127838790
  -1.19213771739280    1.64083680093122   -3.65654306586041
  -1.19460073980861    1.64422686045406   -3.66043739163610
  -1.19961331742431    1.65112608165927   -3.66809064710728
  -1.20305050505992    1.65585696457820   -3.67352007006224
  -1.20753949505269    1.66203552924542   -3.68043318952479
  -1.21157560413109    1.66759075680998   -3.68649293483112
  -1.21471613617115    1.67191332833057   -3.69094059625179
  -1.22059725798936    1.68000799807324   -3.69942071683232
  -1.22252383178112    1.68265969940868   -3.70259998302632
  -1.22951884531663    1.69228750957240   -3.71255983068662
  -1.23001546393481    1.69297104645983   -3.71332217125604
  -1.23757279910229    1.70337282595130   -3.72386293968846
  -1.23852255326393    1.70468005040828   -3.72547877234412
  -1.24528965885984    1.71399417220441   -3.73739527272532
  -1.24578197450745    1.71467178656093   -3.73816604358302
  -1.25292034699456    1.72449691339379   -3.74783296022866
  -1.25526163028509    1.72771941338557   -3.75113250907303
  -1.26039641959597    1.73478684455850   -3.75938901940875
  -1.26331708555051    1.73880679637405   -3.76408512869090
  -1.26807206744196    1.74535146748162   -3.77457554215917
  -1.26892098716664    1.74651990524259   -3.77703551875156
  -1.27079990751089    1.74910601723444   -3.78993800729725
  -1.27150496563171    1.75007644648480   -3.80281875565673
  -1.27198532491975    1.75073760432420   -3.81573824056407
  -1.27245643913982    1.75138603741918   -3.82866832972735
  -1.27270981144290    1.75173477447629   -3.84160306268343
  -1.27294295075663    1.75205566321266   -3.85450771742745
  -1.27319611943013    1.75240411999768   -3.86744199163373
  -1.27367666808106    1.75306553847274   -3.88036190307814
  -1.27391892308338    1.75339897387807   -3.89325564916660
  -1.27415373505795    1.75372216483458   -3.90618701106433
  -1.27414980655061    1.75371675770810   -3.91914286642290
  -1.27387911985296    1.75334418943135   -3.93206195041069
  -1.27113115173634    1.74956193579759   -3.94515059834873
  -1.26839991517168    1.74580271116947   -3.95094678486051
  -1.26440453453329    1.74030354149339   -3.95801902389325
  -1.26055649246243    1.73500716595784   -3.96355941240730
  -1.25540219297341    1.72791288132847   -3.97094445087566
  -1.25295688916596    1.72454720937783   -3.97483779693438
  -1.24588903188515    1.71481913840005   -3.98383322758028
  -1.24538615041229    1.71412698143267   -3.98457586704197
  -1.23815165498717    1.70416955272580   -3.99413905429476
  -1.23607389425718    1.70130976042198   -3.99718388380499
  -1.23011367900727    1.69310622790988   -4.00452944055714
  -1.22587924515240    1.68727802970861   -4.00947222400631
  -1.22260938308654    1.68277745067873   -4.01361961080120
  -1.21637999789150    1.67420343752062   -4.02235443381896
  -1.21483101389820    1.67207144395715   -4.02441979869802
  -1.20779562801001    1.66238806601711   -4.03289340765132
  -1.20570901192574    1.65951608536375   -4.03592727187270
  -1.19985537141032    1.65145924038939   -4.04275580590396
  -1.19522861452526    1.64509105586237   -4.04861195913869
  -1.19235906122686    1.64114145458264   -4.05259876958185
  -1.18601495829538    1.63240954600613   -4.06109854101334
  -1.18457055674816    1.63042149783064   -4.06265329338821
  -1.17695451258317    1.61993891233645   -4.07229670559983
  -1.17559227365355    1.61806395130234   -4.07404754170697
  -1.16947131010898    1.60963916774374   -4.08221790464571
  -1.16562123701386    1.60433999674312   -4.08694705056174
  -1.16189248688572    1.59920781248080   -4.09114503256456
  -1.15604877253197    1.59116462969590   -4.09968067948952
  -1.15417430095637    1.58858464090881   -4.10215148603877
  -1.14708767897018    1.57883074252979   -4.11048687946788
  -1.14456244054099    1.57535505001098   -4.11366453098996
  -1.13892700994348    1.56759854522250   -4.12047747596312
  -1.13526693098278    1.56256087871350   -4.12570698006865
  -1.13163366495035    1.55756011703419   -4.13008720887080
  -1.12446191591323    1.54768905132135   -4.13894529837445
  -1.12394558902460    1.54697838832678   -4.13963380863105
  -1.11634210034113    1.53651308397035   -4.14923766670051
  -1.11448514340403    1.53395720201504   -4.15173377617306
  -1.10886175646412    1.52621727389913   -4.15914648320551
  -1.10497911628101    1.52087327814740   -4.16463506281728
  -1.10127594661298    1.51577630236789   -4.16888678547397
  -1.09532361155770    1.50758361601321   -4.17717173229078
  -1.09344914994232    1.50500364093519   -4.17964267580540
  -1.08619003267552    1.49501232317057   -4.18841916146971
  -1.08430110859193    1.49241244221279   -4.19096873935295
  -1.07839397526568    1.48428197070072   -4.19851212887246
  -1.07463924000913    1.47911402097745   -4.20339962301521
  -1.07104375440452    1.47416525959595   -4.20785079737194
  -1.06423539225807    1.46479435302956   -4.21646954686802
  -1.06321350975851    1.46338785243231   -4.21789786161813
  -1.05588594341463    1.45330232259554   -4.22825668674074
  -1.05482248362440    1.45183859576712   -4.22957900056885
  -1.04814131551423    1.44264275677266   -4.23753502032683
  -1.04475543533428    1.43798249250809   -4.24215021767511
  -1.04068436471112    1.43237914450541   -4.24739878489580
  -1.03480276538912    1.42428381753516   -4.25520263674112
  -1.03285156688606    1.42159822319229   -4.25747918484184
  -1.02543751752456    1.41139365969365   -4.26667594026000
  -1.02451789811692    1.41012791216725   -4.26820243845524
  -1.01756249783546    1.40055462497021   -4.27656362795541
  -1.01430523786287    1.39607139123367   -4.28070657241879
  -1.01031147935632    1.39057445423052   -4.28606574973193
  -1.00403284786836    1.38193265936520   -4.29414075191936
  -1.00248708762158    1.37980510290815   -4.29622962828123
  -0.99498497974964    1.36947933726779   -4.30593904954545
  -0.99451066402332    1.36882649767748   -4.30674648419721
  -0.98730302190136    1.35890602937158   -4.31556901887310
  -0.98393113850575    1.35426503002793   -4.31944946924594
  -0.97970383208301    1.34844664189538   -4.32518883583141
  -0.97451885123585    1.34131012799937   -4.33255405100851
  -0.97211824724471    1.33800598006774   -4.33571886827041
  -0.96470486587343    1.32780233597876   -4.34422936831068
  -0.96380708724551    1.32656664970670   -4.34572084917712
  -0.95682824319069    1.31696109492386   -4.35485466222678
  -0.95404522407663    1.31313059773094   -4.35820287097047
  -0.94961410153404    1.30703168077593   -4.36368522109270
  -0.94362524158375    1.29878872221612   -4.37125797076438
  -0.94165424731296    1.29607588133645   -4.37346243114720
  -0.93416529384532    1.28576822118035   -4.38177016198006
  -0.93186642884330    1.28260410495395   -4.38439029184158
  -0.92685907028841    1.27571206716968   -4.38977403755290
  -0.92040605209285    1.26683024959285   -4.39712063602490
  -0.91887315707831    1.26472040060886   -4.39926343342745
  -0.91128424129209    1.25427515412473   -4.40734994259644
  -0.90903406474564    1.25117805180832   -4.41004890501855
  -0.90408760088856    1.24436982838518   -4.41554144474394
  -0.89672325418800    1.23423367473044   -4.42311277508013
  -0.89620689354222    1.23352296527315   -4.42380144864532
  -0.88890517477888    1.22347301157893   -4.43244629004370
  -0.88579634826417    1.21919407897019   -4.43601651602972
  -0.88102206481619    1.21262284154918   -4.44077310911788
  -0.87383442070387    1.20272989814220   -4.44860245123252
  -0.87332344478759    1.20202660012924   -4.44931675272446
  -0.86595464637167    1.19188431921397   -4.45788166339347
  -0.86217671313191    1.18668444020603   -4.46210223783433
  -0.85836847099866    1.18144284458503   -4.46610489925441
  -0.85154976083471    1.17205769519445   -4.47444901413867
  -0.85065781554848    1.17083003782843   -4.47538548561369
  -0.84318680732856    1.16054707718684   -4.48305295857110
  -0.83918446527690    1.15503832594739   -4.48734449323258
  -0.83526281255116    1.14964063403733   -4.49183261827137
  -0.82800512025532    1.13965127757698   -4.49996432800691
  -0.82748159744765    1.13893071024956   -4.50064671001826
  -0.82018436624211    1.12888693314875   -4.50829035083176
  -0.81634915786406    1.12360822167597   -4.51300601767427
  -0.81258978889351    1.11843389419252   -4.51713613819679
  -0.80500006469414    1.10798753502313   -4.52443778353988
  -0.80362425002866    1.10609388859166   -4.52611858177888
  -0.79751658736620    1.09768741212671   -4.53352573689845
  -0.79361188544667    1.09231305099984   -4.53899578331307
  -0.78962570603273    1.08682654572274   -4.54319402410993
  -0.78259060818549    1.07714356423706   -4.55027078013612
  -0.78054548688357    1.07432869625192   -4.55266316753308
  -0.77453579906615    1.06605707059235   -4.55885732517900
  -0.76945764375402    1.05906758943139   -4.56487349171304
  -0.76714939958648    1.05589056389114   -4.56744858009049
  -0.75955384985141    1.04543618655976   -4.57557480130553
  -0.75731488689518    1.04235451842619   -4.57800668896746
  -0.75263346854239    1.03591109884325   -4.58612606910138
  -0.75019163665360    1.03255020557869   -4.59134465786526
  -0.74817399449115    1.02977315938432   -4.60336813098836
      
      
