# shadow point cont 2D ind 27  size 1089
# norm  0.9775999 -0.2104718  0.0000000
# angle  0.2120575
   2.04427205  -4.60331173
   2.04928217  -4.59014336
   2.05405418  -4.58603741
   2.06711248  -4.57784023
   2.06794115  -4.57707223
   2.08019147  -4.56932832
   2.08672414  -4.56458408
   2.09311879  -4.56045643
   2.10587620  -4.55212239
   2.10673836  -4.55140406
   2.11895738  -4.54351659
   2.12759863  -4.53839398
   2.13168152  -4.53517664
   2.14408616  -4.52594408
   2.14495179  -4.52522265
   2.15742478  -4.51812449
   2.16482365  -4.51261990
   2.17058401  -4.50880804
   2.18331674  -4.50046786
   2.18418238  -4.49974643
   2.19638895  -4.49104750
   2.20265128  -4.48672628
   2.20918589  -4.48189447
   2.22156699  -4.47430002
   2.22242223  -4.47355748
   2.23494919  -4.46497132
   2.24070019  -4.46099188
   2.24807005  -4.45636034
   2.26056014  -4.44871663
   2.26153222  -4.44779750
   2.27408895  -4.43889139
   2.27960271  -4.43546140
   2.28699204  -4.42998351
   2.29733919  -4.42252692
   2.29973812  -4.42086577
   2.31265746  -4.41280199
   2.31755933  -4.40967296
   2.32573519  -4.40416259
   2.33659434  -4.39641910
   2.33808056  -4.39548375
   2.35138514  -4.38616309
   2.35534384  -4.38363375
   2.36413885  -4.37780797
   2.37416405  -4.37107889
   2.37739783  -4.36868257
   2.39012797  -4.36034321
   2.39341016  -4.35800230
   2.40322538  -4.35092556
   2.41266582  -4.34491910
   2.41595304  -4.34258806
   2.42889242  -4.33374942
   2.43201103  -4.33198007
   2.44196572  -4.32427756
   2.44842265  -4.31943563
   2.45488167  -4.31460819
   2.46719620  -4.30667263
   2.46816328  -4.30582180
   2.48070467  -4.29761762
   2.48623015  -4.29344573
   2.49343207  -4.28851485
   2.50592303  -4.28068527
   2.50676745  -4.27988121
   2.51908521  -4.27049781
   2.52390873  -4.26725119
   2.53200641  -4.26162030
   2.54319888  -4.25427227
   2.54471142  -4.25333762
   2.55802550  -4.24338014
   2.56046868  -4.24176143
   2.57076627  -4.23418262
   2.57972532  -4.22869591
   2.58403274  -4.22503422
   2.59658255  -4.21643450
   2.59745744  -4.21573640
   2.60966529  -4.20780984
   2.61673187  -4.20269450
   2.62259431  -4.19817237
   2.63430083  -4.19046390
   2.63569666  -4.18949723
   2.64823693  -4.18012672
   2.65238526  -4.17706805
   2.66133701  -4.17071623
   2.67218660  -4.16369866
   2.67385078  -4.16214457
   2.68695217  -4.15351618
   2.69021383  -4.15107967
   2.69990129  -4.14462509
   2.70881876  -4.13824345
   2.71281658  -4.13494189
   2.72550401  -4.12668431
   2.72795363  -4.12496941
   2.73863750  -4.11719475
   2.74439856  -4.11249458
   2.75157010  -4.10750737
   2.76311543  -4.09981261
   2.76486183  -4.09834418
   2.77719982  -4.09030764
   2.78227471  -4.08657503
   2.79069990  -4.08056945
   2.80012719  -4.07380660
   2.80361361  -4.07095109
   2.81613360  -4.06313551
   2.81933708  -4.06065858
   2.82906891  -4.05344882
   2.83723281  -4.04793008
   2.84217180  -4.04403335
   2.85490344  -4.03569867
   2.85647317  -4.03481950
   2.86821877  -4.02650200
   2.87431108  -4.02202467
   2.88052909  -4.01691452
   2.89207610  -4.00913213
   2.89384110  -4.00773147
   2.90675747  -3.99886204
   2.91003917  -3.99647208
   2.91929422  -3.99025828
   2.92993706  -3.98316868
   2.93240868  -3.98163902
   2.94571452  -3.97158565
   2.94655942  -3.97082975
   2.95804486  -3.96203644
   2.96541047  -3.95727699
   2.97135633  -3.95284675
   2.98358367  -3.94481577
   2.98439053  -3.94400817
   2.99681125  -3.93456511
   3.00074722  -3.93126530
   3.00952179  -3.92387871
   3.01416869  -3.91835697
   3.01887334  -3.90571665
   3.02030894  -3.89276949
   3.01994753  -3.87983781
   3.01993382  -3.86690704
   3.01940237  -3.85398239
   3.01882195  -3.84100734
   3.01908504  -3.82811512
   3.01866763  -3.81518428
   3.01859583  -3.80225229
   3.01817981  -3.78934725
   3.01730456  -3.77644580
   3.01500123  -3.76359027
   3.00982525  -3.75100307
   3.00902638  -3.75018622
   2.99738537  -3.73764497
   2.99662690  -3.73681766
   2.98401822  -3.72523054
   2.98320360  -3.72442841
   2.97055788  -3.71516280
   2.96726927  -3.71205796
   2.95736264  -3.70336230
   2.95176788  -3.69922576
   2.94447753  -3.69271947
   2.93733992  -3.68619360
   2.93155313  -3.68145837
   2.92186176  -3.67340415
   2.91851386  -3.67016148
   2.90671994  -3.66018995
   2.90584776  -3.65942266
   2.89277027  -3.64831599
   2.89123902  -3.64739064
   2.87971844  -3.63788540
   2.87492759  -3.63450176
   2.86724523  -3.62762944
   2.86132950  -3.62147253
   2.85391351  -3.61517621
   2.84582183  -3.60869619
   2.84115581  -3.60523668
   2.82984597  -3.59549012
   2.82821403  -3.59394953
   2.81509821  -3.58358169
   2.81427604  -3.58278764
   2.80255710  -3.57264992
   2.79861492  -3.56929264
   2.78980650  -3.56191645
   2.78300905  -3.55666737
   2.77617632  -3.55051967
   2.76771916  -3.54362081
   2.76372462  -3.54032815
   2.75162155  -3.53060953
   2.75080554  -3.52980534
   2.73785662  -3.51849629
   2.73701092  -3.51773350
   2.72473911  -3.50736775
   2.72225317  -3.50505896
   2.71180451  -3.49685843
   2.70560886  -3.49170817
   2.69905774  -3.48615503
   2.69155539  -3.47913736
   2.68611552  -3.47484242
   2.67543681  -3.46621188
   2.67279122  -3.46395112
   2.66047131  -3.45361161
   2.65957532  -3.45282902
   2.64693071  -3.44209264
   2.64530058  -3.44054612
   2.63417867  -3.43143964
   2.62869579  -3.42718400
   2.62124959  -3.42010572
   2.61538746  -3.41472468
   2.60811962  -3.40900032
   2.59938902  -3.40156225
   2.59517930  -3.39774619
   2.58327642  -3.38854425
   2.58244091  -3.38780900
   2.56919729  -3.37675888
   2.56841491  -3.37599443
   2.55677863  -3.36733947
   2.55235004  -3.36292519
   2.54345387  -3.35486982
   2.53779892  -3.35000422
   2.53071560  -3.34414798
   2.52243787  -3.33710209
   2.51758958  -3.33305427
   2.50639540  -3.32408271
   2.50466774  -3.32250388
   2.49257750  -3.31122317
   2.49172071  -3.31047961
   2.47898564  -3.30133077
   2.47557191  -3.29826720
   2.46586457  -3.28942053
   2.46039578  -3.28514466
   2.45313876  -3.27866448
   2.44580099  -3.27230302
   2.44000405  -3.26760130
   2.42963898  -3.25937297
   2.42727864  -3.25765579
   2.41498790  -3.24655648
   2.41414262  -3.24579401
   2.40123816  -3.23519781
   2.39959499  -3.23368766
   2.38828682  -3.22477270
   2.38346170  -3.22065282
   2.37575987  -3.21379037
   2.36900805  -3.20771490
   2.36245316  -3.20287626
   2.35306384  -3.19447849
   2.34987798  -3.19198250
   2.33700260  -3.18227220
   2.33619450  -3.18146425
   2.32421850  -3.16990660
   2.32250534  -3.16841978
   2.31090256  -3.15911122
   2.30684266  -3.15589297
   2.29779212  -3.14799956
   2.29147200  -3.14299849
   2.28487165  -3.13747481
   2.27620381  -3.12995686
   2.27230603  -3.12653745
   2.26062374  -3.11751224
   2.25885036  -3.11577424
   2.24665488  -3.10526951
   2.24494191  -3.10378283
   2.23338654  -3.09440860
   2.23006645  -3.09129593
   2.22043357  -3.08394017
   2.21339294  -3.07804903
   2.20788473  -3.07295795
   2.19934812  -3.06547931
   2.19439215  -3.06152376
   2.18350302  -3.05219775
   2.18185595  -3.05058494
   2.16907927  -3.03981758
   2.16821046  -3.03909818
   2.15543234  -3.02856771
   2.15383606  -3.02700078
   2.14307660  -3.01907983
   2.13596350  -3.01326684
   2.13016192  -3.00776904
   2.12266602  -3.00075611
   2.11724343  -2.99645933
   2.10682548  -2.98745659
   2.10408288  -2.98461291
   2.09242808  -2.97525412
   2.09101493  -2.97424456
   2.07940372  -2.96404929
   2.07572959  -2.96102901
   2.06531484  -2.95229633
   2.06122795  -2.94912979
   2.05224642  -2.94193480
   2.04530987  -2.93592747
   2.03965598  -2.93103813
   2.03105091  -2.92364115
   2.02618235  -2.91956855
   2.01448204  -2.91022977
   2.01363724  -2.90946764
   2.00108054  -2.89786099
   2.00026389  -2.89706361
   1.98777791  -2.88767800
   1.98436820  -2.88466157
   1.97468177  -2.87657316
   1.96906140  -2.87166594
   1.96211170  -2.86561602
   1.95296870  -2.85872230
   1.94887285  -2.85551292
   1.93714089  -2.84535614
   1.93632005  -2.84460917
   1.92338260  -2.83330342
   1.92253790  -2.83254136
   1.91051483  -2.82280477
   1.90648599  -2.81948547
   1.89734879  -2.81173513
   1.89106721  -2.80669549
   1.88463974  -2.80099775
   1.87576611  -2.79366801
   1.87170712  -2.79049934
   1.86166061  -2.78121395
   1.85838100  -2.77807088
   1.84631145  -2.76831541
   1.84547888  -2.76753642
   1.83282657  -2.75742179
   1.83030405  -2.75523177
   1.81981938  -2.74632963
   1.81494378  -2.74233111
   1.80692163  -2.73581342
   1.79962943  -2.72938176
   1.79400953  -2.72450279
   1.78507503  -2.71648213
   1.78104206  -2.71323937
   1.76880671  -2.70369148
   1.76799924  -2.70288400
   1.75535463  -2.69118284
   1.75447903  -2.69048410
   1.74196145  -2.68128376
   1.73747649  -2.67768608
   1.72937242  -2.67043642
   1.72275133  -2.66498176
   1.71629924  -2.65931889
   1.70756556  -2.65188272
   1.70358768  -2.64859599
   1.69299117  -2.63900957
   1.69065451  -2.63730158
   1.67789410  -2.62657501
   1.67639591  -2.62561280
   1.66486197  -2.61628544
   1.66155372  -2.61311902
   1.65185382  -2.60504257
   1.64537277  -2.60023603
   1.63866449  -2.59402063
   1.63097184  -2.58713989
   1.62625782  -2.58378067
   1.61561798  -2.57430121
   1.61313079  -2.57191543
   1.60044029  -2.56198217
   1.59960795  -2.56120335
   1.58756656  -2.55068610
   1.58437233  -2.54812304
   1.57457942  -2.54018150
   1.56886388  -2.53542535
   1.56149221  -2.52910867
   1.55420196  -2.52267846
   1.54853247  -2.51783373
   1.53999047  -2.51038473
   1.53509689  -2.50634348
   1.52292198  -2.49739202
   1.52149751  -2.49635150
   1.50948208  -2.48510726
   1.50864633  -2.48433316
   1.49675707  -2.47439414
   1.49283169  -2.47102873
   1.48395508  -2.46374225
   1.47734359  -2.45829285
   1.47106579  -2.45323149
   1.46198291  -2.44540834
   1.45798821  -2.44212893
   1.44752139  -2.43241615
   1.44518613  -2.43066013
   1.43198943  -2.42051649
   1.43116787  -2.41972470
   1.41958241  -2.41019410
   1.41534531  -2.40644613
   1.40627338  -2.39861004
   1.39985908  -2.39371157
   1.39344632  -2.38801831
   1.38549557  -2.38060356
   1.38064677  -2.37655158
   1.36992626  -2.36797839
   1.36739440  -2.36565300
   1.35505833  -2.35528276
   1.35419448  -2.35454525
   1.34199615  -2.34422794
   1.33873701  -2.34173957
   1.32867976  -2.33333064
   1.32337648  -2.32892468
   1.31630564  -2.32298793
   1.30865287  -2.31622610
   1.30302289  -2.31136400
   1.29345545  -2.30313786
   1.29026681  -2.30066714
   1.27801732  -2.29036126
   1.27718523  -2.28958264
   1.26427115  -2.27827273
   1.26341271  -2.27753548
   1.25140912  -2.26855711
   1.24671502  -2.26434834
   1.23882586  -2.25759055
   1.23062233  -2.25131114
   1.22555069  -2.24679213
   1.21533631  -2.23836380
   1.21279337  -2.23609444
   1.20054609  -2.22579014
   1.19971406  -2.22501156
   1.18700919  -2.21425280
   1.18531636  -2.21273689
   1.17394116  -2.20318183
   1.17064641  -2.20000645
   1.16092956  -2.19197030
   1.15452457  -2.18707774
   1.14832165  -2.18199645
   1.13956395  -2.17372944
   1.13556389  -2.17039382
   1.12324517  -2.16097783
   1.12238972  -2.16023525
   1.10938850  -2.14991597
   1.10774531  -2.14832118
   1.09667986  -2.13841579
   1.09335455  -2.13523629
   1.08363885  -2.12715240
   1.07787308  -2.12250777
   1.07077017  -2.11664432
   1.06251831  -2.10961405
   1.05771274  -2.10555147
   1.04729668  -2.09654106
   1.04498107  -2.09484555
   1.03228467  -2.08401078
   1.03139902  -2.08330855
   1.01881683  -2.07264382
   1.01716972  -2.07107073
   1.00623538  -2.06256839
   1.00118053  -2.05797642
   0.99311198  -2.05152032
   0.98441728  -2.04485388
   0.98025462  -2.04099098
   0.97060885  -2.03209338
   0.96729209  -2.02892401
   0.95521515  -2.01919542
   0.95435980  -2.01845292
   0.94156398  -2.00869176
   0.93907421  -2.00631215
   0.92877831  -1.99800879
   0.92367674  -1.99345815
   0.91526744  -1.98663023
   0.90687205  -1.98044894
   0.90333997  -1.97746031
   0.89237874  -1.96741923
   0.88986806  -1.96515051
   0.87740161  -1.95484561
   0.87651395  -1.95414623
   0.86434571  -1.94471188
   0.86032898  -1.94131672
   0.85135055  -1.93424221
   0.84420848  -1.92839306
   0.83874047  -1.92417276
   0.82932696  -1.91594888
   0.82529308  -1.91272116
   0.81388075  -1.90318551
   0.81219302  -1.90166270
   0.79982020  -1.89224967
   0.79726359  -1.88990058
   0.78678151  -1.88098473
   0.78189981  -1.87701140
   0.77392858  -1.87047481
   0.76651877  -1.86413060
   0.76076844  -1.85945403
   0.75116918  -1.85134598
   0.74784324  -1.84816799
   0.73580540  -1.83843461
   0.73497362  -1.83765625
   0.72203803  -1.82701350
   0.71969897  -1.82541610
   0.70901850  -1.81685313
   0.70374357  -1.81239403
   0.69675129  -1.80631714
   0.68823559  -1.79959550
   0.68316366  -1.79510174
   0.67293881  -1.78666425
   0.67036978  -1.78444158
   0.65757251  -1.77469413
   0.65619296  -1.77363729
   0.64496958  -1.76311700
   0.64232624  -1.76081081
   0.63194490  -1.75264483
   0.62581436  -1.74749077
   0.61924822  -1.74173859
   0.60872836  -1.73447451
   0.60625940  -1.73244911
   0.59438222  -1.72144720
   0.59349039  -1.72075365
   0.58039842  -1.71061982
   0.57869823  -1.70910614
   0.56735472  -1.69939644
   0.56324520  -1.69627042
   0.55421888  -1.68922429
   0.54700336  -1.68355495
   0.54118850  -1.67882865
   0.52840267  -1.67184683
   0.52430591  -1.67042285
   0.51523696  -1.66762311
   0.50232995  -1.66721914
   0.48941868  -1.66774958
   0.47656134  -1.66895303
   0.46920947  -1.67062820
   0.46349794  -1.67239653
   0.45083572  -1.67774376
   0.43807143  -1.68367610
   0.43716810  -1.68434526
   0.42488559  -1.69038025
   0.41226202  -1.69659050
   0.41060865  -1.69739135
   0.39904873  -1.70323588
   0.38625362  -1.70913715
   0.38461259  -1.70987429
   0.37339684  -1.71565960
   0.36049045  -1.72211342
   0.35889298  -1.72291745
   0.34758438  -1.72937390
   0.33483363  -1.73533329
   0.33317559  -1.73612036
   0.32159336  -1.74190094
   0.30886471  -1.74712227
   0.30636432  -1.74857432
   0.29592899  -1.75434048
   0.28301872  -1.75998115
   0.27975055  -1.76149722
   0.27014601  -1.76729077
   0.25719535  -1.77367393
   0.25481225  -1.77455132
   0.24436406  -1.77943011
   0.23152240  -1.78612271
   0.22900009  -1.78745919
   0.21837891  -1.79283870
   0.20593487  -1.79839555
   0.20184252  -1.80084490
   0.19268133  -1.80677828
   0.17988426  -1.81256203
   0.17900030  -1.81327637
   0.16689584  -1.81973010
   0.15404909  -1.82561337
   0.15244205  -1.82633703
   0.14093964  -1.83237128
   0.12832695  -1.83798188
   0.12594197  -1.83943060
   0.11535616  -1.84500078
   0.10236371  -1.85038802
   0.09914700  -1.85200369
   0.08943309  -1.85760436
   0.07663853  -1.86274963
   0.07245663  -1.86477195
   0.06367173  -1.86979134
   0.05097617  -1.87721801
   0.04932971  -1.87816893
   0.03806303  -1.88463714
   0.02760692  -1.89110506
   0.02508814  -1.89266381
   0.01172248  -1.90075557
   0.00706841  -1.90345552
  -0.00072371  -1.90799283
  -0.01374962  -1.91499491
  -0.01689358  -1.91673333
  -0.02653589  -1.92251531
  -0.03878810  -1.92946107
  -0.03965669  -1.93017473
  -0.05236909  -1.93782661
  -0.06064754  -1.94220687
  -0.06554581  -1.94537865
  -0.07812044  -1.95239621
  -0.08377587  -1.95561766
  -0.09137587  -1.96065484
  -0.10388094  -1.96694937
  -0.10632911  -1.96854812
  -0.11701312  -1.97549026
  -0.12671895  -1.98109009
  -0.12989809  -1.98278429
  -0.14266111  -1.99031175
  -0.14991257  -1.99435215
  -0.15575781  -1.99803364
  -0.16878716  -2.00512061
  -0.17188946  -2.00692277
  -0.18140916  -2.01287971
  -0.19302437  -2.01949567
  -0.19466043  -2.02035055
  -0.20717937  -2.02743818
  -0.21611219  -2.03294092
  -0.22009653  -2.03549876
  -0.23295009  -2.04279672
  -0.23712397  -2.04582432
  -0.24610147  -2.05128589
  -0.25895024  -2.05784862
  -0.25981803  -2.05855800
  -0.27169697  -2.06537357
  -0.28364581  -2.07212483
  -0.28448092  -2.07288085
  -0.29768704  -2.08122470
  -0.30395952  -2.08474266
  -0.31032213  -2.08822013
  -0.32345335  -2.09581788
  -0.32660589  -2.09760112
  -0.33660131  -2.10347148
  -0.34855301  -2.11019902
  -0.34943074  -2.11088718
  -0.36208200  -2.11779188
  -0.37042032  -2.12293479
  -0.37531102  -2.12612255
  -0.38771754  -2.13261735
  -0.39353481  -2.13635862
  -0.40094451  -2.14093787
  -0.41363352  -2.14859906
  -0.41523577  -2.14942697
  -0.42660211  -2.15573195
  -0.43720013  -2.16199278
  -0.43966660  -2.16353265
  -0.45228546  -2.17054652
  -0.46044179  -2.17513559
  -0.46549961  -2.17882292
  -0.47834635  -2.18620029
  -0.48145277  -2.18801518
  -0.49116740  -2.19362494
  -0.50350962  -2.20040331
  -0.50443451  -2.20110473
  -0.51694843  -2.20818970
  -0.52655827  -2.21389753
  -0.52986429  -2.21625013
  -0.54279606  -2.22348262
  -0.54781315  -2.22640481
  -0.55583518  -2.23131932
  -0.56861054  -2.23881510
  -0.57019693  -2.23965689
  -0.58149120  -2.24611294
  -0.59324594  -2.25286181
  -0.59423015  -2.25367846
  -0.60731264  -2.26143860
  -0.61451067  -2.26553711
  -0.62011259  -2.26897758
  -0.63327179  -2.27573287
  -0.63723883  -2.27825573
  -0.64605552  -2.28400696
  -0.65833444  -2.29096266
  -0.65921225  -2.29165091
  -0.67184225  -2.29857483
  -0.68145974  -2.30428802
  -0.68473494  -2.30666339
  -0.69745848  -2.31360138
  -0.70331566  -2.31712365
  -0.71074626  -2.32166261
  -0.72325931  -2.32794405
  -0.72658046  -2.33024462
  -0.73638770  -2.33650065
  -0.74770532  -2.34292058
  -0.74929918  -2.34376004
  -0.76217159  -2.35106999
  -0.77017332  -2.35604435
  -0.77513522  -2.35906177
  -0.78817555  -2.36612552
  -0.79214420  -2.36864955
  -0.80096782  -2.37435983
  -0.81402189  -2.38053034
  -0.81490922  -2.38117591
  -0.82672712  -2.38899137
  -0.83561391  -2.39462456
  -0.83967737  -2.39699455
  -0.85273037  -2.40403143
  -0.85900388  -2.40755033
  -0.86547770  -2.41155595
  -0.87835433  -2.41886838
  -0.88081403  -2.42042186
  -0.89145488  -2.42664392
  -0.90332302  -2.43348266
  -0.90420515  -2.43415557
  -0.91728148  -2.44194873
  -0.92446887  -2.44612532
  -0.93003961  -2.44945732
  -0.94329875  -2.45701718
  -0.94638478  -2.45886101
  -0.95585799  -2.46479298
  -0.96867125  -2.47142248
  -0.96954919  -2.47211083
  -0.98168364  -2.47930247
  -0.99159510  -2.48446066
  -0.99493947  -2.48690053
  -1.00733484  -2.49417414
  -1.01322458  -2.49772553
  -1.02078264  -2.50214348
  -1.03308805  -2.50874570
  -1.03640518  -2.51104395
  -1.04605113  -2.51678567
  -1.05824778  -2.52387869
  -1.05913522  -2.52452435
  -1.07218575  -2.53161946
  -1.08075789  -2.53690555
  -1.08479418  -2.53937717
  -1.09801346  -2.54693392
  -1.10198537  -2.54946018
  -1.11061461  -2.55471430
  -1.12359495  -2.56183056
  -1.12447297  -2.56251897
  -1.13658991  -2.56975107
  -1.14705089  -2.57546790
  -1.14949601  -2.57702982
  -1.16240837  -2.58429152
  -1.17030409  -2.58859709
  -1.17514575  -2.59186744
  -1.18820594  -2.59968654
  -1.19137068  -2.60140312
  -1.20111117  -2.60696428
  -1.21303010  -2.61461912
  -1.21392025  -2.61523573
  -1.22713073  -2.62198937
  -1.23643313  -2.62738946
  -1.23956170  -2.62930606
  -1.25276504  -2.63682359
  -1.25832157  -2.64019730
  -1.26569793  -2.64484246
  -1.27853614  -2.65223850
  -1.28013897  -2.65306684
  -1.29152034  -2.65937975
  -1.30210174  -2.66563529
  -1.30459763  -2.66723865
  -1.31703145  -2.67451619
  -1.32526275  -2.67903740
  -1.33043044  -2.68248098
  -1.34298694  -2.68875769
  -1.34788419  -2.69189228
  -1.35607726  -2.69734137
  -1.36865113  -2.70439322
  -1.36953352  -2.70506630
  -1.38190278  -2.71268167
  -1.39071180  -2.71762946
  -1.39482115  -2.71992741
  -1.40773298  -2.72719935
  -1.41399817  -2.73072743
  -1.42035933  -2.73506137
  -1.43373040  -2.74231217
  -1.43462884  -2.74300329
  -1.44631776  -2.75008731
  -1.45767932  -2.75644981
  -1.45919743  -2.75739434
  -1.47195212  -2.76494988
  -1.47937486  -2.76951918
  -1.48505757  -2.77269556
  -1.49794587  -2.77918913
  -1.50284520  -2.78232479
  -1.51085981  -2.78726353
  -1.52361121  -2.79482580
  -1.52520394  -2.79567169
  -1.53686603  -2.80311588
  -1.54567138  -2.80806270
  -1.54961191  -2.80986143
  -1.56269784  -2.81763485
  -1.56834920  -2.82085554
  -1.57580057  -2.82542993
  -1.58836926  -2.83244971
  -1.59151232  -2.83419339
  -1.60129029  -2.84051177
  -1.61286505  -2.84669676
  -1.61435180  -2.84754436
  -1.62710167  -2.85508052
  -1.63453664  -2.85962657
  -1.64018241  -2.86288783
  -1.65266200  -2.86935287
  -1.65914986  -2.87325843
  -1.66583796  -2.87770706
  -1.67858928  -2.88526969
  -1.67947188  -2.88594292
  -1.69168070  -2.89303274
  -1.70212816  -2.89876407
  -1.70459318  -2.90030730
  -1.71765304  -2.90820279
  -1.72378597  -2.91189895
  -1.73014706  -2.91540105
  -1.74335252  -2.92289777
  -1.74583616  -2.92440849
  -1.75626322  -2.93017918
  -1.76898136  -2.93696261
  -1.76985663  -2.93766118
  -1.78209246  -2.94553235
  -1.79023714  -2.95025344
  -1.79518043  -2.95330451
  -1.80791848  -2.96008620
  -1.81282203  -2.96322392
  -1.82083572  -2.96816267
  -1.83360748  -2.97571874
  -1.83522213  -2.97652654
  -1.84684906  -2.98317427
  -1.85666110  -2.98871270
  -1.85976694  -2.99045897
  -1.87268336  -2.99776648
  -1.88053054  -3.00216850
  -1.88542016  -3.00532659
  -1.89835643  -3.01335850
  -1.90084357  -3.01487027
  -1.91126519  -3.02065535
  -1.92348674  -3.02777477
  -1.92435302  -3.02849661
  -1.93682722  -3.03579525
  -1.94601888  -3.04074452
  -1.95043270  -3.04342708
  -1.96293578  -3.05055365
  -1.96853263  -3.05387560
  -1.97570533  -3.05810964
  -1.98888099  -3.06572388
  -1.99046031  -3.06659118
  -2.00168853  -3.07318508
  -2.01420404  -3.07951145
  -2.01508287  -3.08029646
  -2.02752971  -3.08772309
  -2.03555938  -3.09264269
  -2.04046305  -3.09575468
  -2.05380237  -3.10315513
  -2.05758443  -3.10526458
  -2.06629655  -3.11113161
  -2.07902946  -3.11790520
  -2.07990501  -3.11860395
  -2.09196762  -3.12597670
  -2.10099556  -3.13137269
  -2.10505895  -3.13374957
  -2.11798419  -3.14099663
  -2.12370034  -3.14414814
  -2.13107586  -3.14885757
  -2.14350311  -3.15618571
  -2.14600652  -3.15763999
  -2.15691913  -3.16419049
  -2.16860489  -3.17053749
  -2.16950699  -3.17121381
  -2.18257072  -3.17824068
  -2.19115027  -3.18353927
  -2.19536405  -3.18655482
  -2.20860455  -3.19334540
  -2.21324562  -3.19602204
  -2.22151812  -3.20126892
  -2.23440714  -3.20796677
  -2.23590445  -3.20892265
  -2.24691997  -3.21679236
  -2.25616510  -3.22163363
  -2.26029781  -3.22397740
  -2.27288398  -3.23100760
  -2.28016826  -3.23500213
  -2.28596676  -3.23878999
  -2.29883848  -3.24619272
  -2.30130304  -3.24768841
  -2.31181081  -3.25335641
  -2.32386108  -3.26074082
  -2.32473739  -3.26141676
  -2.33765822  -3.26871398
  -2.34638494  -3.27381715
  -2.35042455  -3.27626120
  -2.36369011  -3.28385308
  -2.36760528  -3.28641482
  -2.37643470  -3.29211386
  -2.38918640  -3.29889875
  -2.39078043  -3.29974541
  -2.40212206  -3.30616349
  -2.41348495  -3.31252871
  -2.41520692  -3.31397165
  -2.42813342  -3.32204367
  -2.43377370  -3.32528335
  -2.44105595  -3.32934290
  -2.45368406  -3.33720285
  -2.45620951  -3.33858618
  -2.46709739  -3.34437637
  -2.47947324  -3.35092464
  -2.48034922  -3.35162366
  -2.49258968  -3.35951693
  -2.50072826  -3.36426144
  -2.50587288  -3.36770390
  -2.51880322  -3.37437733
  -2.52272967  -3.37687410
  -2.53154137  -3.38181560
  -2.54426609  -3.38905690
  -2.54518410  -3.38969982
  -2.55739757  -3.39719258
  -2.56786630  -3.40293305
  -2.57032573  -3.40449993
  -2.58307563  -3.41206263
  -2.59032392  -3.41615353
  -2.59618102  -3.41987468
  -2.60867772  -3.42765674
  -2.61124234  -3.42924376
  -2.62187274  -3.43548992
  -2.63391327  -3.44205536
  -2.63480105  -3.44276605
  -2.64789629  -3.44977084
  -2.65720221  -3.45518557
  -2.66051621  -3.45764626
  -2.67395943  -3.46477983
  -2.67800125  -3.46723771
  -2.68668400  -3.47239807
  -2.69943971  -3.47996617
  -2.70103433  -3.48081318
  -2.71237123  -3.48724045
  -2.72441616  -3.49383646
  -2.72529950  -3.49452020
  -2.73840295  -3.50230192
  -2.74494345  -3.50620057
  -2.75154820  -3.51006871
  -2.76404458  -3.51720459
  -2.76735605  -3.51953095
  -2.77719625  -3.52575419
  -2.78958528  -3.53220631
  -2.79052419  -3.53299706
  -2.80288524  -3.53979923
  -2.81192360  -3.54520062
  -2.81598896  -3.54757919
  -2.82892330  -3.55487304
  -2.83522463  -3.55838450
  -2.84168461  -3.56243169
  -2.85499061  -3.56977038
  -2.85662842  -3.57078226
  -2.86754645  -3.57780398
  -2.87819309  -3.58404441
  -2.88065077  -3.58558637
  -2.89340330  -3.59238025
  -2.90142052  -3.59734132
  -2.90634781  -3.60044010
  -2.91945696  -3.60746664
  -2.92274940  -3.60981826
  -2.93221052  -3.61582028
  -2.94442106  -3.62292319
  -2.94531841  -3.62359718
  -2.95826119  -3.63093906
  -2.96752604  -3.63642660
  -2.97065806  -3.63819708
  -2.98411316  -3.64621663
  -2.98891818  -3.64880799
  -2.99670103  -3.65332462
  -3.00913018  -3.66174795
  -3.01000177  -3.66247151
  -3.02256056  -3.67030023
  -3.02835680  -3.67495014
  -3.03587663  -3.68110510
  -3.04462696  -3.68776881
  -3.04861484  -3.69106687
  -3.06003832  -3.70062936
  -3.06173671  -3.70222332
  -3.07390367  -3.71337958
  -3.07470035  -3.71419770
  -3.08481744  -3.72678706
  -3.08737553  -3.73072933
  -3.09165770  -3.73952355
  -3.09636270  -3.75251865
  -3.09861889  -3.76545434
  -3.09903643  -3.77837790
  -3.09911226  -3.79132774
  -3.09946750  -3.80422137
  -3.09948115  -3.81714354
  -3.09949486  -3.83006581
  -3.09950865  -3.84298817
  -3.09952252  -3.85591061
  -3.09953645  -3.86883314
  -3.09955047  -3.88175577
  -3.09956456  -3.89467848
  -3.09957872  -3.90760128
  -3.09953546  -3.92051835
  -3.09759281  -3.93358584
  -3.09196492  -3.94662741
  -3.08804267  -3.95235304
  -3.08120456  -3.95945871
  -3.07434605  -3.96546875
  -3.06723842  -3.97207232
  -3.06143557  -3.97752232
  -3.05187652  -3.98495380
  -3.04871275  -3.98745786
  -3.03741091  -3.99795401
  -3.03579574  -3.99956096
  -3.02308010  -4.00945370
  -3.02138541  -4.01101216
  -3.00975912  -4.02115684
  -3.00730923  -4.02351040
  -2.99704022  -4.03184531
  -2.99135411  -4.03665062
  -2.98432560  -4.04256129
  -2.97566325  -4.05012959
  -2.97162743  -4.05335946
  -2.96099573  -4.06285017
  -2.95848833  -4.06517208
  -2.94580067  -4.07504923
  -2.94495465  -4.07588205
  -2.93245485  -4.08753943
  -2.93162257  -4.08831808
  -2.91973777  -4.09826050
  -2.91573343  -4.10155557
  -2.90706027  -4.10827209
  -2.89949549  -4.11432911
  -2.89370964  -4.11982247
  -2.88513813  -4.12744165
  -2.88157959  -4.13040001
  -2.87020696  -4.13990506
  -2.86767116  -4.14220541
  -2.85541949  -4.15256442
  -2.85395032  -4.15374822
  -2.84184275  -4.16401168
  -2.84019404  -4.16557044
  -2.82912864  -4.17470566
  -2.82438020  -4.17887311
  -2.81619900  -4.18601159
  -2.80900851  -4.19176082
  -2.80328719  -4.19650225
  -2.79495062  -4.20423678
  -2.78982902  -4.20882257
  -2.77847450  -4.21768472
  -2.77766740  -4.21849200
  -2.76496976  -4.22997642
  -2.76413754  -4.23075512
  -2.75182118  -4.24031851
  -2.74846177  -4.24342128
  -2.73851685  -4.25198875
  -2.73321027  -4.25639577
  -2.72599584  -4.26290840
  -2.71842352  -4.26904298
  -2.71267540  -4.27376736
  -2.70247225  -4.28218540
  -2.70015335  -4.28392310
  -2.68857346  -4.29493522
  -2.68684785  -4.29637344
  -2.67467645  -4.30680280
  -2.67273607  -4.30833991
  -2.66080301  -4.31709347
  -2.65678616  -4.32039423
  -2.64831165  -4.32806262
  -2.64099207  -4.33380001
  -2.63515065  -4.33749453
  -2.62270094  -4.34523141
  -2.61924225  -4.34691398
  -2.60928864  -4.35196230
  -2.59663676  -4.35710361
  -2.59236340  -4.35931139
  -2.58330652  -4.36288075
  -2.57065048  -4.36681153
  -2.55835715  -4.37196884
  -2.55745909  -4.37255552
  -2.54453550  -4.37739295
  -2.53191719  -4.38132628
  -2.52224862  -4.38549627
  -2.51907286  -4.38660756
  -2.50589752  -4.39145191
  -2.49327055  -4.39579246
  -2.48820541  -4.39813170
  -2.47991863  -4.40158069
  -2.46724483  -4.40550808
  -2.45433715  -4.41034889
  -2.45268868  -4.41106700
  -2.44128177  -4.41564021
  -2.42849121  -4.42002440
  -2.41647229  -4.42431243
  -2.41556835  -4.42486221
  -2.40268127  -4.42970261
  -2.39053412  -4.43510852
  -2.38401505  -4.43705414
  -2.37652899  -4.43950744
  -2.36402498  -4.44389926
  -2.35143879  -4.44847633
  -2.34772600  -4.44994407
  -2.33789958  -4.45353535
  -2.32512043  -4.45792111
  -2.31293606  -4.46263410
  -2.31205480  -4.46321159
  -2.29913251  -4.46804976
  -2.28632358  -4.47243112
  -2.27814262  -4.47535651
  -2.27315237  -4.47740410
  -2.26046887  -4.48210541
  -2.24731027  -4.48711172
  -2.24493498  -4.48797316
  -2.23438894  -4.49188673
  -2.22162907  -4.49630379
  -2.20901172  -4.50119440
  -2.20806839  -4.50163916
  -2.19575618  -4.50675672
  -2.18294566  -4.51113826
  -2.17484773  -4.51422966
  -2.16991263  -4.51643389
  -2.15726730  -4.52057154
  -2.14426412  -4.52485039
  -2.13927345  -4.52706389
  -2.13113168  -4.53012205
  -2.11823992  -4.53418739
  -2.10540251  -4.53935985
  -2.10451605  -4.53991408
  -2.09224975  -4.54430380
  -2.07949834  -4.54872089
  -2.06983651  -4.55289968
  -2.06652248  -4.55431623
  -2.05361815  -4.55836710
  -2.04056550  -4.56367297
  -2.03576563  -4.56539622
  -2.02777562  -4.56804528
  -2.01502754  -4.57245598
  -2.00249236  -4.57780641
  -1.99959483  -4.57973075
  -1.98911539  -4.58746873
  -1.98433807  -4.59073989
         
