# shadow cont 3D ind 102  size 13
# norm  0.6959128 -0.7181263  0.0000000
# angle  0.8011061
   1.7444229960   1.6904634873  -4.5876252291
   2.0682017786   2.0042269558  -4.3512615584
      
      
   2.0682017786   2.0042269558  -4.3512615584
   2.4138668438   2.3391997078  -3.9185154855
      
      
   2.4138668438   2.3391997078  -3.9185154855
   2.4146030428   2.3399131342  -3.7612295353
      
      
   2.4146030428   2.3399131342  -3.7612295353
   1.0096386055   0.9784078757  -2.0659468284
      
      
   1.0096386055   0.9784078757  -2.0659468284
   0.9911140279   0.9604563112  -2.0441197632
      
      
   0.9911140279   0.9604563112  -2.0441197632
   0.6508698706   0.6307367844  -1.6665913447
      
      
   0.6508698706   0.6307367844  -1.6665913447
   0.5944335482   0.5760461832  -1.6688413632
      
      
   0.5944335482   0.5760461832  -1.6688413632
   0.2033593583   0.1970689281  -1.8698754327
      
      
   0.2033593583   0.1970689281  -1.8698754327
   0.1846390500   0.1789276873  -1.8804231099
      
      
   0.1846390500   0.1789276873  -1.8804231099
  -2.7947665277  -2.7083171807  -3.6617442118
      
      
  -2.7947665277  -2.7083171807  -3.6617442118
  -2.7943252872  -2.7078895888  -3.8892344667
      
      
  -2.7943252872  -2.7078895888  -3.8892344667
  -2.1928277007  -2.1249978763  -4.3420815278
      
      
  -2.1928277007  -2.1249978763  -4.3420815278
  -1.7866134858  -1.7313489162  -4.5872860273
      
      
  -2.1928277007  -2.1249978763  -4.3420815278
  -1.4969149041  -2.8431241741  -4.3420815278
      
      
