# shadow cont 3D ind 163  size 12
# norm  0.2865246 -0.9580729  0.0000000
# angle  1.2801990
   2.3762125468   0.7106382380  -4.5844791095
   2.8724225735   0.8590365030  -4.3530107230
      
      
   2.8724225735   0.8590365030  -4.3530107230
   3.3271926632   0.9950415988  -3.9409542608
      
      
   3.3271926632   0.9950415988  -3.9409542608
   3.3233674043   0.9938976038  -3.7671475567
      
      
   3.3233674043   0.9938976038  -3.7671475567
   1.4750539403   0.4411346681  -2.0869373125
      
      
   1.4750539403   0.4411346681  -2.0869373125
   0.9548104598   0.2855488764  -1.6658709172
      
      
   0.9548104598   0.2855488764  -1.6658709172
   0.8772085981   0.2623409987  -1.6697078874
      
      
   0.8772085981   0.2623409987  -1.6697078874
   0.3845735069   0.1150118661  -1.8657654681
      
      
   0.3845735069   0.1150118661  -1.8657654681
  -3.4676656939  -1.0370519430  -3.6531718096
      
      
  -3.4676656939  -1.0370519430  -3.6531718096
  -3.4835805663  -1.0418114991  -3.6755911975
      
      
  -3.4835805663  -1.0418114991  -3.6755911975
  -3.4913298167  -1.0441290164  -3.8842931088
      
      
  -3.4913298167  -1.0441290164  -3.8842931088
  -2.7918712515  -0.8349465495  -4.3316789099
      
      
  -2.7918712515  -0.8349465495  -4.3316789099
  -2.2046436689  -0.6593282635  -4.5874820501
      
      
  -2.7918712515  -0.8349465495  -4.3316789099
  -2.5053466988  -1.7930194490  -4.3316789099
      
      
