# shadow cont 3D ind 230  size 14
# norm -0.2334454 -0.9723699 -0.0000000
# angle  1.8064158
   2.2859877790  -0.5488171093  -4.5805009476
   2.5997539275  -0.6241456968  -4.3681724781
      
      
   2.5997539275  -0.6241456968  -4.3681724781
   3.1980893584  -0.7677933246  -3.9088343108
      
      
   3.1980893584  -0.7677933246  -3.9088343108
   3.1964097408  -0.7673900841  -3.7059916191
      
      
   3.1964097408  -0.7673900841  -3.7059916191
   1.3294315563  -0.3191682783  -2.0930914889
      
      
   1.3294315563  -0.3191682783  -2.0930914889
   0.8225208962  -0.1974697961  -1.6693392981
      
      
   0.8225208962  -0.1974697961  -1.6693392981
   0.7577723574  -0.1819250472  -1.6682155905
      
      
   0.7577723574  -0.1819250472  -1.6682155905
   0.3879264931  -0.0931329111  -1.8742520291
      
      
   0.3879264931  -0.0931329111  -1.8742520291
   0.3499241503  -0.0840093558  -1.8980623608
      
      
   0.3499241503  -0.0840093558  -1.8980623608
  -2.4531149203   0.5889407859  -3.7270358443
      
      
  -2.4531149203   0.5889407859  -3.7270358443
  -2.4817688438   0.5958199843  -3.7775343246
      
      
  -2.4817688438   0.5958199843  -3.7775343246
  -2.4904372962   0.5979010956  -3.9155150248
      
      
  -2.4904372962   0.5979010956  -3.9155150248
  -2.0969986505   0.5034448338  -4.3219334670
      
      
  -2.0969986505   0.5034448338  -4.3219334670
  -2.0610619073   0.4948171851  -4.3448868235
      
      
  -2.0610619073   0.4948171851  -4.3448868235
  -1.4691160466   0.3527035574  -4.5914148533
      
      
  -2.0610619073   0.4948171851  -4.3448868235
  -2.2945072711  -0.4775527353  -4.3448868235
      
      
