# shadow cont 2D ind 198  size 13
# norm  0.0157073 -0.9998766 -0.0000000
# angle  1.5550884
#  0 type   0
   2.42799518  -4.58720860
   2.91286962  -4.35143032
      
#  1 type   0
   2.91286962  -4.35143032
   3.40516883  -3.90450378
      
#  2 type   0
   3.40516883  -3.90450378
   3.42129929  -3.86362275
      
#  3 type   0
   3.42129929  -3.86362275
   3.41852585  -3.76906308
      
#  4 type   0
   3.41852585  -3.76906308
   1.52479146  -2.12300525
      
#  5 type   0
   1.52479146  -2.12300525
   1.40872267  -2.02997690
      
#  6 type   0
   1.40872267  -2.02997690
   0.94766471  -1.66622638
      
#  7 type   0
   0.94766471  -1.66622638
   0.86993716  -1.67038424
      
#  8 type   0
   0.86993716  -1.67038424
   0.39887398  -1.87740246
      
#  9 type   0
   0.39887398  -1.87740246
  -3.10831313  -3.66111423
      
# 10 type   0
  -3.10831313  -3.66111423
  -3.12008554  -3.87886532
      
# 11 type   0
  -3.12008554  -3.87886532
  -2.60294520  -4.33227375
      
# 12 type   0
  -2.60294520  -4.33227375
  -1.96055194  -4.58711533
      
