# shadow cont 3D ind 241  size 12
# norm -0.3164770 -0.9486002 -0.0000000
# angle  1.8928096
   2.1806765260  -0.7275287284  -4.5823255872
   2.5445873214  -0.8489385547  -4.3671080279
      
      
   2.5445873214  -0.8489385547  -4.3671080279
   3.0618822926  -1.0215212134  -3.8973902438
      
      
   3.0618822926  -1.0215212134  -3.8973902438
   3.0571086500  -1.0199286057  -3.7092146895
      
      
   3.0571086500  -1.0199286057  -3.7092146895
   1.2561422077  -0.4190807450  -2.0877913437
      
      
   1.2561422077  -0.4190807450  -2.0877913437
   0.7546796054  -0.2517801642  -1.6678956204
      
      
   0.7546796054  -0.2517801642  -1.6678956204
   0.6963801815  -0.2323300049  -1.6689379550
      
      
   0.6963801815  -0.2323300049  -1.6689379550
   0.3476325367  -0.1159789883  -1.8890156312
      
      
   0.3476325367  -0.1159789883  -1.8890156312
  -2.2796167409   0.7605376813  -3.7768446944
      
      
  -2.2796167409   0.7605376813  -3.7768446944
  -2.2835887005   0.7618628273  -3.8834264409
      
      
  -2.2835887005   0.7618628273  -3.8834264409
  -1.8698540830   0.6238305164  -4.3211182161
      
      
  -1.8698540830   0.6238305164  -4.3211182161
  -1.8327551046   0.6114533608  -4.3461192619
      
      
  -1.8327551046   0.6114533608  -4.3461192619
  -1.3185996766   0.4399181330  -4.5919274882
      
      
  -1.8327551046   0.6114533608  -4.3461192619
  -2.1492320717  -0.3371468338  -4.3461192619
      
      
