# shadow cont 3D ind 94  size 14
# norm  0.7396311 -0.6730125  0.0000000
# angle  0.7382743
   1.6030912584   1.7617742895  -4.5899376885
   1.9225116948   2.1128127656  -4.3605353544
      
      
   1.9225116948   2.1128127656  -4.3605353544
   1.9473302656   2.1400880187  -4.3340650140
      
      
   1.9473302656   2.1400880187  -4.3340650140
   2.2451234655   2.4673584723  -3.9294119329
      
      
   2.2451234655   2.4673584723  -3.9294119329
   2.2440079816   2.4661325715  -3.7764196625
      
      
   2.2440079816   2.4661325715  -3.7764196625
   0.9911405048   1.0892491924  -2.1414995722
      
      
   0.9911405048   1.0892491924  -2.1414995722
   0.9057849587   0.9954446721  -2.0335524636
      
      
   0.9057849587   0.9954446721  -2.0335524636
   0.5922936618   0.6509222352  -1.6687173739
      
      
   0.5922936618   0.6509222352  -1.6687173739
   0.5393103480   0.5926943336  -1.6704103795
      
      
   0.5393103480   0.5926943336  -1.6704103795
   0.1843495218   0.2025974791  -1.8652092406
      
      
   0.1843495218   0.2025974791  -1.8652092406
   0.1659057841   0.1823280760  -1.8764941923
      
      
   0.1659057841   0.1823280760  -1.8764941923
  -2.5969858381  -2.8540501708  -3.6617605254
      
      
  -2.5969858381  -2.8540501708  -3.6617605254
  -2.5968637237  -2.8539159687  -3.8890512161
      
      
  -2.5968637237  -2.8539159687  -3.8890512161
  -2.0597552396  -2.2636414519  -4.3413337381
      
      
  -2.0597552396  -2.2636414519  -4.3413337381
  -1.6651292802  -1.8299531853  -4.5863921894
      
      
  -2.0597552396  -2.2636414519  -4.3413337381
  -1.3201241446  -2.9366539654  -4.3413337381
      
      
