# shadow cont 3D ind 267  size 16
# norm -0.5022655 -0.8647134  0.0000000
# angle  2.0970131
   1.8311789243  -1.0636333560  -4.5813626188
   2.2562446819  -1.3105311945  -4.3728193472
      
      
   2.2562446819  -1.3105311945  -4.3728193472
   2.2736858020  -1.3206618031  -4.3588222449
      
      
   2.2736858020  -1.3206618031  -4.3588222449
   2.6490337970  -1.5386812671  -3.9450965082
      
      
   2.6490337970  -1.5386812671  -3.9450965082
   2.6485385328  -1.5383935948  -3.7326676062
      
      
   2.6485385328  -1.5383935948  -3.7326676062
   1.0700247985  -0.6215198593  -2.1225852640
      
      
   1.0700247985  -0.6215198593  -2.1225852640
   1.0168560886  -0.5906370151  -2.0709108437
      
      
   1.0168560886  -0.5906370151  -2.0709108437
   0.5689272893  -0.3304592654  -1.6677388450
      
      
   0.5689272893  -0.3304592654  -1.6677388450
   0.5226509565  -0.3035798324  -1.6693027463
      
      
   0.5226509565  -0.3035798324  -1.6693027463
   0.0552302466  -0.0320802799  -2.0584473999
      
      
   0.0552302466  -0.0320802799  -2.0584473999
   0.0396630670  -0.0230381425  -2.0717274845
      
      
   0.0396630670  -0.0230381425  -2.0717274845
  -1.8691697031   1.0857001562  -3.7416908876
      
      
  -1.8691697031   1.0857001562  -3.7416908876
  -1.8747511146   1.0889420980  -3.8803570912
      
      
  -1.8747511146   1.0889420980  -3.8803570912
  -1.8577657875   1.0790762350  -3.9197326864
      
      
  -1.8577657875   1.0790762350  -3.9197326864
  -1.3998679280   0.8131079942  -4.3587970580
      
      
  -1.3998679280   0.8131079942  -4.3587970580
  -1.3744214218   0.7983274873  -4.3762597817
      
      
  -1.3744214218   0.7983274873  -4.3762597817
  -1.0303465105   0.5984728757  -4.5924863703
      
      
  -1.3744214218   0.7983274873  -4.3762597817
  -1.8766869549  -0.0663859533  -4.3762597817
      
      
