# shadow cont 2D ind 105  size 15
# norm  0.6788007 -0.7343225 -0.0000000
# angle  0.8246681
#  0 type   0
   2.43710523  -4.59056671
   2.85595854  -4.36372202
      
#  1 type   0
   2.85595854  -4.36372202
   2.89464713  -4.33826942
      
#  2 type   0
   2.89464713  -4.33826942
   3.37325025  -3.91777127
      
#  3 type   0
   3.37325025  -3.91777127
   3.37087856  -3.75281864
      
#  4 type   0
   3.37087856  -3.75281864
   1.40451932  -2.05952108
      
#  5 type   0
   1.40451932  -2.05952108
   1.34318433  -2.00962473
      
#  6 type   0
   1.34318433  -2.00962473
   0.91447010  -1.66582122
      
#  7 type   0
   0.91447010  -1.66582122
   0.83457813  -1.66954993
      
#  8 type   0
   0.83457813  -1.66954993
   0.38800395  -1.83396898
      
#  9 type   3
   0.38800395  -1.83396898
   0.28506840  -1.87129781
      
# 10 type   0
   0.28506840  -1.87129781
  -3.88937994  -3.65754249
      
# 11 type   0
  -3.88937994  -3.65754249
  -3.89998832  -3.71242087
      
# 12 type   0
  -3.89998832  -3.71242087
  -3.89879255  -3.88928323
      
# 13 type   0
  -3.89879255  -3.88928323
  -3.04905126  -4.34205349
      
# 14 type   0
  -3.04905126  -4.34205349
  -2.49224343  -4.58677613
      
