# shadow cont 2D ind 18  size 13
# norm  0.9900237 -0.1409012  0.0000000
# angle  0.1413717
#  0 type   0
   1.98826445  -4.58924816
   2.34513211  -4.37122131
      
#  1 type   0
   2.34513211  -4.37122131
   2.95831156  -3.91221588
      
#  2 type   0
   2.95831156  -3.91221588
   2.94836170  -3.75051290
      
#  3 type   0
   2.94836170  -3.75051290
   2.85482384  -3.66817797
      
#  4 type   0
   2.85482384  -3.66817797
   0.48730360  -1.68147296
      
#  5 type   0
   0.48730360  -1.68147296
   0.42218099  -1.66367869
      
#  6 type   0
   0.42218099  -1.66367869
   0.03766321  -1.86798859
      
#  7 type   0
   0.03766321  -1.86798859
  -0.25930889  -2.05175117
      
#  8 type   0
  -0.25930889  -2.05175117
  -2.97229305  -3.74568769
      
#  9 type   0
  -2.97229305  -3.74568769
  -2.98779032  -3.77838480
      
# 10 type   0
  -2.98779032  -3.77838480
  -2.98687689  -3.94009243
      
# 11 type   0
  -2.98687689  -3.94009243
  -2.50780545  -4.34784230
      
# 12 type   0
  -2.50780545  -4.34784230
  -1.88299157  -4.58804260
      
