# shadow cont 2D ind 21  size 13
# norm  0.9864293 -0.1641868  0.0000000
# angle  0.1649336
#  0 type   0
   2.00952102  -4.58953098
   2.34307812  -4.37559934
      
#  1 type   0
   2.34307812  -4.37559934
   2.97882499  -3.91710345
      
#  2 type   0
   2.97882499  -3.91710345
   2.97527098  -3.76323818
      
#  3 type   0
   2.97527098  -3.76323818
   2.95833269  -3.73577175
      
#  4 type   0
   2.95833269  -3.73577175
   0.49197567  -1.66876186
      
#  5 type   4
   0.49197567  -1.66876186
   0.43032891  -1.66957631
      
#  6 type   0
   0.43032891  -1.66957631
   0.05067215  -1.86676525
      
#  7 type   0
   0.05067215  -1.86676525
  -0.34937494  -2.10885553
      
#  8 type   0
  -0.34937494  -2.10885553
  -2.97407244  -3.71163236
      
#  9 type   0
  -2.97407244  -3.71163236
  -3.02417706  -3.76537506
      
# 10 type   0
  -3.02417706  -3.76537506
  -3.02467411  -3.94441020
      
# 11 type   0
  -3.02467411  -3.94441020
  -2.54932138  -4.34784045
      
# 12 type   0
  -2.54932138  -4.34784045
  -1.91053249  -4.58827964
      
