# shadow cont 3D ind 169  size 13
# norm  0.2410751 -0.9705065  0.0000000
# angle  1.3273229
   2.3820535412   0.5917051746  -4.5853668984
   2.9085360374   0.7224841063  -4.3545235972
      
      
   2.9085360374   0.7224841063  -4.3545235972
   3.3670044045   0.8363682405  -3.9449972896
      
      
   3.3670044045   0.8363682405  -3.9449972896
   3.3650506886   0.8358829350  -3.7622786665
      
      
   3.3650506886   0.8358829350  -3.7622786665
   1.4958756172   0.3715774343  -2.0898410358
      
      
   1.4958756172   0.3715774343  -2.0898410358
   0.9659140656   0.2399343008  -1.6670132093
      
      
   0.9659140656   0.2399343008  -1.6670132093
   0.8876901908   0.2205033893  -1.6688576775
      
      
   0.8876901908   0.2205033893  -1.6688576775
   0.3748617642   0.0931161461  -1.8749448479
      
      
   0.3748617642   0.0931161461  -1.8749448479
   0.3115803178   0.0773969532  -1.9040374433
      
      
   0.3115803178   0.0773969532  -1.9040374433
  -3.4591246982  -0.8592510404  -3.6609204932
      
      
  -3.4591246982  -0.8592510404  -3.6609204932
  -3.4681987624  -0.8615050497  -3.8811509465
      
      
  -3.4681987624  -0.8615050497  -3.8811509465
  -2.8855364624  -0.7167709822  -4.2697893673
      
      
  -2.8855364624  -0.7167709822  -4.2697893673
  -2.7842356100  -0.6916077197  -4.3350536193
      
      
  -2.7842356100  -0.6916077197  -4.3350536193
  -2.1893223329  -0.5438304937  -4.5865479610
      
      
  -2.7842356100  -0.6916077197  -4.3350536193
  -2.5431605492  -1.6621141932  -4.3350536193
      
      
