# shadow point cont 2D ind 139  size 1096
# norm  0.4609744 -0.8874134  0.0000000
# angle  1.0917034
   1.69711806  -4.60344944
   1.69918778  -4.59078165
   1.70549032  -4.58603004
   1.71823384  -4.57840621
   1.71900877  -4.57770445
   1.73112032  -4.57205078
   1.74342341  -4.56840345
   1.75162083  -4.56369904
   1.75650005  -4.56136529
   1.76944403  -4.55649939
   1.78156921  -4.55108158
   1.78245646  -4.55043600
   1.79512072  -4.54509491
   1.80815300  -4.54017720
   1.81378833  -4.53782369
   1.82109952  -4.53472397
   1.83412855  -4.52864241
   1.84277022  -4.52498618
   1.84677211  -4.52330507
   1.85997216  -4.51733350
   1.87254661  -4.51271008
   1.87337678  -4.51195015
   1.88581809  -4.50683355
   1.89852763  -4.50091734
   1.90181796  -4.49935471
   1.91161398  -4.49476922
   1.92441149  -4.49036738
   1.93329541  -4.48646810
   1.93744083  -4.48429122
   1.95007606  -4.47891935
   1.96238466  -4.47360523
   1.96327463  -4.47299313
   1.97604066  -4.46781902
   1.98924347  -4.46284634
   1.99238596  -4.46105335
   2.00183814  -4.45658079
   2.01495786  -4.45199561
   2.02299703  -4.44801549
   2.02783984  -4.44559565
   2.04090509  -4.44026919
   2.05326896  -4.43609348
   2.05661170  -4.43441561
   2.06644574  -4.42911122
   2.07921087  -4.42323902
   2.08254722  -4.42164306
   2.09229983  -4.41778851
   2.10534716  -4.41249799
   2.11324491  -4.40898496
   2.11808788  -4.40656521
   2.13117697  -4.40120836
   2.14249860  -4.39649196
   2.14407740  -4.39562591
   2.15685386  -4.39040519
   2.16961084  -4.38531584
   2.17452092  -4.38293657
   2.18268503  -4.37911583
   2.19575383  -4.37379274
   2.20375136  -4.37040744
   2.20866586  -4.36816001
   2.22158576  -4.36331142
   2.23343945  -4.35728452
   2.23432064  -4.35660796
   2.24722825  -4.34856709
   2.25343751  -4.34434371
   2.25972355  -4.34010635
   2.27032862  -4.33130655
   2.27285310  -4.32901888
   2.28490665  -4.31840586
   2.28576800  -4.31767517
   2.29857444  -4.30778937
   2.30173434  -4.30542647
   2.31158824  -4.29675830
   2.31654555  -4.29288418
   2.32470068  -4.28571971
   2.33184136  -4.27994862
   2.33741742  -4.27502532
   2.34711780  -4.26690135
   2.35032441  -4.26445237
   2.36295226  -4.25459450
   2.36375884  -4.25378690
   2.37620114  -4.24350953
   2.37937784  -4.24102969
   2.38925577  -4.23321787
   2.39540521  -4.22808786
   2.40218483  -4.22117500
   2.40877763  -4.21566802
   2.41526932  -4.21087429
   2.42540069  -4.20243364
   2.42762049  -4.20061753
   2.44006246  -4.18960597
   2.44090875  -4.18884810
   2.45384999  -4.17761379
   2.45531375  -4.17659453
   2.46634255  -4.16819012
   2.47210831  -4.16343626
   2.47964074  -4.15734772
   2.48750629  -4.15065944
   2.49236677  -4.14664615
   2.50425072  -4.13752550
   2.50508617  -4.13675161
   2.51802017  -4.12636352
   2.52033642  -4.12455371
   2.53113982  -4.11442188
   2.53432973  -4.11190164
   2.54401566  -4.10463903
   2.55043622  -4.09899182
   2.55713700  -4.09282445
   2.56627559  -4.08583364
   2.56942365  -4.08333152
   2.58189174  -4.07306590
   2.58275321  -4.07233526
   2.59550822  -4.06179488
   2.59712228  -4.06018045
   2.60826193  -4.05105063
   2.61315889  -4.04698254
   2.62149720  -4.04007649
   2.62809773  -4.03463384
   2.63462085  -4.02906382
   2.64402991  -4.02149070
   2.64714753  -4.01894422
   2.65748459  -4.00920473
   2.66064738  -4.00670427
   2.67279883  -3.99783251
   2.67533368  -3.99536728
   2.68626151  -3.98626460
   2.69019174  -3.98293024
   2.69881608  -3.97539290
   2.70431434  -3.96971789
   2.71140690  -3.96150574
   2.71468021  -3.95683620
   2.72186632  -3.94403087
   2.72428408  -3.93756867
   2.72665201  -3.93111907
   2.72967753  -3.91838235
   2.72985168  -3.90555736
   2.72961996  -3.89258156
   2.72901786  -3.87969711
   2.72819712  -3.86676701
   2.72742722  -3.85379246
   2.72734807  -3.84092354
   2.72565216  -3.82808048
   2.72388449  -3.81679248
   2.72318442  -3.81520576
   2.71947584  -3.80221642
   2.71537034  -3.78935954
   2.71111897  -3.77728361
   2.71053154  -3.77639211
   2.70567094  -3.76346007
   2.70083102  -3.75050192
   2.69827532  -3.74500324
   2.69436671  -3.73755706
   2.68906920  -3.72453554
   2.68567871  -3.71979352
   2.68049240  -3.71191838
   2.67258870  -3.69965426
   2.67188893  -3.69877779
   2.66378035  -3.68586584
   2.65942329  -3.67881676
   2.65542031  -3.67307821
   2.64733763  -3.66012215
   2.64666322  -3.65923830
   2.63947650  -3.64711012
   2.63348983  -3.63846137
   2.63034864  -3.63425790
   2.62260387  -3.62113336
   2.62095681  -3.61874863
   2.61361836  -3.60827229
   2.60782219  -3.59948722
   2.60527044  -3.59546316
   2.59796580  -3.58259612
   2.59464022  -3.57786622
   2.58880765  -3.56978861
   2.58178848  -3.55915812
   2.58017861  -3.55670850
   2.57208100  -3.54380284
   2.56882037  -3.53898344
   2.56269589  -3.53064587
   2.55627509  -3.51930630
   2.55539329  -3.51773545
   2.54675677  -3.50463873
   2.54324015  -3.49919367
   2.53813185  -3.49202441
   2.53050167  -3.47964011
   2.52980215  -3.47876388
   2.52219057  -3.46605861
   2.51717429  -3.45892504
   2.51308470  -3.45319327
   2.50539084  -3.44006765
   2.50445919  -3.43854138
   2.49577016  -3.42707915
   2.49150421  -3.41994369
   2.48826431  -3.41429938
   2.48024904  -3.40133082
   2.47840177  -3.39826239
   2.47122468  -3.38850087
   2.46536728  -3.37971270
   2.46292380  -3.37565895
   2.45508667  -3.36260497
   2.45273293  -3.35932669
   2.44672793  -3.34984597
   2.43952016  -3.33847767
   2.43809543  -3.33675869
   2.42921156  -3.32382127
   2.42656427  -3.31910302
   2.42163996  -3.31111408
   2.41382568  -3.30039639
   2.41229073  -3.29792123
   2.40442492  -3.28485314
   2.40116575  -3.28001737
   2.39555048  -3.27191813
   2.38815250  -3.25987351
   2.38743002  -3.25900665
   2.37918448  -3.24619137
   2.37506198  -3.23897770
   2.37094705  -3.23337960
   2.36236960  -3.22066257
   2.36172299  -3.21977394
   2.35423547  -3.20732436
   2.34919109  -3.20019866
   2.34568943  -3.19468369
   2.33722771  -3.18150455
   2.33632585  -3.17995097
   2.32895698  -3.16870321
   2.32296690  -3.15924837
   2.32060651  -3.15594155
   2.31207641  -3.14278997
   2.31029590  -3.13966367
   2.30441559  -3.13013175
   2.29733761  -3.12029592
   2.29507123  -3.11696084
   2.28768613  -3.10411455
   2.28440355  -3.09929338
   2.27886997  -3.09113235
   2.27184440  -3.08046604
   2.27021075  -3.07804943
   2.26241717  -3.06545611
   2.25820476  -3.05830520
   2.25376775  -3.05239156
   2.24561692  -3.04031574
   2.24491787  -3.03943997
   2.23730137  -3.02678777
   2.23247469  -3.02114988
   2.22540389  -3.01369213
   2.21944632  -3.00584004
   2.21544852  -3.00108526
   2.20684435  -2.99432550
   2.19864180  -2.98800899
   2.19395321  -2.98458068
   2.18184501  -2.97488189
   2.18097816  -2.97415970
   2.16818639  -2.96587694
   2.16306529  -2.96232825
   2.15480743  -2.95674790
   2.14339144  -2.94847727
   2.14250800  -2.94780357
   2.12914142  -2.93877998
   2.12591812  -2.93641522
   2.11622731  -2.92987829
   2.10744431  -2.92333915
   2.10344174  -2.92084204
   2.09063187  -2.91178850
   2.08750684  -2.91000959
   2.07768889  -2.90294679
   2.07050307  -2.89717649
   2.06485252  -2.89311457
   2.05261986  -2.88440641
   2.05175315  -2.88368431
   2.03900955  -2.87534364
   2.03399223  -2.87155831
   2.02594044  -2.86586790
   2.01558761  -2.85840472
   2.01321347  -2.85672472
   2.00017935  -2.84716795
   1.99843263  -2.84575650
   1.98719213  -2.83838703
   1.97855091  -2.83239537
   1.97438057  -2.82932697
   1.96186072  -2.82030261
   1.96098172  -2.81961361
   1.94788249  -2.81074674
   1.94195786  -2.80690592
   1.93570339  -2.80260127
   1.92564134  -2.79423119
   1.92235702  -2.79187978
   1.90958637  -2.78360106
   1.90560960  -2.78107691
   1.89672739  -2.77461587
   1.88788373  -2.76810714
   1.88375767  -2.76500369
   1.87080032  -2.75616435
   1.86993814  -2.75543310
   1.85793934  -2.74720193
   1.85204417  -2.74278507
   1.84455466  -2.73719912
   1.83313833  -2.72906976
   1.83226266  -2.72837099
   1.81899609  -2.71921554
   1.81570901  -2.71681534
   1.80648859  -2.71055196
   1.79595019  -2.70329134
   1.79335696  -2.70115379
   1.78054742  -2.69210154
   1.77880111  -2.69069037
   1.76757104  -2.68332606
   1.76093989  -2.67790642
   1.75457124  -2.67374655
   1.74289022  -2.66533019
   1.74139397  -2.66437509
   1.72894418  -2.65566830
   1.72387946  -2.65196456
   1.71573588  -2.64638676
   1.70619837  -2.63893111
   1.70293400  -2.63655195
   1.68982593  -2.62716650
   1.68825314  -2.62629144
   1.67701770  -2.61889227
   1.66917951  -2.61292511
   1.66415002  -2.60914627
   1.65131878  -2.60094539
   1.65044923  -2.60023104
   1.63813250  -2.59076527
   1.63418894  -2.58747705
   1.62566593  -2.58215103
   1.61492672  -2.57437834
   1.61248464  -2.57281075
   1.59947400  -2.56405443
   1.59625857  -2.56162291
   1.58671190  -2.55497177
   1.57852589  -2.54866482
   1.57377264  -2.54531048
   1.56096502  -2.53630819
   1.56011831  -2.53555001
   1.54811606  -2.52647650
   1.54227269  -2.52270299
   1.53469445  -2.51748744
   1.52297866  -2.50969990
   1.52211243  -2.50897814
   1.50907013  -2.49946490
   1.50518615  -2.49684066
   1.49635299  -2.49033831
   1.48751573  -2.48377906
   1.48355713  -2.48125422
   1.47037452  -2.47195453
   1.46950163  -2.47124912
   1.45740138  -2.46315318
   1.45101998  -2.45821602
   1.44461278  -2.45328651
   1.43325529  -2.44530115
   1.43171194  -2.44439112
   1.41906809  -2.43600293
   1.41473088  -2.43231916
   1.40573082  -2.42604078
   1.39690129  -2.41951803
   1.39301149  -2.41690263
   1.38007427  -2.40720346
   1.37919576  -2.40651480
   1.36696281  -2.39863783
   1.35974330  -2.39373284
   1.35414428  -2.38963225
   1.34229560  -2.38027346
   1.34141288  -2.37960024
   1.32830448  -2.37108275
   1.32424557  -2.36788101
   1.31543680  -2.36211482
   1.30541100  -2.35524234
   1.30226936  -2.35277489
   1.28984076  -2.34402543
   1.28725003  -2.34186531
   1.27672175  -2.33464010
   1.26925407  -2.32928013
   1.26375990  -2.32505624
   1.25179681  -2.31595225
   1.25093078  -2.31523062
   1.23811686  -2.30694298
   1.23299534  -2.30339597
   1.22462008  -2.29728285
   1.21344678  -2.28947562
   1.21253325  -2.28883849
   1.19893969  -2.27857791
   1.19808922  -2.27786545
   1.18625500  -2.27020965
   1.17840611  -2.26429811
   1.17337610  -2.26043744
   1.16096416  -2.25199451
   1.16011509  -2.25124079
   1.14784919  -2.24310854
   1.14205493  -2.23849698
   1.13484474  -2.23347341
   1.12404032  -2.22592053
   1.12147391  -2.22369270
   1.10914553  -2.21565460
   1.10490060  -2.21262210
   1.09589296  -2.20643483
   1.08720171  -2.19974506
   1.08308456  -2.19657925
   1.07008922  -2.18781278
   1.06852804  -2.18692416
   1.05720204  -2.17895785
   1.05076294  -2.17402342
   1.04423045  -2.16933237
   1.03388907  -2.16113828
   1.03139684  -2.15949567
   1.01861793  -2.15132109
   1.01386185  -2.14793842
   1.00579425  -2.14223875
   0.99653200  -2.13554954
   0.99241271  -2.13243213
   0.97998751  -2.12358783
   0.97753129  -2.12203300
   0.96671376  -2.11452046
   0.96017453  -2.10980063
   0.95391468  -2.10552919
   0.94194048  -2.09641700
   0.94107464  -2.09569551
   0.92825124  -2.08740384
   0.92250169  -2.08360324
   0.91502437  -2.07747600
   0.90581960  -2.07042240
   0.90247945  -2.06800797
   0.88923767  -2.05886314
   0.88769685  -2.05795132
   0.87660024  -2.05045450
   0.86861838  -2.04464728
   0.86365611  -2.04079264
   0.85222884  -2.03205464
   0.85066071  -2.03117516
   0.83782371  -2.02304935
   0.83288157  -2.01917791
   0.82489712  -2.01337805
   0.81507048  -2.00631682
   0.81179592  -2.00397091
   0.79912725  -1.99559394
   0.79590013  -1.99317306
   0.78612579  -1.98597603
   0.77803436  -1.98043617
   0.77335147  -1.97701180
   0.76117382  -1.96731468
   0.76029889  -1.96661643
   0.74746500  -1.95849261
   0.74177801  -1.95448513
   0.73440734  -1.94903582
   0.72490062  -1.94165317
   0.72157366  -1.93917995
   0.70857702  -1.93049026
   0.70615615  -1.92884911
   0.69584435  -1.92217428
   0.68768025  -1.91588321
   0.68280037  -1.91189782
   0.67081571  -1.90275906
   0.66994082  -1.90206084
   0.65703328  -1.89399173
   0.65134820  -1.89008077
   0.64416143  -1.88508946
   0.63222285  -1.87690628
   0.63137903  -1.87614491
   0.61885219  -1.86657988
   0.61438353  -1.86386367
   0.60512356  -1.85732120
   0.59663960  -1.85128859
   0.59268858  -1.84849492
   0.57958386  -1.83918536
   0.57872253  -1.83845473
   0.56679007  -1.83017881
   0.56022546  -1.82540513
   0.55367570  -1.82076615
   0.54313992  -1.81274898
   0.54054290  -1.81058497
   0.52780801  -1.80225957
   0.52453205  -1.79992074
   0.51492159  -1.79336369
   0.50596519  -1.78702236
   0.50186788  -1.78389786
   0.48990621  -1.77570977
   0.48647058  -1.77318449
   0.47670637  -1.76608730
   0.46937082  -1.76053992
   0.46415276  -1.75677773
   0.45164601  -1.74742608
   0.45073085  -1.74679240
   0.43764564  -1.73823982
   0.43351041  -1.73518460
   0.42496056  -1.72926692
   0.41540057  -1.72159124
   0.41193020  -1.71940168
   0.39861564  -1.71047804
   0.39713456  -1.70952371
   0.38670527  -1.70189174
   0.37884294  -1.69611127
   0.37317519  -1.69221952
   0.36104024  -1.68329136
   0.36016544  -1.68259324
   0.34725914  -1.67452532
   0.34158675  -1.67062337
   0.33435047  -1.66499344
   0.32386543  -1.65753176
   0.32137218  -1.65535902
   0.30884191  -1.64667839
   0.30543268  -1.64446935
   0.29568069  -1.63753937
   0.28727124  -1.63112625
   0.28327617  -1.62846626
   0.26986411  -1.61973415
   0.26901540  -1.61898077
   0.25746212  -1.61028811
   0.25095020  -1.60531637
   0.24422372  -1.60071982
   0.23270560  -1.59310957
   0.23116312  -1.59220021
   0.21862887  -1.58316713
   0.21452684  -1.57975222
   0.20541721  -1.57333204
   0.19552631  -1.56738696
   0.19236981  -1.56496965
   0.18012739  -1.55562281
   0.17734248  -1.55380953
   0.16658096  -1.54704791
   0.15700811  -1.54118238
   0.15364453  -1.53954668
   0.14061484  -1.53279088
   0.13415009  -1.52870639
   0.12756111  -1.52487499
   0.11480408  -1.51827046
   0.11078094  -1.51578496
   0.10191070  -1.51083793
   0.08884310  -1.50389988
   0.08797780  -1.50323648
   0.07620428  -1.49705308
   0.06409049  -1.48968064
   0.06319248  -1.48905611
   0.05043815  -1.48250259
   0.04087720  -1.47661374
   0.03760282  -1.47489820
   0.02479092  -1.46838580
   0.01663185  -1.46374012
   0.01171239  -1.46072371
  -0.00126636  -1.45254353
  -0.00379854  -1.45117274
  -0.01424897  -1.44567008
  -0.02623968  -1.43802589
  -0.02714999  -1.43742595
  -0.04001365  -1.43094364
  -0.05178383  -1.42458503
  -0.05272499  -1.42404672
  -0.06581723  -1.41722522
  -0.07392962  -1.41252912
  -0.07877340  -1.40999833
  -0.09163316  -1.40288788
  -0.09709955  -1.39935176
  -0.10465017  -1.39525221
  -0.11785982  -1.39058311
  -0.13083866  -1.39035991
  -0.14330197  -1.39382709
  -0.15621457  -1.40021521
  -0.15860444  -1.40108684
  -0.16906272  -1.40659808
  -0.18196177  -1.41332271
  -0.18279591  -1.41406607
  -0.19517734  -1.42140639
  -0.20517361  -1.42688623
  -0.20771328  -1.42784714
  -0.22062629  -1.43500223
  -0.22870949  -1.43979050
  -0.23369988  -1.44282583
  -0.24653292  -1.44933732
  -0.25292039  -1.45270124
  -0.25962073  -1.45709177
  -0.27241899  -1.46380145
  -0.27556061  -1.46548134
  -0.28525069  -1.47050596
  -0.29826687  -1.47735725
  -0.29914263  -1.47805139
  -0.31097677  -1.48424061
  -0.32385075  -1.49081429
  -0.32468406  -1.49156735
  -0.33695128  -1.49849249
  -0.34749432  -1.50398141
  -0.34996807  -1.50549914
  -0.36271981  -1.51224674
  -0.37153877  -1.51712839
  -0.37560959  -1.51952132
  -0.38837423  -1.52621670
  -0.39488168  -1.53017564
  -0.40164476  -1.53447463
  -0.41429328  -1.54052615
  -0.41820100  -1.54302005
  -0.42708853  -1.54881761
  -0.43847790  -1.55580669
  -0.44020873  -1.55724892
  -0.45281977  -1.56564097
  -0.45692239  -1.56883833
  -0.46585468  -1.57526093
  -0.47413114  -1.58137005
  -0.47906791  -1.58527486
  -0.49150693  -1.59247738
  -0.49476053  -1.59485578
  -0.50486007  -1.60305055
  -0.51102135  -1.60741548
  -0.51743648  -1.61239989
  -0.52882622  -1.62035112
  -0.53055708  -1.62179338
  -0.54336763  -1.63074864
  -0.54654293  -1.63322402
  -0.55608233  -1.64002108
  -0.56495241  -1.64632498
  -0.56909017  -1.64949942
  -0.58198490  -1.65828133
  -0.58282003  -1.65905489
  -0.59477390  -1.66826941
  -0.59991582  -1.67194906
  -0.60826378  -1.67790994
  -0.61895606  -1.68515586
  -0.62052589  -1.68602116
  -0.63341278  -1.69576889
  -0.63664872  -1.69817664
  -0.64639368  -1.70539736
  -0.65445037  -1.71101071
  -0.65918070  -1.71425913
  -0.67211149  -1.72335237
  -0.67293551  -1.72413129
  -0.68527454  -1.73339837
  -0.68928352  -1.73652772
  -0.69796387  -1.74263995
  -0.70781532  -1.74966721
  -0.71120835  -1.75255126
  -0.72375670  -1.76111743
  -0.72616147  -1.76275237
  -0.73675824  -1.77140400
  -0.74238934  -1.77556502
  -0.74965360  -1.78046008
  -0.76179168  -1.78837769
  -0.76264676  -1.78911996
  -0.77538963  -1.79821659
  -0.77944548  -1.80141453
  -0.78843874  -1.80849889
  -0.79630675  -1.81433465
  -0.80135945  -1.81834823
  -0.81309462  -1.82647723
  -0.81459025  -1.82743191
  -0.82698071  -1.83615006
  -0.83190792  -1.84013484
  -0.84011489  -1.84639803
  -0.84892780  -1.85288976
  -0.85305694  -1.85605743
  -0.86599425  -1.86484485
  -0.86684295  -1.86559825
  -0.87875144  -1.87469146
  -0.88437775  -1.87884857
  -0.89172926  -1.88433592
  -0.90286105  -1.89194765
  -0.90456089  -1.89342291
  -0.91793348  -1.90318593
  -0.91942211  -1.90415203
  -0.93033837  -1.91200120
  -0.93762938  -1.91747030
  -0.94324679  -1.92168436
  -0.95541792  -1.93039691
  -0.95627306  -1.93113923
  -0.96898861  -1.94027429
  -0.97377899  -1.94356976
  -0.98204948  -1.94988565
  -0.99044944  -1.95576782
  -0.99510649  -1.95920713
  -1.00764471  -1.96795579
  -1.01007129  -1.96955990
  -1.02095036  -1.97855365
  -1.02569948  -1.98194875
  -1.03343425  -1.98640661
  -1.04407166  -1.99508446
  -1.04649877  -1.99674055
  -1.05973614  -2.00599385
  -1.06211250  -2.00760912
  -1.07235904  -2.01512557
  -1.08026187  -2.02106627
  -1.08533735  -2.02492014
  -1.09645637  -2.03288464
  -1.09875730  -2.03463705
  -1.11087654  -2.04291743
  -1.11584310  -2.04685863
  -1.12425327  -2.05358337
  -1.13291087  -2.05958436
  -1.13686524  -2.06210793
  -1.14987693  -2.07161766
  -1.15140104  -2.07254731
  -1.16304324  -2.08175963
  -1.16717093  -2.08484995
  -1.17591591  -2.09068397
  -1.18757208  -2.09868160
  -1.18840683  -2.09944381
  -1.20174996  -2.10923060
  -1.20466030  -2.11118261
  -1.21422267  -2.11881873
  -1.22170783  -2.12411031
  -1.22754661  -2.12862908
  -1.23997017  -2.13669116
  -1.24080003  -2.13746125
  -1.25322007  -2.14732798
  -1.25708843  -2.15003628
  -1.26600950  -2.15650749
  -1.27494942  -2.16278450
  -1.27906619  -2.16594330
  -1.29189274  -2.17492222
  -1.29341696  -2.17585194
  -1.30478255  -2.18459365
  -1.31029808  -2.18880893
  -1.31766909  -2.19442847
  -1.32762097  -2.20125388
  -1.33085904  -2.20365994
  -1.34344999  -2.21221240
  -1.34598425  -2.21442273
  -1.35648857  -2.22248218
  -1.36360629  -2.22751888
  -1.36935473  -2.23152228
  -1.38176874  -2.23990329
  -1.38260233  -2.24067961
  -1.39532556  -2.25062008
  -1.39927483  -2.25313912
  -1.40815179  -2.25959632
  -1.41684128  -2.26618478
  -1.42099936  -2.26945671
  -1.43419958  -2.27786853
  -1.43503717  -2.27863942
  -1.44681509  -2.28790989
  -1.45174868  -2.29186365
  -1.45982405  -2.29750841
  -1.46950204  -2.30472945
  -1.47292764  -2.30772361
  -1.48569781  -2.31679951
  -1.48720003  -2.31774949
  -1.49835617  -2.32604268
  -1.50491032  -2.33076970
  -1.51145962  -2.33546173
  -1.52333600  -2.34387439
  -1.52420184  -2.34459586
  -1.53745548  -2.35460043
  -1.53982835  -2.35627952
  -1.55001861  -2.36316789
  -1.55819094  -2.36943887
  -1.56298676  -2.37281445
  -1.57593013  -2.38157855
  -1.57677655  -2.38233646
  -1.58855160  -2.39151097
  -1.59424634  -2.39571968
  -1.60173312  -2.40106154
  -1.61169158  -2.40789032
  -1.61490036  -2.41035453
  -1.62732450  -2.41922292
  -1.62995661  -2.42129254
  -1.64094470  -2.42944819
  -1.64649440  -2.43363441
  -1.65353743  -2.43875239
  -1.66488284  -2.44675730
  -1.66659388  -2.44824250
  -1.67931493  -2.45738134
  -1.68254357  -2.45980320
  -1.69221220  -2.46708706
  -1.70018705  -2.47288585
  -1.70521842  -2.47665989
  -1.71752512  -2.48530739
  -1.71835893  -2.48608387
  -1.73078086  -2.49558324
  -1.73506363  -2.49849721
  -1.74446248  -2.50507197
  -1.75362383  -2.51140117
  -1.75680507  -2.51389391
  -1.76952127  -2.52308513
  -1.77194291  -2.52469990
  -1.78287081  -2.53292811
  -1.78856329  -2.53697423
  -1.79554055  -2.54216445
  -1.80744998  -2.55053907
  -1.80831603  -2.55126067
  -1.82177113  -2.56181844
  -1.82327926  -2.56279883
  -1.83416151  -2.57062596
  -1.84158636  -2.57603543
  -1.84746686  -2.58051622
  -1.86003767  -2.58827656
  -1.86150594  -2.58925325
  -1.87285640  -2.59892720
  -1.87694127  -2.60209212
  -1.88580543  -2.60859164
  -1.89476906  -2.61493971
  -1.89891851  -2.61799987
  -1.91156682  -2.62644250
  -1.91328401  -2.62791713
  -1.92467049  -2.63667258
  -1.92953389  -2.64068888
  -1.93752613  -2.64649131
  -1.94817606  -2.65351054
  -1.95074698  -2.65573857
  -1.96342611  -2.66417112
  -1.96601162  -2.66635090
  -1.97638918  -2.67456902
  -1.98351043  -2.67960799
  -1.98935104  -2.68419397
  -2.00070759  -2.69220470
  -2.00222560  -2.69314160
  -2.01514405  -2.70283151
  -2.01841679  -2.70518896
  -2.02823218  -2.71230990
  -2.03539178  -2.71811381
  -2.04089755  -2.72235726
  -2.05338084  -2.73073539
  -2.05422763  -2.73149356
  -2.06686156  -2.74071978
  -2.07098750  -2.74385314
  -2.07975061  -2.75045881
  -2.08859449  -2.75697109
  -2.09268979  -2.76011792
  -2.10547533  -2.76837530
  -2.10782782  -2.77007970
  -2.11851582  -2.77871371
  -2.12348046  -2.78260267
  -2.13141783  -2.78843170
  -2.14312569  -2.79628627
  -2.14399204  -2.79700807
  -2.15735779  -2.80767208
  -2.15821981  -2.80840317
  -2.17003247  -2.81610405
  -2.17739137  -2.82161614
  -2.18311707  -2.82636212
  -2.19431755  -2.83458819
  -2.19605034  -2.83603185
  -2.20894166  -2.84496554
  -2.21212981  -2.84744598
  -2.22171534  -2.85486976
  -2.22914826  -2.86028312
  -2.23493506  -2.86498673
  -2.24670426  -2.87352833
  -2.24757983  -2.87422701
  -2.26080031  -2.88352288
  -2.26400870  -2.88594678
  -2.27356062  -2.89260086
  -2.28240983  -2.89911598
  -2.28661884  -2.90295825
  -2.29853866  -2.91206713
  -2.29939473  -2.91281010
  -2.31212371  -2.92195393
  -2.31546586  -2.92503436
  -2.32531779  -2.93456577
  -2.32906400  -2.93806878
  -2.33804047  -2.94849599
  -2.33967689  -2.95089056
  -2.34838266  -2.96394801
  -2.35080637  -2.96717794
  -2.35754245  -2.97666020
  -2.36427711  -2.98616093
  -2.36669655  -2.98934749
  -2.37675990  -3.00100244
  -2.37760638  -3.00259560
  -2.38560785  -3.01559126
  -2.38962443  -3.02045116
  -2.39548935  -3.02836384
  -2.40256390  -3.03818257
  -2.40493904  -3.04146736
  -2.41466017  -3.05435749
  -2.41556144  -3.05591013
  -2.42297368  -3.06711356
  -2.42856517  -3.07443016
  -2.43323373  -3.08022091
  -2.44165446  -3.09240196
  -2.44229064  -3.09331727
  -2.45180468  -3.10607048
  -2.45442269  -3.10996249
  -2.46042618  -3.11853489
  -2.46773913  -3.12743829
  -2.47089753  -3.13154510
  -2.47977926  -3.14448147
  -2.48050170  -3.14534818
  -2.48919105  -3.15760184
  -2.49297946  -3.16262174
  -2.49872136  -3.17064730
  -2.50657324  -3.18148842
  -2.50806447  -3.18324686
  -2.51758223  -3.19628390
  -2.51905848  -3.19800225
  -2.52715076  -3.20931010
  -2.53189160  -3.21664671
  -2.53591349  -3.22232187
  -2.54506338  -3.23423755
  -2.54580695  -3.23509387
  -2.55440628  -3.24768384
  -2.55819619  -3.25268706
  -2.56437225  -3.26096414
  -2.57091424  -3.27061021
  -2.57330856  -3.27383602
  -2.58321182  -3.28666536
  -2.58391124  -3.28754137
  -2.59186131  -3.29972570
  -2.59659382  -3.30627360
  -2.60194204  -3.31298639
  -2.60953382  -3.32403056
  -2.61049416  -3.32552215
  -2.62084611  -3.33857917
  -2.62230994  -3.34030423
  -2.62982929  -3.35144496
  -2.63543524  -3.35955266
  -2.63936999  -3.36447611
  -2.64851827  -3.37641648
  -2.64924095  -3.37728340
  -2.65808681  -3.39025133
  -2.66117980  -3.39437667
  -2.66790660  -3.40303504
  -2.67465289  -3.41174321
  -2.67780509  -3.41588164
  -2.68670342  -3.42879325
  -2.68761485  -3.43033780
  -2.69561511  -3.44165053
  -2.70050355  -3.44812136
  -2.70530642  -3.45461909
  -2.71330259  -3.46515703
  -2.71500082  -3.46756926
  -2.72451238  -3.48063258
  -2.72612959  -3.48305602
  -2.73334978  -3.49357607
  -2.73875077  -3.50023384
  -2.74305929  -3.50649207
  -2.75199898  -3.51861853
  -2.75269865  -3.51949477
  -2.76080636  -3.53239803
  -2.76465544  -3.53737196
  -2.77116931  -3.54540856
  -2.77795513  -3.55494540
  -2.77970250  -3.55798280
  -2.78969400  -3.57087237
  -2.79101655  -3.57265476
  -2.79858818  -3.58425486
  -2.80350699  -3.59065848
  -2.80857209  -3.59695193
  -2.81696017  -3.60886474
  -2.81770416  -3.60972141
  -2.82800265  -3.62288088
  -2.82949472  -3.62537189
  -2.83581652  -3.63594047
  -2.84217012  -3.64331786
  -2.84654631  -3.64871899
  -2.85523203  -3.66129675
  -2.85615634  -3.66284026
  -2.86432126  -3.67460052
  -2.86816569  -3.67957356
  -2.87407326  -3.68745662
  -2.88158588  -3.69784721
  -2.88321633  -3.70018771
  -2.89371042  -3.71322920
  -2.89441032  -3.71410564
  -2.90235476  -3.72629030
  -2.90717206  -3.73363036
  -2.91037810  -3.73930144
  -2.91713990  -3.75209868
  -2.92042258  -3.76105800
  -2.92190848  -3.76515119
  -2.92599552  -3.77803433
  -2.93047842  -3.79068143
  -2.93341028  -3.80233633
  -2.93397612  -3.80399843
  -2.93677180  -3.81700304
  -2.93834072  -3.82992551
  -2.93881056  -3.84279638
  -2.93997925  -3.85571757
  -2.94080036  -3.86864001
  -2.94162154  -3.88156254
  -2.94244280  -3.89448517
  -2.94352201  -3.90696392
  -2.94456334  -3.92037534
  -2.94434990  -3.93343861
  -2.94170055  -3.94664126
  -2.93458719  -3.95923142
  -2.93277122  -3.96145176
  -2.92106677  -3.97234794
  -2.92025959  -3.97315514
  -2.90738979  -3.98381568
  -2.90567815  -3.98530085
  -2.89427732  -3.99404922
  -2.88942411  -3.99805851
  -2.88176532  -4.00341894
  -2.87161436  -4.01096848
  -2.86809949  -4.01372200
  -2.85634851  -4.02390707
  -2.85550813  -4.02467457
  -2.84225310  -4.03389658
  -2.83970799  -4.03624093
  -2.82946617  -4.04460361
  -2.82243902  -4.04973191
  -2.81675480  -4.05453501
  -2.80688546  -4.06239243
  -2.80365589  -4.06481357
  -2.79140058  -4.07511290
  -2.79054480  -4.07585552
  -2.77871179  -4.08439581
  -2.77331456  -4.08877310
  -2.76474112  -4.09523872
  -2.75703253  -4.10137506
  -2.75236840  -4.10482285
  -2.74009144  -4.11429758
  -2.73925110  -4.11506512
  -2.72653835  -4.12586340
  -2.72482684  -4.12734866
  -2.71362058  -4.13554824
  -2.70775797  -4.14009390
  -2.70050611  -4.14576145
  -2.69018704  -4.15332055
  -2.68759432  -4.15549835
  -2.67486745  -4.16536935
  -2.67402081  -4.16612737
  -2.66139451  -4.17514511
  -2.65683550  -4.17871276
  -2.64902258  -4.18544860
  -2.64152619  -4.19172381
  -2.63572966  -4.19637306
  -2.62594260  -4.20430823
  -2.62279915  -4.20682930
  -2.60986072  -4.21647269
  -2.60839732  -4.21748781
  -2.59677498  -4.22758677
  -2.59426421  -4.22987836
  -2.58387139  -4.23728188
  -2.57537402  -4.24341477
  -2.57133771  -4.24664343
  -2.55862690  -4.25577851
  -2.55777113  -4.25652513
  -2.54547480  -4.26703003
  -2.54222807  -4.26924748
  -2.53239838  -4.27630585
  -2.52524241  -4.28201373
  -2.51966548  -4.28693748
  -2.50979188  -4.29484623
  -2.50656268  -4.29726765
  -2.49364834  -4.30698877
  -2.49279022  -4.30769605
  -2.48034198  -4.31773786
  -2.47582591  -4.32056064
  -2.46821308  -4.32670723
  -2.46046540  -4.33351061
  -2.45471389  -4.33738930
  -2.44365815  -4.34655242
  -2.44197763  -4.34808767
  -2.42903200  -4.35773059
  -2.42661766  -4.35944100
  -2.41614394  -4.36593329
  -2.40555127  -4.37228912
  -2.40304802  -4.37374158
  -2.39012663  -4.37940341
  -2.37796743  -4.38495656
  -2.37707922  -4.38552137
  -2.36443171  -4.39022688
  -2.35093190  -4.39663414
  -2.34877552  -4.39759419
  -2.33844210  -4.40198033
  -2.32568386  -4.40794149
  -2.31914259  -4.41105893
  -2.31259853  -4.41409092
  -2.29967241  -4.41894334
  -2.28927971  -4.42399023
  -2.28690690  -4.42490894
  -2.27398378  -4.43055891
  -2.26123069  -4.43660829
  -2.26024331  -4.43719008
  -2.24786319  -4.44198525
  -2.23525346  -4.44806499
  -2.23114412  -4.44990696
  -2.22214450  -4.45363029
  -2.20937927  -4.45879153
  -2.20205034  -4.46263210
  -2.19631725  -4.46569839
  -2.18353828  -4.47089303
  -2.17299820  -4.47568306
  -2.17060327  -4.47655900
  -2.15791347  -4.48254512
  -2.14537766  -4.48820894
  -2.14448946  -4.48877382
  -2.13185582  -4.49348029
  -2.11901844  -4.49926695
  -2.11485484  -4.50153597
  -2.10585548  -4.50525959
  -2.09294631  -4.51088996
  -2.08565375  -4.51405140
  -2.08002881  -4.51653242
  -2.06695744  -4.52265290
  -2.05669935  -4.52716970
  -2.05435764  -4.52813773
  -2.04111906  -4.53394879
  -2.02908905  -4.53980519
  -2.02819808  -4.54040357
  -2.01541029  -4.54478972
  -2.00265230  -4.54995174
  -1.99689886  -4.55299021
  -1.98957536  -4.55607795
  -1.97706053  -4.56165793
  -1.96778629  -4.56583392
  -1.96359543  -4.56783332
  -1.95097178  -4.57254169
  -1.93795714  -4.57770228
  -1.93715014  -4.57850978
  -1.92484355  -4.58961135
  -1.92323174  -4.59083003
  -1.92113752  -4.60265676
         
