# shadow point cont 3D ind 191  size 1048
# norm  0.0706270 -0.9975028  0.0000000
# angle  1.5001105
   1.40172815863874    0.09924767659316   -4.60319389984815
   1.40449902469203    0.09944386443190   -4.59092315203278
   1.40609218362067    0.09955666613395   -4.58910046581233
   1.41834298381194    0.10042406930903   -4.57860898575557
   1.41975179559909    0.10052381853342   -4.57760001965996
   1.43055694788045    0.10128886434672   -4.57269297234318
   1.44344721537525    0.10220154423522   -4.56730364991557
   1.44974331594988    0.10264733206489   -4.56387080746942
   1.45626989977624    0.10310943898403   -4.56046641449279
   1.46912236893883    0.10401944260706   -4.55495295315773
   1.47794720244044    0.10464427433064   -4.55085776086421
   1.48198671933788    0.10493028746676   -4.54917959465215
   1.49488027150969    0.10584319992285   -4.54284535086777
   1.50444486870909    0.10652040972544   -4.53797422758154
   1.50774258761576    0.10675390074688   -4.53626244794049
   1.52093235780763    0.10768778656367   -4.52891092759452
   1.52872658218175    0.10823964724736   -4.52527504692609
   1.53358442016616    0.10858360062394   -4.52264718988729
   1.54669348314501    0.10951177206357   -4.51680986393727
   1.55546853676977    0.11013307918283   -4.51261473833656
   1.55941355163700    0.11041240121634   -4.51083999486064
   1.57215245536268    0.11131436397519   -4.50490792495452
   1.58342124362777    0.11211223697677   -4.49925772340080
   1.58519827084500    0.11223805725188   -4.49794272708933
   1.59820594612628    0.11315905005750   -4.49178238027396
   1.60914725454377    0.11393373624229   -4.48639036398288
   1.61082140258311    0.11405227228093   -4.48552633942560
   1.62396692777872    0.11498302538396   -4.47887410070108
   1.63420837927394    0.11570815904100   -4.47365728055894
   1.63657858097333    0.11587597832199   -4.47261207708809
   1.64972802901242    0.11680700917723   -4.46596599398020
   1.65997010812722    0.11753218727212   -4.46074914870402
   1.66233589954307    0.11769969428828   -4.45969804620944
   1.67548925809071    0.11863100202239   -4.45305805703987
   1.68736389304547    0.11947177127025   -4.44772444559217
   1.68823881835478    0.11953371930462   -4.44711812781408
   1.70125872451015    0.12045557810257   -4.44097634883314
   1.71325158316454    0.12130471803732   -4.43516941924200
   1.71412947486818    0.12136687610367   -4.43449760409833
   1.72701213272654    0.12227901720100   -4.42724268034730
   1.73869553468779    0.12310624642673   -4.42173952402901
   1.73964681398102    0.12317360061311   -4.42096266985492
   1.75278088453686    0.12410354268415   -4.41516139722794
   1.76477647700518    0.12495287618330   -4.40935332317388
   1.76566152111339    0.12501554066705   -4.40870776140255
   1.77838219634279    0.12591621277914   -4.40273858641180
   1.79113481513741    0.12681914661695   -4.39676485595889
   1.79202243702778    0.12688199361747   -4.39614843762275
   1.80430102088155    0.12775136398135   -4.39014109790897
   1.81660371144427    0.12862244119177   -4.38467376369424
   1.82000919789804    0.12886356256479   -4.38290316763807
   1.82991472156318    0.12956491125579   -4.37693033276918
   1.84265666051252    0.13046708892000   -4.37095105748542
   1.84354428696970    0.13052993624386   -4.37033465338940
   1.85581571252049    0.13139879977271   -4.36429568447590
   1.86695508795683    0.13218750985458   -4.35763657732703
   1.86868513927903    0.13231000405794   -4.35620176257799
   1.88130828963260    0.13320377103847   -4.34785089775202
   1.88673807706555    0.13358822060795   -4.34423418796910
   1.89408679846786    0.13410853798947   -4.33869845088249
   1.90328047069667    0.13475948489558   -4.33195798484766
   1.90732215299239    0.13504565135011   -4.32876412914738
   1.92015044288672    0.13595394298914   -4.31980529337429
   1.92099989410390    0.13601408736104   -4.31906545732310
   1.93325609221766    0.13688187272953   -4.30958990782282
   1.93789339432455    0.13721021132851   -4.30613276020745
   1.94578655894272    0.13776907735720   -4.30025175484021
   1.95642554608061    0.13852235804735   -4.29326374307012
   1.95882166784739    0.13869201256754   -4.29160351698789
   1.97167093124989    0.13960178921059   -4.28106514861921
   1.97250667053305    0.13966096272550   -4.28030778674393
   1.98418921698746    0.14048813137809   -4.27174537406322
   1.99132975746978    0.14099370875993   -4.26672017541461
   1.99712077571824    0.14140373484290   -4.26203037461270
   2.00655355947083    0.14207161175289   -4.25490640071570
   2.01053849467485    0.14235376029784   -4.25152857737071
   2.02282324413519    0.14322356721008   -4.24350439745650
   2.02540100149242    0.14340608221982   -4.24124289584535
   2.03629797552395    0.14417762936173   -4.23296804404016
   2.04251377872895    0.14461773183271   -4.22860596061813
   2.04863462096079    0.14505111070618   -4.22329505029194
   2.05877364651528    0.14576899221765   -4.21597803057142
   2.06205678754629    0.14600145107014   -4.21359994226306
   2.07474942732042    0.14690013816553   -4.20449440042407
   2.07714969888859    0.14707008650742   -4.20282071755513
   2.08724593106270    0.14778493808506   -4.19506566948830
   2.09462590764896    0.14830746845229   -4.18959615967988
   2.10031581670923    0.14871033562078   -4.18564948396971
   2.11174784896623    0.14951976691689   -4.17695433897827
   2.11337792481002    0.14963518247673   -4.17539240196761
   2.12594092306921    0.15052469046056   -4.16598861103724
   2.12921311617829    0.15075637415860   -4.16374621245463
   2.13914230677718    0.15145939855839   -4.15604535897859
   2.14620402413935    0.15195939496399   -4.15096293051718
   2.15161488442391    0.15234250441949   -4.14667043857968
   2.16385265444671    0.15320898500915   -4.13795036369714
   2.16470241318600    0.15326915115479   -4.13722051730164
   2.17745393742396    0.15417200749383   -4.12725528872669
   2.18073205221655    0.15440411046955   -4.12501138093465
   2.19045839553260    0.15509277251141   -4.11784850678792
   2.19825730938033    0.15564496522764   -4.11187179574589
   2.20317721095152    0.15599331294186   -4.10790321669772
   2.21540102226777    0.15685880520209   -4.09927616882772
   2.21623026920723    0.15691751903441   -4.09849181157355
   2.22893281228707    0.15781690732145   -4.08934685599647
   2.23302987997961    0.15810699527240   -4.08624872107498
   2.24199097584091    0.15874147488850   -4.07912452981892
   2.25051252074365    0.15934483262756   -4.07309053754175
   2.25446279109388    0.15962452676923   -4.06977650400544
   2.26704120220239    0.16051512604132   -4.06076539556512
   2.26794442416086    0.16057907758590   -4.05999319866434
   2.28048444347048    0.16146695857284   -4.05059791192202
   2.28470683029029    0.16176591959389   -4.04771814407601
   2.29351246918753    0.16238939226659   -4.04119427659640
   2.30222102795979    0.16300599129779   -4.03456243294878
   2.30618936555122    0.16328696466874   -4.03126772559081
   2.31905978564628    0.16419823928596   -4.02240719303744
   2.32059739629223    0.16430710795866   -4.02144394377656
   2.33196443033362    0.16511193713428   -4.01269646088167
   2.33623024238120    0.16541397282636   -4.00898423450152
   2.34523098822247    0.16605125981161   -4.00190433290306
   2.35502614933542    0.16674479441482   -3.99543904779777
   2.35739288718411    0.16691236844203   -3.99376812255731
   2.37058855406950    0.16784667176711   -3.98367019159105
   2.37142658871995    0.16790600780273   -3.98287974813345
   2.38347691691271    0.16875921679903   -3.97235916636411
   2.38565353621472    0.16891332971117   -3.96985692576792
   2.39489611539489    0.16956773941515   -3.95681065434157
   2.39569307925370    0.16962416748277   -3.95519205388325
   2.39895488545565    0.16985511574834   -3.94419196143232
   2.39914328725483    0.16986845531117   -3.93134153542173
   2.39890619704323    0.16985166842385   -3.91838084745124
   2.39831418559806    0.16980975176541   -3.90548397063389
   2.39747560861942    0.16975037733089   -3.89257608848976
   2.39595091667230    0.16964242335113   -3.88128108938312
   2.39543018091976    0.16960555328239   -3.87961131882415
   2.39376950613128    0.16948797120107   -3.86669692992284
   2.39130548879431    0.16931350941669   -3.85378573122613
   2.38803864739781    0.16908220464022   -3.84087717055353
   2.38507576402312    0.16887242124596   -3.82806791755145
   2.38285587295262    0.16871524452829   -3.82325845222667
   2.37909775167653    0.16844915527075   -3.81506548312242
   2.37346054492977    0.16805001962619   -3.80211878050082
   2.37050956028843    0.16784107870743   -3.79554174757970
   2.36698820711096    0.16759175353038   -3.78920300702423
   2.36076425746170    0.16715107426022   -3.77617158587701
   2.35727980522711    0.16690436181005   -3.76983283830825
   2.35353248436751    0.16663903726301   -3.76322162886397
   2.34678829714384    0.16616152319701   -3.75043611840385
   2.34451606839907    0.16600064077326   -3.74633149349948
   2.33908132993751    0.16561584065215   -3.73733052382241
   2.33319271661726    0.16519890446749   -3.72457459519296
   2.33159432447591    0.16508573223411   -3.72290975412503
   2.32418265421301    0.16456095783421   -3.71165966247088
   2.31887147412372    0.16418490611506   -3.70258820793310
   2.31560786131861    0.16395382993513   -3.69856633948405
   2.30829180361832    0.16343582526775   -3.68566659240547
   2.30560782259744    0.16324578921924   -3.68097564911485
   2.30020222077464    0.16286305208281   -3.67275138022647
   2.29273322356854    0.16233421871764   -3.66153785016972
   2.29190501784407    0.16227557860729   -3.65994766473473
   2.28461522164081    0.16175943335363   -3.64706176222219
   2.27974455625757    0.16141457174849   -3.63986576221149
   2.27501268514275    0.16107953730463   -3.63403708883046
   2.26817356262625    0.16059530145938   -3.62084864649837
   2.26723765359526    0.16052903554594   -3.61932932397953
   2.25961576844358    0.15998937713364   -3.60825914487737
   2.25380105419685    0.15957767328402   -3.59865383010789
   2.25155213620549    0.15941844135013   -3.59532492805694
   2.24400231388257    0.15888388525976   -3.58256358548662
   2.24087926571379    0.15866276158986   -3.57766841632214
   2.23542672374281    0.15827670091268   -3.56945623864240
   2.22830197208478    0.15777224143956   -3.55809768057503
   2.22735315998726    0.15770506194001   -3.55653762402707
   2.21980305585394    0.15717048589639   -3.54379048815937
   2.21502945911164    0.15683249711965   -3.53653293556917
   2.21046031057011    0.15650898405190   -3.53063033937738
   2.20394921466441    0.15604797373636   -3.51776913984926
   2.20251877546465    0.15594669320902   -3.51603262610846
   2.19456809412803    0.15538375477825   -3.50464536273136
   2.18945278725710    0.15502157162678   -3.49592565507844
   2.18650921666071    0.15481315565056   -3.49171416446840
   2.17845879781631    0.15424315542549   -3.47877967932654
   2.17690516743959    0.15413315249502   -3.47632010724122
   2.17039398480795    0.15367213603896   -3.46585206979606
   2.16396981872742    0.15321728068515   -3.45527684550719
   2.16227974202847    0.15309761683692   -3.45294912772525
   2.15447406837891    0.15254494550105   -3.44038821561178
   2.15036817546010    0.15225423269056   -3.43399220256584
   2.14562242281441    0.15191821538159   -3.42737208617359
   2.13868606048299    0.15142709458819   -3.41428416365994
   2.13780359350904    0.15136461257533   -3.41275077475768
   2.13028574975961    0.15083232068940   -3.40157288340860
   2.12472899657640    0.15043888146266   -3.39265789451762
   2.12170379689451    0.15022468583721   -3.38847776036469
   2.11369062162010    0.14965732259833   -3.37550507154345
   2.11221800079303    0.14955305545160   -3.37300927706722
   2.10585518433203    0.14910254388382   -3.36244839689502
   2.09917648594559    0.14862966667619   -3.35126914830485
   2.09831834854378    0.14856890728942   -3.34969912395705
   2.09022624215596    0.14799595542798   -3.33680758753168
   2.08620985870360    0.14771158022762   -3.33113397252783
   2.08084581846156    0.14733178580893   -3.32367677108591
   2.07364285999344    0.14682178899667   -3.31118696068807
   2.07289235582704    0.14676865045171   -3.31034785478796
   2.06529364730884    0.14623063303307   -3.29796736700487
   2.06061059864193    0.14589905540391   -3.28980195509293
   2.05691820050918    0.14563761959450   -3.28471771464515
   2.04919079896701    0.14509049022106   -3.27210218801721
   2.04753988421635    0.14497359918749   -3.26889958335436
   2.04135202169382    0.14453547502293   -3.25904407747562
   2.03500227808421    0.14408588906268   -3.24932279345069
   2.03326253858426    0.14396270889955   -3.24613110613266
   2.02497222407429    0.14337572315037   -3.23335259278355
   2.02186994540258    0.14315607003973   -3.22842989973568
   2.01613955075845    0.14275033633817   -3.22040468809368
   2.00952281257608    0.14228184614827   -3.20760030133157
   2.00862349559846    0.14221817109116   -3.20604686546719
   2.00128461996288    0.14169855082731   -3.19476812125604
   1.99591177897176    0.14131813328217   -3.18653641263650
   1.99273103860119    0.14109292478530   -3.18165336650826
   1.98494918741357    0.14054194017020   -3.16856442245739
   1.98318352259265    0.14041692439589   -3.16541778398813
   1.97658566041198    0.13994977069859   -3.15582414791388
   1.97030246185093    0.13950489638048   -3.14602545609673
   1.96804945435338    0.13934537489402   -3.14271047999465
   1.96123071878105    0.13886258252184   -3.13001265857988
   1.95718020045348    0.13857579044270   -3.12438186058421
   1.95165495451675    0.13818458204865   -3.11701779950340
   1.94564024033120    0.13775871744387   -3.10447098264344
   1.94417155186720    0.13765472872338   -3.10261771394017
   1.93651884035289    0.13711288768755   -3.09104842441073
   1.93156787562497    0.13676234058388   -3.08385174942549
   1.92794234150083    0.13650563900019   -3.07844117654294
   1.92070447909648    0.13599317085670   -3.06548968792395
   1.91834241353146    0.13582592764492   -3.06146669024906
   1.91208129278933    0.13538261652023   -3.05245829889496
   1.90540846013377    0.13491015462861   -3.04213339651083
   1.90376373492591    0.13479370183817   -3.03967455217882
   1.89648825681250    0.13427857035964   -3.02680009063524
   1.89253505464306    0.13399866863404   -3.02110457361813
   1.88717999030228    0.13361950974325   -3.01364109333876
   1.88055170460641    0.13315020194554   -3.00084428918893
   1.87981589777271    0.13309810402754   -2.99998534483060
   1.87095926123651    0.13247102052834   -2.98786439824827
   1.86690693302586    0.13218410030260   -2.98223328302734
   1.86129882277471    0.13178702480043   -2.97493512321124
   1.85415621020102    0.13128130070665   -2.96514950994649
   1.85156937534970    0.13109814297586   -2.96207427251675
   1.84146104879252    0.13038243506997   -2.94947022610095
   1.84068519450223    0.13032750163997   -2.94864028929682
   1.83065916918838    0.12961762097464   -2.93619021539620
   1.82821332436470    0.12944444587321   -2.93298878115338
   1.82073281781279    0.12891479760265   -2.92346260246698
   1.81510949278550    0.12851664483654   -2.91621894101796
   1.80973527918619    0.12813613010552   -2.91032864505854
   1.80230868904098    0.12761029932130   -2.89913894255472
   1.80138845619883    0.12754514334156   -2.89764574301503
   1.79090436202444    0.12680282966142   -2.88479322583086
   1.78935444239129    0.12669308946569   -2.88306542893632
   1.78044318147979    0.12606213835328   -2.87179916568251
   1.77630498899425    0.12576913861082   -2.86620451195977
   1.77078529806849    0.12537832353265   -2.85884960529454
   1.76396705736428    0.12489556619901   -2.85044919133275
   1.75998823455684    0.12461385043495   -2.84556470076149
   1.75083058828503    0.12396545430341   -2.83368994192530
   1.75007058533518    0.12391164320850   -2.83284540947687
   1.74018478698614    0.12321169114478   -2.82006490612791
   1.73777599098620    0.12304113924076   -2.81687485797951
   1.72916481874871    0.12243143554604   -2.80697361501069
   1.72491491623742    0.12213052630954   -2.80068608848221
   1.72057599733339    0.12182331437441   -2.79442308562763
   1.71226941557344    0.12123517684216   -2.78354276121326
   1.70996734762435    0.12107218168942   -2.78100480497618
   1.69963012569552    0.12034026712201   -2.76858388590955
   1.69891015863273    0.12028929071994   -2.76771760196021
   1.68965739400556    0.11963415984763   -2.75532308000842
   1.68642848545732    0.11940554086087   -2.75129168504686
   1.67915902664990    0.11889083557206   -2.74242821902155
   1.67337445173530    0.11848126570160   -2.73526644376246
   1.66875085004412    0.11815389714407   -2.72945846577491
   1.66059470020493    0.11757641076306   -2.71824561479663
   1.65904345585698    0.11746657677249   -2.71656999239230
   1.64852821185637    0.11672205756637   -2.70368665898530
   1.64777195440998    0.11666851166733   -2.70283989645808
   1.63866589089543    0.11602376779088   -2.69092547680900
   1.63477817749983    0.11574850291916   -2.68595362502510
   1.62833276412491    0.11529214317622   -2.67706205505338
   1.62529794263451    0.11507726629019   -2.67131801328186
   1.61846179662937    0.11459324119325   -2.66166871662771
   1.61324345638959    0.11422376288800   -2.65565322713830
   1.60352189028842    0.11353543909110   -2.64862926699978
   1.59690089508122    0.11306664748768   -2.64509002297801
   1.58986545585320    0.11256851167376   -2.63895694098968
   1.58311480158885    0.11209053971672   -2.63198748856575
   1.57825091261624    0.11174615790719   -2.62636933027243
   1.57038929799877    0.11118952573836   -2.61812636564184
   1.56552969848119    0.11084544763854   -2.61331639070835
   1.55730320180355    0.11026298043423   -2.60541001466324
   1.55247144891721    0.10992087398165   -2.60056581168216
   1.54455955906336    0.10936068213516   -2.59318274132043
   1.53796615105509    0.10889384381019   -2.58775253911990
   1.53132167198070    0.10842338945979   -2.58228972127665
   1.52127019787552    0.10771170692340   -2.57452869264969
   1.51893963535982    0.10754669424714   -2.57278701367013
   1.50570967605340    0.10660996288843   -2.56358051926243
   1.50400242870391    0.10648908329294   -2.56209485176789
   1.49302784108398    0.10571204081424   -2.55442832125963
   1.48576516603447    0.10519781584125   -2.54880711810111
   1.48010944113966    0.10479736904149   -2.54481826040993
   1.46916389423726    0.10402238275588   -2.53635576056573
   1.46686267090062    0.10385944740492   -2.53479525399238
   1.45401686171153    0.10294991533329   -2.52579575575659
   1.45085197581900    0.10272582939368   -2.52332526238825
   1.44148552050335    0.10206264878889   -2.51650641389408
   1.43399625460651    0.10153238032345   -2.51047202822529
   1.42818985035008    0.10112126485269   -2.50575204885774
   1.41596720366114    0.10025585505250   -2.49840991328235
   1.41359037421769    0.10008756650206   -2.49674280634509
   1.40267170775498    0.09931448345365   -2.48763405774975
   1.39934658771085    0.09907905232763   -2.48460579243569
   1.38978650050567    0.09840216184976   -2.47795619967649
   1.38047503399888    0.09774287466145   -2.47106711055799
   1.37725412837454    0.09751482231209   -2.46862036200169
   1.36414590536485    0.09658671034548   -2.45931651299409
   1.36325050879370    0.09652331286804   -2.45857674245566
   1.35132099834188    0.09567865822659   -2.45029629406912
   1.34554021254354    0.09526935663995   -2.44564622839814
   1.33841679130887    0.09476499136586   -2.44064964528369
   1.32765010497473    0.09400266908769   -2.43284996737098
   1.32538090354499    0.09384200100933   -2.43113804983261
   1.31265444916843    0.09294091971168   -2.42127505738169
   1.31024640314104    0.09277042090856   -2.41964748701306
   1.29961087272109    0.09201738496717   -2.41178684542218
   1.29254184065062    0.09151687065244   -2.40672070070710
   1.28688205787081    0.09111613653901   -2.40273029106398
   1.27517366056057    0.09028713754765   -2.39425635874510
   1.27357929828815    0.09017425064429   -2.39269927243202
   1.26115669918385    0.08929468345378   -2.38329448630988
   1.25791167798296    0.08906492363003   -2.38091250921708
   1.24829301830001    0.08838388599831   -2.37439410102726
   1.24089356122904    0.08785997633878   -2.36812193651256
   1.23535932790332    0.08746813160347   -2.36398270587151
   1.22302382841487    0.08659473139651   -2.35541472163563
   1.22217946538100    0.08653494728731   -2.35465670364783
   1.20979747806199    0.08565825556542   -2.34592281283122
   1.20479159672886    0.08530382015756   -2.34214965690796
   1.19656432890701    0.08472129835332   -2.33592754144657
   1.18775805826806    0.08409778095090   -2.32940556513714
   1.18385827146484    0.08382166123608   -2.32681897631940
   1.17088441606292    0.08290306300634   -2.31722300881426
   1.17004614460549    0.08284371020388   -2.31650374368014
   1.15795799221470    0.08198782311072   -2.30760993334197
   1.15245783355626    0.08159839099125   -2.30342094936827
   1.14503808453918    0.08107304458488   -2.29801515988108
   1.13466385159611    0.08033850949711   -2.29058833493015
   1.13234085399390    0.08017403244546   -2.28888182731299
   1.11976685244704    0.07928374538708   -2.27824810235032
   1.11895006962033    0.07922591406127   -2.27745665414379
   1.10658725775070    0.07835058003402   -2.27031151641572
   1.10056403198723    0.07792411277720   -2.26521659102545
   1.09352754008920    0.07742590243025   -2.26006613994646
   1.08168904316307    0.07658769189204   -2.25166759926771
   1.08082527430704    0.07652653377693   -2.25094603602316
   1.06759383305488    0.07558969749083   -2.24089830215305
   1.06526696533220    0.07542494641996   -2.23920496866377
   1.05508249003813    0.07470384689433   -2.23236449056893
   1.04625552965414    0.07407886457939   -2.22587891593493
   1.04223104104007    0.07379391550281   -2.22265054094776
   1.02962447128325    0.07290132249149   -2.21325275312537
   1.02873405954255    0.07283827795898   -2.21259761497457
   1.01609906884622    0.07194367263721   -2.20372620979275
   1.01212932315506    0.07166259956745   -2.20042390053222
   1.00394504809273    0.07108312181385   -2.19466908219072
   0.99392024538753    0.07037332771385   -2.18715802157408
   0.99070079238784    0.07014537821583   -2.18473680378351
   0.97803980082587    0.06924893193404   -2.17552285224143
   0.97630595915894    0.06912616935989   -2.17409479322531
   0.96494575081130    0.06832182346930   -2.16617435517705
   0.95916659440747    0.06791263724998   -2.16152552248095
   0.95207575389931    0.06741057881505   -2.15648235761987
   0.94157290869847    0.06666693749103   -2.14845465977713
   0.93919075455260    0.06649827193145   -2.14680510948407
   0.92646699184161    0.06559738121394   -2.13768378014696
   0.92320211148235    0.06536621528636   -2.13534155653840
   0.91325222498872    0.06466172553863   -2.12767711677300
   0.90560241465558    0.06412008991744   -2.12235885605195
   0.90097397879369    0.06379237908227   -2.11877916302680
   0.88919836441332    0.06295862086709   -2.10980615712813
   0.88748866506481    0.06283756766076   -2.10832562295955
   0.87474563069397    0.06193531243655   -2.09925736839917
   0.87142412246818    0.06170013704097   -2.09700068351265
   0.86154188297392    0.06100043695769   -2.09002244867363
   0.85425028015388    0.06048416378870   -2.08443790897380
   0.84866509658106    0.06008871158241   -2.08033840185372
   0.83668670689621    0.05924059610565   -2.07132135936508
   0.83584256763530    0.05918082784042   -2.07056352335987
   0.82344979251902    0.05830337230152   -2.06182310974609
   0.81844888927411    0.05794928936121   -2.05805297623214
   0.81042244718099    0.05738098678118   -2.05238472348665
   0.80076510945575    0.05669721059719   -2.04512189945348
   0.79751917610214    0.05646738618956   -2.04272534282218
   0.78457479937857    0.05555087516219   -2.03315404953843
   0.78371325136925    0.05548987429147   -2.03241439314866
   0.77203977356988    0.05466334773408   -2.02468213606785
   0.76551958671550    0.05420169374485   -2.01909403284180
   0.75889178309568    0.05373242007996   -2.01367208773322
   0.74841876571270    0.05299089067872   -2.00642016742398
   0.74601366728351    0.05282060057675   -2.00479748056227
   0.73327469689013    0.05191863309757   -1.99583515943119
   0.73075984248290    0.05174057185556   -1.99346990901787
   0.72022277708414    0.05099450761159   -1.98546983575865
   0.71285868120305    0.05047310165858   -1.98084426461294
   0.70692014229951    0.05005263055304   -1.97626755636777
   0.69623320775146    0.04929595500417   -1.96750007809063
   0.69466225007839    0.04918472523532   -1.96660777427609
   0.68148900684330    0.04825200958984   -1.95739446713312
   0.67829358271970    0.04802576142749   -1.95494336376700
   0.66881020375419    0.04735430218429   -1.94827271403231
   0.66002007180829    0.04673192746263   -1.94167813090029
   0.65588209452950    0.04643894295762   -1.93862806937903
   0.64355327665959    0.04556601583463   -1.92932549062203
   0.64268651373680    0.04550464572823   -1.92861159543207
   0.63001227230165    0.04460726130510   -1.92024889809382
   0.62521987766806    0.04426794156627   -1.91617509561918
   0.61740097670429    0.04371433368632   -1.91012407892970
   0.60814543489365    0.04305900617888   -1.90350418929716
   0.60404573993408    0.04276873220745   -1.90034135092771
   0.59176290265100    0.04189906068461   -1.89143242100325
   0.59000890348464    0.04177487088295   -1.89003547810578
   0.57843296649208    0.04095525058509   -1.88162476690874
   0.57273780183550    0.04055201130043   -1.87765099279775
   0.56559947219218    0.04004659045439   -1.87188065171287
   0.55596298291427    0.03936429041964   -1.86458692701167
   0.55269043450204    0.03913258156479   -1.86224594772678
   0.53975108454701    0.03821642645173   -1.85261941560271
   0.53828526601284    0.03811264093317   -1.85165059501136
   0.52696638697754    0.03731122131484   -1.84284400505194
   0.52072248203948    0.03686912913445   -1.83855178847501
   0.51442878067983    0.03642351117831   -1.83426723372440
   0.50354260558540    0.03565272864216   -1.82599513207143
   0.50121700116579    0.03548806701793   -1.82428644557023
   0.48853578473616    0.03459018873871   -1.81515319648827
   0.48527400633742    0.03435924244171   -1.81276092336203
   0.47545779213279    0.03366421719966   -1.80574175601806
   0.46748323914466    0.03309958856531   -1.80000637436513
   0.46281255942429    0.03276888670454   -1.79658247135657
   0.45071857268585    0.03191258651742   -1.78684938806291
   0.44984594225806    0.03185080096938   -1.78615123875827
   0.43688294963453    0.03093297186560   -1.77744912398524
   0.43223603489799    0.03060395265593   -1.77399159911822
   0.42442005133817    0.03005055133926   -1.76805566183377
   0.41500619269867    0.02938401439914   -1.76052868178891
   0.41170607900512    0.02915035381769   -1.75794228120774
   0.39892820718709    0.02824563196993   -1.74857571120105
   0.39807229142087    0.02818502988340   -1.74783877736964
   0.38573901764936    0.02731178726566   -1.73982363782548
   0.37986217684694    0.02689568461997   -1.73530412845218
   0.37254918223236    0.02637789683069   -1.72981823624690
   0.36266859110880    0.02567831345831   -1.72181118983008
   0.36028318514560    0.02550941765771   -1.72000846717443
   0.34693303585769    0.02456417639190   -1.71019963086742
   0.34538580368085    0.02445462647827   -1.70929983130819
   0.33404363927314    0.02365155816716   -1.70139225430927
   0.32696410328282    0.02315030013501   -1.69633535795724
   0.32147360495654    0.02276155200374   -1.69218884638255
   0.31087419578142    0.02201107358365   -1.68342270586623
   0.30818826838668    0.02182089972449   -1.68129003540553
   0.29505662957146    0.02089112982992   -1.67282803362330
   0.29272276499780    0.02072588335542   -1.67111438790226
   0.28289219214406    0.02002984146649   -1.66394071117018
   0.27603792680914    0.01954453345220   -1.65786578872909
   0.26947190991835    0.01907963452235   -1.65325194010555
   0.25762685245046    0.01824095947288   -1.64484987860518
   0.25676341603395    0.01817982489575   -1.64412862222854
   0.24375816394177    0.01725900366112   -1.63466475766289
   0.24122007532872    0.01707929734910   -1.63239896508607
   0.23088448081901    0.01634749800914   -1.62498378852904
   0.22228914558303    0.01573891563427   -1.61891954746880
   0.21820743674368    0.01544991514845   -1.61586395393583
   0.20607129001729    0.01459062987408   -1.60612321899195
   0.20519127799205    0.01452832168091   -1.60545041196590
   0.19196399700575    0.01359177995743   -1.59627806006901
   0.18828007302893    0.01333094415044   -1.59347194366782
   0.18006314822449    0.01274915467111   -1.58763326573589
   0.17056165061705    0.01207641255925   -1.58057143703954
   0.16645752433147    0.01178582483311   -1.57744091888231
   0.15374782314322    0.01088592972480   -1.56844838909332
   0.15213491002296    0.01077172935097   -1.56750040937115
   0.14052739818181    0.00994987343393   -1.55914973453133
   0.13554827692272    0.00959733274093   -1.55533242317270
   0.12762290660921    0.00903618642671   -1.55033793627255
   0.11495218200848    0.00813905100882   -1.54276304229742
   0.11338560669373    0.00802813152758   -1.54187439768363
   0.10211977133391    0.00723046760290   -1.53532683485257
   0.09059144290498    0.00641421817214   -1.52932734666056
   0.08904920752943    0.00630502205102   -1.52849576189919
   0.07648575792778    0.00541548211043   -1.52233378079202
   0.06585141654413    0.00466253035733   -1.51603577325181
   0.06337583990185    0.00448725013023   -1.51463903973910
   0.05071822569755    0.00359104297819   -1.50863200902228
   0.04100821770880    0.00290353753953   -1.50302243009101
   0.03778983090736    0.00267566353240   -1.50140900524801
   0.02494634844591    0.00176629620193   -1.49493387200932
   0.01613232739814    0.00114223004114   -1.49007179361131
   0.01204248654922    0.00085265377816   -1.48769480053446
  -0.00083104014982   -0.00005884079842   -1.48124116365417
  -0.00742916661203   -0.00052601320786   -1.47753008985884
  -0.01400696529412   -0.00099174633326   -1.47375820727341
  -0.02652970314000   -0.00187840372695   -1.46749548425528
  -0.03217273614921   -0.00227795189301   -1.46427508395358
  -0.03954758455305   -0.00280011916545   -1.45969939655746
  -0.05232616054006   -0.00370489087106   -1.45219944242634
  -0.05393534878215   -0.00381882750937   -1.45139275159751
  -0.06519966524214   -0.00461638389017   -1.44574592362728
  -0.07742408551331   -0.00548191926672   -1.43880503156343
  -0.07830683251605   -0.00554442110668   -1.43814477115084
  -0.09104571690828   -0.00644638249665   -1.43147174653120
  -0.10190113835304   -0.00721498755762   -1.42522849269588
  -0.10374203698686   -0.00734533017157   -1.42440670191415
  -0.11694787212990   -0.00828035344790   -1.41801013060099
  -0.12562567736296   -0.00889477501174   -1.41283268452515
  -0.12956797033552   -0.00917390432477   -1.41105812150397
  -0.14257822913166   -0.01009508005306   -1.40408877985650
  -0.14982397325188   -0.01060810625196   -1.40008060240587
  -0.15547660403301   -0.01100833397672   -1.39686027501506
  -0.16841005624822   -0.01192407150741   -1.39117518809914
  -0.18117454570585   -0.01282784583324   -1.38890310637911
  -0.19408200813178   -0.01374174318815   -1.39248034383320
  -0.20688083488511   -0.01464794872491   -1.39740528981515
  -0.21254432172806   -0.01504894510007   -1.40051237112145
  -0.21975485756445   -0.01555947841878   -1.40466590159200
  -0.23262915981031   -0.01647102790702   -1.41111996351032
  -0.23739256200424   -0.01680829487103   -1.41359172996679
  -0.24550321078066   -0.01738255960400   -1.41838062573599
  -0.25814354547345   -0.01827754330101   -1.42429865100897
  -0.26229034721761   -0.01857115261167   -1.42671597595847
  -0.27125189097715   -0.01920566394067   -1.43128887100104
  -0.28388914840320   -0.02010042975550   -1.43721455900424
  -0.28729739359423   -0.02034174645759   -1.43948601944628
  -0.29716118635619   -0.02104014044218   -1.44468104249862
  -0.30987504117082   -0.02194032964300   -1.45065142036521
  -0.31304214265750   -0.02216457245510   -1.45231023702877
  -0.32274919603839   -0.02285186869630   -1.45791223711096
  -0.33552566687248   -0.02375649134908   -1.46453251260608
  -0.33640810723587   -0.02381897147781   -1.46519262042947
  -0.34847792311970   -0.02467356027664   -1.47164688832449
  -0.36048711986633   -0.02552385701036   -1.47824295274977
  -0.36137205100602   -0.02558651349551   -1.47888826598420
  -0.37424655688391   -0.02649807740168   -1.48534260438393
  -0.38620450510390   -0.02734474554510   -1.49116017667950
  -0.38708422042293   -0.02740703273034   -1.49183279301076
  -0.39996891685197   -0.02831931816622   -1.49908466104762
  -0.41022487916497   -0.02904547924426   -1.50424238747972
  -0.41269061569195   -0.02922006275383   -1.50515460095911
  -0.42568621647139   -0.03014020063887   -1.51202238382904
  -0.43451531725670   -0.03076533450234   -1.51696893752072
  -0.43858313717791   -0.03105335160001   -1.51926437346376
  -0.45133275504534   -0.03195607296078   -1.52600513989166
  -0.45937942934496   -0.03252580805786   -1.53003921750952
  -0.46440100286269   -0.03288135453198   -1.53290129805569
  -0.47711889595284   -0.03378182965804   -1.53869712540324
  -0.48346077239983   -0.03423085859331   -1.54289896239578
  -0.48995636478133   -0.03469077120046   -1.54698201509586
  -0.50308251669334   -0.03562015260145   -1.55453580311240
  -0.50393368286977   -0.03568041839898   -1.55528201148782
  -0.51574379340188   -0.03651661907270   -1.56451546916222
  -0.52068676602554   -0.03686660030503   -1.56837517568657
  -0.52865969030504   -0.03743111362063   -1.57416755671957
  -0.53855515106994   -0.03813174982008   -1.58102737314167
  -0.54202787985793   -0.03837763220570   -1.58398796042876
  -0.55421356004684   -0.03924042463732   -1.59282313702176
  -0.55593717585975   -0.03936246318218   -1.59439167257391
  -0.56711465623122   -0.04015387123816   -1.60268414616398
  -0.57300043900591   -0.04057060700944   -1.60709562900937
  -0.58024947882896   -0.04108386655662   -1.61272414625639
  -0.59041414949030   -0.04180356383904   -1.62039230482322
  -0.59282776345182   -0.04197445687305   -1.62205140836298
  -0.60607967490604   -0.04291274252718   -1.63198862069647
  -0.60757275556134   -0.04301845830744   -1.63293806658340
  -0.61856032972130   -0.04379642028249   -1.64141950715601
  -0.62434079720277   -0.04420569933108   -1.64602664419150
  -0.63162975009120   -0.04472178487486   -1.65164269213928
  -0.64258101861960   -0.04549717627332   -1.65914217542792
  -0.64431983103840   -0.04562029079559   -1.66078997668417
  -0.65721964815130   -0.04653364683330   -1.67028487132694
  -0.65893898353242   -0.04665538230734   -1.67184852358696
  -0.66997711274208   -0.04743692377188   -1.67945877722044
  -0.67649541754926   -0.04789844450502   -1.68495128607596
  -0.68309928767903   -0.04836602358793   -1.69039372305364
  -0.69341590347397   -0.04909647916282   -1.69784929499643
  -0.69582017997737   -0.04926671106932   -1.69951819205972
  -0.70894301347445   -0.05019585751393   -1.70962845312000
  -0.70978955484382   -0.05025579585756   -1.71038180079430
  -0.72160978665660   -0.05109271315638   -1.71886884561293
  -0.72816353816264   -0.05155674365041   -1.72347533936523
  -0.73478549782965   -0.05202560354125   -1.72887676411086
  -0.74510549718337   -0.05275629868495   -1.73634984963884
  -0.74766972736725   -0.05293785591944   -1.73854742947809
  -0.76039499202236   -0.05383885298030   -1.74764593405373
  -0.76271783288700   -0.05400331893434   -1.74932777545363
  -0.77305612363333   -0.05473530917809   -1.75761685797879
  -0.78020324555554   -0.05524135255086   -1.76254313498590
  -0.78591087636057   -0.05564547448617   -1.76730498780482
  -0.79563844815061   -0.05633422350866   -1.77518504470964
  -0.79889888245193   -0.05656507463846   -1.77774990764913
  -0.81213628250145   -0.05750233283004   -1.78688579492723
  -0.81294949591194   -0.05755991142762   -1.78764302675173
  -0.82473145894319   -0.05839411915138   -1.79609493834587
  -0.83110804952133   -0.05884560597896   -1.80097860049651
  -0.83744744443414   -0.05929445921218   -1.80602575840495
  -0.84810952897071   -0.06004937528587   -1.81380968757547
  -0.85070133963758   -0.06023288532330   -1.81596617338998
  -0.86355256606730   -0.06114280095612   -1.82488534695089
  -0.86587734023749   -0.06130740379554   -1.82661100015397
  -0.87606258106103   -0.06202855752356   -1.83507853672749
  -0.88258958591455   -0.06249069425302   -1.83981665469961
  -0.88929682376354   -0.06296559216298   -1.84507042598182
  -0.90029411109704   -0.06374424186760   -1.85272727230006
  -0.90201758430209   -0.06386627031528   -1.85416492028635
  -0.91505750189999   -0.06478954599936   -1.86361759353619
  -0.91676422641117   -0.06491038857591   -1.86512387101533
  -0.92774084068637   -0.06568757454950   -1.87355901564419
  -0.93351893279907   -0.06609668541296   -1.87820674737228
  -0.94063383526472   -0.06660044752586   -1.88322664042218
  -0.95126594918724   -0.06735324156626   -1.89101115449803
  -0.95387975554228   -0.06753830898194   -1.89321577346420
  -0.96645806875090   -0.06842890132235   -1.90248567260077
  -0.96877602705233   -0.06859302157237   -1.90423089997451
  -0.97909899682774   -0.06932392703320   -1.91172588122202
  -0.98583743673749   -0.06980103416755   -1.91692732116072
  -0.99249826233919   -0.07027264591415   -1.92229825631440
  -1.00327952000625   -0.07103599989803   -1.93012593987667
  -1.00484077170769   -0.07114654244723   -1.93109770755464
  -1.01796779351840   -0.07207598544035   -1.94122226358993
  -1.01962800968133   -0.07219353504923   -1.94276992726509
  -1.03075449113344   -0.07298133218805   -1.95102660853884
  -1.03650701475933   -0.07338863270556   -1.95571568176882
  -1.04343846395425   -0.07387940563024   -1.96096854591868
  -1.05534527698843   -0.07472245320832   -1.96926037250112
  -1.05619655880536   -0.07478272719364   -1.97005261452319
  -1.06927759340073   -0.07570891411728   -1.98016150191869
  -1.07163135149643   -0.07587556912868   -1.98190324084259
  -1.08197665543257   -0.07660805593290   -1.98943416980938
  -1.08944504484667   -0.07713684626409   -1.99472143319947
  -1.09529745652719   -0.07755121923519   -1.99924941409077
  -1.10631889134362   -0.07833157867329   -2.00766109515622
  -1.10806848068742   -0.07845545624277   -2.00906547108500
  -1.12126671341857   -0.07938994123947   -2.01834325307743
  -1.12298355311922   -0.07951150000985   -2.01988582564168
  -1.13362126424921   -0.08026469035380   -2.02792917321200
  -1.14103142456196   -0.08078935784349   -2.03332336185057
  -1.14665767684646   -0.08118771787052   -2.03736771251816
  -1.15867552051122   -0.08203862683888   -2.04631735931111
  -1.15952860767619   -0.08209902864970   -2.04705974316543
  -1.17240646165162   -0.08301082961388   -2.05674406735088
  -1.17562593872450   -0.08323878081637   -2.05916515870286
  -1.18551014933714   -0.08393862046232   -2.06688872593787
  -1.19282846573326   -0.08445678505395   -2.07176356892625
  -1.19809448988903   -0.08482963956152   -2.07617829036051
  -1.20914109941269   -0.08561178146450   -2.08537756576331
  -1.21096475003821   -0.08574090285397   -2.08677802537668
  -1.22454890944465   -0.08670271292481   -2.09552606712278
  -1.22743820776013   -0.08690728621745   -2.09756258381158
  -1.23662738106889   -0.08755791458293   -2.10460584150831
  -1.24417313044202   -0.08809218229298   -2.11065394232368
  -1.24987352192901   -0.08849579165709   -2.11538765544508
  -1.26044275970935   -0.08924413382785   -2.12341770014022
  -1.26276489578990   -0.08940854988050   -2.12503713428052
  -1.27560957919639   -0.09031800224244   -2.13399786871749
  -1.27943102790579   -0.09058857532274   -2.13667319862512
  -1.28830074215694   -0.09121658477382   -2.14391901622127
  -1.29556869141406   -0.09173118318074   -2.14953755933386
  -1.30138788091125   -0.09214320389509   -2.15412709335170
  -1.31323953749231   -0.09298234618684   -2.16250938696690
  -1.31411219000521   -0.09304413329859   -2.16320757218524
  -1.32731236893209   -0.09397875609334   -2.17252249523587
  -1.33109606093653   -0.09424665585555   -2.17524556332098
  -1.33962207329451   -0.09485032990741   -2.18210434818784
  -1.34708420513165   -0.09537867717839   -2.18827783629865
  -1.35274810368290   -0.09577970270407   -2.19226247251405
  -1.36446399200463   -0.09660923208748   -2.20059813368008
  -1.36620053386174   -0.09673218584536   -2.20205335748351
  -1.37864320885883   -0.09761317448531   -2.21148014097443
  -1.38246532678846   -0.09788379494895   -2.21415595787215
  -1.39117266917451   -0.09850030785539   -2.22082583530501
  -1.39872425136139   -0.09903498855081   -2.22687791244142
  -1.40422980473952   -0.09942480263692   -2.23106503266147
  -1.41674925283140   -0.10031122710353   -2.23966031448904
  -1.41761287248628   -0.10037237465462   -2.24038173088650
  -1.43016255954488   -0.10126094015490   -2.25022301627173
  -1.43334122178832   -0.10148600151248   -2.25270100945876
  -1.44269114149039   -0.10214801133303   -2.25956818813033
  -1.45088492706349   -0.10272816246692   -2.26582030729284
  -1.45560130487113   -0.10306209992580   -2.26922889479862
  -1.46856801203972   -0.10398019203347   -2.27796268852942
  -1.46941225226445   -0.10403996744733   -2.27872055188831
  -1.48148759502245   -0.10489494756984   -2.28840637854025
  -1.48620265926812   -0.10522879202354   -2.29179070576635
  -1.49436816762446   -0.10580694102310   -2.29809259095659
  -1.50240719998205   -0.10637613504166   -2.30456517130742
  -1.50725350567664   -0.10671927188834   -2.30857880778599
  -1.51973755688640   -0.10760319012127   -2.31733806253466
  -1.52057359516492   -0.10766238480619   -2.31808972298195
  -1.53346152146851   -0.10857489892945   -2.32731887811229
  -1.53680237408334   -0.10881144398123   -2.32974029791962
  -1.54591454532692   -0.10945662030809   -2.33680103213258
  -1.55409930268567   -0.11003613221011   -2.34309891264543
  -1.55880698122953   -0.11036945372809   -2.34646506137254
  -1.57161498136344   -0.11127630877502   -2.35545395754721
  -1.57245928733463   -0.11133608884398   -2.35621186694687
  -1.58426767602085   -0.11217216760446   -2.36537431260381
  -1.58915742660815   -0.11251838051452   -2.36942724055662
  -1.59764734448680   -0.11311949894018   -2.37599416538458
  -1.60660955817899   -0.11375405770295   -2.38172137839375
  -1.61045756300667   -0.11402651105727   -2.38511152115290
  -1.62235994395538   -0.11486924482687   -2.39495122108383
  -1.62324017656440   -0.11493156863821   -2.39562424850933
  -1.63678427356082   -0.11589054213828   -2.40461417262136
  -1.64041520374340   -0.11614762578340   -2.40751504530205
  -1.64898136310524   -0.11675414239559   -2.41425966774469
  -1.65793825342277   -0.11738832424322   -2.42067328694641
  -1.66185803594079   -0.11766585973059   -2.42395933090518
  -1.67420680642514   -0.11854019957445   -2.43328430250591
  -1.67509072246829   -0.11860278418691   -2.43398367762366
  -1.68758173302961   -0.11948719516836   -2.44260497999589
  -1.69307085576299   -0.11987584590243   -2.44682218309245
  -1.70030311837714   -0.12038791755951   -2.45250139975964
  -1.70868288595803   -0.12098123692580   -2.45934446653657
  -1.71353876071577   -0.12132505129848   -2.46337243002659
  -1.72519724729649   -0.12215051642066   -2.47275304738972
  -1.72603933289327   -0.12221013927867   -2.47351466825520
  -1.73865893273956   -0.12310365486981   -2.48505543237390
  -1.73946415164674   -0.12316066742619   -2.48586265547792
  -1.75194550571591   -0.12404439469133   -2.49756820542687
  -1.75275073517851   -0.12410140799509   -2.49837543624924
  -1.76463579215240   -0.12494291516148   -2.50988172162003
  -1.76627300252063   -0.12505883587274   -2.51146742747001
  -1.77780400464353   -0.12587527461119   -2.52243055468240
  -1.77953218684848   -0.12599763647395   -2.52397654947030
  -1.79079842235189   -0.12679532873031   -2.53450036106649
  -1.79320476609974   -0.12696570700557   -2.53695074982254
  -1.80335870571955   -0.12768464448951   -2.54695559814039
  -1.80672748016974   -0.12792316651326   -2.55000769426089
  -1.81656710730891   -0.12861984947999   -2.55952587982924
  -1.81978824043329   -0.12884791793721   -2.56275496159390
  -1.82904942545834   -0.12950364500567   -2.57123212277472
  -1.83461644947670   -0.12989781144654   -2.57619115471022
  -1.84255102955471   -0.13045960984706   -2.58433665338296
  -1.84715655865292   -0.13078569879638   -2.58862704782005
  -1.85466307122083   -0.13131718839162   -2.59565481786044
  -1.86005332585907   -0.13169883888911   -2.60150543340897
  -1.86805559755015   -0.13226543011289   -2.60966282131910
  -1.87267933472720   -0.13259280826334   -2.61468657988569
  -1.88079074024715   -0.13316712657663   -2.62431087942819
  -1.88338036993307   -0.13335048219232   -2.62741794596057
  -1.89346455125382   -0.13406448052378   -2.63903903952914
  -1.89501833693630   -0.13417449445049   -2.64070371776227
  -1.90554385627896   -0.13491974118985   -2.65356900419471
  -1.90631611456912   -0.13497442000939   -2.65440484304243
  -1.91622649276153   -0.13567611241936   -2.66628824343716
  -1.91935566983035   -0.13589767003865   -2.66961241051926
  -1.92723430395401   -0.13645550725315   -2.67945272806408
  -1.93189586353474   -0.13678556337341   -2.68444692290231
  -1.93910762960971   -0.13729618379768   -2.69256179423599
  -1.94496790012520   -0.13771111320413   -2.69961696718441
  -1.94980966842155   -0.13805392878577   -2.70527148935702
  -1.95770474822767   -0.13861293041704   -2.71351560956605
  -1.96182135802068   -0.13890440202292   -2.71823020376519
  -1.97078477771891   -0.13953904617549   -2.72945624925103
  -1.97233871345082   -0.13964907072627   -2.73112104360144
  -1.98306538204336   -0.14040855959637   -2.74381455729835
  -1.98384021281034   -0.14046342055704   -2.74464859695911
  -1.99426461937311   -0.14120150812761   -2.75680424900210
  -1.99674455067645   -0.14137709668125   -2.75996817125556
  -2.00500823910706   -0.14196219720290   -2.76949057018127
  -2.00973503220025   -0.14229687210355   -2.77525938644599
  -2.01584876841088   -0.14272974784373   -2.78278117201461
  -2.02234217739941   -0.14318950585838   -2.79000922678211
  -2.02727497402163   -0.14353876659117   -2.79557159938616
  -2.03502895933749   -0.14408777819673   -2.80555066946905
  -2.03767857636972   -0.14427538114434   -2.80854803949501
  -2.04877683117081   -0.14506117972908   -2.82002798494588
  -2.04959418668906   -0.14511905160362   -2.82097814739465
  -2.05982917016997   -0.14584372730068   -2.83405581776266
  -2.06134215850515   -0.14595085262028   -2.83574953443466
  -2.07137302269811   -0.14666107589662   -2.84740817137871
  -2.07369399957294   -0.14682540987310   -2.84995676732183
  -2.08234084195491   -0.14743763914950   -2.85991734563145
  -2.08707113029474   -0.14777256152689   -2.86568859934784
  -2.09322857625193   -0.14820853208312   -2.87316909530234
  -2.09963575211163   -0.14866218446477   -2.87965586228559
  -2.10522830006593   -0.14905815809723   -2.88615268524732
  -2.11249148144384   -0.14957241892020   -2.89501520416962
  -2.11619775140213   -0.14983483690754   -2.89929507491943
  -2.12523562248112   -0.15047475250059   -2.91131854100425
  -2.12602688966361   -0.15053077722189   -2.91213947482677
  -2.13734412981095   -0.15133208080073   -2.92496526456415
  -2.13810451602044   -0.15138591903187   -2.92584982469170
  -2.14800937409283   -0.15208722059638   -2.93776309210766
  -2.15118535110454   -0.15231209182935   -2.94102809917540
  -2.15928827101552   -0.15288580932930   -2.95068252848522
  -2.16406381705562   -0.15322393612374   -2.95557016784728
  -2.16988822037230   -0.15363632599631   -2.96350358692273
  -2.17694666999090   -0.15413609103326   -2.97253113696271
  -2.18006285376146   -0.15435672867770   -2.97663753519597
  -2.18838472220230   -0.15494594856500   -2.98937555560340
  -2.18997078023981   -0.15505824749700   -2.99181813242809
  -2.19639387022603   -0.15551302665924   -3.00233086483928
  -2.20279840111707   -0.15596649176707   -3.01365903300059
  -2.20367611121037   -0.15602863697472   -3.01522824906132
  -2.21225129290600   -0.15663579240240   -3.02832890724995
  -2.21553242221731   -0.15686810881750   -3.03392583662991
  -2.21898862761052   -0.15711282128403   -3.04106481424361
  -2.22759470131241   -0.15772216398306   -3.05415357716840
  -2.22827639218716   -0.15777043028567   -3.05500660133837
  -2.23479872223011   -0.15823223602079   -3.06709063936172
  -2.24127346864400   -0.15869067265427   -3.07764474974850
  -2.24282845658005   -0.15880077170510   -3.08001866371765
  -2.25084965760808   -0.15936870319782   -3.09304066075030
  -2.25446965077227   -0.15962501246050   -3.09837523433149
  -2.25870966843893   -0.15992522181246   -3.10557861765243
  -2.26552937373576   -0.16040808284482   -3.11871864259201
  -2.26718008321852   -0.16052495934465   -3.12110729113697
  -2.27376799622491   -0.16099140860263   -3.13151908507109
  -2.28001513734867   -0.16143372991726   -3.14212397721887
  -2.28156570718387   -0.16154351614976   -3.14459860136741
  -2.28910972743883   -0.16207766143169   -3.15733616445717
  -2.29307381067540   -0.16235833357816   -3.16384519797531
  -2.29688084961204   -0.16262788639183   -3.17043757193951
  -2.30444334555118   -0.16316333982235   -3.18315760893002
  -2.30599375870609   -0.16327311496130   -3.18563312069351
  -2.31224218827893   -0.16371552750302   -3.19625551393735
  -2.31895249820225   -0.16419064292751   -3.20657519684569
  -2.32048230919427   -0.16429895935509   -3.20906591667920
  -2.32701415088644   -0.16476143855109   -3.22191682241869
  -2.33167806736223   -0.16509166154846   -3.22849317972648
  -2.33583355749323   -0.16538588602991   -3.23488217120875
  -2.34305595743948   -0.16589725937265   -3.24782697749332
  -2.34436139025899   -0.16598968897356   -3.24961438382370
  -2.35090316957321   -0.16645287179094   -3.26087267066258
  -2.35756793614546   -0.16692476257323   -3.27205355701549
  -2.35840727435463   -0.16698419090576   -3.27364350920868
  -2.36628610988517   -0.16754204238063   -3.28667626007497
  -2.37016648549002   -0.16781678770890   -3.29161115455018
  -2.37453133264180   -0.16812583546244   -3.29948595772348
  -2.38235974873685   -0.16868011704982   -3.31254834362491
  -2.38322010607427   -0.16874103361645   -3.31412326421549
  -2.38911673427867   -0.16915853728534   -3.32524445874855
  -2.39626824965224   -0.16966489173115   -3.33504564643056
  -2.39841289479687   -0.16981674075153   -3.33842330401716
  -2.40519721079231   -0.17029709608696   -3.35114372135304
  -2.40922848557666   -0.17058252565016   -3.35760462332521
  -2.41373274570027   -0.17090144437152   -3.36426640459258
  -2.42105972010968   -0.17142022198336   -3.37715516142882
  -2.42176556505908   -0.17147019848617   -3.37802167519131
  -2.42855714870496   -0.17195106839885   -3.38993276203287
  -2.43465101605292   -0.17238253734811   -3.39981703366361
  -2.43639198461185   -0.17250580453328   -3.40299132314270
  -2.44416583574660   -0.17305622271426   -3.41564586643857
  -2.44787584152818   -0.17331890521208   -3.42226894735028
  -2.45117970546949   -0.17355283132531   -3.42864610106218
  -2.45953384395706   -0.17414433605447   -3.44120140120401
  -2.46112923665548   -0.17425729591590   -3.44388248636054
  -2.46676101186182   -0.17465604698677   -3.45436969927055
  -2.47352078174868   -0.17513466436450   -3.46515653997004
  -2.47501800226474   -0.17524067326262   -3.46764425814769
  -2.48234268239431   -0.17575928843074   -3.48053270485498
  -2.48647720394425   -0.17605202825702   -3.48692218948132
  -2.49064645664387   -0.17634722718059   -3.49331743592684
  -2.49787686363005   -0.17685916745216   -3.50626794014745
  -2.49937051836761   -0.17696492387963   -3.50873960156575
  -2.50647602033170   -0.17746802040132   -3.51933462426480
  -2.51223300368400   -0.17787563668439   -3.52977320851058
  -2.51376910506546   -0.17798439849543   -3.53224030449473
  -2.52183384155637   -0.17855541246424   -3.54516415828823
  -2.52513763138285   -0.17878933332986   -3.55077471361878
  -2.52909291079134   -0.17906938213187   -3.55808739905918
  -2.53718190270326   -0.17964211347660   -3.57099673379500
  -2.53788481329984   -0.17969188221609   -3.57186008151929
  -2.54440222014024   -0.18015333936977   -3.58394357045522
  -2.55082342018905   -0.18060798471727   -3.59449063576092
  -2.55248270430254   -0.18072546833352   -3.59685954374908
  -2.56059628640396   -0.18129994075704   -3.60975120318958
  -2.56407665672579   -0.18154636419228   -3.61523698220304
  -2.56882530594474   -0.18188258658963   -3.62261358190420
  -2.57513207408428   -0.18232912972341   -3.63558517575853
  -2.57660584713935   -0.18243347845226   -3.63729199711774
  -2.58311948201668   -0.18289466853663   -3.64856600871972
  -2.58953389055882   -0.18334883301967   -3.65911295991365
  -2.59120024663012   -0.18346681735738   -3.66148257737021
  -2.59926659545820   -0.18403794548579   -3.67440797237078
  -2.60260196296505   -0.18427410217109   -3.67999448064614
  -2.60677145041965   -0.18456931771620   -3.68721088102967
  -2.61384942858017   -0.18507046544808   -3.70020997418615
  -2.61550240063571   -0.18518750214665   -3.70262250788558
  -2.62126601583283   -0.18559558798952   -3.71308993370477
  -2.62742803524648   -0.18603188236383   -3.72614753149699
  -2.62837647059033   -0.18609903518779   -3.72850671087070
  -2.63307797057464   -0.18643191924029   -3.73907138501039
  -2.64010513334916   -0.18692946904987   -3.75214342349288
  -2.64114927446157   -0.18700339820568   -3.75442377040115
  -2.64544773759757   -0.18730774571881   -3.76481536027614
  -2.65031390975936   -0.18765228918680   -3.77772083891937
  -2.65406363053926   -0.18791778365731   -3.78591895101133
  -2.65559098866624   -0.18802592641274   -3.79079684236164
  -2.66043625722999   -0.18836898982661   -3.80372078828714
  -2.66439885453449   -0.18864955676344   -3.81633505428006
  -2.66734975254592   -0.18885849154847   -3.82294998045307
  -2.66951592743506   -0.18901186495652   -3.82951610186948
  -2.67118342532254   -0.18912993013915   -3.84242374172462
  -2.67361235684296   -0.18930190771449   -3.85534617372014
  -2.67554735132236   -0.18943891267164   -3.86826628998210
  -2.67636530097695   -0.18949682661329   -3.88118779187387
  -2.67718332543968   -0.18955474585164   -3.89410938486611
  -2.67800142487955   -0.18961267039865   -3.90703106923788
  -2.67815130883959   -0.18962328275220   -3.92013846654231
  -2.67469786617150   -0.18937876589710   -3.93309496641874
  -2.66779487280012   -0.18889000775278   -3.94555705447588
  -2.66709593387424   -0.18884052022266   -3.94644375691966
  -2.65464848624388   -0.18795919366215   -3.95839223794211
  -2.65384341904451   -0.18790219184725   -3.95919944958501
  -2.64178551591361   -0.18704844651656   -3.96970982932937
  -2.63908607172117   -0.18685731561679   -3.97198054274390
  -2.62827654678581   -0.18609196020298   -3.97950641805790
  -2.62163233901569   -0.18562152506195   -3.98416940796634
  -2.61539098066713   -0.18517961318977   -3.98924463772700
  -2.60442519750214   -0.18440319409992   -3.99773708998165
  -2.60268679304512   -0.18428010846289   -3.99916712516367
  -2.58962672257748   -0.18335540587911   -4.00781993234006
  -2.58654230148052   -0.18313701715258   -4.01038539820104
  -2.57674463238518   -0.18244330497469   -4.01911967925863
  -2.57128360598316   -0.18205664356757   -4.02337821178673
  -2.56404159712369   -0.18154388183931   -4.02821632374365
  -2.55414947205797   -0.18084348182003   -4.03598723798504
  -2.55096488685651   -0.18061800109453   -4.03843729097552
  -2.53809385303254   -0.17970668302298   -4.04736350919817
  -2.53575444167638   -0.17954104381521   -4.04905945030254
  -2.52500269187196   -0.17877977910007   -4.05759392042411
  -2.51887503775699   -0.17834591791940   -4.06200942334033
  -2.51251179335449   -0.17789537605174   -4.06695041032896
  -2.50134548812271   -0.17710475923809   -4.07521778468706
  -2.49979669231546   -0.17699509861350   -4.07611773577417
  -2.48696498227021   -0.17608656481480   -4.08650398075810
  -2.48451355920294   -0.17591299475254   -4.08823521848681
  -2.47367900086139   -0.17514586687850   -4.09659215035757
  -2.46769702644781   -0.17472232037391   -4.10117467985287
  -2.46146755570069   -0.17428125018904   -4.10627224767504
  -2.45033451088030   -0.17349298833883   -4.11354067448138
  -2.44770563479093   -0.17330685392873   -4.11573615534771
  -2.43543404570499   -0.17243797882097   -4.12604923161199
  -2.43448946645687   -0.17237109902324   -4.12687338414488
  -2.42211802424300   -0.17149515393483   -4.13528655285114
  -2.41710094719548   -0.17113992582788   -4.13909641872004
  -2.40904902173042   -0.17056981892835   -4.14555368709624
  -2.39963249948328   -0.16990309339469   -4.15232968949221
  -2.39635113617569   -0.16967076041177   -4.15466118462124
  -2.38329769743260   -0.16874652737927   -4.16418135842203
  -2.38248046209327   -0.16868866401385   -4.16494712983394
  -2.37058999738503   -0.16784677395933   -4.17484962197763
  -2.36585518272715   -0.16751153110143   -4.17820704901611
  -2.35810004528703   -0.16696243792110   -4.18344649395138
  -2.34877709811482   -0.16630233785808   -4.19088687039487
  -2.34463171065085   -0.16600882868382   -4.19398056969308
  -2.33211926549417   -0.16512290005162   -4.20336450757654
  -2.33125527801466   -0.16506172645714   -4.20408610284268
  -2.31906137239407   -0.16419835163373   -4.21279014236679
  -2.31416849900520   -0.16385191761746   -4.21674548407777
  -2.30617811431190   -0.16328616803827   -4.22247580287575
  -2.29655933313587   -0.16260512180438   -4.22981678546827
  -2.29309859117087   -0.16236008813134   -4.23272310812726
  -2.28059815088089   -0.16147500948929   -4.24210058347380
  -2.27974464537707   -0.16141457805849   -4.24284329339115
  -2.26755842581772   -0.16055174743740   -4.25235577520905
  -2.26355940734778   -0.16026860174375   -4.25566295540841
  -2.25480252637909   -0.15964858131754   -4.26148709451792
  -2.24494371180015   -0.15895053980721   -4.26843422418727
  -2.24177148797469   -0.15872593431408   -4.27090981244449
  -2.22967762515224   -0.15786964290068   -4.28056340511104
  -2.22764667961133   -0.15772584424401   -4.28211211388095
  -2.21579032858314   -0.15688636956758   -4.29000095340116
  -2.21016020609375   -0.15648773551535   -4.29405900492265
  -2.20294498413138   -0.15597687040113   -4.29977264593062
  -2.19365335058646   -0.15531898746184   -4.30752575705421
  -2.19037884115879   -0.15508713975965   -4.30992107195879
  -2.17738199393202   -0.15416691362140   -4.31853783709480
  -2.17500799437028   -0.15399882543734   -4.32025874828606
  -2.16429874144122   -0.15324056966234   -4.32882959305430
  -2.15890065415463   -0.15285836458361   -4.33317193311351
  -2.15201011217922   -0.15237048804541   -4.33769853362562
  -2.14089935549595   -0.15158380427994   -4.34568063614658
  -2.13830054205971   -0.15139979841985   -4.34787383770824
  -2.12578559919628   -0.15051369294052   -4.35645358329644
  -2.12178917098759   -0.15023073064720   -4.35893596177397
  -2.11287916719856   -0.14959986854384   -4.36451167475569
  -2.10013776312429   -0.14869772875082   -4.37127772117514
  -2.09925187284292   -0.14863500435479   -4.37192346765406
  -2.08709010207266   -0.14777390480081   -4.37821731923674
  -2.07492835719618   -0.14691280708021   -4.38451121479426
  -2.07404096183717   -0.14684997611897   -4.38512822165695
  -2.06116535460249   -0.14593833423257   -4.39085231461585
  -2.04853205185588   -0.14504384842405   -4.39710116493796
  -2.04764391372236   -0.14498096487156   -4.39768709900355
  -2.03521345943141   -0.14410084150401   -4.40345904875498
  -2.02278839983287   -0.14322110010116   -4.41001148064975
  -2.02115901391097   -0.14310573339042   -4.41077596903814
  -2.00975332288198   -0.14229816715327   -4.41612740330091
  -1.99688302802531   -0.14138690140341   -4.42178732236251
  -1.99441240484013   -0.14121197189988   -4.42328278322736
  -1.98404391720204   -0.14047784360152   -4.42907353065341
  -1.97134077032496   -0.13957841256334   -4.43636339568922
  -1.97040913896097   -0.13951244952497   -4.43676551482969
  -1.95789788524598   -0.13862660525136   -4.44219048116173
  -1.94598938238319   -0.13778343802700   -4.44815694475541
  -1.94311060236074   -0.13757960946945   -4.44968731767144
  -1.93247318958325   -0.13682644024999   -4.45488409854394
  -1.91969374297494   -0.13592160690110   -4.46165516347863
  -1.91880518108770   -0.13585869334523   -4.46227179839204
  -1.90671512277841   -0.13500267130581   -4.46780066110468
  -1.89433308708840   -0.13412597615907   -4.47499346061698
  -1.89181528191517   -0.13394770599162   -4.47608632605949
  -1.88104960759259   -0.13318545536771   -4.48102121488159
  -1.86818107103651   -0.13227431411220   -4.48747483168640
  -1.86657040330570   -0.13216027272047   -4.48828205216905
  -1.85534216278366   -0.13136527065307   -4.49392962695452
  -1.84295537653324   -0.13048823914862   -4.50067508551038
  -1.83944082987937   -0.13023939589929   -4.50206703571790
  -1.82937261398916   -0.12952652798094   -4.50652475337596
  -1.81660336418242   -0.12862241660431   -4.51330896761041
  -1.81497103376583   -0.12850684141216   -4.51406672632061
  -1.80356561132854   -0.12769929419233   -4.51941889608694
  -1.79064135151814   -0.12678420751881   -4.52503930525234
  -1.78745331498697   -0.12655848242607   -4.52659641094309
  -1.77784269005131   -0.12587801368497   -4.53235452280664
  -1.76501955564255   -0.12497008707390   -4.53913861780991
  -1.76337095359514   -0.12485335978850   -4.53984480158805
  -1.75188210355246   -0.12403990557740   -4.54493297797908
  -1.73956726021895   -0.12316796790465   -4.55035438839151
  -1.73592388230303   -0.12291000291274   -4.55256695818408
  -1.72612312893787   -0.12221607235683   -4.55706350443961
  -1.71355833118420   -0.12132643696196   -4.56383233677324
  -1.71021133754251   -0.12108945710216   -4.56555831034167
  -1.70047271769325   -0.12039992583513   -4.57026169899657
  -1.68790013035400   -0.11950973890802   -4.57546576404727
  -1.68266837301252   -0.11913931062102   -4.57913092116285
  -1.67574284020806   -0.11864895659925   -4.58439324544261
  -1.66928368200468   -0.11819162367027   -4.59203914322984
  -1.66597305658676   -0.11795721881882   -4.60349662238368
      
      
