# shadow point cont 2D ind 241  size 1110
# norm -0.3164770 -0.9486002 -0.0000000
# angle  1.8928096
   1.78704757  -4.60223095
   1.78841975  -4.59025473
   1.79547972  -4.58359458
   1.80443737  -4.57696477
   1.80858461  -4.57457030
   1.82161293  -4.56927095
   1.83203841  -4.56436431
   1.83451616  -4.56281420
   1.84718458  -4.55748118
   1.86018496  -4.55200744
   1.86107223  -4.55136187
   1.87328412  -4.54508066
   1.88609326  -4.54023226
   1.88924156  -4.53837608
   1.89889062  -4.53266880
   1.91157894  -4.52697759
   1.91506862  -4.52522947
   1.92491581  -4.52087218
   1.93782963  -4.51441900
   1.94105809  -4.51280572
   1.95063270  -4.50843030
   1.96365954  -4.50312841
   1.97006537  -4.49983715
   1.97638018  -4.49637278
   1.98934602  -4.49069739
   1.99739851  -4.48667366
   2.00224130  -4.48425379
   2.01532438  -4.47812851
   2.02345323  -4.47421743
   2.02823911  -4.47167621
   2.04130966  -4.46552381
   2.05140761  -4.46079094
   2.05375080  -4.45984671
   2.06698421  -4.45312745
   2.07827618  -4.44828225
   2.07989708  -4.44748065
   2.09297216  -4.44131918
   2.10483219  -4.43521572
   2.10571950  -4.43457021
   2.11847381  -4.42860197
   2.13143359  -4.42293518
   2.13227688  -4.42231165
   2.14446161  -4.41601731
   2.15726774  -4.41002770
   2.15886947  -4.40927711
   2.17029315  -4.40392032
   2.18297655  -4.39724582
   2.18469848  -4.39637213
   2.19613094  -4.39102895
   2.20903380  -4.38616950
   2.21306323  -4.38373362
   2.22195658  -4.37892081
   2.23456931  -4.37347344
   2.24113206  -4.37042537
   2.24778228  -4.36681156
   2.26028169  -4.35973266
   2.26353549  -4.35731178
   2.27343061  -4.35038732
   2.28125687  -4.34449158
   2.28612556  -4.34048957
   2.29772245  -4.33197891
   2.29924015  -4.33104292
   2.31202951  -4.32019317
   2.31370127  -4.31882246
   2.32545469  -4.30969712
   2.32996666  -4.30611787
   2.33797098  -4.29958180
   2.34663513  -4.29283666
   2.35088680  -4.28908060
   2.36265946  -4.27981504
   2.36347777  -4.27902158
   2.37690866  -4.26914041
   2.37918413  -4.26736667
   2.38981969  -4.25785973
   2.39324714  -4.25486253
   2.40273437  -4.24735882
   2.41054362  -4.24138119
   2.41545105  -4.23742983
   2.42667081  -4.22845725
   2.42836338  -4.22694149
   2.44127614  -4.21647598
   2.44212024  -4.21569007
   2.45437847  -4.20541064
   2.45763401  -4.20298070
   2.46690201  -4.19526400
   2.47434940  -4.18977620
   2.48021787  -4.18521102
   2.48976764  -4.17698811
   2.49293010  -4.17448758
   2.50584870  -4.16482214
   2.50668853  -4.16403963
   2.51916546  -4.15311866
   2.52141587  -4.15138057
   2.53187026  -4.14325131
   2.53820707  -4.13826552
   2.54478171  -4.13276384
   2.55367278  -4.12547592
   2.55769747  -4.12146033
   2.56955558  -4.11227116
   2.57041096  -4.11152870
   2.58374081  -4.10146547
   2.58597946  -4.09970138
   2.59624500  -4.09136488
   2.60193431  -4.08656718
   2.60896164  -4.08065629
   2.61798380  -4.07353492
   2.62206800  -4.07037163
   2.63338404  -4.06070699
   2.63499813  -4.05909256
   2.64771264  -4.04920606
   2.65011410  -4.04747752
   2.66103233  -4.03911847
   2.66570062  -4.03491257
   2.67333789  -4.02878781
   2.68321966  -4.02169357
   2.68664141  -4.01872381
   2.69704161  -4.00892559
   2.69936434  -4.00719251
   2.71213677  -3.99809226
   2.71465087  -3.99580449
   2.72561239  -3.98665848
   2.72949263  -3.98329377
   2.73831083  -3.97595796
   2.74462884  -3.97015024
   2.75123172  -3.96385385
   2.75755389  -3.95727569
   2.76363672  -3.94895246
   2.76610810  -3.94429829
   2.76870755  -3.93146308
   2.76869453  -3.91853306
   2.76822808  -3.90559080
   2.76786077  -3.89267304
   2.76779944  -3.87975591
   2.76702732  -3.86681353
   2.76696558  -3.85389583
   2.76573930  -3.84094011
   2.76444496  -3.82812255
   2.76370491  -3.82647796
   2.75888865  -3.81516454
   2.75146270  -3.80233678
   2.75074708  -3.80146610
   2.74212629  -3.78915303
   2.73797278  -3.78275673
   2.73318315  -3.77624148
   2.72496598  -3.76502872
   2.72350303  -3.76329046
   2.71453555  -3.75039722
   2.71205484  -3.74720659
   2.70398158  -3.73749182
   2.69898564  -3.73111593
   2.69493953  -3.72464925
   2.68634181  -3.71228129
   2.68554750  -3.71145939
   2.67460189  -3.69894176
   2.67286973  -3.69653089
   2.66440883  -3.68570734
   2.66044526  -3.68075389
   2.65418031  -3.67318636
   2.64701132  -3.66416417
   2.64395334  -3.66000717
   2.63458536  -3.64761353
   2.63380750  -3.64677850
   2.62377449  -3.63410506
   2.62148197  -3.63078548
   2.61413473  -3.62113988
   2.60814629  -3.61410629
   2.60350208  -3.60828756
   2.59532891  -3.59709332
   2.59380787  -3.59534414
   2.58495298  -3.58237699
   2.58258814  -3.57911024
   2.57410353  -3.56974135
   2.56935058  -3.56396089
   2.56330915  -3.55638129
   2.55691180  -3.54819469
   2.55332721  -3.54366507
   2.54358337  -3.53155329
   2.54286060  -3.53068615
   2.53391765  -3.51780302
   2.53067670  -3.51376981
   2.52344655  -3.50482992
   2.51788976  -3.49748047
   2.51292872  -3.49190514
   2.50474864  -3.48071091
   2.50375880  -3.47918379
   2.49403306  -3.46636631
   2.49167800  -3.46380448
   2.48357286  -3.45326099
   2.47910578  -3.44735051
   2.47323797  -3.44026292
   2.46552283  -3.43011184
   2.46310029  -3.42752821
   2.45400859  -3.41424340
   2.45321576  -3.41342088
   2.44315626  -3.40153136
   2.44001500  -3.39663490
   2.43388784  -3.38831356
   2.42738233  -3.38026567
   2.42338951  -3.37537792
   2.41419908  -3.36349653
   2.41343643  -3.36265141
   2.40299454  -3.34966415
   2.40132782  -3.34728101
   2.39270296  -3.33657514
   2.38855227  -3.33098938
   2.38279824  -3.32379933
   2.37558029  -3.31323806
   2.37378003  -3.31098875
   2.36356903  -3.29842084
   2.36199413  -3.29677378
   2.35257534  -3.28525188
   2.34940667  -3.28116366
   2.34288723  -3.27230108
   2.33663055  -3.26408526
   2.33205144  -3.25902198
   2.32384455  -3.24860026
   2.32215025  -3.24625287
   2.31267684  -3.23315673
   2.31113647  -3.23143340
   2.30192968  -3.22041004
   2.29766049  -3.21412393
   2.29276132  -3.20769151
   2.28493789  -3.19780313
   2.28254593  -3.19454797
   2.27293238  -3.18154597
   2.27215759  -3.18070957
   2.26284543  -3.16893654
   2.25889445  -3.16400393
   2.25202428  -3.15561703
   2.24604543  -3.14781562
   2.24240012  -3.14326227
   2.23289488  -3.13101056
   2.23213250  -3.13016568
   2.22173821  -3.11710202
   2.22007007  -3.11476323
   2.21195463  -3.10427176
   2.20714422  -3.09779449
   2.20222999  -3.09139351
   2.19400539  -3.08100240
   2.19176125  -3.07841082
   2.18222882  -3.06537916
   2.18147016  -3.06453200
   2.17233479  -3.05261248
   2.16833440  -3.04773787
   2.16123545  -3.03952057
   2.15507352  -3.03101076
   2.15133471  -3.02675108
   2.14280634  -3.01675105
   2.13973873  -3.01343149
   2.13170040  -3.00119546
   2.12927646  -2.99877257
   2.11752837  -2.98793205
   2.11667204  -2.98718882
   2.10374887  -2.97749494
   2.10051810  -2.97507149
   2.09083376  -2.96778499
   2.08280965  -2.96209386
   2.07788744  -2.95895412
   2.06501788  -2.95001012
   2.06343851  -2.94914286
   2.05173027  -2.94068920
   2.04626096  -2.93649049
   2.03930304  -2.93203089
   2.02775454  -2.92352603
   2.02618497  -2.92264562
   2.01312309  -2.91387127
   2.00843628  -2.91047852
   2.00035847  -2.90482912
   1.99053635  -2.89776242
   1.98725956  -2.89535908
   1.97469637  -2.88679609
   1.97209354  -2.88463563
   1.96176474  -2.87792366
   1.95274600  -2.87164876
   1.94867385  -2.86848416
   1.93599708  -2.86004801
   1.93425741  -2.85861890
   1.92285231  -2.85067651
   1.91573042  -2.84563675
   1.91009426  -2.84156420
   1.89854597  -2.83305998
   1.89697661  -2.83217969
   1.88392292  -2.82340923
   1.87923292  -2.82001501
   1.87115599  -2.81436624
   1.86133439  -2.80730011
   1.85804629  -2.80495154
   1.84502215  -2.79523766
   1.84424737  -2.79455309
   1.83259112  -2.78743858
   1.82431644  -2.78126963
   1.81931851  -2.77739980
   1.80687129  -2.76861561
   1.80598817  -2.76794211
   1.79363510  -2.76027169
   1.78705445  -2.75558732
   1.78075693  -2.75131838
   1.76868190  -2.74239009
   1.76782591  -2.74164710
   1.75510207  -2.73250577
   1.75015612  -2.72938227
   1.74162563  -2.72350447
   1.73164084  -2.71641929
   1.72921375  -2.71478517
   1.71615646  -2.70611489
   1.71226546  -2.70349865
   1.70324923  -2.69640975
   1.69591520  -2.69088716
   1.69011079  -2.68704495
   1.67793379  -2.67827382
   1.67707209  -2.67754760
   1.66429469  -2.66922773
   1.65803055  -2.66493210
   1.65172890  -2.66066445
   1.64017651  -2.65215124
   1.63844383  -2.65070752
   1.62575954  -2.64229694
   1.62097181  -2.63897856
   1.61262979  -2.63289152
   1.60313690  -2.62617376
   1.60010215  -2.62430068
   1.58718756  -2.61454687
   1.58543020  -2.61316929
   1.57405748  -2.60601590
   1.56539745  -2.60009639
   1.56157453  -2.59738911
   1.54852417  -2.58773035
   1.54764128  -2.58705700
   1.53517639  -2.57871716
   1.52964798  -2.57454661
   1.52238336  -2.56970214
   1.51101993  -2.56171826
   1.50928746  -2.56027469
   1.49660816  -2.55186702
   1.49181561  -2.54854625
   1.48364906  -2.54304282
   1.47451104  -2.53616418
   1.47036362  -2.53308480
   1.45745586  -2.52415064
   1.45593867  -2.52321422
   1.44490886  -2.51558812
   1.43821823  -2.51039587
   1.43154228  -2.50574869
   1.41921393  -2.49850815
   1.41685137  -2.49677866
   1.40617293  -2.48813078
   1.40186822  -2.48449395
   1.39328351  -2.47922179
   1.38229042  -2.47085950
   1.38068114  -2.46982800
   1.36738492  -2.46075187
   1.36340286  -2.45825344
   1.35452492  -2.45179515
   1.34568014  -2.44530138
   1.34171629  -2.44271074
   1.32832151  -2.43373232
   1.32744417  -2.43296577
   1.31615657  -2.42540167
   1.30845632  -2.41959935
   1.30266697  -2.41576343
   1.28999613  -2.40733588
   1.28912684  -2.40662170
   1.27683471  -2.39802113
   1.27111931  -2.39401278
   1.26415631  -2.38880838
   1.25293444  -2.38060375
   1.25120544  -2.37916357
   1.23825429  -2.37033715
   1.23423524  -2.36789228
   1.22524646  -2.36158332
   1.21590941  -2.35469522
   1.21258657  -2.35229717
   1.19920006  -2.34332295
   1.19768402  -2.34235996
   1.18682265  -2.33449941
   1.17862283  -2.32901431
   1.17352341  -2.32540707
   1.16075462  -2.31710915
   1.15989299  -2.31637827
   1.14779726  -2.30747920
   1.14296258  -2.30343816
   1.13491589  -2.29775935
   1.12392170  -2.29099924
   1.12162300  -2.28929027
   1.10959597  -2.28005695
   1.10533018  -2.27713958
   1.09607015  -2.27048413
   1.08793904  -2.26489974
   1.08316775  -2.26158890
   1.07024869  -2.25272709
   1.06870360  -2.25181570
   1.05735190  -2.24382241
   1.04945573  -2.23872678
   1.04468422  -2.23543534
   1.03253402  -2.22574276
   1.03165149  -2.22506966
   1.01849530  -2.21650921
   1.01385858  -2.21304134
   1.00630522  -2.20820259
   0.99452707  -2.20007733
   0.99279530  -2.19863428
   0.97993797  -2.18967791
   0.97670279  -2.18727181
   0.96681022  -2.18028405
   0.95883862  -2.17450561
   0.95406555  -2.17119365
   0.94133341  -2.16286007
   0.93960269  -2.16142138
   0.92840738  -2.15399905
   0.92092106  -2.14866630
   0.91533702  -2.14456078
   0.90266703  -2.13613421
   0.90179797  -2.13542020
   0.88954848  -2.12676133
   0.88461044  -2.12285520
   0.87681296  -2.11764188
   0.86567630  -2.10948201
   0.86385316  -2.10800369
   0.85084722  -2.09929121
   0.84830226  -2.09703711
   0.83805853  -2.09022649
   0.82908657  -2.08392539
   0.82512578  -2.08137185
   0.81243199  -2.07155235
   0.81167283  -2.07081951
   0.79958688  -2.06328332
   0.79215986  -2.05778734
   0.78639881  -2.05393356
   0.77407855  -2.04538822
   0.77322035  -2.04465114
   0.76044342  -2.03559522
   0.75495866  -2.03212282
   0.74772645  -2.02725867
   0.73636751  -2.01930351
   0.73467977  -2.01778065
   0.72207608  -2.00842821
   0.71795272  -2.00603758
   0.70863604  -1.99951660
   0.69934307  -1.99335209
   0.69607746  -1.99095777
   0.68296995  -1.98156340
   0.68142803  -1.98065399
   0.67012200  -1.97261298
   0.66301754  -1.96754475
   0.65731441  -1.96355286
   0.64566431  -1.95520294
   0.64414081  -1.95427371
   0.63155516  -1.94575796
   0.62660270  -1.94189475
   0.61880545  -1.93659871
   0.60867075  -1.92925478
   0.60537504  -1.92689420
   0.59295221  -1.91886410
   0.58874867  -1.91593822
   0.57959607  -1.90908754
   0.57175576  -1.90315851
   0.56700017  -1.89977585
   0.55434816  -1.89123030
   0.55252900  -1.88995854
   0.54124533  -1.88279743
   0.53329191  -1.87695510
   0.52838224  -1.87309567
   0.51640592  -1.86378475
   0.51547870  -1.86319159
   0.50236212  -1.85477954
   0.49763240  -1.85135797
   0.48952678  -1.84573528
   0.47967304  -1.83877896
   0.47649846  -1.83626703
   0.46396626  -1.82761769
   0.46057854  -1.82539611
   0.45086369  -1.81907354
   0.44268852  -1.81279226
   0.43774060  -1.80887355
   0.42507015  -1.80044725
   0.42420129  -1.79973342
   0.41205453  -1.79169715
   0.40539936  -1.78719620
   0.39864336  -1.78198867
   0.38638796  -1.77462424
   0.38552846  -1.77388927
   0.37309996  -1.76384818
   0.36989257  -1.76139261
   0.36039266  -1.75554266
   0.35085382  -1.74806577
   0.34753745  -1.74569455
   0.33472124  -1.73757761
   0.33143465  -1.73518735
   0.32165320  -1.72812797
   0.31508897  -1.72262336
   0.30877146  -1.71829516
   0.29625118  -1.71011372
   0.29536552  -1.70934063
   0.28336094  -1.70087773
   0.27730593  -1.69651496
   0.26998569  -1.69185825
   0.25807575  -1.68344593
   0.25719127  -1.68276334
   0.24416111  -1.67412030
   0.23940685  -1.67080303
   0.23147647  -1.66496259
   0.22179854  -1.65769948
   0.21851953  -1.65530687
   0.20559755  -1.64644029
   0.20383378  -1.64502857
   0.19254566  -1.63780860
   0.18456803  -1.63207543
   0.17975297  -1.62870878
   0.16731316  -1.61956558
   0.16645192  -1.61883506
   0.15405472  -1.61089295
   0.14760292  -1.60605092
   0.14106792  -1.60126023
   0.12971986  -1.59328932
   0.12798870  -1.59184686
   0.11558400  -1.58336654
   0.11154800  -1.57991255
   0.10244068  -1.57346488
   0.09237367  -1.56778381
   0.08920168  -1.56536630
   0.07690954  -1.55595956
   0.07429126  -1.55417917
   0.06361274  -1.54721174
   0.05470384  -1.54159024
   0.05069704  -1.53915004
   0.03805402  -1.53142882
   0.03301451  -1.52846395
   0.02493395  -1.52378659
   0.01278493  -1.51561204
   0.01186968  -1.51502198
  -0.00096247  -1.50851626
  -0.00926426  -1.50324361
  -0.01435054  -1.49962256
  -0.02660220  -1.49274852
  -0.03090378  -1.49013857
  -0.03987429  -1.48463767
  -0.05198254  -1.47740922
  -0.05286048  -1.47672105
  -0.06581575  -1.46873895
  -0.07295442  -1.46450205
  -0.07854671  -1.46119925
  -0.09135901  -1.45306365
  -0.09309686  -1.45158633
  -0.10425035  -1.44480528
  -0.11477287  -1.43867044
  -0.11726380  -1.43699868
  -0.12965170  -1.42971883
  -0.13582588  -1.42563705
  -0.14325660  -1.42115506
  -0.15586190  -1.41336356
  -0.15743643  -1.41248935
  -0.16867537  -1.40599753
  -0.17778901  -1.39996010
  -0.18204684  -1.39707946
  -0.19483452  -1.39180287
  -0.20775210  -1.38927953
  -0.22057089  -1.39343196
  -0.23347640  -1.39974972
  -0.23433699  -1.40046859
  -0.24626602  -1.40805509
  -0.25601366  -1.41364866
  -0.25918978  -1.41530370
  -0.27222614  -1.42311582
  -0.27773557  -1.42649066
  -0.28498311  -1.43080986
  -0.29814490  -1.43827010
  -0.29968613  -1.43918898
  -0.31072804  -1.44534378
  -0.32281414  -1.45253285
  -0.32367229  -1.45325696
  -0.33663434  -1.46128462
  -0.34309745  -1.46520808
  -0.34953530  -1.46935660
  -0.36236752  -1.47601449
  -0.36637668  -1.47838584
  -0.37528557  -1.48392416
  -0.38741579  -1.49125801
  -0.38830293  -1.49190333
  -0.40124431  -1.49900907
  -0.41063825  -1.50429125
  -0.41389278  -1.50597603
  -0.42694675  -1.51455948
  -0.43095207  -1.51699994
  -0.43979527  -1.52202151
  -0.45268969  -1.52920085
  -0.45428041  -1.53004556
  -0.46563996  -1.53717051
  -0.47374071  -1.54268890
  -0.47855536  -1.54603905
  -0.49131301  -1.55349956
  -0.49454736  -1.55588636
  -0.50445006  -1.56360490
  -0.51237642  -1.56877105
  -0.51711069  -1.57125488
  -0.53008978  -1.58084667
  -0.53166505  -1.58171091
  -0.54328569  -1.59010168
  -0.54907980  -1.59393853
  -0.55607447  -1.59911066
  -0.56793262  -1.60761878
  -0.56876423  -1.60838550
  -0.58177998  -1.61706025
  -0.58587438  -1.62014626
  -0.59457961  -1.62614242
  -0.60449147  -1.63301048
  -0.60772768  -1.63539684
  -0.62046103  -1.64389182
  -0.62366878  -1.64614443
  -0.63338495  -1.65338411
  -0.64206565  -1.65920339
  -0.64619392  -1.66246273
  -0.65912513  -1.67122002
  -0.65998306  -1.67195683
  -0.67195495  -1.68021674
  -0.67777771  -1.68483441
  -0.68519537  -1.69023867
  -0.69698074  -1.69802056
  -0.69781484  -1.69878336
  -0.71103918  -1.70795385
  -0.71495236  -1.71051643
  -0.72376072  -1.71710872
  -0.73338438  -1.72360391
  -0.73665414  -1.72599526
  -0.74957612  -1.73485995
  -0.75197890  -1.73648719
  -0.76260384  -1.74434302
  -0.77113411  -1.74967725
  -0.77528806  -1.75285263
  -0.78831507  -1.76140207
  -0.78915026  -1.76217568
  -0.80102230  -1.77073668
  -0.80692637  -1.77513323
  -0.81462357  -1.78096683
  -0.82600533  -1.78841347
  -0.82683701  -1.78918392
  -0.83971045  -1.79806109
  -0.84456724  -1.80133234
  -0.85287234  -1.80744915
  -0.86311656  -1.81405672
  -0.86552305  -1.81581938
  -0.87849951  -1.82482661
  -0.88168906  -1.82715790
  -0.89154283  -1.83412652
  -0.89952528  -1.83983389
  -0.90436459  -1.84322334
  -0.91741722  -1.85177724
  -0.91826594  -1.85253064
  -0.93018588  -1.86097213
  -0.93743077  -1.86566569
  -0.94313340  -1.87047252
  -0.95436234  -1.87867246
  -0.95609345  -1.88011494
  -0.96877627  -1.88846680
  -0.97363064  -1.89173922
  -0.98180706  -1.89729109
  -0.99180699  -1.90403829
  -0.99513740  -1.90712535
  -1.00751088  -1.91452862
  -1.01156884  -1.91762114
  -1.02076610  -1.92430757
  -1.02861756  -1.93021617
  -1.03340313  -1.93362670
  -1.04637763  -1.94234640
  -1.04790164  -1.94327597
  -1.05922118  -1.95138013
  -1.06578300  -1.95600370
  -1.07225907  -1.96082709
  -1.08489328  -1.96850010
  -1.08572178  -1.96927539
  -1.09802740  -1.97862344
  -1.10269618  -1.98205720
  -1.11079077  -1.98788851
  -1.12082170  -1.99450749
  -1.12410128  -1.99685318
  -1.13687179  -2.00514105
  -1.13949078  -2.00728902
  -1.14972552  -2.01488894
  -1.15849602  -2.02070468
  -1.16267730  -2.02371936
  -1.17575036  -2.03234440
  -1.17661261  -2.03309768
  -1.18842733  -2.04154866
  -1.19488244  -2.04639083
  -1.20138421  -2.05118533
  -1.21403783  -2.05892992
  -1.21488651  -2.05966235
  -1.22754572  -2.06847207
  -1.23227946  -2.07187358
  -1.24006927  -2.07786639
  -1.24975220  -2.08512985
  -1.25286620  -2.08695836
  -1.26589087  -2.09562228
  -1.26978043  -2.09823740
  -1.27882885  -2.10527879
  -1.28828173  -2.11128067
  -1.29155830  -2.11361646
  -1.30452051  -2.12238195
  -1.30621829  -2.12388901
  -1.31741899  -2.13215423
  -1.32465248  -2.13697796
  -1.33049001  -2.14157698
  -1.34305579  -2.14934252
  -1.34388858  -2.15011184
  -1.35631239  -2.15933339
  -1.36113715  -2.16258295
  -1.36923552  -2.16819576
  -1.37974111  -2.17542848
  -1.38209246  -2.17714035
  -1.39486060  -2.18624786
  -1.39749210  -2.18835409
  -1.40808667  -2.19548469
  -1.41658438  -2.20159564
  -1.42054568  -2.20424807
  -1.43384009  -2.21332668
  -1.43470154  -2.21405738
  -1.44665249  -2.22234087
  -1.45304415  -2.22724534
  -1.45945828  -2.23222460
  -1.47166220  -2.24012691
  -1.47253712  -2.24082515
  -1.48554585  -2.24959003
  -1.49020685  -2.25304062
  -1.49818575  -2.25886855
  -1.50883405  -2.26587677
  -1.51121524  -2.26754317
  -1.52391176  -2.27607852
  -1.52807902  -2.27897835
  -1.53740976  -2.28645076
  -1.54515094  -2.29170676
  -1.54979568  -2.29441678
  -1.56284426  -2.30390815
  -1.56439640  -2.30480865
  -1.57602540  -2.31315617
  -1.58252766  -2.31723837
  -1.58867726  -2.32164716
  -1.60078854  -2.33053239
  -1.60166355  -2.33123068
  -1.61472891  -2.33990439
  -1.62010476  -2.34349416
  -1.62710083  -2.34877178
  -1.63778296  -2.35653243
  -1.64040378  -2.35867658
  -1.65314950  -2.36622041
  -1.65726751  -2.36929347
  -1.66601080  -2.37595302
  -1.67549440  -2.38261495
  -1.67878291  -2.38508988
  -1.69177066  -2.39379630
  -1.69415368  -2.39546342
  -1.70455569  -2.40286660
  -1.71197338  -2.40832333
  -1.71766100  -2.41228664
  -1.73032820  -2.42005656
  -1.73276255  -2.42164823
  -1.74382682  -2.43041855
  -1.74848693  -2.43386832
  -1.75627531  -2.43917618
  -1.76696110  -2.44687707
  -1.76936538  -2.44857581
  -1.78221843  -2.45670368
  -1.78635808  -2.45980552
  -1.79530580  -2.46616267
  -1.80479986  -2.47290931
  -1.80811091  -2.47521811
  -1.82119250  -2.48383978
  -1.82353910  -2.48556482
  -1.83376071  -2.49327026
  -1.84061622  -2.49823565
  -1.84743663  -2.50261856
  -1.85965056  -2.51005773
  -1.86134378  -2.51157379
  -1.87267015  -2.52045093
  -1.87903679  -2.52461148
  -1.88559754  -2.52932096
  -1.89760806  -2.53750664
  -1.89846374  -2.53824934
  -1.91132975  -2.54732459
  -1.91620132  -2.55041845
  -1.92447092  -2.55659191
  -1.93327870  -2.56315032
  -1.93745312  -2.56616210
  -1.95042349  -2.57501196
  -1.95192623  -2.57596223
  -1.96283233  -2.58310885
  -1.97186511  -2.58921852
  -1.97595100  -2.59236167
  -1.98823531  -2.60182211
  -1.98910149  -2.60254378
  -2.00184019  -2.61088344
  -2.00747158  -2.61492675
  -2.01479771  -2.62052209
  -2.02612152  -2.62774816
  -2.02763952  -2.62868503
  -2.04027081  -2.63720952
  -2.04530775  -2.64098246
  -2.05367838  -2.64698414
  -2.06400066  -2.65370584
  -2.06642236  -2.65530630
  -2.07920686  -2.66429176
  -2.08247769  -2.66673838
  -2.09226870  -2.67386920
  -2.10037767  -2.67946784
  -2.10538578  -2.68324771
  -2.11802792  -2.69092910
  -2.12041186  -2.69259678
  -2.13095639  -2.70058767
  -2.13666239  -2.70537153
  -2.14380836  -2.71046156
  -2.15550109  -2.71791813
  -2.15704547  -2.71882872
  -2.16992764  -2.72778789
  -2.17465840  -2.73116313
  -2.18268125  -2.73688837
  -2.19249180  -2.74397382
  -2.19580585  -2.74628693
  -2.20873226  -2.75515531
  -2.21178052  -2.75703829
  -2.22128051  -2.76379113
  -2.22957827  -2.76991869
  -2.23458415  -2.77369786
  -2.24724633  -2.78137325
  -2.24966903  -2.78298862
  -2.26058484  -2.79130075
  -2.26744127  -2.79587470
  -2.27292555  -2.80015321
  -2.28432894  -2.80890781
  -2.28593550  -2.80979586
  -2.29918024  -2.81815289
  -2.30398606  -2.82147676
  -2.31186575  -2.82737687
  -2.32291243  -2.83505267
  -2.32470006  -2.83644999
  -2.33792343  -2.84486824
  -2.34112709  -2.84734467
  -2.35049652  -2.85425162
  -2.35957303  -2.86042397
  -2.36397787  -2.86392953
  -2.37664568  -2.87238981
  -2.37750469  -2.87312737
  -2.38958931  -2.88207789
  -2.39582558  -2.88640687
  -2.40242272  -2.89102856
  -2.41499488  -2.89857719
  -2.41586573  -2.89930588
  -2.42817470  -2.90815401
  -2.43309967  -2.91208899
  -2.44112487  -2.91781567
  -2.45213228  -2.92546286
  -2.45390113  -2.92693951
  -2.46699357  -2.93555810
  -2.47095145  -2.93810003
  -2.47971757  -2.94392520
  -2.48886573  -2.95081387
  -2.49302437  -2.95387473
  -2.50548667  -2.96176808
  -2.50802834  -2.96404334
  -2.51864856  -2.97278093
  -2.52281918  -2.97668444
  -2.53161847  -2.98566332
  -2.53545493  -2.98987447
  -2.54465287  -3.00094792
  -2.54553370  -3.00251735
  -2.55424431  -3.01554292
  -2.55728816  -3.01892719
  -2.56473716  -3.02847502
  -2.57042893  -3.03653790
  -2.57363872  -3.04138524
  -2.58315400  -3.05281538
  -2.58455262  -3.05456713
  -2.59271814  -3.06745889
  -2.59586364  -3.07158128
  -2.60255529  -3.08030273
  -2.60930470  -3.08897008
  -2.61242972  -3.09307173
  -2.62194810  -3.10450365
  -2.62334682  -3.10625549
  -2.63046496  -3.11869997
  -2.63525638  -3.12441096
  -2.64148541  -3.13187253
  -2.64818786  -3.14137179
  -2.65011235  -3.14442103
  -2.65995371  -3.15780505
  -2.66087666  -3.15933818
  -2.66898002  -3.17062868
  -2.67421758  -3.17841369
  -2.67813529  -3.18334665
  -2.68671331  -3.19409049
  -2.68830244  -3.19653160
  -2.69761264  -3.20976817
  -2.69949179  -3.21277890
  -2.70618860  -3.22229619
  -2.71247172  -3.22971581
  -2.71720806  -3.23544601
  -2.72561403  -3.24733119
  -2.72633671  -3.24819807
  -2.73472739  -3.26086979
  -2.73861430  -3.26587437
  -2.74419037  -3.27398199
  -2.75165445  -3.28352649
  -2.75404740  -3.28685118
  -2.76304337  -3.30025189
  -2.76403752  -3.30176614
  -2.77378304  -3.31299787
  -2.77725721  -3.31848294
  -2.78219314  -3.32567185
  -2.79023902  -3.33540741
  -2.79259264  -3.33869762
  -2.80075049  -3.35156237
  -2.80321382  -3.35475247
  -2.81068671  -3.36434138
  -2.81609392  -3.37177598
  -2.82069244  -3.37761490
  -2.82891978  -3.38882064
  -2.83040755  -3.39053371
  -2.83947472  -3.40333603
  -2.84197533  -3.40731495
  -2.84898843  -3.41639444
  -2.85483952  -3.42514830
  -2.85735059  -3.42911573
  -2.86711588  -3.44199909
  -2.86785442  -3.44285857
  -2.87684510  -3.45484506
  -2.88098147  -3.45968831
  -2.88725860  -3.46790779
  -2.89347784  -3.47615560
  -2.89671539  -3.48101739
  -2.90523261  -3.49370222
  -2.90666155  -3.49538321
  -2.91476603  -3.50667644
  -2.91961833  -3.51314020
  -2.92495785  -3.51983277
  -2.93223742  -3.53038742
  -2.93395867  -3.53269785
  -2.94383954  -3.54550136
  -2.94524745  -3.54725352
  -2.95311486  -3.55875663
  -2.95827395  -3.56578269
  -2.96247580  -3.57132387
  -2.97124769  -3.58273059
  -2.97269383  -3.58446502
  -2.98177206  -3.59724979
  -2.98446832  -3.60112999
  -2.99081307  -3.61007529
  -2.99685061  -3.61685793
  -3.00153906  -3.62344075
  -3.00983163  -3.63544157
  -3.01059115  -3.63628929
  -3.01987392  -3.64893118
  -3.02289482  -3.65311170
  -3.02912061  -3.66219923
  -3.03556012  -3.67038073
  -3.03906875  -3.67494252
  -3.04809638  -3.68777811
  -3.04882885  -3.68864108
  -3.05767564  -3.70080217
  -3.06173852  -3.70644220
  -3.06596635  -3.71360057
  -3.07415044  -3.72649492
  -3.07481273  -3.72738174
  -3.08193533  -3.73959899
  -3.08762281  -3.74765976
  -3.09016704  -3.75244702
  -3.09611821  -3.76526341
  -3.10101685  -3.77652300
  -3.10162955  -3.77830769
  -3.10436269  -3.79129421
  -3.10512447  -3.80419977
  -3.10519753  -3.81713876
  -3.10561334  -3.83003487
  -3.10643504  -3.84295788
  -3.10719991  -3.85589054
  -3.10721388  -3.86881311
  -3.10769006  -3.88175225
  -3.10845435  -3.89466124
  -3.10800769  -3.90758650
  -3.10695893  -3.92043592
  -3.10111274  -3.93223299
  -3.09945814  -3.93386753
  -3.08779193  -3.94474386
  -3.08612628  -3.94630345
  -3.07469864  -3.95583660
  -3.07138942  -3.95895833
  -3.06178366  -3.96632841
  -3.05459317  -3.97207625
  -3.04886235  -3.97682037
  -3.03910221  -3.98481176
  -3.03593867  -3.98731226
  -3.02341931  -3.99751465
  -3.02256344  -3.99825722
  -3.01030872  -4.00695765
  -3.00536132  -4.01084218
  -2.99718054  -4.01797980
  -2.99016958  -4.02393767
  -2.98466149  -4.02814855
  -2.97310377  -4.03673373
  -2.97136463  -4.03816169
  -2.95904943  -4.04767026
  -2.95578821  -4.05029646
  -2.94552326  -4.05833786
  -2.94076959  -4.06249407
  -2.93278792  -4.06905938
  -2.92410584  -4.07577431
  -2.92006890  -4.07900265
  -2.90894092  -4.08787511
  -2.90654386  -4.08958829
  -2.89402534  -4.10049739
  -2.89317093  -4.10130501
  -2.88130544  -4.10892667
  -2.87459478  -4.11421613
  -2.86778518  -4.11946037
  -2.85983520  -4.12680979
  -2.85508746  -4.13016687
  -2.84302539  -4.13991702
  -2.84216960  -4.14065964
  -2.82910109  -4.15085213
  -2.82723148  -4.15229369
  -2.81632797  -4.16082959
  -2.80996114  -4.16578454
  -2.80341276  -4.17132484
  -2.79442688  -4.17844460
  -2.79028981  -4.18159088
  -2.77830031  -4.19085324
  -2.77648068  -4.19226060
  -2.76466313  -4.20119888
  -2.76069450  -4.20450748
  -2.75174381  -4.21168261
  -2.74390648  -4.21762613
  -2.73902323  -4.22161270
  -2.72907223  -4.23016336
  -2.72590923  -4.23266410
  -2.71372030  -4.24144969
  -2.71107110  -4.24383175
  -2.70026871  -4.25230138
  -2.69469931  -4.25639381
  -2.68735759  -4.26276109
  -2.67786924  -4.26950280
  -2.67467515  -4.27196941
  -2.66176000  -4.28168253
  -2.66087655  -4.28238829
  -2.64880818  -4.29284759
  -2.64553659  -4.29535678
  -2.63567415  -4.30236808
  -2.62912235  -4.30783780
  -2.62277205  -4.31281252
  -2.61290942  -4.32069435
  -2.60965267  -4.32307751
  -2.59691864  -4.33304982
  -2.59607583  -4.33375975
  -2.58382073  -4.34325206
  -2.57913808  -4.34671469
  -2.57136289  -4.35197468
  -2.56043956  -4.35950654
  -2.55796739  -4.36103356
  -2.54521808  -4.36779568
  -2.53538294  -4.37249045
  -2.53209664  -4.37396443
  -2.51903146  -4.38008137
  -2.50788651  -4.38524384
  -2.50627135  -4.38605056
  -2.49318820  -4.39136885
  -2.48047953  -4.39726347
  -2.47878143  -4.39811501
  -2.46764759  -4.40254293
  -2.45442298  -4.40751221
  -2.44807001  -4.41093195
  -2.44167152  -4.41427227
  -2.42888623  -4.41949127
  -2.41760736  -4.42430271
  -2.41599248  -4.42510994
  -2.40288325  -4.43122611
  -2.39085072  -4.43706931
  -2.38995974  -4.43768153
  -2.37689280  -4.44299016
  -2.36440755  -4.44826808
  -2.36169455  -4.44983080
  -2.35104851  -4.45427923
  -2.33813044  -4.45993204
  -2.33250856  -4.46242897
  -2.32520932  -4.46557825
  -2.31263774  -4.47111618
  -2.30351788  -4.47551481
  -2.29951321  -4.47720281
  -2.28658978  -4.48285017
  -2.27440842  -4.48836274
  -2.27352049  -4.48896531
  -2.26072630  -4.49415092
  -2.24773336  -4.49947883
  -2.24524768  -4.50104538
  -2.23475686  -4.50590484
  -2.22186195  -4.51156966
  -2.21705244  -4.51410275
  -2.20904066  -4.51754537
  -2.19600136  -4.52285098
  -2.18574574  -4.52736859
  -2.18344931  -4.52842737
  -2.17031782  -4.53447007
  -2.15781702  -4.54034768
  -2.15673274  -4.54081327
  -2.14430993  -4.54543202
  -2.13146749  -4.55109811
  -2.12822555  -4.55282855
  -2.11861686  -4.55706537
  -2.10571975  -4.56270247
  -2.09992764  -4.56568504
  -2.09247929  -4.56929694
  -2.07987908  -4.57399661
  -2.06879835  -4.57928576
  -2.06718365  -4.58009320
  -2.05537260  -4.58920138
  -2.05366246  -4.59224503
         
