# shadow point cont 3D ind 334  size 1143
# norm -0.8686315 -0.4954587  0.0000000
# angle  2.6232299
   0.97740022712602   -1.71356501277267   -4.59023470554737
   0.97899920096386   -1.71636831233084   -4.58700543061573
   0.98479957722022   -1.72653745444679   -4.57779798460774
   0.98556866662385   -1.72788581170842   -4.57689803369756
   0.99187441561438   -1.73894096654634   -4.57168799974757
   0.99821171443052   -1.75005143411678   -4.56727905109218
   1.00218729183889   -1.75702136328550   -4.56397239159114
   1.00460558004285   -1.76126107383814   -4.56164847896237
   1.01107428561970   -1.77260192198488   -4.55634065272243
   1.01692384699612   -1.78285729479584   -4.55104220449207
   1.01733562545864   -1.78357921929187   -4.55027910707323
   1.02392714420477   -1.79513538184527   -4.54537380842190
   1.03016841631414   -1.80607749667705   -4.54062178954855
   1.03259496047750   -1.81033168146736   -4.53819082918106
   1.03667002036097   -1.81747602198158   -4.53456888396842
   1.04306777176050   -1.82869247421310   -4.52895210502392
   1.04698790680892   -1.83556520257748   -4.52543049021368
   1.04938743009163   -1.83977201472104   -4.52301074405128
   1.05586961621308   -1.85113649677837   -4.51841355905663
   1.06219754695440   -1.86223054036525   -4.51326848230240
   1.06263848653298   -1.86300358974014   -4.51267034283606
   1.06853532888604   -1.87334185492733   -4.50748495168279
   1.07512276168912   -1.88489085405999   -4.50184761472985
   1.07748477443070   -1.88903190322427   -4.50001833751582
   1.08146384125225   -1.89600794998552   -4.49669584796238
   1.08786322486560   -1.90722726379250   -4.49105522317366
   1.09264651081153   -1.91561325677221   -4.48695181149770
   1.09426268389108   -1.91844670981104   -4.48541373374587
   1.10066181997107   -1.92966558964584   -4.48054603979091
   1.10698257179750   -1.94074704725512   -4.47473742915572
   1.10779752250187   -1.94217580793613   -4.47382619278118
   1.11346070840852   -1.95210442976489   -4.46847734435763
   1.11979442822324   -1.96320862267788   -4.46406628027170
   1.12296488698845   -1.96876702860385   -4.46081460055311
   1.12618481856865   -1.97441216960772   -4.45767701151796
   1.13265855755747   -1.98576184226504   -4.45310260839853
   1.13784322996879   -1.99485154063031   -4.44828830614411
   1.13906745738403   -1.99699783976982   -4.44676165742817
   1.14538617739197   -2.00807573522208   -4.44153216255191
   1.15169495779409   -2.01913620469028   -4.43656780994964
   1.15375094351853   -2.02274073137892   -4.43481979976994
   1.15819134022396   -2.03052557552575   -4.43100856624060
   1.16465859906013   -2.04186388726606   -4.42493891721761
   1.16818620186493   -2.04804843334811   -4.42217604449854
   1.17098612743174   -2.05295722542375   -4.41975723307899
   1.17745565610705   -2.06429951661570   -4.41443061508521
   1.18373034595260   -2.07530021897583   -4.40981775716834
   1.18415556214380   -2.07604570231815   -4.40913126491867
   1.19018327019410   -2.08661339949639   -4.40287280151304
   1.19658339802585   -2.09783401805712   -4.39722872810318
   1.19740535372319   -2.09927505979819   -4.39642623615117
   1.20305445020460   -2.10917898023495   -4.39185457104667
   1.20945485666009   -2.12040008727510   -4.38701853175597
   1.21302443169991   -2.12665821851852   -4.38368505616965
   1.21586398077008   -2.13163647799059   -4.38062016614566
   1.22218956004479   -2.14272639901765   -4.37618422085802
   1.22742498170915   -2.15190507029497   -4.37078418608593
   1.22858525867417   -2.15393925236000   -4.36981666924919
   1.23490114645572   -2.16501218239080   -4.36309683361968
   1.23904022058364   -2.17226875182269   -4.35795654547665
   1.24147502220975   -2.17653741348631   -4.35484813356999
   1.24762793374932   -2.18732461574827   -4.34625402503273
   1.24842758002254   -2.18872654490517   -4.34463946921088
   1.25409740551610   -2.19866680716894   -4.33657270641254
   1.25728582876269   -2.20425670818352   -4.33178755215924
   1.26050752555319   -2.20990494393051   -4.32619197296011
   1.26466116925009   -2.21718705653596   -4.31930268414875
   1.26709275706596   -2.22145008379043   -4.31535129049269
   1.27322432132706   -2.23219986028914   -4.30670719758947
   1.27362415578113   -2.23290084470922   -4.30589992553786
   1.27986741332797   -2.24384644038342   -4.29675521499231
   1.28218080563533   -2.24790224885235   -4.29327961374935
   1.28609704752674   -2.25476815178589   -4.28741677435178
   1.29058134062542   -2.26262995450259   -4.28037193419869
   1.29259164847652   -2.26615439935429   -4.27717177704748
   1.29889151140036   -2.27719923481878   -4.26802492397855
   1.29964361746185   -2.27851781711197   -4.26708896395432
   1.30538594927085   -2.28858519647874   -4.25779224453295
   1.30737267895928   -2.29206830441083   -4.25453586683477
   1.31169411444585   -2.29964458733897   -4.24788287983599
   1.31609366622356   -2.30735782270453   -4.24142722279906
   1.31819038003715   -2.31103375333464   -4.23763783586498
   1.32431125919904   -2.32176479686023   -4.22981671796048
   1.32511057479708   -2.32316614628184   -4.22820138151897
   1.33081443731792   -2.33316608180684   -4.21859454400712
   1.33283890798436   -2.33671535671708   -4.21540660775498
   1.33727920296288   -2.34450002251765   -4.20907142309394
   1.34134381610117   -2.35162604793787   -4.20283873839195
   1.34360459376918   -2.35558961312442   -4.19929823143698
   1.34995208788728   -2.36671795496197   -4.19016821936021
   1.35036073391798   -2.36743438772041   -4.18938603033492
   1.35656122303519   -2.37830500235548   -4.18026542607235
   1.35855121129976   -2.38179382317970   -4.17703052366498
   1.36289780598586   -2.38941421488015   -4.16964368605141
   1.36653410674969   -2.39578932877094   -4.16405300294629
   1.36945643431510   -2.40091271439433   -4.15958408549184
   1.37527613827561   -2.41111574158284   -4.15102464050486
   1.37569239940394   -2.41184552502864   -4.15025722741533
   1.38210385901258   -2.42308601030915   -4.14058199861412
   1.38366458518615   -2.42582225457361   -4.13807954953586
   1.38839098049072   -2.43410850764136   -4.13063402798616
   1.39205820372907   -2.44053783440112   -4.12510971775801
   1.39496560383893   -2.44563504940897   -4.12058293783355
   1.40043130517839   -2.45521744393441   -4.11214951471125
   1.40127903035439   -2.45670366438098   -4.11066461200425
   1.40769940604657   -2.46795978121995   -4.10182626747356
   1.40927929599301   -2.47072962315483   -4.09936822211928
   1.41398367407980   -2.47897727593069   -4.09265463000043
   1.41767551779651   -2.48544976698399   -4.08646595452586
   1.42058951813210   -2.49055855341938   -4.08109413616797
   1.42635914603684   -2.50067378793630   -4.07322247630359
   1.42678302335788   -2.50141692398936   -4.07248003152484
   1.43341109235953   -2.51303716596216   -4.06190152162657
   1.43422298809988   -2.51446057072110   -4.06100519264468
   1.43968881247100   -2.52404318094398   -4.05260091559928
   1.44292047148241   -2.52970888232349   -4.04783298842602
   1.44616366663549   -2.53539480871238   -4.04311765174971
   1.45166934405554   -2.54504728876792   -4.03480500160456
   1.45249741140551   -2.54649904537667   -4.03325724514966
   1.45892466453187   -2.55776721964131   -4.02363611386808
   1.46004732267254   -2.55973544888638   -4.02182996350758
   1.46519252199850   -2.56875594356605   -4.01362305585328
   1.46803842845197   -2.57374534871754   -4.00887356318498
   1.47177153742734   -2.58029018547072   -4.00278527717952
   1.47596742940862   -2.58764636720360   -3.99592421550421
   1.47786878126458   -2.59097979186111   -3.99172192697997
   1.48096383486090   -2.59640599845295   -3.98298534413581
   1.48329167363958   -2.60048713428228   -3.97021432726777
   1.48372744025213   -2.60125111448229   -3.95738619741250
   1.48345429078368   -2.60077223248552   -3.94448254947419
   1.48365272723072   -2.60112012861189   -3.93147103858416
   1.48346754374559   -2.60079546740119   -3.91859174286832
   1.48343317664028   -2.60073521545156   -3.90568781318415
   1.48305349903320   -2.60006956974618   -3.89272941936560
   1.48301892572530   -2.60000895628494   -3.87982491273182
   1.48286462447801   -2.59973843740081   -3.86686819854927
   1.48263290192427   -2.59933218451715   -3.85393712510535
   1.48239706274812   -2.59891871442612   -3.84100600142000
   1.48196120792517   -2.59815457957682   -3.82808163399399
   1.48109954640377   -2.59664392611578   -3.81518258292602
   1.47966434751290   -2.59412775460537   -3.80245544925694
   1.47793497204303   -2.59109583664907   -3.78959861996923
   1.47756022963487   -2.59043884326846   -3.78877029516671
   1.47483705466364   -2.58566460931101   -3.77665563746183
   1.47129774691989   -2.57945954228648   -3.76448657501846
   1.47096343498420   -2.57887343106975   -3.76360245151283
   1.46731648527740   -2.57247964759448   -3.75080384875706
   1.46495309697356   -2.56833618681285   -3.74508199135033
   1.46214705064207   -2.56341666389439   -3.73771769388463
   1.45860170463873   -2.55720101067384   -3.72554772418740
   1.45824337349407   -2.55657278930103   -3.72468023684139
   1.45381599947080   -2.54881077634647   -3.71177537642848
   1.45211456328820   -2.54582784117513   -3.70709840748822
   1.44917601100277   -2.54067601058950   -3.69918718690354
   1.44555116138650   -2.53432097269753   -3.68862593684979
   1.44475688973348   -2.53292846625290   -3.68619101437279
   1.44015282184883   -2.52485667598255   -3.67301381169903
   1.43932483506853   -2.52340506062746   -3.67062713188354
   1.43567999720449   -2.51701497960668   -3.66011964305069
   1.43301324860871   -2.51233967161640   -3.65188045901295
   1.43105637532402   -2.50890890753224   -3.64695003284674
   1.42670949012467   -2.50128800650786   -3.63442482636779
   1.42637199617553   -2.50069631662768   -3.63354457114229
   1.42252168721230   -2.49394600642246   -3.62127530008579
   1.42005069329382   -2.48961389291566   -3.61490997974185
   1.41789023472703   -2.48582620583635   -3.60861753317125
   1.41356108020603   -2.47823639000022   -3.59636714336062
   1.41321432721558   -2.47762846729261   -3.59549066397329
   1.40918306031469   -2.47056090405004   -3.58262811248579
   1.40719228010971   -2.46707069480647   -3.57692324353384
   1.40477653970252   -2.46283545101707   -3.56968255035105
   1.40080714525807   -2.45587636173804   -3.55913563060741
   1.39998537028859   -2.45443563684665   -3.55669237719181
   1.39562995417944   -2.44679977954523   -3.54375781339903
   1.39433723464415   -2.44453340093643   -3.53979585735132
   1.39091902505779   -2.43854064158263   -3.53063563073380
   1.38804341051627   -2.43349915260829   -3.52102784865235
   1.38688061185945   -2.43146054954691   -3.51774210802739
   1.38279257049331   -2.42429345007080   -3.50494572248993
   1.38154209973867   -2.42210114145946   -3.50180130685047
   1.37753025213418   -2.41506762386776   -3.49205528479505
   1.37510545234519   -2.41081649729128   -3.48481874781070
   1.37313585886594   -2.40736343233206   -3.47908741908411
   1.36910840791450   -2.40030255916106   -3.46620441125217
   1.36875023467942   -2.39967461463320   -3.46533722713250
   1.36444196357212   -2.39212141131882   -3.45307533535042
   1.36246762605885   -2.38866002918257   -3.44737605133770
   1.36027970787593   -2.38482420027132   -3.44037664640244
   1.35584515289143   -2.37704959775154   -3.42822820095524
   1.35551104283223   -2.37646384046197   -3.42734448709689
   1.35161629283076   -2.36963561682257   -3.41428377366483
   1.34969510165410   -2.36626741013323   -3.40929937742435
   1.34648955838131   -2.36064749451756   -3.40121757848582
   1.34307410402005   -2.35465956558758   -3.39186525703379
   1.34188630065695   -2.35257712460938   -3.38855420267196
   1.33772954439056   -2.34528955508871   -3.37530684174375
   1.33688313316155   -2.34380563823644   -3.37292027141739
   1.33344470292715   -2.33777742831280   -3.36275008822323
   1.33033912449237   -2.33233276971485   -3.35454240744109
   1.32863657770732   -2.32934788745014   -3.34982038409542
   1.32448852679092   -2.32207558003268   -3.33709093226344
   1.32367856992300   -2.32065557447897   -3.33467850307342
   1.31959540845087   -2.31349703036781   -3.32373841055389
   1.31745037526171   -2.30973638685436   -3.31666179855281
   1.31567252153292   -2.30661947746256   -3.31123593115847
   1.31126070094682   -2.29888473258614   -3.29834265971266
   1.31089218093000   -2.29823864821886   -3.29748610464854
   1.30645961927610   -2.29046754037962   -3.28536230878315
   1.30448510173745   -2.28700584262529   -3.27967859825761
   1.30206270593134   -2.28275893067945   -3.27238063145350
   1.29836617918542   -2.27627822940194   -3.26068730776385
   1.29791438250931   -2.27548614550879   -3.25914204287352
   1.29321435029103   -2.26724611185151   -3.24604763121929
   1.29191612543187   -2.26497008138248   -3.24215303946703
   1.28894610794535   -2.25976308642691   -3.23352197225760
   1.28533404917573   -2.25343047327631   -3.22382005038649
   1.28418990252671   -2.25142457066566   -3.22048396815580
   1.28036336061690   -2.24471592854078   -3.20736683442534
   1.27912657554654   -2.24254761348818   -3.20410391542106
   1.27533723932624   -2.23590419988082   -3.19470608843724
   1.27245123179086   -2.23084449004857   -3.18591849091965
   1.27097000201895   -2.22824761781284   -3.18170309498280
   1.26672629653897   -2.22080761009319   -3.16854204639613
   1.26635023670450   -2.22014830701838   -3.16769467551151
   1.26212819695705   -2.21274628337138   -3.15590103199481
   1.25970317342347   -2.20849476452888   -3.14866580176924
   1.25771553435915   -2.20501006229114   -3.14298754802216
   1.25356845638510   -2.19773946062322   -3.13028456848750
   1.25320003058744   -2.19709354143970   -3.12942818481207
   1.24850907153715   -2.18886941473925   -3.11712197104109
   1.24679609666687   -2.18586625009492   -3.11162514691056
   1.24436862106987   -2.18161043232761   -3.10436405221814
   1.24051740497580   -2.17485853175272   -3.09368254453074
   1.23969159789612   -2.17341073781963   -3.09128065499089
   1.23506827496700   -2.16530518986269   -3.07809561560846
   1.23424823553989   -2.16386750770098   -3.07569934865812
   1.23090362994449   -2.15800378988024   -3.06538726682959
   1.22768381677688   -2.15235885647572   -3.05574287490433
   1.22646290516444   -2.15021837055735   -3.05252717477136
   1.22222782554723   -2.14279348558502   -3.03983430069545
   1.22111297154492   -2.14083893845101   -3.03650486035697
   1.21745743838859   -2.13443010658678   -3.02634014213822
   1.21499106047378   -2.13010608579590   -3.01999752127678
   1.21262845197130   -2.12596399215158   -3.01350968794937
   1.20910835705562   -2.11979260880038   -3.00102957732838
   1.20827532739347   -2.11833215233225   -2.99865464357840
   1.20403081549820   -2.11089073081609   -2.98791105845536
   1.20204918072199   -2.10741655521600   -2.98221595320832
   1.19966103008042   -2.10322968143486   -2.97492219798361
   1.19571639275578   -2.09631399600736   -2.96272505190712
   1.19534805684598   -2.09566823441404   -2.96186883015938
   1.19047355260216   -2.08712231873384   -2.94905369108329
   1.18929555057088   -2.08505706131958   -2.94658714839347
   1.18446653261982   -2.07659089159981   -2.93613366643426
   1.18278842824080   -2.07364886143461   -2.93311598265414
   1.17647241211511   -2.06257570639258   -2.92399154751159
   1.17603673500612   -2.06181188310903   -2.92330237658937
   1.16983401608466   -2.05093735921093   -2.91403139613771
   1.16720288813416   -2.04632450085979   -2.91043044039528
   1.16379858146323   -2.04035611591148   -2.90589732812364
   1.15919761752243   -2.03228976743399   -2.89750498509855
   1.15717232748879   -2.02873905602014   -2.89433819582459
   1.15082094861464   -2.01760390348020   -2.88530839744329
   1.15007619343307   -2.01629820865141   -2.88435791454346
   1.14444994617521   -2.00643434716795   -2.87552912381923
   1.14199337563365   -2.00212752053276   -2.87163441812356
   1.13803948755841   -1.99519561681296   -2.86585447021722
   1.13283118162760   -1.98606448447723   -2.85859973255787
   1.13165463276268   -1.98400177473481   -2.85691951806105
   1.12528286692220   -1.97283088003804   -2.84711684222594
   1.12441725441852   -1.97131329976769   -2.84570524546146
   1.11863133894301   -1.96116951009941   -2.83636927973482
   1.11638010363835   -1.95722267445672   -2.83286022595204
   1.11251988495848   -1.95045499066876   -2.82761500096138
   1.10721831461070   -1.94116034840391   -2.81982612206657
   1.10594548847615   -1.93892884663936   -2.81759663429375
   1.09956713149680   -1.92774639644604   -2.80870380645247
   1.09836644323029   -1.92564136582743   -2.80703100810066
   1.09314846533035   -1.91649327672472   -2.79899005619665
   1.09030171030817   -1.91150238387390   -2.79423686254181
   1.08683978587812   -1.90543298424050   -2.78905239434809
   1.08160955572211   -1.89626341464625   -2.78105031449705
   1.08035378044521   -1.89406180621739   -2.77876400709099
   1.07420830693330   -1.88328764420610   -2.76986168481649
   1.07288589748890   -1.88096921364553   -2.76784744165892
   1.06753825906844   -1.87159380545148   -2.76021982608778
   1.06437694073158   -1.86605142440231   -2.75526793451851
   1.06130617821140   -1.86066780460043   -2.75086673154033
   1.05558203406193   -1.85063231159523   -2.74232665021441
   1.05474490489388   -1.84916466792816   -2.74080251950751
   1.04853962099635   -1.83828564714831   -2.73132454903567
   1.04690005589918   -1.83541118353689   -2.72902383776688
   1.04200010899303   -1.82682066212120   -2.72206969159379
   1.03868127942712   -1.82100213449079   -2.71671291965778
   1.03543278702355   -1.81530692103317   -2.71119414956355
   1.02965397373367   -1.80517558282179   -2.70336208625135
   1.02923543573744   -1.80444180760162   -2.70260005729607
   1.02282676841661   -1.79320621772279   -2.69205136754777
   1.02195247568293   -1.79167341938922   -2.69069682629170
   1.01626074336965   -1.78169475038197   -2.68281348678919
   1.01284733490768   -1.77571040829528   -2.67753569709470
   1.01007179190517   -1.77084436340542   -2.67336187379187
   1.00436813317530   -1.76084478516403   -2.66479456288213
   1.00353110910161   -1.75937732574699   -2.66327057651660
   0.99726861040437   -1.74839799674510   -2.65397941864683
   0.99561391962256   -1.74549701498556   -2.65170488772555
   0.99079629734903   -1.73705082401531   -2.64532314434362
   0.98706540446230   -1.73050987247911   -2.63920230752087
   0.98432352506652   -1.72570284617457   -2.63501692428267
   0.97874443097562   -1.71592165299311   -2.62607770522251
   0.97788576868244   -1.71441625773890   -2.62463384130027
   0.97162656808695   -1.70344271092491   -2.61690032287449
   0.96873508996636   -1.69837341013582   -2.61318388436653
   0.96506675165099   -1.69194212843793   -2.60855592193019
   0.95887211786395   -1.68108177928943   -2.60141461574225
   0.95765434015894   -1.67894678769568   -2.59985879354163
   0.95235995921902   -1.66966474980459   -2.59291073195841
   0.94829439895150   -1.66253706389007   -2.58747179401879
   0.94593550026843   -1.65840147425155   -2.58491059883650
   0.93945177498423   -1.64703429375466   -2.57712934520761
   0.93778524139414   -1.64411254934195   -2.57486750663847
   0.93313519310579   -1.63596014684246   -2.56956673400208
   0.92680132362070   -1.62485569152939   -2.56210254685403
   0.92603217357477   -1.62350722795050   -2.56120190472472
   0.92041397632992   -1.61365747964224   -2.55393114704630
   0.91594739324287   -1.60582672588119   -2.54853121087542
   0.91388467172903   -1.60221039009662   -2.54549371399137
   0.90762907936871   -1.59124316919231   -2.53765450711684
   0.90557636504363   -1.58764437787729   -2.53546209359285
   0.90107896461242   -1.57975959556041   -2.53017454909717
   0.89517296849446   -1.56940528211499   -2.52259598673109
   0.89473547146471   -1.56863826817067   -2.52192260306279
   0.88834860742702   -1.55744090351638   -2.51461590360971
   0.88471101468244   -1.55106352454220   -2.50989443795857
   0.88193635519898   -1.54619902862613   -2.50658011690628
   0.87570159963075   -1.53526833850718   -2.49969351178266
   0.87329730889880   -1.53105316813535   -2.49641636053217
   0.86922668653398   -1.52391660741951   -2.49092442708272
   0.86423064293823   -1.51515761057219   -2.48435406057214
   0.86256653116337   -1.51224011205356   -2.48216156251014
   0.85637625609150   -1.50138740454624   -2.47579516289437
   0.85274227899633   -1.49501636448027   -2.47104206905940
   0.84989139712011   -1.49001823648412   -2.46716978436032
   0.84365258945828   -1.47908044228885   -2.45931878011239
   0.84277493327745   -1.47754174720470   -2.45799710995375
   0.83714433006364   -1.46767024891750   -2.45166368311291
   0.83154211565115   -1.45784852149728   -2.44522350150750
   0.83076478978490   -1.45648572417950   -2.44434356140109
   0.82440012041518   -1.44532727092040   -2.43619317582675
   0.82154128579812   -1.44031520028532   -2.43230260009090
   0.81794444420761   -1.43400926568971   -2.42825809316243
   0.81173443115997   -1.42312195382711   -2.42001090526963
   0.81131653366008   -1.42238930151657   -2.41925567499747
   0.80539174886543   -1.41200204801431   -2.41296346068721
   0.80006022901989   -1.40265489869034   -2.40605641925628
   0.79883371966401   -1.40050459888302   -2.40453742811915
   0.79238871423434   -1.38920530151751   -2.39667105246289
   0.78920931835210   -1.38363122715743   -2.39328752761658
   0.78601714843300   -1.37803475752669   -2.38935242519357
   0.77995326296796   -1.36740363458852   -2.38057945324537
   0.77951189688609   -1.36662983747376   -2.37996257458122
   0.77300898566024   -1.35522902044045   -2.37300944770514
   0.76908447900392   -1.34834862783154   -2.36793039980355
   0.76675569457851   -1.34426583410701   -2.36528337530833
   0.76039770240612   -1.33311908722101   -2.35791925958663
   0.75801180675095   -1.32893616685189   -2.35466313467293
   0.75401739242031   -1.32193321304286   -2.34969055339017
   0.74787818695727   -1.31117004009107   -2.34214560224436
   0.74744744883746   -1.31041487577731   -2.34143140229090
   0.74126559740441   -1.29957693648096   -2.33427099139647
   0.73714182736086   -1.29234719796522   -2.32902291092787
   0.73467926761003   -1.28802987112840   -2.32603124682511
   0.72836587636177   -1.27696131798638   -2.31851364088064
   0.72639643872994   -1.27350852625677   -2.31596635090904
   0.72198340613404   -1.26577165650098   -2.31034899479603
   0.71598829359673   -1.25526110534039   -2.30302801111925
   0.71554830502423   -1.25448972325665   -2.30238209167958
   0.70894659392759   -1.24291569161058   -2.29412288037190
   0.70560447940328   -1.23705634110237   -2.29019465134713
   0.70298364878622   -1.23246153589856   -2.28703783170505
   0.69632299122155   -1.22078416009270   -2.27829181451280
   0.69554395226592   -1.21941835940952   -2.27741705891029
   0.69000118501445   -1.20970085395734   -2.27077912677918
   0.68472331402777   -1.20044776109557   -2.26458313944524
   0.68349701905435   -1.19829783714072   -2.26306441038663
   0.67713548452236   -1.18714487983721   -2.25567678907324
   0.67429112771742   -1.18215819150882   -2.25179522219278
   0.67065237921615   -1.17577878627745   -2.24704962109453
   0.66439553899313   -1.16480937763694   -2.23927892899185
   0.66359078161572   -1.16339848776049   -2.23849375202004
   0.65797619309284   -1.15355506621534   -2.23218644951114
   0.65283208725105   -1.14453648861749   -2.22553031704985
   0.65171475672971   -1.14257759968342   -2.22445874869120
   0.64524197097246   -1.13122959821896   -2.21584531945595
   0.64281468958403   -1.12697412093551   -2.21267432100957
   0.63888680964367   -1.12008781433013   -2.20836839736038
   0.63241186088926   -1.10873602072794   -2.20061019463144
   0.63197947311999   -1.10797796427081   -2.19990494536456
   0.62613731219715   -1.09773556583615   -2.19295600480453
   0.62095058546867   -1.08864226586948   -2.18645235065422
   0.61973385938816   -1.08650911796975   -2.18489376318774
   0.61342092794244   -1.07544137094741   -2.17670325154971
   0.61118908905498   -1.07152854084407   -2.17399179539990
   0.60669960201281   -1.06365763217509   -2.16869974914421
   0.60059265951841   -1.05295102222863   -2.16112584023366
   0.60012791264112   -1.05213623421588   -2.16058012145521
   0.59396352894889   -1.04132891912923   -2.15319971495595
   0.59037304665459   -1.03503413356673   -2.14835139577537
   0.58762550180567   -1.03021717466549   -2.14490912149861
   0.58131211876113   -1.01914863590613   -2.13749499910965
   0.57960406031772   -1.01615409067565   -2.13528971199178
   0.57478571039499   -1.00770662400055   -2.12976122235095
   0.56887280371421   -0.99734019504876   -2.12217562281557
   0.56843553630856   -0.99657358367836   -2.12150253942817
   0.56203185972363   -0.98534674349098   -2.11425563402930
   0.55869813067193   -0.97950209428126   -2.10989423878171
   0.55551151441896   -0.97391536126373   -2.10580155570969
   0.54956532937640   -0.96349058913291   -2.09879649168815
   0.54733384123088   -0.95957837394566   -2.09614401512724
   0.54277782484158   -0.95159082691462   -2.09028693278968
   0.53724209462372   -0.94188565869569   -2.08360721915226
   0.53645327780704   -0.94050271559721   -2.08276184363793
   0.53014293474971   -0.92943950650280   -2.07535185324814
   0.52688682766091   -0.92373094308081   -2.07059905830098
   0.52366053411859   -0.91807464836998   -2.06662033500058
   0.51725589714967   -0.90684612445023   -2.05858452568787
   0.51646872445590   -0.90546606380607   -2.05773403881994
   0.51087216349158   -0.89565424793561   -2.05127758110309
   0.50562114266276   -0.88644822841168   -2.04502727082262
   0.50441061859628   -0.88432595380005   -2.04344943778121
   0.49810466063122   -0.87327043259077   -2.03589619418864
   0.49485048197853   -0.86756525007720   -2.03198145117731
   0.49164476854849   -0.86194503614413   -2.02805208381553
   0.48540179450256   -0.85099993749993   -2.02029593841903
   0.48452167269091   -0.84945691970479   -2.01893430962005
   0.47889728953798   -0.83959632634518   -2.01172161792704
   0.47381345533449   -0.83068341617790   -2.00555061219610
   0.47255058545438   -0.82846936958555   -2.00419280464270
   0.46616823844203   -0.81727992411969   -1.99709474470463
   0.46368519426172   -0.81292668425495   -1.99327835518996
   0.45967180401219   -0.80589046211858   -1.98840134919196
   0.45326556881925   -0.79465913621384   -1.98126318174388
   0.45283697846183   -0.79390773732840   -1.98054004877918
   0.44711899952120   -0.78388305308493   -1.97328624617475
   0.44288236179610   -0.77645543645866   -1.96741894369410
   0.44045241360096   -0.77219528376533   -1.96436280970873
   0.43425379407944   -0.76132794688043   -1.95723860471429
   0.43183037680943   -0.75707924411775   -1.95413881134355
   0.42769223968265   -0.74982431742374   -1.94885791021129
   0.42233072131251   -0.74042457508746   -1.94220993796227
   0.42120229992388   -0.73844624179312   -1.94116582031123
   0.41499771955557   -0.72756845443128   -1.93416082722461
   0.41067549337954   -0.71999078527694   -1.92825913827352
   0.40859984151166   -0.71635178016851   -1.92588080078490
   0.40191299346885   -0.70462848756649   -1.91726849369132
   0.40114407756619   -0.70328043448444   -1.91635950495670
   0.39578302920806   -0.69388151616694   -1.90999304316070
   0.39013659088092   -0.68398225597071   -1.90283605283126
   0.38926222850223   -0.68244933553646   -1.90149014273191
   0.38291203155699   -0.67131625513851   -1.89411643827832
   0.37943912302884   -0.66522759833116   -1.88974939337962
   0.37667444396384   -0.66038059995132   -1.88623849637722
   0.37023148790627   -0.64908489551759   -1.87905612679621
   0.36857329095219   -0.64617776678368   -1.87695710173703
   0.36376512589203   -0.63774815607349   -1.87064460430074
   0.35824153103928   -0.62806426341446   -1.86371740744794
   0.35744224760961   -0.62666297039000   -1.86291004266718
   0.35087917056720   -0.61515667145136   -1.85476516659630
   0.34815329874275   -0.61037770940691   -1.85128290479479
   0.34458053294863   -0.60411398417570   -1.84711955040555
   0.33815110789890   -0.59284200212403   -1.83924513997204
   0.33772256453333   -0.59209068562408   -1.83852208549083
   0.33189523515270   -0.58187428965095   -1.83137226413364
   0.32732401086397   -0.57386008033391   -1.82562352184019
   0.32530937008702   -0.57032803905454   -1.82321864972515
   0.31898406559353   -0.55923859977023   -1.81580649525371
   0.31659419837876   -0.55504871651591   -1.81252760855412
   0.31266909560187   -0.54816727879638   -1.80746967748870
   0.30656130128207   -0.53745917544102   -1.79950147988098
   0.30612038349153   -0.53668616426462   -1.79891553446008
   0.29960188356683   -0.52525801733286   -1.79216466166512
   0.29534977078605   -0.51780327004585   -1.78689438799788
   0.29345821706659   -0.51448702335028   -1.78491966288680
   0.28702939917994   -0.50321610576881   -1.77691227312666
   0.28422333960373   -0.49829655962988   -1.77369883696211
   0.28074936724230   -0.49220603772423   -1.76946042375201
   0.27469005217497   -0.48158292754625   -1.76058297964108
   0.27423457986137   -0.48078439957460   -1.75997578759002
   0.26791299520587   -0.46970148186053   -1.75258219700638
   0.26392586912255   -0.46271130570928   -1.74758963051854
   0.26144484718028   -0.45836161120521   -1.74464557672581
   0.25507712030448   -0.44719779756733   -1.73732972539400
   0.25304263370422   -0.44363096285581   -1.73497869154523
   0.24864268512675   -0.43591703182622   -1.72947634501487
   0.24281366033441   -0.42569766347994   -1.72136039857670
   0.24234602552255   -0.42487781237891   -1.72082717936698
   0.23582999818634   -0.41345400035625   -1.71338022172588
   0.23238537027465   -0.40741492474763   -1.70894350919355
   0.22961342126006   -0.40255518078936   -1.70540635407754
   0.22301146098134   -0.39098071228058   -1.69725583497677
   0.22221856769857   -0.38959062237626   -1.69642497942681
   0.21661363497546   -0.37976412925020   -1.69004674442586
   0.21113148228177   -0.37015289243045   -1.68330653654170
   0.21026230433708   -0.36862906127657   -1.68189742389717
   0.20385774682523   -0.35740067665990   -1.67370246836293
   0.20066046583732   -0.35179524637164   -1.67047523546649
   0.19747349965120   -0.34620789985600   -1.66656875816239
   0.19129260443484   -0.33537163698597   -1.65836882499027
   0.19036161453618   -0.33373943794066   -1.65725223705840
   0.18464823470124   -0.32372281678781   -1.65049812608426
   0.18024707281355   -0.31600675859896   -1.64489645724186
   0.17825850702483   -0.31252043164038   -1.64242095735508
   0.17201231718357   -0.30156969510681   -1.63473828803325
   0.16924965243825   -0.29672622820531   -1.63130035707392
   0.16553731030088   -0.29021779959491   -1.62680241456164
   0.15944446229019   -0.27953589990889   -1.61910819954278
   0.15900945483640   -0.27877325065588   -1.61841996223043
   0.15273184383449   -0.26776742696346   -1.61150244004522
   0.14861337905485   -0.26054698956550   -1.60635820780526
   0.14628640635171   -0.25646737212823   -1.60369615814908
   0.14020471992708   -0.24580504078568   -1.59632560356992
   0.13759528033670   -0.24123020617758   -1.59284981936623
   0.13346579972651   -0.23399045597273   -1.58762407593875
   0.12747232669281   -0.22348277916798   -1.58038358478500
   0.12703732523465   -0.22272014042641   -1.57969536254711
   0.12071483868647   -0.21163564152617   -1.57222242269472
   0.11708140203410   -0.20526554895729   -1.56747551538715
   0.11431453876448   -0.20041472125912   -1.56416536431014
   0.10799529482890   -0.18933590726393   -1.55597610794236
   0.10673581173878   -0.18712779834650   -1.55439960275822
   0.10146239460804   -0.17788251392544   -1.54816464016896
   0.09619375948912   -0.16864561326358   -1.54201542924360
   0.09497714689258   -0.16651266432243   -1.54046122205752
   0.08874052285042   -0.15557869841995   -1.53413473438752
   0.08423541981659   -0.14768041200313   -1.52907164801481
   0.08217633534674   -0.14407045263545   -1.52680205654289
   0.07585564134141   -0.13298909639737   -1.52162330265238
   0.07024322123099   -0.12314947648397   -1.51606947492506
   0.06943881194418   -0.12173919687530   -1.51528481196916
   0.06310638313184   -0.11063726733041   -1.51006617833053
   0.05670247645844   -0.09941002375501   -1.50460136270611
   0.05507148383038   -0.09655058928184   -1.50305210007191
   0.05025166191548   -0.08810054192973   -1.49912529295353
   0.04385337360348   -0.07688314839044   -1.49356629743460
   0.03991250716764   -0.06997407403475   -1.49000538467736
   0.03757048247532   -0.06586806765127   -1.48817695003044
   0.03119944911237   -0.05469845712430   -1.48247389629784
   0.02553024362125   -0.04475928184053   -1.47692457468654
   0.02470751134054   -0.04331687860388   -1.47626857261922
   0.01830716223725   -0.03209587211285   -1.47160677294273
   0.01218192737513   -0.02135719223182   -1.46653486104084
   0.00921476512692   -0.01615520304189   -1.46381292532249
   0.00560301315991   -0.00982312777353   -1.46073165794226
  -0.00077700528694    0.00136223528242   -1.45505000209795
  -0.00484795104200    0.00849936296172   -1.45128296620188
  -0.00729817343161    0.01279506010176   -1.44910819552744
  -0.01357731348118    0.02380356450009   -1.44458712718008
  -0.01963919743687    0.03443117841881   -1.43847218941138
  -0.02007980309377    0.03520364236666   -1.43784201769120
  -0.02641197092036    0.04630511435482   -1.43260140722313
  -0.03281496885337    0.05753076473872   -1.42716044269104
  -0.03407744473684    0.05974412058143   -1.42574655334850
  -0.03927018455991    0.06884796262515   -1.42168018095430
  -0.04568321206563    0.08009119672185   -1.41618981811082
  -0.04923989987110    0.08632673423829   -1.41280189395144
  -0.05205905365891    0.09126923697395   -1.41038637061038
  -0.05845632316578    0.10248484435771   -1.40485093382472
  -0.06435711007479    0.11283002508767   -1.39924316307612
  -0.06481681706531    0.11363597723830   -1.39882293313446
  -0.07124222181807    0.12490091095906   -1.39425260595562
  -0.07767892093780    0.13618564581301   -1.38958736397891
  -0.08411488551609    0.14746909287875   -1.38799461397757
  -0.09041880538557    0.15852104092609   -1.39025937903630
  -0.09684773433132    0.16979215321489   -1.39483569368506
  -0.10316352075246    0.18086490554199   -1.39925626388533
  -0.10513617191041    0.18432333118264   -1.40091388010691
  -0.10953886504690    0.19204207393640   -1.40494248547557
  -0.11593000716142    0.20324693885781   -1.41059615761397
  -0.11991872922217    0.21023991305537   -1.41388375582888
  -0.12232344385527    0.21445582660502   -1.41555773269953
  -0.12875494853982    0.22573145464466   -1.42100547933235
  -0.13477131485292    0.23627926764085   -1.42645682337674
  -0.13521171386219    0.23705136929685   -1.42708680193798
  -0.14153049326508    0.24812936887955   -1.43168442842488
  -0.14795004747567    0.25938404550797   -1.43696748894333
  -0.15070786179881    0.26421900871415   -1.43954928773646
  -0.15439863722548    0.27068962685564   -1.44324087997933
  -0.16078378797205    0.28188398779085   -1.44812095177308
  -0.16703599937236    0.29284528124126   -1.45199333811792
  -0.16744544326549    0.29356311280145   -1.45275449400429
  -0.17351695925036    0.30420761346495   -1.45892341795610
  -0.17989912648314    0.31539674374367   -1.46379782449432
  -0.18150300738652    0.31820864630356   -1.46532689166924
  -0.18627415961862    0.32657336661837   -1.46949266124767
  -0.19268333463799    0.33780984658750   -1.47447023695882
  -0.19677679650799    0.34498644921851   -1.47786327931575
  -0.19921032081918    0.34925287151069   -1.48011061427565
  -0.20545875441119    0.36020754175810   -1.48482230419377
  -0.21184789021051    0.37140888923452   -1.49050762511444
  -0.21228879064483    0.37218186998221   -1.49111955234061
  -0.21827966100028    0.38268498380627   -1.49603585646360
  -0.22463968411457    0.39383529131245   -1.50096721377963
  -0.22824501486750    0.40015610899412   -1.50417492067871
  -0.23100464170505    0.40499424987633   -1.50667820592554
  -0.23737526554284    0.41616314242925   -1.51316332456067
  -0.24134621911495    0.42312496515004   -1.51727240014779
  -0.24378237654780    0.42739600379592   -1.51972394173868
  -0.25020870890315    0.43866256377713   -1.52667250183457
  -0.25371419262960    0.44480833098669   -1.53019700789758
  -0.25654593218011    0.44977289891331   -1.53345688005075
  -0.26288438658420    0.46088539244508   -1.54063491625048
  -0.26491905495061    0.46445254582658   -1.54310733370873
  -0.26933347656927    0.47219185079852   -1.54798753981017
  -0.27568801291625    0.48333253897761   -1.55519568374525
  -0.27609903079094    0.48405313002122   -1.55596796304308
  -0.28213836885464    0.49464121678348   -1.56400795201911
  -0.28615787375093    0.50168815903681   -1.56872008123371
  -0.28852511138847    0.50583836841884   -1.57128153283257
  -0.29491588545503    0.51704258808348   -1.57854898840561
  -0.29736792648980    0.52134147364790   -1.58159656165810
  -0.30148441977874    0.52855845465474   -1.58680897103779
  -0.30765136448952    0.53937025968486   -1.59240440254592
  -0.30964754857103    0.54286994293253   -1.59483243286571
  -0.31407793277728    0.55063723329964   -1.60046207804595
  -0.32007922679703    0.56115862175261   -1.60766605970850
  -0.32049905397100    0.56189465714195   -1.60840029169471
  -0.32687624220346    0.57307505830386   -1.61568770143367
  -0.33122532953760    0.58069982008153   -1.62061575791527
  -0.33327214776651    0.58428827443956   -1.62306146266742
  -0.33976555257987    0.59567242495757   -1.63069639409852
  -0.34240233404501    0.60029519497500   -1.63347132251987
  -0.34603646144189    0.60666649854792   -1.63768862014789
  -0.35245749628738    0.61792377100566   -1.64550338546881
  -0.35288960199246    0.61868133295164   -1.64620819447779
  -0.35886108218848    0.62915045220736   -1.65292337226763
  -0.36411120580017    0.63835489874220   -1.65903409221660
  -0.36532151950703    0.64047680455417   -1.66061153712465
  -0.37166380912117    0.65159602192496   -1.66810148427899
  -0.37455164707870    0.65665894082884   -1.67180330493049
  -0.37814067964394    0.66295118474572   -1.67587036897423
  -0.38444735612324    0.67400796564456   -1.68332245251509
  -0.38603865893772    0.67679781646711   -1.68507243546164
  -0.39082643900899    0.68519168848728   -1.69073572671706
  -0.39718831961435    0.69634525252199   -1.69743229918236
  -0.39759921898704    0.69706563580947   -1.69819359495443
  -0.40371276780917    0.70778382788140   -1.70575066685540
  -0.40835331051733    0.71591956532476   -1.71096879158340
  -0.40997933126771    0.71877028316845   -1.71267685723095
  -0.41642283469729    0.73006694724749   -1.72056496723908
  -0.41954598659873    0.73554241541227   -1.72395062967960
  -0.42279100929948    0.74123154583330   -1.72800545925599
  -0.42918564583408    0.75244253712527   -1.73446434929649
  -0.43116793040394    0.75591785193490   -1.73684847956268
  -0.43559482694889    0.76367902778084   -1.74237867749497
  -0.44155240923111    0.77412378139990   -1.74974513148452
  -0.44197753940253    0.77486911393348   -1.75046968269407
  -0.44840131009042    0.78613118283356   -1.75784689496614
  -0.45251205525484    0.79333808630533   -1.76212650076008
  -0.45494836815937    0.79760939752206   -1.76522127736304
  -0.46114343018074    0.80847049744526   -1.77229132624207
  -0.46393395328631    0.81336280525156   -1.77560296165065
  -0.46755301149755    0.81970768972964   -1.77967164781956
  -0.47403641368643    0.83107430378013   -1.78733370721050
  -0.47481532850122    0.83243988682125   -1.78820825637097
  -0.48037855045431    0.84219325318289   -1.79480299088604
  -0.48593782495157    0.85193969891773   -1.80146810658105
  -0.48673719707921    0.85334114744628   -1.80227548169797
  -0.49324412742356    0.86474901074442   -1.80986579154158
  -0.49671920626163    0.87084147251011   -1.81415849683205
  -0.49955291521852    0.87580949317365   -1.81758220490755
  -0.50600696650593    0.88712464961603   -1.82446599063984
  -0.50796254254151    0.89055313938039   -1.82700173294361
  -0.51231671099415    0.89818680930708   -1.83214521693920
  -0.51849403020094    0.90901680276495   -1.83950807007317
  -0.51892618758083    0.90977445530649   -1.84021296269391
  -0.52507622800960    0.92055662397537   -1.84669503842093
  -0.53032361726079    0.92975627666593   -1.85299193740794
  -0.53154949966389    0.93190547730804   -1.85451005443284
  -0.53799310295692    0.94320231646633   -1.86164833894072
  -0.54126184739333    0.94893303551721   -1.86540145078067
  -0.54437449218415    0.95439008275611   -1.86968029405691
  -0.55068099587375    0.96544656072236   -1.87662465756155
  -0.55234570259134    0.96836510228662   -1.87875726871773
  -0.55726831472254    0.97699536007189   -1.88471288173686
  -0.56344648448753    0.98782684471701   -1.89120552633536
  -0.56385995343232    0.98855173294397   -1.89195676376428
  -0.57000317624021    0.99932194905105   -1.89942242921271
  -0.57463372021254    1.00744015684443   -1.90470200301914
  -0.57634960324968    1.01044842004801   -1.90689587231794
  -0.58277913190344    1.02172058373689   -1.91399975727330
  -0.58554388678120    1.02656771503063   -1.91733678043848
  -0.58919986911538    1.03297733438747   -1.92199253612411
  -0.59547300916652    1.04397531966876   -1.92885323246941
  -0.59668603013507    1.04610197181574   -1.93042222382014
  -0.60183792398162    1.05513420323941   -1.93629921498000
  -0.60716292711960    1.06446992755880   -1.94307150687799
  -0.60838889754952    1.06661928252833   -1.94458973760604
  -0.61470759977775    1.07769714680945   -1.95133479017324
  -0.61873393067944    1.08475605632420   -1.95605555076771
  -0.62118186005597    1.08904773338436   -1.95911699101019
  -0.62748922131189    1.10010571482442   -1.96588988564770
  -0.63054558441051    1.10546408975290   -1.96940866124003
  -0.63383606233032    1.11123291165636   -1.97420279611515
  -0.64019435609053    1.12238018728209   -1.98077172404915
  -0.64140970500288    1.12451092074901   -1.98232509448423
  -0.64665950406703    1.13371479829145   -1.98853201874187
  -0.65259718001345    1.14412465238865   -1.99530319793056
  -0.65302567545417    1.14487588486741   -1.99599395159968
  -0.65954805906126    1.15631084061920   -2.00355517556914
  -0.66308955945186    1.16251975176291   -2.00776258691236
  -0.66587308657545    1.16739979430710   -2.01107718296124
  -0.67225371587386    1.17858622829985   -2.01838010462823
  -0.67463015437177    1.18275256850727   -2.02091366937169
  -0.67875207717382    1.18997906846391   -2.02610557449728
  -0.68505469509795    1.20102873395808   -2.03286785926868
  -0.68582838221328    1.20238515186638   -2.03375664214860
  -0.69148578162216    1.21230362888458   -2.04086837130104
  -0.69636677827108    1.22086092696261   -2.04622974908081
  -0.69798934438559    1.22370558818488   -2.04858243311371
  -0.70419972298746    1.23459354093227   -2.05571950969950
  -0.70783798601724    1.24097209504149   -2.05959383061629
  -0.71073712567472    1.24605482793466   -2.06323369474883
  -0.71694528540753    1.25693889059047   -2.06952732122121
  -0.71971677173883    1.26179782337859   -2.07281131503639
  -0.72343051972353    1.26830871670174   -2.07810868077800
  -0.72905432402376    1.27816829522454   -2.08529490231798
  -0.72984332749766    1.27955156556795   -2.08614044617643
  -0.73616359422461    1.29063217270730   -2.09289022669452
  -0.74097042006298    1.29905943551176   -2.09846627095424
  -0.74258231688482    1.30188539147273   -2.10011265844498
  -0.74912302099350    1.31335246648303   -2.10761840683001
  -0.75223701046475    1.31881187119767   -2.11111594016878
  -0.75545675743615    1.32445668854787   -2.11512588876006
  -0.76184624299481    1.33565864921771   -2.12237682165865
  -0.76304796395676    1.33776549034415   -2.12399599252903
  -0.76815635432136    1.34672145204482   -2.13000982894205
  -0.77418838125894    1.35729672103850   -2.13712778355100
  -0.77462554127289    1.35806314413120   -2.13780070408469
  -0.78092017571277    1.36909881308750   -2.14459592325419
  -0.78531739847556    1.37680796525523   -2.15020011976398
  -0.78736425278158    1.38039648286316   -2.15257965064046
  -0.79377618165707    1.39163779085602   -2.15970094149078
  -0.79655007931974    1.39650095115808   -2.16304336297642
  -0.80021649782737    1.40292886707470   -2.16766791882634
  -0.80651734470368    1.41397542759149   -2.17441369104471
  -0.80807017943306    1.41669783668148   -2.17617510146351
  -0.81302127199757    1.42537802598171   -2.18297765610190
  -0.81818399133057    1.43442923650353   -2.18875207902467
  -0.81932499127193    1.43642962234837   -2.18977041213136
  -0.82572622059399    1.44765217202721   -2.19702979189414
  -0.83010540725438    1.45532970354131   -2.20193073454155
  -0.83212117957410    1.45886372862634   -2.20430136939184
  -0.83843611831097    1.46993499480471   -2.21168494349534
  -0.84089467834431    1.47424530939028   -2.21486365863114
  -0.84502486191490    1.48148629201590   -2.22006467121775
  -0.85139593521662    1.49265597256299   -2.22660151341905
  -0.85216978753126    1.49401268009650   -2.22749048173747
  -0.85770480125554    1.50371659216847   -2.23418863927000
  -0.86297151340459    1.51295012150526   -2.24041827002360
  -0.86419787450765    1.51510016139773   -2.24193695686364
  -0.87051412894553    1.52617373424551   -2.24869640745642
  -0.87446818817834    1.53310593803648   -2.25358054578297
  -0.87690951645456    1.53738604213583   -2.25677534631142
  -0.88333488850493    1.54865091852320   -2.26398198906441
  -0.88498547432180    1.55154470351308   -2.26617990077736
  -0.88977826210117    1.55994735498014   -2.27184932934528
  -0.89603614296751    1.57091858806263   -2.27882263729695
  -0.89683154861473    1.57231308261071   -2.27964603000062
  -0.90255005654879    1.58233869427841   -2.28725574367705
  -0.90653639118444    1.58932748287419   -2.29217501015561
  -0.90892925062367    1.59352261205642   -2.29466002008574
  -0.91538410966673    1.60483918464521   -2.30168988847209
  -0.91814778941322    1.60968443103319   -2.30501842979719
  -0.92170086683134    1.61591363886679   -2.30925263327525
  -0.92810838648023    1.62714721666251   -2.31648360805878
  -0.92968358667420    1.62990883658606   -2.31818545315511
  -0.93458121447613    1.63849529217922   -2.32429630618168
  -0.94052740818968    1.64892007951190   -2.33092297528821
  -0.94096101366152    1.64968027082891   -2.33162132389964
  -0.94732289171453    1.66083383038886   -2.33906549376150
  -0.95134417510177    1.66788389066876   -2.34377406937076
  -0.95375971717815    1.67211878674724   -2.34696192427985
  -0.96000977249791    1.68307630018605   -2.35324292453716
  -0.96282181795177    1.68800634068566   -2.35713354757570
  -0.96652057703468    1.69449095566655   -2.36167264117148
  -0.97286815414685    1.70561944300820   -2.36831274034636
  -0.97410122538740    1.70778124702402   -2.36980178385318
  -0.97946289106208    1.71718124761266   -2.37647399239544
  -0.98523436142069    1.72729971229508   -2.38288937190240
  -0.98566800110496    1.72805996359285   -2.38358776056689
  -0.99209014374158    1.73931917821520   -2.39161682230549
  -0.99603995100460    1.74624392750956   -2.39584566269367
  -0.99851814857311    1.75058867035931   -2.39881479228550
  -1.00491021970453    1.76179516402072   -2.40602343766886
  -1.00688073815257    1.76524985062286   -2.40855762203760
  -1.01133988712180    1.77306757098792   -2.41408691496614
  -1.01752696255782    1.78391466893644   -2.42076255610794
  -1.01795396596705    1.78466328560553   -2.42149345198871
  -1.02410012198565    1.79543864417843   -2.42873688463396
  -1.02891362582323    1.80387761476183   -2.43431996082318
  -1.03057886434269    1.80679708867402   -2.43652094810351
  -1.03689021196622    1.81786205896049   -2.44329655021742
  -1.04013429090403    1.82354953478894   -2.44718218037301
  -1.04335864818075    1.82920243486480   -2.45112705513949
  -1.04966688346310    1.84026194863631   -2.45874967710474
  -1.05090012407001    1.84242404958295   -2.46023890317537
  -1.05609131642270    1.85152517862229   -2.46590726350422
  -1.06207868482031    1.86202215286067   -2.47326595093767
  -1.06251865602958    1.86279350450342   -2.47391181863078
  -1.06898639493951    1.87413265790264   -2.48091494918959
  -1.07361924760926    1.88225491327345   -2.48620883072221
  -1.07529654737735    1.88519553280552   -2.48851042645773
  -1.08162165553781    1.89628462788137   -2.49592144500636
  -1.08407505387282    1.90058589304644   -2.49907803071987
  -1.08812098801485    1.90767917070012   -2.50379150735274
  -1.09453744258045    1.91892841307239   -2.51097844612144
  -1.09531994144496    1.92030027962157   -2.51184550130255
  -1.10089204162363    1.93006921116962   -2.51841035522795
  -1.10649924002409    1.93989967645092   -2.52483474528121
  -1.10736672415312    1.94142053802982   -2.52623175992508
  -1.11361274374450    1.95237097608358   -2.53324111496646
  -1.11729596836066    1.95882835624504   -2.53780138584494
  -1.12020558606507    1.96392945911001   -2.54142538831726
  -1.12649056977738    1.97494820853973   -2.54750047244092
  -1.12890992523186    1.97918979018172   -2.55065690530375
  -1.13298013036711    1.98632561941627   -2.55608669473239
  -1.13922212241622    1.99726899643676   -2.56311782701727
  -1.13965956347458    1.99803591225279   -2.56379107391112
  -1.14573089810296    2.00868009496452   -2.57082400247986
  -1.15061195731307    2.01723750272399   -2.57615475555254
  -1.15219605252716    2.02001471727789   -2.57785006805184
  -1.15860370953882    2.03124853589621   -2.58594960880255
  -1.16119213692561    2.03578653218986   -2.58966461998799
  -1.16481958462722    2.04214612501030   -2.59543701686899
  -1.16945668061101    2.05027581970258   -2.60183591054997
  -1.17153215199238    2.05391450838448   -2.60498624666266
  -1.17759103343229    2.06453685833266   -2.61315939912432
  -1.17917776043478    2.06731868690281   -2.61561779379941
  -1.18406296438565    2.07588336116638   -2.62350567927271
  -1.18731326101323    2.08158173776542   -2.62822344695575
  -1.19055987708112    2.08727366165642   -2.63292945593671
  -1.19650907427896    2.09770371465761   -2.64113566941619
  -1.19692758379413    2.09843743994517   -2.64189753373083
  -1.20328606066842    2.10958503660405   -2.65173558674978
  -1.20490829618848    2.11242911823255   -2.65409545035650
  -1.20984241912673    2.12107955661086   -2.66180808069184
  -1.21331871463981    2.12717415143491   -2.66696677047628
  -1.21609392743664    2.13203961741259   -2.67112012462105
  -1.22180871880756    2.14205871325145   -2.67967490518918
  -1.22265706088473    2.14354601524090   -2.68116071048720
  -1.22892383906488    2.15453284697501   -2.68964060677594
  -1.23126127668985    2.15863081137334   -2.69298200156803
  -1.23532321850960    2.16575215347361   -2.70009349426745
  -1.23895321298287    2.17211621126010   -2.70570582722567
  -1.24181068406309    2.17712589136061   -2.70956288658037
  -1.24813708157182    2.18821724690463   -2.71785744338992
  -1.24855680199404    2.18895309513824   -2.71861573938001
  -1.25460447518519    2.19955579493453   -2.72818486004865
  -1.25663923716247    2.20312311243335   -2.73134132365223
  -1.26096374505052    2.21070478185470   -2.73800006416552
  -1.26527279026967    2.21825934233163   -2.74468653909651
  -1.26733399221941    2.22187301403675   -2.74781484410539
  -1.27352704509172    2.23273059154667   -2.75699106650476
  -1.27394679339418    2.23346648865954   -2.75774939845426
  -1.28012647150714    2.24430061772018   -2.76642718384182
  -1.28263928811939    2.24870605421463   -2.77011241821961
  -1.28676436344655    2.25593808113614   -2.77632100665665
  -1.29173185952857    2.26464702886400   -2.78338910669507
  -1.29302010099572    2.26690555658359   -2.78555489654141
  -1.29942483014325    2.27813424210965   -2.79445282130960
  -1.30057257656242    2.28014645578922   -2.79619523993440
  -1.30578062424404    2.28927713536591   -2.80507030814913
  -1.30789159871319    2.29297806758671   -2.80880209830806
  -1.31230889280866    2.30072240854658   -2.81524312657118
  -1.31723180489151    2.30935319220307   -2.82234435290677
  -1.31856525936898    2.31169098676799   -2.82455149022113
  -1.32507383478348    2.32310173418113   -2.83393367366046
  -1.32550114064742    2.32385088110977   -2.83466493992852
  -1.33148998366977    2.33435044064052   -2.84363052601792
  -1.33384447606058    2.33847830522635   -2.84779071779518
  -1.33779031340721    2.34539609451636   -2.85518443905259
  -1.34062064142021    2.35035818775426   -2.86077411744824
  -1.34421933258537    2.35666736499942   -2.86966524585426
  -1.34577194983797    2.35938939281203   -2.87377591587827
  -1.35027357415718    2.36728158039287   -2.88656330462428
  -1.35071004023359    2.36804678688356   -2.88813271742610
  -1.35427841231160    2.37430280911043   -2.89948326328828
  -1.35695404016068    2.37899368408890   -2.90850833004647
  -1.35816746018141    2.38112103584881   -2.91255770693489
  -1.36233846409366    2.38843358415177   -2.92526552093610
  -1.36345169465033    2.39038528508258   -2.92860294114724
  -1.36629713969698    2.39537388130181   -2.93823778079696
  -1.36977167250198    2.40146538576962   -2.94889845611978
  -1.37055507648204    2.40283883915527   -2.95134675885314
  -1.37433995391655    2.40947443567901   -2.96401452073835
  -1.37642887110472    2.41313669736964   -2.97121352867473
  -1.37832966592563    2.41646914544074   -2.97696822684980
  -1.38262470278720    2.42399914665242   -2.98923385684350
  -1.38297125464359    2.42460671673450   -2.99010979622870
  -1.38670169934348    2.43114688251553   -3.00287724173382
  -1.38904839589244    2.43526107953564   -3.01101827744199
  -1.39062688201247    2.43802846030081   -3.01590062604738
  -1.39511009713082    2.44588837311680   -3.02872541543904
  -1.39544414247386    2.44647401694686   -3.02960886078019
  -1.39874970280983    2.45226928114070   -3.04158898356429
  -1.40188031419176    2.45775782716698   -3.05138302069152
  -1.40296995631300    2.45966817316811   -3.05474154249917
  -1.40692746080183    2.46660641713588   -3.06777216543524
  -1.40827117257416    2.46896219465302   -3.07240238401362
  -1.41076699631196    2.47333783946714   -3.08035402464204
  -1.41472420125061    2.48027555826754   -3.09173090827019
  -1.41516080720485    2.48104100999017   -3.09330057508783
  -1.41915891131983    2.48805043267977   -3.10623681753357
  -1.42108711725680    2.49143093755312   -3.11278937967292
  -1.42308525119823    2.49493403926914   -3.11925588617063
  -1.42729540695444    2.50231522806155   -3.13197304851087
  -1.42769614289903    2.50301779296276   -3.13358821319741
  -1.43105938983807    2.50891419253798   -3.14515262540151
  -1.43393891908985    2.51396254473002   -3.15393163087513
  -1.43519204191730    2.51615950291995   -3.15791305739424
  -1.43916339595121    2.52312202772501   -3.17087817612379
  -1.44030458920533    2.52512275248320   -3.17418810026490
  -1.44346655567448    2.53066626982925   -3.18393634169662
  -1.44668558507356    2.53630982914125   -3.19441697846625
  -1.44749368433907    2.53772657797124   -3.19683495127922
  -1.45163058457053    2.54497933615691   -3.20958201631488
  -1.45313378679754    2.54761473020722   -3.21456684365127
  -1.45548939425640    2.55174454971543   -3.22270346201314
  -1.45944176251634    2.55867378891536   -3.23406959333806
  -1.45986153578768    2.55940972980335   -3.23566328553564
  -1.46353048212863    2.56584207748356   -3.24851542603063
  -1.46596289225273    2.57010654639783   -3.25574731697522
  -1.46787585166103    2.57346032126091   -3.26151146746771
  -1.47148766163565    2.57979249822744   -3.27444528861899
  -1.47230793609340    2.58123059244173   -3.27684136421079
  -1.47569148833175    2.58716259099629   -3.28707479460512
  -1.47893860636744    2.59285539493052   -3.29675322108674
  -1.47981211659973    2.59438682139310   -3.29989311753548
  -1.48412022271317    2.60193973544245   -3.31297508555033
  -1.48518745551950    2.60381079373225   -3.31635228492779
  -1.48772229473986    2.60825483996884   -3.32581794990748
  -1.49181033385470    2.61542193549800   -3.33714479584240
  -1.49245169251108    2.61654635692099   -3.33892291544787
  -1.49597145191497    2.62271715205741   -3.35193654413355
  -1.49794689963936    2.62618048060096   -3.35763169583781
  -1.50038888242147    2.63046173217128   -3.36484951997709
  -1.50424817072224    2.63722778483105   -3.37749062771781
  -1.50458239515476    2.63781374263839   -3.37837440271569
  -1.50814389596152    2.64405771824434   -3.39049697450140
  -1.51068647403324    2.64851533213169   -3.39730595250929
  -1.51269655964076    2.65203938734892   -3.40379800332820
  -1.51690095890640    2.65941048393902   -3.41647897747185
  -1.51722168057129    2.65997276887465   -3.41736811943787
  -1.52014979189447    2.66510629450483   -3.42932284941975
  -1.52374135522879    2.67140297533225   -3.43980392642585
  -1.52455557495042    2.67283045446410   -3.44225705205617
  -1.52852615082481    2.67979161501030   -3.45525793607477
  -1.53008517053921    2.68252486753336   -3.46012982592660
  -1.53256992204034    2.68688110065014   -3.46811620918808
  -1.53647802527374    2.69373273499725   -3.48036519774048
  -1.53681230595593    2.69431879142077   -3.48124908063979
  -1.54047731029849    2.70074422804210   -3.49409955431189
  -1.54281988643528    2.70485120121068   -3.50065141245730
  -1.54490295241498    2.70850320464083   -3.50699744644045
  -1.54913100064036    2.71591576227102   -3.51973355863444
  -1.54953202854859    2.71661883903898   -3.52134929448875
  -1.55262584717722    2.72204288050199   -3.53272025914558
  -1.55576660702501    2.72754921868294   -3.54168828860350
  -1.55702559691149    2.72975646292233   -3.54567510500876
  -1.56075831143564    2.73630060812891   -3.55851664916468
  -1.56223163356271    2.73888361678741   -3.56264484221832
  -1.56504659727649    2.74381877354130   -3.57152401946444
  -1.56873344475089    2.75028250524939   -3.58265476769616
  -1.56919430863160    2.75109048564444   -3.58431943182213
  -1.57305640855169    2.75786146759762   -3.59740378326596
  -1.57496618140325    2.76120965583202   -3.60317083922178
  -1.57738702283227    2.76545384266472   -3.61039404475860
  -1.58146313052769    2.77260002018884   -3.62290197494295
  -1.58173187524604    2.77307117983660   -3.62384406174438
  -1.58510940424463    2.77899261852772   -3.63611766235651
  -1.58790675630215    2.78389689876128   -3.64422946261643
  -1.58948581244603    2.78666527888466   -3.64914445271220
  -1.59341725492300    2.79355783128161   -3.66215728841470
  -1.59418978958215    2.79491222871916   -3.66461738965458
  -1.59738154360303    2.80050796920270   -3.67513974296618
  -1.60060596316518    2.80616097847654   -3.68562801445070
  -1.60130919880572    2.80739388180102   -3.68815794352613
  -1.60412948344337    2.81233836712752   -3.70107670407019
  -1.60630789867339    2.81615753558876   -3.71356219598725
  -1.60722668948919    2.81776834736506   -3.71781914858217
  -1.60896199217841    2.82081065684309   -3.72690789320851
  -1.61000882154066    2.82264594408746   -3.73989506071552
  -1.61077395169359    2.82398736004369   -3.75270498611457
  -1.61136818916683    2.82502916923829   -3.76562821138057
  -1.61172886694769    2.82566150470232   -3.77860027203805
  -1.61200342464784    2.82614285559206   -3.79146402759038
  -1.61247285144007    2.82696584836912   -3.80444571717440
  -1.61255593117901    2.82711150265686   -3.81737072210551
  -1.61278666586071    2.82751602361646   -3.83027254129622
  -1.61297410803978    2.82784464473917   -3.84321780114874
  -1.61303090420086    2.82794421900956   -3.85608811777682
  -1.61339250547255    2.82857817352536   -3.86906525721232
  -1.61344922075354    2.82867760599785   -3.88193448359421
  -1.61368386440047    2.82908898010306   -3.89499411476638
  -1.61336990225627    2.82853854586873   -3.90787860861339
  -1.61278133153191    2.82750667154252   -3.92087870038799
  -1.60952296876136    2.82179415348945   -3.93382822515992
  -1.60703408365973    2.81743067339952   -3.94013389198720
  -1.60354198337627    2.81130836986330   -3.94682874301993
  -1.60078768063995    2.80647956312420   -3.95177196584324
  -1.59626238992939    2.79854588394239   -3.95959372016859
  -1.59422713011582    2.79497769364363   -3.96272580355318
  -1.58853894106676    2.78500523663985   -3.97219813001851
  -1.58780426904292    2.78371721946839   -3.97316363784499
  -1.58168771352956    2.77299375610561   -3.98196383921048
  -1.57954176042927    2.76923149981626   -3.98571333776594
  -1.57494896794202    2.76117947742190   -3.99235938746924
  -1.57106384638788    2.75436813424764   -3.99835117844323
  -1.56861521957539    2.75007523445209   -4.00225732573177
  -1.56302161705305    2.74026860528254   -4.01114740708619
  -1.56229201079830    2.73898946934975   -4.01212031494281
  -1.55601213298683    2.72797967151712   -4.02216457276351
  -1.55472193499972    2.72571771365287   -4.02437630827048
  -1.54942103204049    2.71642424144472   -4.03215505249269
  -1.54621464894658    2.71080285346589   -4.03696402009472
  -1.54309003647259    2.70532482464484   -4.04198717541616
  -1.53815974856279    2.69668110978714   -4.04973766478739
  -1.53643627686563    2.69365954224624   -4.05259356377513
  -1.53030180763604    2.68290467279561   -4.06142902844947
  -1.52945368508844    2.68141775568245   -4.06291420267371
  -1.52362751577298    2.67120339352008   -4.07195971200448
  -1.52124290160421    2.66702271983578   -4.07530216282535
  -1.51738651437436    2.66026175329476   -4.08129494864550
  -1.51262854382720    2.65192014293380   -4.08869500384188
  -1.51091549756265    2.64891685312198   -4.09159853448354
  -1.50500374435569    2.63855244642507   -4.10151808887834
  -1.50458733824122    2.63782240879150   -4.10228559829622
  -1.49821600714449    2.62665227628165   -4.11048218429879
  -1.49549835672027    2.62188772788617   -4.11464836659954
  -1.49198644470879    2.61573069069322   -4.12050348308220
  -1.48818776943595    2.60907090398379   -4.12734987239363
  -1.48532500601638    2.60405194542467   -4.13118187220629
  -1.47939978219379    2.59366392222450   -4.14025445260354
  -1.47898338772740    2.59293390501219   -4.14102197377886
  -1.47266717939220    2.58186041299101   -4.15014902070310
  -1.47038599027242    2.57786106272007   -4.15363600672874
  -1.46640636912572    2.57088404412336   -4.16014419127489
  -1.46258158467694    2.56417848315567   -4.16608980678736
  -1.45962977301436    2.55900340640726   -4.17043665416567
  -1.45411471528979    2.54933448092723   -4.17879339513477
  -1.45338018612635    2.54804671421673   -4.17975895690152
  -1.44715042076080    2.53712477285441   -4.18908446114591
  -1.44537501854740    2.53401216142662   -4.19188606606153
  -1.44050399915380    2.52547235533925   -4.19894378964634
  -1.43731318800971    2.51987826789467   -4.20461895920908
  -1.43408041631865    2.51421061578008   -4.21018978862168
  -1.42841881887425    2.50428477882212   -4.21823611936989
  -1.42799904970884    2.50354884513261   -4.21899771155123
  -1.42132490256457    2.49184781957611   -4.22971293364327
  -1.42088479719944    2.49107623273308   -4.23035852565089
  -1.41507804231524    2.48089590769206   -4.23892949203367
  -1.41215077478482    2.47576386138806   -4.24347679034287
  -1.40849622892687    2.46935676044214   -4.24897365195383
  -1.40403476832670    2.46153498735663   -4.25609270528740
  -1.40207206092025    2.45809399496818   -4.25940702674155
  -1.39587826972292    2.44723512303671   -4.26880243593816
  -1.39545877362807    2.44649966809083   -4.26956046785037
  -1.38939124217012    2.43586215304666   -4.27831577054046
  -1.38698006181432    2.43163490387838   -4.28227666312871
  -1.38298002839989    2.42462209876677   -4.28873383126469
  -1.37838479133414    2.41656579057004   -4.29568945048532
  -1.37682945578317    2.41383899707308   -4.29822089702234
  -1.37045263391873    2.40265923822268   -4.30777187427161
  -1.37001727903788    2.40189597986520   -4.30846031419290
  -1.36385752142067    2.39109677515144   -4.31794879997022
  -1.36122484365055    2.38648119967725   -4.32178677807157
  -1.35750053052834    2.37995178369626   -4.32707297988323
  -1.35290285243658    2.37189119592537   -4.33377794620967
  -1.35090231191881    2.36838387503190   -4.33619861346215
  -1.34450775982554    2.35717303178133   -4.34194140015113
  -1.34012511378505    2.34948943532829   -4.34680006657644
  -1.33818548568987    2.34608890527984   -4.34863931183435
  -1.33170108968176    2.33472054887878   -4.35408168499809
  -1.32574048255586    2.32427049214422   -4.35986901903036
  -1.32529915459550    2.32349676186358   -4.36048880431176
  -1.31889461315985    2.31226840543150   -4.36537221839900
  -1.31270268823583    2.30141280542543   -4.37160018516659
  -1.31101654705038    2.29845668523864   -4.37330837253964
  -1.30608859446647    2.28981706464307   -4.37747107941787
  -1.29972337558862    2.27865764799366   -4.38321054936829
  -1.29733244283303    2.27446589664742   -4.38570683828246
  -1.29328486526834    2.26736973776712   -4.38952814485924
  -1.28703304469453    2.25640912950849   -4.39568581693541
  -1.28408440997991    2.25123962254277   -4.39855508810978
  -1.28035819377185    2.24470687009711   -4.40178332617486
  -1.27429070498333    2.23406942986040   -4.40647916023645
  -1.26924170532745    2.22521759115636   -4.41119224096437
  -1.26760594538132    2.22234979868486   -4.41261082725384
  -1.26127243729727    2.21124597697525   -4.41852324401511
  -1.25524094691332    2.20067164866023   -4.42411930353132
  -1.25479976651216    2.19989817707840   -4.42470513637629
  -1.24839289802074    2.18866574088325   -4.43032382824725
  -1.24243300082866    2.17821692879517   -4.43697744990358
  -1.24199154411319    2.17744297278279   -4.43758965468315
  -1.23574837744358    2.16649753643334   -4.44235612406111
  -1.22932850296833    2.15524229832118   -4.44814526105526
  -1.22690402569771    2.15099173717960   -4.45023295288763
  -1.22285666377245    2.14389595635545   -4.45405453092432
  -1.21638356574269    2.13254740741900   -4.45938795596845
  -1.21287525031124    2.12639667570208   -4.46293353546643
  -1.21014925187011    2.12161749167496   -4.46563380189085
  -1.20364967936076    2.11022252803479   -4.47180040495209
  -1.19930647772686    2.10260808498809   -4.47606655749133
  -1.19724905161162    2.09900103302556   -4.47823858120524
  -1.19077374069213    2.08764860448041   -4.48358820832713
  -1.18598637893385    2.07925546584097   -4.48847394488311
  -1.18436935055195    2.07642051329751   -4.49001245751578
  -1.17804066025844    2.06532513807387   -4.49519274670663
  -1.17185607732908    2.05448240995470   -4.50106653528254
  -1.17053567779212    2.05216750313698   -4.50224761391607
  -1.16516407531309    2.04275008147579   -4.50698091685675
  -1.15882160249895    2.03163054292122   -4.51300992577069
  -1.15759826025023    2.02948579564382   -4.51435053665693
  -1.15243683661058    2.02043685671426   -4.51935244342897
  -1.14602277068286    2.00919180206999   -4.52427432766279
  -1.14285198157182    2.00363281698612   -4.52752838630832
  -1.13963062133550    1.99798517128142   -4.53066710010636
  -1.13333684355074    1.98695100420144   -4.53671834728283
  -1.12997095948676    1.98104998125402   -4.54019619439335
  -1.12668974491553    1.97529739972947   -4.54293817781303
  -1.12053513787423    1.96450722493653   -4.54801948874288
  -1.11556361220695    1.95579121259367   -4.55300788427083
  -1.11394664529457    1.95295636781774   -4.55454652226946
  -1.10761798816197    1.94186105073136   -4.55972730900826
  -1.10150229267162    1.93113909514940   -4.56565565829323
  -1.10106224186542    1.93036760395836   -4.56630141820415
  -1.09474067045232    1.91928470946071   -4.57148935399484
  -1.08846036102149    1.90827415491878   -4.57684220032313
  -1.08646736997912    1.90478006966466   -4.57924509607501
  -1.08213127900984    1.89717809294014   -4.58354124730596
  -1.07636464348204    1.88706810461845   -4.59197642131827
  -1.07607992139720    1.88656893366535   -4.59291224802328
  -1.07356158710136    1.88215382364178   -4.60381964227652
      
      
