# shadow point cont 2D ind 184  size 1043
# norm  0.1253332 -0.9921147  0.0000000
# angle  1.4451326
   1.40695710  -4.60299262
   1.40836894  -4.59678253
   1.40959708  -4.59051033
   1.42129769  -4.57900344
   1.42358974  -4.57715488
   1.43372514  -4.57175879
   1.44703073  -4.56517771
   1.44859649  -4.56423642
   1.45970499  -4.55737670
   1.47171858  -4.55082847
   1.47264141  -4.55010483
   1.48569419  -4.54316303
   1.49376638  -4.53839871
   1.49860251  -4.53509279
   1.51148028  -4.52783023
   1.51479322  -4.52552111
   1.52457712  -4.51923226
   1.53688439  -4.51277961
   1.53791535  -4.51188582
   1.55023647  -4.50523558
   1.55972339  -4.49943562
   1.56288483  -4.49693473
   1.57592951  -4.48958421
   1.58158172  -4.48645028
   1.58884096  -4.48232225
   1.60198989  -4.47479303
   1.60353995  -4.47385854
   1.61482345  -4.46650629
   1.62529398  -4.46092118
   1.62769885  -4.45924033
   1.64061701  -4.45117106
   1.64555083  -4.44808619
   1.65369705  -4.44338107
   1.66615222  -4.43565321
   1.66787054  -4.43468871
   1.67933484  -4.42777001
   1.68821058  -4.42207898
   1.69227259  -4.41970210
   1.70520084  -4.41244361
   1.71159617  -4.40915310
   1.71809670  -4.40517898
   1.73118476  -4.39743619
   1.73209719  -4.39677058
   1.74392579  -4.38984934
   1.75457346  -4.38367085
   1.75717525  -4.38158547
   1.77009158  -4.37428960
   1.77569177  -4.37093372
   1.78282634  -4.36594806
   1.79548979  -4.35919410
   1.79794435  -4.35751286
   1.80864539  -4.35059631
   1.81822529  -4.34478048
   1.82155803  -4.34253050
   1.83465278  -4.33387967
   1.83768753  -4.33200757
   1.84698475  -4.32584224
   1.85786949  -4.31911825
   1.86029278  -4.31751605
   1.87320261  -4.30943546
   1.87871723  -4.30600933
   1.88573445  -4.30162274
   1.89859522  -4.29362665
   1.89956823  -4.29284926
   1.91193484  -4.28520674
   1.92037710  -4.27978406
   1.92426711  -4.27716947
   1.93760238  -4.26881927
   1.94004706  -4.26727327
   1.95010320  -4.26101430
   1.96092397  -4.25413443
   1.96358904  -4.25215860
   1.97632412  -4.24460814
   1.98053490  -4.24164026
   1.98924368  -4.23573556
   2.00190651  -4.22907080
   2.00281679  -4.22827959
   2.01486316  -4.22012471
   2.02212948  -4.21519631
   2.02797663  -4.21152870
   2.04105144  -4.20365155
   2.04187160  -4.20290858
   2.05359307  -4.19512145
   2.06406942  -4.18935300
   2.06654006  -4.18782630
   2.07961776  -4.17924994
   2.08357853  -4.17672329
   2.09234004  -4.17090714
   2.10439282  -4.16350797
   2.10527074  -4.16281970
   2.11836075  -4.15424103
   2.12395844  -4.15093346
   2.13108973  -4.14669065
   2.14403122  -4.13859627
   2.14486022  -4.13791139
   2.15671970  -4.13029001
   2.16581872  -4.12494058
   2.17001205  -4.12196691
   2.18290989  -4.11388084
   2.18525270  -4.11215574
   2.19545026  -4.10529813
   2.20540068  -4.09916216
   2.20875152  -4.09695504
   2.22148468  -4.08940403
   2.22621966  -4.08601652
   2.23421233  -4.08105335
   2.24593985  -4.07364782
   2.24749199  -4.07274644
   2.26021773  -4.06440387
   2.26600585  -4.06056927
   2.27313761  -4.05632661
   2.28582780  -4.04811708
   2.28677083  -4.04726576
   2.29914849  -4.03966447
   2.30703353  -4.03454793
   2.31187621  -4.03132054
   2.32497117  -4.02354752
   2.32809579  -4.02176648
   2.33769677  -4.01439668
   2.34577529  -4.00872890
   2.35061806  -4.00550153
   2.36322323  -3.99777491
   2.36655525  -3.99541955
   2.37663861  -3.98882046
   2.38430803  -3.98275567
   2.38894864  -3.97851810
   2.39498322  -3.96997815
   2.39732750  -3.95722578
   2.39668550  -3.94434750
   2.39650349  -3.93130780
   2.39585114  -3.91843888
   2.39543719  -3.90553567
   2.39458594  -3.89263476
   2.39293058  -3.87973619
   2.39041999  -3.86697815
   2.38880134  -3.86374507
   2.38394186  -3.85409804
   2.37638543  -3.84130097
   2.37567912  -3.84043508
   2.36913222  -3.82842957
   2.36268949  -3.81864345
   2.36048012  -3.81531265
   2.35186327  -3.80221354
   2.35025814  -3.79977032
   2.34379909  -3.78924746
   2.33725607  -3.77807840
   2.33621221  -3.77651629
   2.32762153  -3.76338396
   2.32435930  -3.75776019
   2.31950651  -3.75048608
   2.31131429  -3.73840164
   2.31064011  -3.73751787
   2.30331072  -3.72465290
   2.29826430  -3.71752431
   2.29415404  -3.71187847
   2.28577152  -3.69906559
   2.28508909  -3.69818651
   2.27798379  -3.68595879
   2.27236884  -3.67633702
   2.26989004  -3.67309601
   2.26100762  -3.66007537
   2.25929586  -3.65696516
   2.25290740  -3.64724092
   2.24628396  -3.63773046
   2.24370406  -3.63437721
   2.23728769  -3.62159272
   2.23345342  -3.61650817
   2.22812553  -3.60824224
   2.22098154  -3.59765475
   2.21923720  -3.59530664
   2.21116954  -3.58235985
   2.20771579  -3.57605161
   2.20303809  -3.56947902
   2.19487064  -3.55739585
   2.19417134  -3.55651970
   2.18660269  -3.54377278
   2.18197952  -3.53721151
   2.17693246  -3.53075485
   2.17018002  -3.51756225
   2.16924530  -3.51602498
   2.16073164  -3.50498780
   2.15562561  -3.49625880
   2.15265399  -3.49203125
   2.14483749  -3.47896465
   2.14319080  -3.47657515
   2.13566587  -3.46622315
   2.12997379  -3.45731765
   2.12706787  -3.45309583
   2.12000521  -3.44045481
   2.11713093  -3.43631565
   2.11014526  -3.42720472
   2.10454024  -3.41665994
   2.10277368  -3.41435590
   2.09413992  -3.40167497
   2.09111017  -3.39680256
   2.08555136  -3.38863900
   2.07817654  -3.37660505
   2.07745976  -3.37574386
   2.06857953  -3.36277982
   2.06540457  -3.35793434
   2.05968683  -3.34986052
   2.05274786  -3.33723241
   2.05198485  -3.33639644
   2.04298623  -3.32384477
   2.03978014  -3.31897740
   2.03544777  -3.31106103
   2.02753411  -3.29806669
   2.02679621  -3.29720749
   2.01797872  -3.28503646
   2.01406298  -3.27848492
   2.00989347  -3.27211359
   2.00248114  -3.25932607
   2.00074844  -3.25694692
   1.99342731  -3.24642978
   1.98805548  -3.23738934
   1.98557161  -3.23339597
   1.97646929  -3.22056244
   1.97496569  -3.21809452
   1.96863188  -3.20752142
   1.96213563  -3.19785402
   1.95973489  -3.19460357
   1.95136108  -3.18198044
   1.94893389  -3.17861471
   1.94279640  -3.16873512
   1.93630893  -3.15824941
   1.93468423  -3.15583241
   1.92583523  -3.14288428
   1.92339399  -3.13885570
   1.91771355  -3.12998715
   1.91045272  -3.11947959
   1.90888640  -3.11702892
   1.90154357  -3.10414770
   1.89752402  -3.09848001
   1.89211625  -3.09103391
   1.88428693  -3.07940054
   1.88353342  -3.07843380
   1.87576422  -3.06533770
   1.87183973  -3.05878217
   1.86713227  -3.05225112
   1.85963733  -3.03948279
   1.85869302  -3.03794129
   1.85037534  -3.02680382
   1.84544381  -3.01957930
   1.84105860  -3.01363975
   1.83378509  -3.00065528
   1.83306004  -2.99982548
   1.82533978  -2.98802084
   1.81956071  -2.97923687
   1.81648054  -2.97506065
   1.80874544  -2.96195586
   1.80722524  -2.95944528
   1.80054836  -2.94908762
   1.79414832  -2.94017162
   1.79119472  -2.93595839
   1.78357448  -2.92325216
   1.78115136  -2.92002193
   1.77396409  -2.91028922
   1.76842109  -2.90130317
   1.76586368  -2.89737814
   1.75827444  -2.88468393
   1.75491431  -2.87993558
   1.74860822  -2.87172315
   1.74191865  -2.86054779
   1.74105072  -2.85898052
   1.73246395  -2.84587073
   1.72946519  -2.84168603
   1.72358896  -2.83294138
   1.71646619  -2.82074598
   1.71572331  -2.81989008
   1.70661930  -2.80711242
   1.70329916  -2.80152247
   1.69852988  -2.79420781
   1.69097413  -2.78149222
   1.69025236  -2.78062592
   1.68153287  -2.76842290
   1.67745557  -2.76276534
   1.67269968  -2.75543668
   1.66513238  -2.74270754
   1.66443384  -2.74183216
   1.65602280  -2.72942651
   1.65172511  -2.72233414
   1.64764419  -2.71670302
   1.63935053  -2.70380491
   1.63879597  -2.70291868
   1.63404847  -2.69128542
   1.63451903  -2.68619972
   1.63857240  -2.67451738
   1.62590230  -2.65728639
   1.61404479  -2.65860893
   1.60524001  -2.65083007
   1.60044493  -2.64534203
   1.59562359  -2.63884118
   1.58746601  -2.62768217
   1.58600882  -2.62590753
   1.57760267  -2.61320539
   1.57432697  -2.60919863
   1.56622126  -2.60034391
   1.56121222  -2.59484411
   1.55334988  -2.58734715
   1.54856844  -2.58403652
   1.53697232  -2.57472375
   1.53543011  -2.57386044
   1.52253991  -2.56573799
   1.51756373  -2.56186651
   1.50945893  -2.55543636
   1.50077200  -2.54874349
   1.49689007  -2.54610069
   1.48385176  -2.53659327
   1.48299313  -2.53585587
   1.47087976  -2.52698421
   1.46524994  -2.52291780
   1.45814777  -2.51784171
   1.44817418  -2.51012382
   1.44502424  -2.50765541
   1.43176023  -2.49841920
   1.43024307  -2.49748280
   1.41924384  -2.48981731
   1.41262901  -2.48438616
   1.40613611  -2.47956832
   1.39424262  -2.47121657
   1.39336732  -2.47051803
   1.38012508  -2.46120802
   1.37760425  -2.45890521
   1.36737973  -2.45135357
   1.35865426  -2.44550588
   1.35470847  -2.44295985
   1.34326917  -2.43264061
   1.34169391  -2.43180465
   1.32832534  -2.42253609
   1.32466503  -2.41977139
   1.31627194  -2.41423390
   1.30690422  -2.40687338
   1.30280381  -2.40375405
   1.29000603  -2.39470103
   1.28847520  -2.39378021
   1.27718964  -2.38569162
   1.27139478  -2.38104185
   1.26428425  -2.37599672
   1.25307328  -2.36778602
   1.25136478  -2.36631836
   1.23842226  -2.35667108
   1.23601040  -2.35504389
   1.22555137  -2.34774103
   1.21826433  -2.34211821
   1.21262254  -2.33807360
   1.20123388  -2.32931634
   1.19971698  -2.32838011
   1.18710515  -2.31921870
   1.18224695  -2.31579804
   1.17388520  -2.30982495
   1.16633549  -2.30373121
   1.16076952  -2.29962394
   1.14797365  -2.29137852
   1.14712459  -2.29062480
   1.13499492  -2.28096378
   1.13166089  -2.27795800
   1.12188552  -2.27151623
   1.11256578  -2.26461474
   1.10950192  -2.26275429
   1.09620746  -2.25282454
   1.09467126  -2.25188786
   1.08348306  -2.24366689
   1.07691029  -2.23899272
   1.07040658  -2.23421330
   1.06049223  -2.22645686
   1.05730751  -2.22396792
   1.04454618  -2.21494162
   1.04206945  -2.21332942
   1.03182794  -2.20574750
   1.02502314  -2.20064572
   1.01828371  -2.19530248
   1.00611606  -2.18787212
   1.00526972  -2.18711422
   0.99292247  -2.17695629
   0.99031521  -2.17481421
   0.98006677  -2.16798012
   0.97138127  -2.16128836
   0.96729768  -2.15810478
   0.95493206  -2.14878505
   0.95407379  -2.14804792
   0.94129871  -2.13899075
   0.93587038  -2.13547092
   0.92870933  -2.13041130
   0.91852773  -2.12317096
   0.91532000  -2.12061129
   0.90309114  -2.11180711
   0.90042729  -2.10951915
   0.88965602  -2.10187680
   0.88248015  -2.09691422
   0.87695193  -2.09271540
   0.86490585  -2.08376743
   0.86405051  -2.08302493
   0.85114151  -2.07334091
   0.84787553  -2.07095416
   0.83825642  -2.06444680
   0.83020400  -2.05798072
   0.82544709  -2.05454378
   0.81293071  -2.04547268
   0.81208448  -2.04471486
   0.79965351  -2.03597408
   0.79459512  -2.03225036
   0.78624125  -2.02617820
   0.77691706  -2.01927334
   0.77368994  -2.01685245
   0.76067694  -2.00729423
   0.75980448  -2.00658915
   0.74753411  -1.99790532
   0.74208062  -1.99364432
   0.73475634  -1.98808224
   0.72439545  -1.98068086
   0.72199511  -1.97897728
   0.70886613  -1.96958609
   0.70658353  -1.96782232
   0.69645119  -1.96091314
   0.68896236  -1.95473078
   0.68332487  -1.95068918
   0.67193615  -1.94193297
   0.67039346  -1.94102341
   0.65734646  -1.93154767
   0.65347250  -1.92890457
   0.64479075  -1.92299257
   0.63576220  -1.91597093
   0.63172855  -1.91274333
   0.61906237  -1.90331590
   0.61816053  -1.90267764
   0.60554440  -1.89382850
   0.60025549  -1.89015711
   0.59317434  -1.88506645
   0.58329979  -1.87725556
   0.58007295  -1.87483492
   0.56719552  -1.86575099
   0.56480603  -1.86420225
   0.55407801  -1.85651977
   0.54769120  -1.85160668
   0.54130589  -1.84662419
   0.53059005  -1.83887817
   0.52828067  -1.83713755
   0.51556307  -1.82782634
   0.51226453  -1.82564552
   0.50226394  -1.81802535
   0.49396829  -1.81248665
   0.48983512  -1.80923567
   0.47795635  -1.80035372
   0.47628090  -1.79890525
   0.46395646  -1.79090084
   0.45904170  -1.78690414
   0.45097058  -1.78125901
   0.44183368  -1.77437900
   0.43790298  -1.77181640
   0.42512258  -1.76203265
   0.42427242  -1.76124328
   0.41257713  -1.75237599
   0.40658820  -1.74818809
   0.39922576  -1.74273050
   0.38840379  -1.73482573
   0.38682350  -1.73380711
   0.37337023  -1.72421450
   0.37099876  -1.72253642
   0.36067401  -1.71507451
   0.35337660  -1.70944465
   0.34754872  -1.70486020
   0.33639500  -1.69668633
   0.33480738  -1.69573773
   0.32188835  -1.68687028
   0.31781152  -1.68378789
   0.30910619  -1.67692185
   0.29992588  -1.67097255
   0.29586334  -1.66784609
   0.28358666  -1.65793906
   0.28267117  -1.65730606
   0.27029216  -1.64893570
   0.26599336  -1.64527588
   0.25740800  -1.63924465
   0.24706725  -1.63179037
   0.24465147  -1.63011444
   0.23135695  -1.62018607
   0.23050097  -1.61946071
   0.21849606  -1.61045939
   0.21294405  -1.60634426
   0.20593624  -1.60107051
   0.19592669  -1.59346963
   0.19268407  -1.59109743
   0.18010504  -1.58251643
   0.17751516  -1.58036742
   0.16684427  -1.57256821
   0.15969340  -1.56762647
   0.15395705  -1.56286990
   0.14341868  -1.55490931
   0.14095748  -1.55329288
   0.12829446  -1.54649244
   0.12026353  -1.54151469
   0.11527639  -1.53849674
   0.10233417  -1.53207552
   0.09729431  -1.52929743
   0.08916192  -1.52536386
   0.07667319  -1.51906525
   0.07171900  -1.51590831
   0.06349113  -1.51139046
   0.05081642  -1.50537487
   0.04742048  -1.50317851
   0.03774688  -1.49839527
   0.02509679  -1.49138416
   0.02187035  -1.48977074
   0.01209985  -1.48440091
  -0.00007141  -1.47704278
  -0.00096118  -1.47645697
  -0.01406748  -1.47047347
  -0.02576147  -1.46411492
  -0.02664365  -1.46344217
  -0.03952221  -1.45616704
  -0.04693504  -1.45153225
  -0.05266217  -1.44846671
  -0.06553724  -1.44197258
  -0.07119921  -1.43877848
  -0.07847387  -1.43475287
  -0.09133922  -1.42824838
  -0.09537673  -1.42586485
  -0.10408024  -1.42124581
  -0.11720558  -1.41466651
  -0.12027071  -1.41277784
  -0.12975977  -1.40745856
  -0.14227752  -1.40022646
  -0.14316499  -1.39958101
  -0.15579401  -1.39413034
  -0.16893478  -1.38936236
  -0.18162409  -1.38958388
  -0.19471894  -1.39462429
  -0.20733556  -1.40001002
  -0.20893773  -1.40083773
  -0.22032008  -1.40712415
  -0.23236182  -1.41372024
  -0.23324897  -1.41436553
  -0.24612972  -1.42084190
  -0.25880887  -1.42629166
  -0.25964042  -1.42704106
  -0.27211120  -1.43424418
  -0.28302591  -1.43964372
  -0.28476682  -1.44047912
  -0.29792472  -1.44715273
  -0.30815760  -1.45236670
  -0.31064738  -1.45393291
  -0.32355862  -1.46119018
  -0.33080819  -1.46523249
  -0.33653947  -1.46837664
  -0.34932679  -1.47413349
  -0.35658730  -1.47826164
  -0.36231448  -1.48132733
  -0.37517586  -1.48782312
  -0.38144329  -1.49128078
  -0.38806665  -1.49530519
  -0.40116338  -1.50123472
  -0.40589251  -1.50381779
  -0.41383004  -1.50824714
  -0.42696342  -1.51497286
  -0.43085358  -1.51685397
  -0.43975477  -1.52166699
  -0.45237192  -1.52768242
  -0.45721971  -1.53024080
  -0.46545617  -1.53487115
  -0.47817424  -1.54120201
  -0.48062673  -1.54294288
  -0.49109625  -1.54967041
  -0.50090838  -1.55567380
  -0.50432847  -1.55864259
  -0.51703332  -1.56717011
  -0.51867768  -1.56857025
  -0.52994950  -1.57665106
  -0.53640307  -1.58149194
  -0.54306889  -1.58685951
  -0.55279717  -1.59405262
  -0.55595713  -1.59656303
  -0.56852887  -1.60575269
  -0.57030582  -1.60729708
  -0.58171437  -1.61598349
  -0.58720852  -1.62022840
  -0.59433126  -1.62531113
  -0.60502218  -1.63309547
  -0.60758616  -1.63529072
  -0.62034937  -1.64439097
  -0.62202603  -1.64586818
  -0.63328057  -1.65485950
  -0.63966130  -1.65894749
  -0.64613584  -1.66377504
  -0.65545548  -1.67131204
  -0.65921584  -1.67401910
  -0.67159137  -1.68260963
  -0.67423459  -1.68494380
  -0.68483760  -1.69283517
  -0.69185329  -1.69791452
  -0.69747343  -1.70218303
  -0.70845044  -1.71029436
  -0.71101222  -1.71254153
  -0.72342160  -1.72131984
  -0.72656600  -1.72372643
  -0.73629765  -1.73181766
  -0.74284465  -1.73655673
  -0.74939604  -1.74123290
  -0.76142914  -1.74938078
  -0.76228422  -1.75012304
  -0.77527374  -1.75973512
  -0.77914024  -1.76227524
  -0.78784283  -1.76975645
  -0.79438682  -1.77534211
  -0.80088245  -1.78021494
  -0.81239938  -1.78791754
  -0.81410957  -1.78940209
  -0.82672611  -1.79795458
  -0.83077424  -1.80100774
  -0.83953900  -1.80847751
  -0.84684823  -1.81406123
  -0.85273747  -1.81861390
  -0.86502269  -1.82643305
  -0.86584286  -1.82722554
  -0.87831486  -1.83750997
  -0.88158409  -1.83985255
  -0.89139194  -1.84692949
  -0.89930743  -1.85267264
  -0.90419623  -1.85684418
  -0.91602836  -1.86495235
  -0.91769511  -1.86650466
  -0.92989827  -1.87545216
  -0.93331880  -1.87842140
  -0.94302568  -1.88566174
  -0.95102617  -1.89136383
  -0.95615220  -1.89582287
  -0.96830073  -1.90386974
  -0.96914684  -1.90462742
  -0.98170200  -1.91394715
  -0.98577234  -1.91714516
  -0.99480767  -1.92419139
  -1.00330449  -1.93029702
  -1.00742418  -1.93352252
  -1.01993737  -1.94260425
  -1.02078350  -1.94336194
  -1.03314241  -1.95212124
  -1.03736423  -1.95591653
  -1.04629651  -1.96312896
  -1.05558400  -1.96923114
  -1.05905937  -1.97225621
  -1.07202827  -1.98097607
  -1.07287443  -1.98173379
  -1.08485398  -1.99082901
  -1.08981834  -1.99464573
  -1.09794921  -2.00104016
  -1.10687102  -2.00741760
  -1.11066108  -2.01020217
  -1.12321432  -2.02007606
  -1.12406050  -2.02083379
  -1.13649170  -2.02956450
  -1.14145791  -2.03338246
  -1.14956011  -2.03980666
  -1.15840240  -2.04629484
  -1.16229978  -2.04893834
  -1.17532623  -2.05844131
  -1.17685033  -2.05937094
  -1.18829612  -2.06804647
  -1.19457094  -2.07230689
  -1.20115971  -2.07777702
  -1.21004381  -2.08503291
  -1.21400604  -2.08763351
  -1.22730364  -2.09680133
  -1.22810945  -2.09754279
  -1.24007359  -2.10661354
  -1.24555807  -2.11084969
  -1.25285715  -2.11645772
  -1.26267473  -2.12352108
  -1.26595796  -2.12586586
  -1.27874733  -2.13493759
  -1.28103327  -2.13670462
  -1.29138944  -2.14498389
  -1.29724798  -2.14953337
  -1.30466275  -2.15498153
  -1.31485965  -2.16258158
  -1.31725602  -2.16432664
  -1.33068552  -2.17407980
  -1.33220773  -2.17504337
  -1.34316476  -2.18352096
  -1.34884700  -2.18833014
  -1.35600096  -2.19337244
  -1.36691086  -2.20092110
  -1.36941986  -2.20313566
  -1.38204255  -2.21242323
  -1.38435769  -2.21415436
  -1.39470262  -2.22164454
  -1.40146252  -2.22685008
  -1.40814550  -2.23222665
  -1.41965029  -2.24030052
  -1.42051607  -2.24102194
  -1.43378579  -2.25101504
  -1.43614526  -2.25272728
  -1.44634967  -2.26038671
  -1.45308879  -2.26565067
  -1.45943032  -2.27062651
  -1.47147389  -2.27878164
  -1.47232929  -2.27952415
  -1.48514307  -2.28930842
  -1.48836065  -2.29178985
  -1.49810588  -2.29895220
  -1.50527272  -2.30474016
  -1.51108031  -2.30937057
  -1.52294855  -2.31778760
  -1.52381440  -2.31850907
  -1.53708669  -2.32850369
  -1.53945953  -2.33018275
  -1.54982416  -2.33761475
  -1.55720423  -2.34313299
  -1.56272561  -2.34731939
  -1.57411559  -2.35607814
  -1.57582651  -2.35756325
  -1.58835306  -2.36615281
  -1.59309892  -2.36951105
  -1.60147736  -2.37636099
  -1.60950119  -2.38207914
  -1.61414038  -2.38554915
  -1.62628931  -2.39528038
  -1.62717176  -2.39595341
  -1.64051373  -2.40514930
  -1.64357766  -2.40766662
  -1.65312382  -2.41431704
  -1.66129868  -2.42069000
  -1.66603596  -2.42481435
  -1.67858855  -2.43340995
  -1.67945451  -2.43413149
  -1.69188562  -2.44334357
  -1.69603574  -2.44644868
  -1.70495402  -2.45366479
  -1.71217568  -2.45937913
  -1.71760111  -2.46367951
  -1.72641039  -2.47261250
  -1.73047723  -2.47743449
  -1.73838726  -2.48567573
  -1.74345639  -2.49190721
  -1.74827569  -2.49838802
  -1.75627921  -2.50651472
  -1.76019685  -2.51141427
  -1.76866679  -2.52320129
  -1.76966810  -2.52462120
  -1.78077865  -2.53697362
  -1.78244579  -2.53935654
  -1.79099304  -2.55010247
  -1.79485848  -2.55429776
  -1.80173534  -2.56280415
  -1.80809863  -2.57016333
  -1.81279077  -2.57593347
  -1.82093018  -2.58556431
  -1.82346110  -2.58872692
  -1.83260681  -2.60200004
  -1.83341761  -2.60291280
  -1.84345452  -2.61469051
  -1.84677596  -2.61946419
  -1.85291015  -2.62779785
  -1.85940552  -2.63583583
  -1.86277264  -2.64055551
  -1.87193368  -2.65229986
  -1.87348733  -2.65395684
  -1.88164837  -2.66615538
  -1.88553342  -2.67112801
  -1.89166570  -2.67946040
  -1.89816163  -2.68749877
  -1.90149320  -2.69223645
  -1.91032106  -2.70521685
  -1.91107506  -2.70606625
  -1.92011725  -2.71804368
  -1.92431460  -2.72439120
  -1.92958162  -2.73113777
  -1.93678824  -2.74014706
  -1.94006476  -2.74405963
  -1.94872635  -2.75655866
  -1.95034146  -2.75898043
  -1.95863771  -2.76989243
  -1.96254620  -2.77483336
  -1.96776087  -2.78262646
  -1.97554631  -2.79261970
  -1.97797087  -2.79574080
  -1.98644715  -2.80836111
  -1.98874596  -2.81088934
  -1.99661231  -2.82155240
  -2.00148786  -2.82797286
  -2.00575056  -2.83427079
  -2.01450828  -2.84489250
  -2.01620155  -2.84722119
  -2.02566576  -2.86031210
  -2.02734555  -2.86268558
  -2.03478351  -2.87305205
  -2.04009979  -2.87979659
  -2.04456450  -2.88589411
  -2.05377037  -2.89696593
  -2.05520300  -2.89875632
  -2.06376957  -2.91190135
  -2.06630567  -2.91501862
  -2.07351761  -2.92474447
  -2.07885616  -2.93227132
  -2.08307730  -2.93778669
  -2.09201144  -2.94900322
  -2.09292946  -2.95056518
  -2.10233227  -2.96367702
  -2.10467238  -2.96697485
  -2.11067690  -2.97641599
  -2.11739606  -2.98565244
  -2.11978023  -2.98970357
  -2.12785850  -3.00262157
  -2.13031831  -3.00663571
  -2.13461196  -3.01535704
  -2.14272284  -3.02826659
  -2.14342298  -3.02912624
  -2.15080134  -3.04118486
  -2.15657982  -3.04999619
  -2.15910303  -3.05394946
  -2.16688330  -3.06703959
  -2.16925946  -3.07109774
  -2.17414754  -3.07995901
  -2.18185010  -3.09235768
  -2.18262428  -3.09320698
  -2.19028615  -3.10579992
  -2.19514309  -3.11472076
  -2.19767501  -3.11869064
  -2.20592767  -3.13147960
  -2.20819042  -3.13559770
  -2.21298045  -3.14454278
  -2.22098139  -3.15669564
  -2.22167059  -3.15757461
  -2.22857636  -3.17022681
  -2.23392617  -3.17931609
  -2.23641280  -3.18330078
  -2.24445154  -3.19623058
  -2.24685442  -3.20031047
  -2.25302617  -3.20932526
  -2.25926150  -3.22191666
  -2.26014539  -3.22348640
  -2.26789546  -3.23498831
  -2.27251813  -3.24238811
  -2.27571778  -3.24808186
  -2.28331069  -3.26081021
  -2.28580564  -3.26479166
  -2.29077929  -3.27359848
  -2.29843643  -3.28613823
  -2.29905590  -3.28687095
  -2.30646701  -3.29975781
  -2.31171281  -3.30838183
  -2.31421721  -3.31236102
  -2.32139193  -3.32536128
  -2.32477618  -3.33009503
  -2.32960725  -3.33818342
  -2.33701846  -3.35102007
  -2.33788613  -3.35259944
  -2.34447754  -3.36381624
  -2.35063955  -3.37289656
  -2.35301406  -3.37696760
  -2.36011786  -3.39000435
  -2.36355143  -3.39552409
  -2.36759659  -3.40278993
  -2.37565503  -3.41464571
  -2.37650635  -3.41623214
  -2.38299934  -3.42859579
  -2.38922805  -3.43762011
  -2.39153938  -3.44172935
  -2.39837412  -3.45442153
  -2.40239853  -3.46009371
  -2.40720496  -3.46740119
  -2.41445043  -3.48034447
  -2.41511933  -3.48122754
  -2.42179936  -3.49320696
  -2.42803202  -3.50223319
  -2.43034229  -3.50634201
  -2.43805772  -3.51943753
  -2.44048360  -3.52428328
  -2.44493738  -3.53217297
  -2.45293417  -3.54512154
  -2.45358102  -3.54601040
  -2.46087405  -3.55819051
  -2.46688410  -3.56763908
  -2.46864762  -3.57078479
  -2.47646728  -3.58386685
  -2.47962851  -3.58875892
  -2.48451119  -3.59680555
  -2.49185434  -3.60970299
  -2.49274445  -3.61126275
  -2.49988000  -3.62265154
  -2.50549229  -3.63236161
  -2.50722837  -3.63554490
  -2.51554744  -3.64832596
  -2.51872453  -3.65402525
  -2.52259108  -3.66139343
  -2.53039628  -3.67403892
  -2.53172023  -3.67579049
  -2.53820571  -3.68708244
  -2.54450444  -3.69688083
  -2.54627264  -3.70002816
  -2.55357346  -3.71292855
  -2.55743490  -3.71869744
  -2.56213943  -3.72605199
  -2.56895115  -3.73876248
  -2.57073326  -3.74190292
  -2.57702227  -3.75170873
  -2.58332057  -3.76150751
  -2.58509114  -3.76465558
  -2.59241555  -3.77752064
  -2.59658306  -3.78395163
  -2.60047870  -3.79048273
  -2.60852198  -3.80345815
  -2.60935790  -3.80504622
  -2.61585731  -3.81631838
  -2.62253982  -3.82664254
  -2.62421321  -3.82914949
  -2.63123581  -3.84215221
  -2.63526814  -3.84782752
  -2.64001132  -3.85521025
  -2.64488122  -3.86812629
  -2.64854310  -3.88093437
  -2.64880802  -3.88181150
  -2.65035287  -3.89398380
  -2.65113446  -3.90695327
  -2.65203741  -3.91987617
  -2.65317918  -3.93279895
  -2.65269621  -3.94580091
  -2.64956110  -3.95917009
  -2.64887291  -3.96006189
  -2.63773682  -3.97186586
  -2.63515128  -3.97405826
  -2.62256742  -3.98258044
  -2.61927400  -3.98499524
  -2.60931297  -3.99182287
  -2.60114561  -3.99732703
  -2.59639855  -4.00068416
  -2.58348243  -4.00953302
  -2.58121277  -4.01063735
  -2.57092016  -4.01661161
  -2.56242196  -4.02320187
  -2.55745204  -4.02624579
  -2.54493429  -4.03474715
  -2.54245798  -4.03646084
  -2.53198432  -4.04295245
  -2.52295373  -4.04919696
  -2.51887835  -4.05154901
  -2.50578280  -4.05932234
  -2.50249455  -4.06166242
  -2.49305338  -4.06766770
  -2.48255603  -4.07493478
  -2.48013398  -4.07654878
  -2.46760722  -4.08437376
  -2.46239840  -4.08798693
  -2.45391727  -4.09296522
  -2.44224394  -4.10080919
  -2.44138828  -4.10155184
  -2.42845818  -4.10964110
  -2.42267504  -4.11346545
  -2.41554161  -4.11770887
  -2.40331133  -4.12639557
  -2.40244157  -4.12710565
  -2.38970493  -4.13465808
  -2.38259397  -4.13978374
  -2.37678127  -4.14354278
  -2.36430808  -4.15113905
  -2.36166795  -4.15291762
  -2.35092879  -4.15888811
  -2.34213710  -4.16536711
  -2.33824613  -4.16798188
  -2.32535893  -4.17675954
  -2.32351324  -4.17828726
  -2.31218799  -4.18470418
  -2.30260281  -4.19129512
  -2.29946406  -4.19305398
  -2.28636527  -4.20164135
  -2.28309562  -4.20400797
  -2.27308457  -4.21074992
  -2.26140379  -4.21709777
  -2.26052525  -4.21778626
  -2.24725877  -4.22699202
  -2.24413296  -4.22948527
  -2.23451409  -4.23524676
  -2.22315383  -4.24242044
  -2.22160318  -4.24332175
  -2.20887514  -4.25166649
  -2.20232213  -4.25561566
  -2.19558105  -4.25998930
  -2.18308521  -4.26774301
  -2.18217524  -4.26852876
  -2.16993441  -4.27721803
  -2.16210278  -4.28166425
  -2.15718752  -4.28477384
  -2.14393528  -4.29316393
  -2.14310673  -4.29388665
  -2.13118372  -4.30142969
  -2.12302357  -4.30694378
  -2.11807991  -4.31001559
  -2.10516384  -4.31809925
  -2.10274298  -4.31972115
  -2.09224661  -4.32696883
  -2.08406601  -4.33242936
  -2.07932933  -4.33503619
  -2.06641928  -4.34314330
  -2.06318512  -4.34554155
  -2.05349784  -4.35199880
  -2.04453332  -4.35824150
  -2.04039407  -4.36060940
  -2.02804314  -4.36788776
  -2.02219332  -4.37167113
  -2.01475147  -4.37622535
  -2.00216915  -4.38405810
  -2.00128757  -4.38473055
  -1.98924636  -4.39132414
  -1.98002879  -4.39717657
  -1.97599007  -4.39958604
  -1.96309463  -4.40691514
  -1.95771508  -4.41051004
  -1.95075764  -4.41496854
  -1.93729038  -4.42228756
  -1.93643921  -4.42302328
  -1.92470273  -4.43003895
  -1.91422514  -4.43669343
  -1.91174833  -4.43813412
  -1.89870097  -4.44590260
  -1.89314397  -4.44935447
  -1.88576061  -4.45397367
  -1.87299630  -4.46154161
  -1.87211351  -4.46221478
  -1.85974624  -4.46983792
  -1.85034498  -4.47517459
  -1.84716148  -4.47687754
  -1.83372542  -4.48566581
  -1.83055295  -4.48741886
  -1.82138999  -4.49298166
  -1.80840949  -4.50028594
  -1.80752669  -4.50095914
  -1.79534861  -4.50805376
  -1.78646641  -4.51374583
  -1.78242037  -4.51612557
  -1.76962716  -4.52370727
  -1.76467638  -4.52666817
  -1.75642730  -4.53201078
  -1.74446155  -4.53973379
  -1.74324669  -4.54053816
  -1.73076459  -4.54679950
  -1.72187971  -4.55249228
  -1.71779447  -4.55486615
  -1.70474405  -4.56185682
  -1.69988756  -4.56506811
  -1.69197990  -4.56939943
  -1.67946564  -4.57576592
  -1.67512917  -4.57904741
  -1.66706240  -4.58712622
  -1.66381584  -4.59137278
  -1.66179221  -4.60354620
         
