# shadow point cont 2D ind 204  size 1070
# norm -0.0314108 -0.9995066  0.0000000
# angle  1.6022123
   1.45145334  -4.59082233
   1.45946408  -4.58461367
   1.46888110  -4.57939037
   1.47307140  -4.57710859
   1.48534393  -4.57211356
   1.49781394  -4.56779203
   1.50516735  -4.56474713
   1.51086920  -4.56245903
   1.52378826  -4.55761797
   1.53670734  -4.55277697
   1.53765981  -4.55210282
   1.54963030  -4.54713741
   1.56278322  -4.54224353
   1.57074606  -4.53936205
   1.57535061  -4.53729149
   1.58839301  -4.53101213
   1.59910519  -4.52686947
   1.60153868  -4.52609825
   1.61423551  -4.52053245
   1.62700082  -4.51534261
   1.63202111  -4.51337793
   1.64034079  -4.50995483
   1.65283865  -4.50566144
   1.66434115  -4.50047737
   1.66602022  -4.49965964
   1.67881635  -4.49468128
   1.69173561  -4.48984092
   1.69743752  -4.48755317
   1.70467134  -4.48423539
   1.71758069  -4.47856657
   1.72801501  -4.47438211
   1.73034667  -4.47342339
   1.74341189  -4.46805588
   1.75656257  -4.46313810
   1.75900257  -4.46226580
   1.76959898  -4.45747236
   1.78217539  -4.45274980
   1.79194948  -4.44894322
   1.79526325  -4.44744562
   1.80816149  -4.44179312
   1.82093220  -4.43661391
   1.82255365  -4.43582735
   1.83369564  -4.43066304
   1.84687919  -4.42564141
   1.85403775  -4.42290121
   1.85952935  -4.42021549
   1.87271868  -4.41515413
   1.88552476  -4.41077727
   1.88641624  -4.41011792
   1.89844858  -4.40435320
   1.91159304  -4.39938788
   1.91567006  -4.39768507
   1.92457699  -4.39372844
   1.93720808  -4.38822937
   1.94694412  -4.38429248
   1.95036409  -4.38244443
   1.96319088  -4.37725342
   1.97536739  -4.37175399
   1.97625812  -4.37113740
   1.98888605  -4.36565190
   1.99997739  -4.35972830
   2.00278979  -4.35826980
   2.01495300  -4.34901293
   2.01971677  -4.34571172
   2.02785542  -4.33932850
   2.03574646  -4.33264251
   2.04060180  -4.32781430
   2.04985434  -4.32025888
   2.05414728  -4.31734833
   2.06659427  -4.30865269
   2.06830548  -4.30716718
   2.07952231  -4.29815632
   2.08434005  -4.29408596
   2.09290196  -4.28741256
   2.09946566  -4.28188956
   2.10555327  -4.27659198
   2.11709021  -4.26785557
   2.11804867  -4.26715271
   2.13162805  -4.25674625
   2.13249895  -4.25601859
   2.14410305  -4.24649159
   2.14968412  -4.24239323
   2.15744773  -4.23656653
   2.16680076  -4.22968554
   2.16994164  -4.22711794
   2.18121973  -4.21661023
   2.18265218  -4.21561457
   2.19594456  -4.20557171
   2.19763758  -4.20405556
   2.20866421  -4.19563945
   2.21507372  -4.19074036
   2.22138324  -4.18572079
   2.22964001  -4.17786015
   2.23449052  -4.17384390
   2.24689483  -4.16513485
   2.24765533  -4.16439187
   2.26051755  -4.15391106
   2.26286035  -4.15219842
   2.27303923  -4.14454523
   2.27964751  -4.13907987
   2.28615451  -4.13348658
   2.29725356  -4.12595267
   2.29887782  -4.12440874
   2.31150845  -4.11375740
   2.31239727  -4.11290615
   2.32469832  -4.10417908
   2.32954196  -4.10015587
   2.33780998  -4.09312823
   2.34438548  -4.08762553
   2.35072666  -4.08263617
   2.36063872  -4.07487597
   2.36403651  -4.07182240
   2.37655571  -4.06245735
   2.37741828  -4.06173649
   2.38947202  -4.05196577
   2.39347422  -4.04869699
   2.40218829  -4.04203242
   2.40961045  -4.03577187
   2.41530115  -4.03097966
   2.42588212  -4.02302612
   2.42840800  -4.02074120
   2.44133844  -4.01101191
   2.44214545  -4.01020468
   2.45384809  -4.00088270
   2.45816295  -3.99718857
   2.46716409  -3.99004406
   2.47358094  -3.98434930
   2.48044661  -3.97568512
   2.48300440  -3.97174019
   2.48822567  -3.95845342
   2.49071295  -3.94551723
   2.49158256  -3.93256205
   2.49082791  -3.91958906
   2.49000860  -3.90666797
   2.48996562  -3.89377456
   2.48917798  -3.88082686
   2.48835889  -3.86790603
   2.48753987  -3.85498528
   2.48672092  -3.84206463
   2.48667699  -3.82916977
   2.48511274  -3.81619538
   2.48426451  -3.80330320
   2.48266817  -3.79035456
   2.48067860  -3.77747725
   2.47971698  -3.77427832
   2.47745157  -3.76455138
   2.47500410  -3.75163441
   2.47057892  -3.73857273
   2.46727654  -3.72968089
   2.46547605  -3.72565506
   2.45658722  -3.71272222
   2.45397924  -3.70880742
   2.44744762  -3.69996931
   2.44120175  -3.69013840
   2.43881334  -3.68685017
   2.43070260  -3.67396823
   2.42830388  -3.67069429
   2.42182012  -3.66102899
   2.41567529  -3.65116872
   2.41400979  -3.64799845
   2.40406330  -3.63513052
   2.40260569  -3.63343912
   2.39593861  -3.62227286
   2.38948491  -3.61256243
   2.38707793  -3.60930311
   2.37847816  -3.59676724
   2.37617722  -3.59340700
   2.37005790  -3.58351515
   2.36380501  -3.57447377
   2.36066294  -3.57033722
   2.35230794  -3.55762889
   2.35068617  -3.55521271
   2.34369016  -3.54454893
   2.33758631  -3.53594097
   2.33431816  -3.53193217
   2.32640654  -3.51889999
   2.32482195  -3.51644308
   2.31755482  -3.50593449
   2.31188176  -3.49706871
   2.30868865  -3.49297592
   2.30004572  -3.47992917
   2.29933222  -3.47904071
   2.29169274  -3.46716662
   2.28603781  -3.45908740
   2.28226764  -3.45406544
   2.27470147  -3.44134415
   2.27295886  -3.43900310
   2.26448980  -3.42820063
   2.26043104  -3.42022134
   2.25776559  -3.41545971
   2.24861870  -3.40273159
   2.24710242  -3.40104490
   2.23943238  -3.38948529
   2.23450853  -3.38223055
   2.23107661  -3.37672136
   2.22246448  -3.36363142
   2.22175247  -3.36274350
   2.21332826  -3.35084531
   2.20860657  -3.34352405
   2.20469065  -3.33777070
   2.19600840  -3.32550733
   2.19533405  -3.32460768
   2.18772039  -3.31193925
   2.18244861  -3.30495604
   2.17832198  -3.29936194
   2.17043632  -3.28630567
   2.16976252  -3.28542242
   2.16158762  -3.27335388
   2.15707185  -3.26669967
   2.15297953  -3.26024704
   2.14462764  -3.24750719
   2.14390544  -3.24664059
   2.13520533  -3.23440649
   2.13107255  -3.22800885
   2.12609328  -3.22161282
   2.11872650  -3.20878414
   2.11805277  -3.20790094
   2.10935265  -3.19564722
   2.10522009  -3.18924976
   2.10101082  -3.18289990
   2.09256392  -3.17051931
   2.09190045  -3.16962139
   2.08324490  -3.15705514
   2.07919972  -3.15140873
   2.07433603  -3.14415614
   2.06702191  -3.13126713
   2.06634824  -3.13038399
   2.05660837  -3.11827717
   2.05314690  -3.11279052
   2.04897008  -3.10559704
   2.04023525  -3.09341054
   2.03952605  -3.09252386
   2.03150620  -3.07957433
   2.02750206  -3.07389651
   2.02242551  -3.06680630
   2.01436740  -3.05465787
   2.01367629  -3.05376764
   2.00487609  -3.04080117
   2.00163709  -3.03596288
   1.99625130  -3.02772891
   1.98892314  -3.01724284
   1.98719542  -3.01487019
   1.97978219  -3.00208102
   1.97584886  -2.99715979
   1.96859886  -2.98906480
   1.96276680  -2.98277680
   1.95630671  -2.97631693
   1.95021905  -2.97032514
   1.94343198  -2.96335960
   1.93675742  -2.95715316
   1.92983804  -2.95030567
   1.92420881  -2.94462343
   1.91678117  -2.93752478
   1.91128939  -2.93251120
   1.90321479  -2.92443676
   1.89837007  -2.91959212
   1.89013192  -2.91168973
   1.88504753  -2.90626976
   1.87735487  -2.89862581
   1.87256619  -2.89450508
   1.86425614  -2.88588203
   1.85941164  -2.88103756
   1.85073187  -2.87276128
   1.84704713  -2.86924921
   1.83690352  -2.85995567
   1.83357491  -2.85681467
   1.82406907  -2.84694658
   1.82106016  -2.84429987
   1.81100161  -2.83418353
   1.80773880  -2.83097840
   1.79805045  -2.82128995
   1.79482102  -2.81806048
   1.78373630  -2.80814778
   1.78210520  -2.80655482
   1.77140808  -2.79545405
   1.76918779  -2.79363717
   1.75727959  -2.78213217
   1.75627056  -2.78071966
   1.74436253  -2.76921478
   1.74355522  -2.76840745
   1.73126001  -2.75647938
   1.73043931  -2.75568644
   1.71832728  -2.74358220
   1.71751999  -2.74277488
   1.70506635  -2.73105456
   1.70423411  -2.73027583
   1.69209108  -2.71815191
   1.69128381  -2.71734461
   1.67897269  -2.70624332
   1.67725284  -2.70461453
   1.66567199  -2.69372416
   1.66403887  -2.69211570
   1.65277905  -2.68241219
   1.64802830  -2.67908444
   1.64007884  -2.67326909
   1.63028039  -2.66615435
   1.62700122  -2.66381061
   1.61443807  -2.65446995
   1.61278001  -2.65295730
   1.60101433  -2.64471470
   1.59611735  -2.64060376
   1.58823261  -2.63476295
   1.57727146  -2.62705105
   1.57571610  -2.62611370
   1.56226149  -2.61645806
   1.56051509  -2.61480917
   1.54929630  -2.60595758
   1.54162375  -2.60138176
   1.53715047  -2.59853046
   1.52508954  -2.58908231
   1.52327578  -2.58746956
   1.51112583  -2.57937960
   1.50624385  -2.57539255
   1.49803385  -2.56910195
   1.48994444  -2.56267319
   1.48513469  -2.55938737
   1.47254246  -2.55012053
   1.47169604  -2.54936257
   1.45931769  -2.54079979
   1.45442342  -2.53685206
   1.44619838  -2.53061219
   1.43683365  -2.52373255
   1.43364542  -2.52125589
   1.42039870  -2.51202939
   1.41946967  -2.51127032
   1.40764598  -2.50290078
   1.40118023  -2.49807225
   1.39472395  -2.49322888
   1.38437431  -2.48498917
   1.38200507  -2.48328399
   1.36891592  -2.47382927
   1.36718317  -2.47239181
   1.35617627  -2.46472997
   1.34886892  -2.45913196
   1.34307475  -2.45448271
   1.33178673  -2.44639601
   1.33028945  -2.44547867
   1.31692203  -2.43563532
   1.31455264  -2.43377414
   1.30471066  -2.42659136
   1.29641669  -2.42035896
   1.29143763  -2.41653025
   1.28011896  -2.40767933
   1.27857806  -2.40673710
   1.26545812  -2.39821526
   1.26073668  -2.39478023
   1.25248078  -2.38775110
   1.24525748  -2.38205188
   1.23962010  -2.37804569
   1.22688907  -2.36970352
   1.22602333  -2.36898209
   1.21396436  -2.36003677
   1.20899241  -2.35618451
   1.20103947  -2.35036783
   1.19202693  -2.34328740
   1.18794394  -2.34012355
   1.17522666  -2.33098668
   1.17437137  -2.33024421
   1.16215599  -2.32154682
   1.15652241  -2.31745936
   1.14921187  -2.31187426
   1.14033661  -2.30457903
   1.13630154  -2.30138226
   1.12397154  -2.29334278
   1.12059094  -2.29099759
   1.11052533  -2.28360901
   1.10480868  -2.27876491
   1.09776405  -2.27368236
   1.08647966  -2.26559795
   1.08476833  -2.26406611
   1.07196489  -2.25509520
   1.06883168  -2.25256443
   1.05905356  -2.24541246
   1.05157784  -2.24010467
   1.04610643  -2.23657340
   1.03433101  -2.22652041
   1.03342915  -2.22575334
   1.02069170  -2.21667080
   1.01654751  -2.21355446
   1.00729657  -2.20772216
   0.99849505  -2.20106837
   0.99459755  -2.19768173
   0.98161986  -2.18889056
   0.98074513  -2.18819241
   0.96884498  -2.17902649
   0.96413804  -2.17488178
   0.95597369  -2.16926105
   0.94678871  -2.16246371
   0.94284818  -2.15988768
   0.93042628  -2.14982370
   0.92959876  -2.14904443
   0.91722849  -2.14105803
   0.91139580  -2.13647175
   0.90396625  -2.13108376
   0.89428219  -2.12377366
   0.89111808  -2.12121257
   0.87830345  -2.11146748
   0.87744829  -2.11072511
   0.86527331  -2.10282775
   0.85889159  -2.09778359
   0.85248590  -2.09290654
   0.84120483  -2.08482443
   0.83968239  -2.08388681
   0.82666878  -2.07353911
   0.82428127  -2.07189516
   0.81414209  -2.06496800
   0.80721526  -2.05917017
   0.80061629  -2.05463549
   0.78872990  -2.04611690
   0.78788382  -2.04535921
   0.77503518  -2.03561165
   0.77114641  -2.03299695
   0.76251377  -2.02702522
   0.75204517  -2.01969132
   0.74943897  -2.01755001
   0.73633644  -2.00815398
   0.73547091  -2.00743272
   0.72355353  -1.99748520
   0.71885232  -1.99406989
   0.71109770  -1.98881025
   0.70081025  -1.98162994
   0.69743582  -1.97937646
   0.68499066  -1.96906791
   0.68356666  -1.96808247
   0.67200557  -1.96023158
   0.66606426  -1.95586181
   0.65866954  -1.95033456
   0.64786298  -1.94243871
   0.64614879  -1.94094189
   0.63307516  -1.93149725
   0.63072334  -1.92975167
   0.62015586  -1.92182349
   0.61302452  -1.91679917
   0.60757704  -1.91253106
   0.59736965  -1.90440582
   0.59416801  -1.90209461
   0.58178377  -1.89392960
   0.57766962  -1.89077301
   0.56839123  -1.88415679
   0.56101896  -1.87858710
   0.55549354  -1.87427432
   0.54350958  -1.86534723
   0.54265164  -1.86461037
   0.52998131  -1.85541110
   0.52604723  -1.85208368
   0.51681036  -1.84622083
   0.50749236  -1.83916214
   0.50433110  -1.83665452
   0.49169029  -1.82696937
   0.49085955  -1.82620120
   0.47870304  -1.81788731
   0.47279740  -1.81330607
   0.46530661  -1.80802844
   0.45557150  -1.80080254
   0.45234474  -1.79838199
   0.43963109  -1.78924825
   0.43791168  -1.78773229
   0.42673101  -1.77955760
   0.42023087  -1.77478282
   0.41361023  -1.76934231
   0.40407210  -1.76189153
   0.40108563  -1.75997966
   0.38787264  -1.75073986
   0.38608003  -1.74920333
   0.37511145  -1.74162639
   0.36768497  -1.73623159
   0.36201403  -1.73221171
   0.35161267  -1.72317445
   0.34928291  -1.72147426
   0.33640274  -1.71256661
   0.33312273  -1.71022757
   0.32313714  -1.70259727
   0.31666571  -1.69771761
   0.31051441  -1.69328142
   0.29794363  -1.68476762
   0.29713967  -1.68404757
   0.28449007  -1.67516973
   0.27967270  -1.67172568
   0.27162287  -1.66526553
   0.26355623  -1.65881115
   0.25878664  -1.65555183
   0.24647061  -1.64617532
   0.24564657  -1.64539397
   0.23281742  -1.63723050
   0.22722647  -1.63300175
   0.22020262  -1.62789664
   0.21034227  -1.62007466
   0.20709997  -1.61787518
   0.19470491  -1.60817236
   0.19247021  -1.60638800
   0.18125560  -1.59850473
   0.17559915  -1.59427498
   0.16857617  -1.58917077
   0.15863047  -1.58150623
   0.15539183  -1.57912544
   0.14261779  -1.57084643
   0.13869446  -1.56824670
   0.12986960  -1.56172795
   0.12163787  -1.55552112
   0.11712052  -1.55264864
   0.10397149  -1.54418296
   0.10151532  -1.54244609
   0.09126259  -1.53737905
   0.07883276  -1.52997369
   0.07800170  -1.52921610
   0.06540753  -1.52292402
   0.05394359  -1.51686490
   0.05232001  -1.51608024
   0.03947655  -1.50946575
   0.02914021  -1.50350404
   0.02662829  -1.50215245
   0.01366408  -1.49575118
   0.00630287  -1.49096948
   0.00071448  -1.48771321
  -0.01182615  -1.48219782
  -0.01932746  -1.47784171
  -0.02505448  -1.47477620
  -0.03785740  -1.46727156
  -0.04191309  -1.46493422
  -0.05086669  -1.46025527
  -0.06307079  -1.45224461
  -0.06393566  -1.45152542
  -0.07675906  -1.44517046
  -0.08723866  -1.43932287
  -0.08950513  -1.43825015
  -0.10249111  -1.43121367
  -0.11217086  -1.42637336
  -0.11536293  -1.42457170
  -0.12837721  -1.41772988
  -0.13557845  -1.41334140
  -0.14120966  -1.41023930
  -0.15415699  -1.40300315
  -0.15822412  -1.40070954
  -0.16708820  -1.39575467
  -0.17971583  -1.39126700
  -0.19264162  -1.38934974
  -0.20570513  -1.39263369
  -0.21862034  -1.39893437
  -0.22092226  -1.39993270
  -0.23153142  -1.40619077
  -0.24435978  -1.41190806
  -0.24524993  -1.41252444
  -0.25734247  -1.41909782
  -0.26987521  -1.42539592
  -0.27068784  -1.42606042
  -0.28322701  -1.43335169
  -0.29433645  -1.43864254
  -0.29592882  -1.43950735
  -0.30892472  -1.44656146
  -0.31938976  -1.45142377
  -0.32192598  -1.45294187
  -0.33477172  -1.46024428
  -0.34184551  -1.46460188
  -0.34750239  -1.46781631
  -0.36066480  -1.47449618
  -0.36627619  -1.47705643
  -0.37352461  -1.48119203
  -0.38652296  -1.48818975
  -0.39044929  -1.49007636
  -0.39915962  -1.49518875
  -0.41243574  -1.50144923
  -0.41488948  -1.50258161
  -0.42515394  -1.50861607
  -0.43810327  -1.51483488
  -0.43902331  -1.51538314
  -0.45095406  -1.52233919
  -0.46248905  -1.52812648
  -0.46413283  -1.52886371
  -0.47688995  -1.53577934
  -0.48663013  -1.54135773
  -0.49001633  -1.54337199
  -0.50242859  -1.55082082
  -0.50820171  -1.55462985
  -0.51578910  -1.56072812
  -0.52446608  -1.56745099
  -0.52856231  -1.57045598
  -0.54117615  -1.57902177
  -0.54287053  -1.58049443
  -0.55429525  -1.58924180
  -0.55997128  -1.59315058
  -0.56770034  -1.59905192
  -0.57690595  -1.60617216
  -0.58009004  -1.60861492
  -0.59315302  -1.61804394
  -0.59404829  -1.61872213
  -0.60591321  -1.62716532
  -0.61169561  -1.63181851
  -0.61900691  -1.63739808
  -0.62930691  -1.64491500
  -0.63186156  -1.64709213
  -0.64462420  -1.65621628
  -0.64700234  -1.65785997
  -0.65773610  -1.66644570
  -0.66271213  -1.67028577
  -0.67063231  -1.67612886
  -0.68093498  -1.68364219
  -0.68326192  -1.68540750
  -0.69663528  -1.69509120
  -0.69763405  -1.69579273
  -0.70883739  -1.70421396
  -0.71624647  -1.70969756
  -0.72218862  -1.71406762
  -0.73260080  -1.72234849
  -0.73493482  -1.72402167
  -0.74785224  -1.73288861
  -0.75110905  -1.73528615
  -0.76078974  -1.74254789
  -0.76740909  -1.74799148
  -0.77387163  -1.75278306
  -0.78566106  -1.76128994
  -0.78649647  -1.76203287
  -0.79998809  -1.77257677
  -0.80087538  -1.77327645
  -0.81206217  -1.78092064
  -0.81964316  -1.78695854
  -0.82542225  -1.79073515
  -0.83619545  -1.79937547
  -0.83849616  -1.80113841
  -0.85097581  -1.81054816
  -0.85407915  -1.81308584
  -0.86384598  -1.82028903
  -0.87135456  -1.82554410
  -0.87719749  -1.83023355
  -0.88813082  -1.83873561
  -0.88983293  -1.84021501
  -0.90290487  -1.84882073
  -0.90618489  -1.85126441
  -0.91551867  -1.85815215
  -0.92382145  -1.86425452
  -0.92881402  -1.86816054
  -0.94041065  -1.87652976
  -0.94190801  -1.87750541
  -0.95426319  -1.88717582
  -0.95754441  -1.89034437
  -0.96748603  -1.89803132
  -0.97410977  -1.90257278
  -0.98044876  -1.90689346
  -0.99264334  -1.91582175
  -0.99344536  -1.91656845
  -1.00639638  -1.92674893
  -1.00882017  -1.92851540
  -1.01878850  -1.93561825
  -1.02646411  -1.94140119
  -1.03262818  -1.94568534
  -1.04432891  -1.95428997
  -1.04521178  -1.95499579
  -1.05790365  -1.96499506
  -1.06174077  -1.96766185
  -1.07062375  -1.97491859
  -1.07797019  -1.98042372
  -1.08373826  -1.98516658
  -1.09607442  -1.99315865
  -1.09693269  -1.99389575
  -1.10966281  -2.00343614
  -1.11292741  -2.00597745
  -1.12209436  -2.01304502
  -1.13044671  -2.01905809
  -1.13556732  -2.02280231
  -1.14666130  -2.03200078
  -1.14812843  -2.03297664
  -1.16094184  -2.04195337
  -1.16509296  -2.04500535
  -1.17389561  -2.05159146
  -1.18274344  -2.05807677
  -1.18680604  -2.06127604
  -1.19936190  -2.07059620
  -1.20020827  -2.07135409
  -1.21297982  -2.08173422
  -1.21601276  -2.08367702
  -1.22514905  -2.08999962
  -1.23435474  -2.09685989
  -1.23855580  -2.09981139
  -1.25134097  -2.10891297
  -1.25219644  -2.10965554
  -1.26429247  -2.11936490
  -1.26895509  -2.12281032
  -1.27715576  -2.12910034
  -1.28545299  -2.13521358
  -1.29047672  -2.13904885
  -1.30222296  -2.14841714
  -1.30305663  -2.14919354
  -1.31603824  -2.15791735
  -1.32086444  -2.16120047
  -1.32866007  -2.16719866
  -1.33846609  -2.17432857
  -1.34191640  -2.17725999
  -1.35416708  -2.18675218
  -1.35502801  -2.18748762
  -1.36754096  -2.19608998
  -1.37251326  -2.19994378
  -1.38066454  -2.20631260
  -1.38890747  -2.21248731
  -1.39388166  -2.21656193
  -1.40628415  -2.22514074
  -1.40713973  -2.22588339
  -1.41956742  -2.23511639
  -1.42424691  -2.23862088
  -1.43211906  -2.24450127
  -1.44123095  -2.25142770
  -1.44536970  -2.25448860
  -1.45812974  -2.26362811
  -1.45898535  -2.26437079
  -1.47086095  -2.27355731
  -1.47648758  -2.27762554
  -1.48377171  -2.28324731
  -1.49278644  -2.29033098
  -1.49687049  -2.29349538
  -1.50959006  -2.30263319
  -1.51044571  -2.30337589
  -1.52287527  -2.31261008
  -1.52829898  -2.31616289
  -1.53545806  -2.32195640
  -1.54454119  -2.32892292
  -1.54868094  -2.33198436
  -1.56124595  -2.34057451
  -1.56296074  -2.34204418
  -1.57436169  -2.35080700
  -1.57968877  -2.35521540
  -1.58706101  -2.36078077
  -1.59687582  -2.36786166
  -1.60015325  -2.37020655
  -1.61290460  -2.37932460
  -1.61459744  -2.38084629
  -1.62619228  -2.39010995
  -1.63086670  -2.39361131
  -1.63837610  -2.39909327
  -1.64849834  -2.40666425
  -1.65181469  -2.40895833
  -1.66475988  -2.41862545
  -1.66561565  -2.41936824
  -1.67750980  -2.42852991
  -1.68312269  -2.43262600
  -1.69040539  -2.43824718
  -1.70036936  -2.44507311
  -1.70379159  -2.44744955
  -1.71624673  -2.45680141
  -1.71791788  -2.45834835
  -1.72948715  -2.46681077
  -1.73445382  -2.47076312
  -1.74193308  -2.47631191
  -1.75413673  -2.48436254
  -1.75519404  -2.48556199
  -1.76791223  -2.49555614
  -1.77029712  -2.49724269
  -1.78079772  -2.50449579
  -1.78743023  -2.50990977
  -1.79410298  -2.51525397
  -1.80475243  -2.52221660
  -1.80721020  -2.52377427
  -1.81997080  -2.53382632
  -1.82231394  -2.53553962
  -1.83289548  -2.54432366
  -1.83919447  -2.54852237
  -1.84542053  -2.55287516
  -1.85708447  -2.56121052
  -1.85865364  -2.56209061
  -1.87144440  -2.57202326
  -1.87469496  -2.57438687
  -1.88416518  -2.58115172
  -1.89245778  -2.58730705
  -1.89734011  -2.59137010
  -1.90761349  -2.60048054
  -1.90997365  -2.60221441
  -1.92247703  -2.61300527
  -1.92332163  -2.61376720
  -1.93607934  -2.62529333
  -1.93690564  -2.62609168
  -1.94861428  -2.63699255
  -1.95103695  -2.63941502
  -1.96189867  -2.64953150
  -1.96436152  -2.65193163
  -1.97468084  -2.66260556
  -1.97782578  -2.66515631
  -1.98773422  -2.67376211
  -1.99181837  -2.67777230
  -2.00067435  -2.68586271
  -2.00629528  -2.69074112
  -2.01382514  -2.69856664
  -2.01853364  -2.70357361
  -2.02631430  -2.71031676
  -2.03340904  -2.71693820
  -2.03943357  -2.72301505
  -2.04653327  -2.72965756
  -2.05198458  -2.73470482
  -2.06023817  -2.74261558
  -2.06506825  -2.74668178
  -2.07477959  -2.75553082
  -2.07816770  -2.75857737
  -2.08731986  -2.76801869
  -2.09115604  -2.77145096
  -2.10162346  -2.78116879
  -2.10407895  -2.78356532
  -2.11566032  -2.79370334
  -2.11737191  -2.79520047
  -2.12837257  -2.80694537
  -2.12973034  -2.80797806
  -2.14235366  -2.81950277
  -2.14321740  -2.82024163
  -2.15538643  -2.83158338
  -2.15698428  -2.83323570
  -2.16864797  -2.84336931
  -2.17111972  -2.84575522
  -2.18141883  -2.85564928
  -2.18476482  -2.85876485
  -2.19454577  -2.86837067
  -2.19777710  -2.87160147
  -2.20744943  -2.88050131
  -2.21211523  -2.88472687
  -2.22037256  -2.89261900
  -2.22599627  -2.89749897
  -2.23311840  -2.90411262
  -2.23897599  -2.91037262
  -2.24641880  -2.91743550
  -2.25331496  -2.92349864
  -2.25897029  -2.92915293
  -2.26640108  -2.93626029
  -2.27226041  -2.94166802
  -2.28094964  -2.94917798
  -2.28502430  -2.95318470
  -2.29391170  -2.96207035
  -2.29795146  -2.96610931
  -2.30665697  -2.97516688
  -2.31087958  -2.97984172
  -2.31645763  -2.98799053
  -2.32351645  -2.99783333
  -2.32603436  -3.00104519
  -2.33346872  -3.01381459
  -2.33646319  -3.01801142
  -2.34204272  -3.02692830
  -2.34958327  -3.03888884
  -2.35029813  -3.03975876
  -2.35797690  -3.05242518
  -2.36239979  -3.05914191
  -2.36653908  -3.06556239
  -2.37466170  -3.07845574
  -2.37536089  -3.07933162
  -2.38224707  -3.09119387
  -2.38875212  -3.10083497
  -2.39161886  -3.10432006
  -2.39865614  -3.11735281
  -2.40107534  -3.12068268
  -2.40776433  -3.13019245
  -2.41444243  -3.14054822
  -2.41595486  -3.14304171
  -2.42397603  -3.15600691
  -2.42719188  -3.16086881
  -2.43230101  -3.16876990
  -2.44015703  -3.18104223
  -2.44084645  -3.18192142
  -2.44826099  -3.19476350
  -2.45322861  -3.20195611
  -2.45712484  -3.20771117
  -2.46493280  -3.22078873
  -2.46560683  -3.22167218
  -2.47324980  -3.23361016
  -2.47909643  -3.24154798
  -2.48221421  -3.24647267
  -2.48999245  -3.25906390
  -2.49227683  -3.26244669
  -2.49788335  -3.27215247
  -2.50500215  -3.28273975
  -2.50666282  -3.28512535
  -2.51406291  -3.29800547
  -2.51794165  -3.30374697
  -2.52286621  -3.31096596
  -2.53072024  -3.32323887
  -2.53140981  -3.32411820
  -2.53960552  -3.33698399
  -2.54364927  -3.34344807
  -2.54769307  -3.34991220
  -2.55578080  -3.36284059
  -2.55648029  -3.36371677
  -2.56333992  -3.37559186
  -2.56954784  -3.38545043
  -2.57191523  -3.38874514
  -2.58004507  -3.40162686
  -2.58258277  -3.40479714
  -2.58919039  -3.41439272
  -2.59561720  -3.42574721
  -2.59648670  -3.42731463
  -2.60511857  -3.44041507
  -2.60833917  -3.44527948
  -2.61321702  -3.45333545
  -2.62145769  -3.46536434
  -2.62215677  -3.46623015
  -2.62941034  -3.47918156
  -2.63422520  -3.48649385
  -2.63825487  -3.49216939
  -2.64637308  -3.50506565
  -2.64707273  -3.50594198
  -2.65524283  -3.51803090
  -2.66015623  -3.52685665
  -2.66256205  -3.53091762
  -2.67116091  -3.54403988
  -2.67268153  -3.54578616
  -2.67874879  -3.55677349
  -2.68580395  -3.56664510
  -2.68814742  -3.56992375
  -2.69520576  -3.58247074
  -2.69913347  -3.58820194
  -2.70406298  -3.59542376
  -2.71158102  -3.60822130
  -2.71225884  -3.60908086
  -2.72028725  -3.62126699
  -2.72503283  -3.62860961
  -2.72813490  -3.63433393
  -2.73697036  -3.64733814
  -2.73769338  -3.64820548
  -2.74455276  -3.66006941
  -2.75074122  -3.66914238
  -2.75318038  -3.67316976
  -2.76126495  -3.68611262
  -2.76385537  -3.69005776
  -2.76886402  -3.69885359
  -2.77534448  -3.71211072
  -2.77620181  -3.71529894
  -2.77962138  -3.72498377
  -2.78095886  -3.73770269
  -2.78335485  -3.75063873
  -2.78579152  -3.76356931
  -2.78746010  -3.77649322
  -2.78872691  -3.78944692
  -2.78946965  -3.79995707
  -2.79001054  -3.80239868
  -2.79075227  -3.81528149
  -2.79159125  -3.82821085
  -2.79241205  -3.84114087
  -2.79286838  -3.85407264
  -2.79365152  -3.86702669
  -2.79447256  -3.87995711
  -2.79529369  -3.89288767
  -2.79611489  -3.90581836
  -2.79693617  -3.91874919
  -2.79658187  -3.93165312
  -2.79469700  -3.94453335
  -2.78983724  -3.95565979
  -2.78888305  -3.95715654
  -2.77737205  -3.96990410
  -2.77657786  -3.97072176
  -2.76440239  -3.98021947
  -2.76095177  -3.98316304
  -2.75128737  -3.99047830
  -2.74409401  -3.99621531
  -2.73856854  -4.00040583
  -2.72768455  -4.00872829
  -2.72524866  -4.01047520
  -2.71253454  -4.02116938
  -2.71172745  -4.02197660
  -2.69942767  -4.03057854
  -2.69454522  -4.03456443
  -2.68690282  -4.04073986
  -2.67780887  -4.04771998
  -2.67347737  -4.05141970
  -2.66107372  -4.06012124
  -2.66026244  -4.06091539
  -2.64815967  -4.06981270
  -2.64321944  -4.07371548
  -2.63504608  -4.08086136
  -2.62785327  -4.08659844
  -2.62232901  -4.09078850
  -2.61077289  -4.09929626
  -2.60900278  -4.10086408
  -2.59610062  -4.11048407
  -2.59377807  -4.11221714
  -2.58339031  -4.12120434
  -2.57848242  -4.12515560
  -2.57019058  -4.13134523
  -2.56070786  -4.13805609
  -2.55757248  -4.14055461
  -2.54444645  -4.15001328
  -2.54294939  -4.15096723
  -2.53172023  -4.15995723
  -2.52629487  -4.16424968
  -2.51920556  -4.17009928
  -2.51074471  -4.17684857
  -2.50590774  -4.18091624
  -2.49451131  -4.18966391
  -2.49276505  -4.19125437
  -2.48026887  -4.20054028
  -2.47698983  -4.20287410
  -2.46697562  -4.21056848
  -2.45931697  -4.21591604
  -2.45463635  -4.21934666
  -2.44448074  -4.22844128
  -2.44133923  -4.23095024
  -2.42861829  -4.24008494
  -2.42690763  -4.24156993
  -2.41570456  -4.24976870
  -2.40985272  -4.25431442
  -2.40258172  -4.26002275
  -2.39312602  -4.26755772
  -2.38965670  -4.27053388
  -2.37755511  -4.28028296
  -2.37675135  -4.28105709
  -2.36368247  -4.29050933
  -2.36049746  -4.29298112
  -2.35132144  -4.30002870
  -2.34379255  -4.30614077
  -2.33789374  -4.31065723
  -2.32663968  -4.31878742
  -2.32507833  -4.31977909
  -2.31205963  -4.33085920
  -2.31123825  -4.33164823
  -2.29928933  -4.34071087
  -2.29438215  -4.34466236
  -2.28638678  -4.35038413
  -2.27599713  -4.35778674
  -2.27362503  -4.35952802
  -2.26079444  -4.36598472
  -2.25267687  -4.37076985
  -2.24802430  -4.37349514
  -2.23499096  -4.37890234
  -2.22283227  -4.38360679
  -2.22194284  -4.38419252
  -2.20914655  -4.38937716
  -2.19637574  -4.39455223
  -2.19072506  -4.39697441
  -2.18345994  -4.40019441
  -2.17054436  -4.40584149
  -2.16073500  -4.40954724
  -2.15736323  -4.41114495
  -2.14471143  -4.41553768
  -2.13166379  -4.42082811
  -2.12836903  -4.42226410
  -2.11861621  -4.42611858
  -2.10596283  -4.43083385
  -2.09615239  -4.43538383
  -2.09288340  -4.43694189
  -2.07990445  -4.44143347
  -2.06695341  -4.44627463
  -2.06366037  -4.44790587
  -2.05429534  -4.45177656
  -2.04138695  -4.45665761
  -2.03002991  -4.46134746
  -2.02838506  -4.46214885
  -2.01544312  -4.46679568
  -2.00249021  -4.47242309
  -1.99847780  -4.47408545
  -1.98957325  -4.47806753
  -1.97667980  -4.48291330
  -1.96625216  -4.48713301
  -1.96388522  -4.48806103
  -1.95075785  -4.49304419
  -1.93821482  -4.49805928
  -1.93402956  -4.50019118
  -1.92502457  -4.50388061
  -1.91201641  -4.50837208
  -1.90070506  -4.51248170
  -1.89906531  -4.51321985
  -1.88655091  -4.51823699
  -1.87349283  -4.52358377
  -1.86779321  -4.52587035
  -1.86044634  -4.52887505
  -1.84741118  -4.53419655
  -1.83554438  -4.53887223
  -1.83462776  -4.53956868
  -1.82195380  -4.54332809
  -1.80891948  -4.54858077
  -1.80238683  -4.55163186
  -1.79599834  -4.55420649
  -1.78309108  -4.55906458
  -1.77017642  -4.56390263
  -1.76926844  -4.56450361
  -1.75739969  -4.56906196
  -1.74424121  -4.57404402
  -1.73529259  -4.57690301
  -1.73087861  -4.57935168
  -1.71806208  -4.58798383
  -1.71563568  -4.58958645
  -1.70767882  -4.60232980
         
