# shadow point cont 3D ind 233  size 1099
# norm -0.2562894 -0.9666001  0.0000000
# angle  1.8299777
   1.66885635273016   -0.44248924410185   -4.59095929985345
   1.67283599096981   -0.44354442606139   -4.58695882659418
   1.68253239791066   -0.44611538177650   -4.58013546826701
   1.68675534662717   -0.44723507634003   -4.57713415093802
   1.69791276248521   -0.45019341155029   -4.57185427513288
   1.71000567247858   -0.45339978853606   -4.56654402698448
   1.71108959311827   -0.45368718488611   -4.56601663926266
   1.72304655945412   -0.45685751706422   -4.56007880047126
   1.73550187174440   -0.46015998327790   -4.55443465951758
   1.73932026323119   -0.46117241143561   -4.55253699256717
   1.74784771922771   -0.46343342542392   -4.54844738940645
   1.76031793586483   -0.46673984345356   -4.54359752165741
   1.76955973004650   -0.46919026077971   -4.53925610389059
   1.77283755673541   -0.47005936077834   -4.53715740468547
   1.78532474491384   -0.47337027873063   -4.53070135087428
   1.79537285125776   -0.47603448585277   -4.52646473698639
   1.79765632407545   -0.47663993769970   -4.52553814258547
   1.81028511402134   -0.47998840068031   -4.51939869087998
   1.82275908121466   -0.48329581315191   -4.51455010338378
   1.82432617016715   -0.48371131925877   -4.51367599143610
   1.83512070016119   -0.48657343702563   -4.50780012903383
   1.84786361322286   -0.48995215920211   -4.50199301338010
   1.85018233095872   -0.49056695606976   -4.50100969458533
   1.86025025362015   -0.49323641739329   -4.49600674705579
   1.87258169299961   -0.49650603929980   -4.49082089439351
   1.87817374509779   -0.49798874504727   -4.48789521616896
   1.88535231015755   -0.49989210708429   -4.48423696747183
   1.89771309984442   -0.50316951108380   -4.47825609030030
   1.90547878258379   -0.50522854455284   -4.47496227979942
   1.91020091048601   -0.50648059407920   -4.47260867662490
   1.92267703450173   -0.50978857842189   -4.46695421764531
   1.93139736872099   -0.51210073314431   -4.46240331197518
   1.93536503693586   -0.51315274130928   -4.46000422271806
   1.94750765137427   -0.51637229718986   -4.45453516442251
   1.96000292996082   -0.51968536027499   -4.44964918529579
   1.96085448546296   -0.51991114612518   -4.44905027607161
   1.97248288752225   -0.52299436106391   -4.44245785992922
   1.98521029926150   -0.52636897313921   -4.43745146528944
   1.98615487070546   -0.52661942171950   -4.43681256736848
   1.99763057614806   -0.52966214988392   -4.43066269931028
   2.01021363196413   -0.53299848667974   -4.42534544702846
   2.01338144441946   -0.53383841693288   -4.42371651949275
   2.02274716622133   -0.53632169307214   -4.41887521651536
   2.03507086515664   -0.53958926263707   -4.41370559226923
   2.04137068684750   -0.54125963009165   -4.41060206482851
   2.04758044720082   -0.54290611821526   -4.40726725788703
   2.06004750394393   -0.54621169841419   -4.40160371155798
   2.06862472567472   -0.54848590754785   -4.39754734390936
   2.07238363807025   -0.54948256511028   -4.39569889802286
   2.08514628135243   -0.55286651865992   -4.38984794990606
   2.09679550716723   -0.55595525491738   -4.38481123120287
   2.09776985188742   -0.55621359773881   -4.38409235114099
   2.11015395086473   -0.55949718208469   -4.37773617471445
   2.12234001253493   -0.56272825779004   -4.37224602954441
   2.12322320767943   -0.56296243273940   -4.37161837515250
   2.13498750456973   -0.56608167953968   -4.36531096141883
   2.14606680190246   -0.56901930199827   -4.35917434995555
   2.14792479391681   -0.56951193965437   -4.35768933764827
   2.16019626334267   -0.57276566081580   -4.34859236260761
   2.16253636417462   -0.57338612730865   -4.34617026024788
   2.17228128197102   -0.57596994544405   -4.33767212292261
   2.17872761307248   -0.57767915916496   -4.33308882774598
   2.18536002260990   -0.57943771068918   -4.32704372737343
   2.19292321930249   -0.58144305595573   -4.32031709876280
   2.19743040559448   -0.58263811474680   -4.31689605143612
   2.20927494504130   -0.58577863747542   -4.30740320810827
   2.21012663900798   -0.58600446003882   -4.30661811548351
   2.22280423042362   -0.58936586249468   -4.29551870854180
   2.22416937545388   -0.58972782414077   -4.29451005157041
   2.23508295098034   -0.59262150625862   -4.28565132766740
   2.23971561455340   -0.59384983474793   -4.28155795978459
   2.24718347248883   -0.59582990140106   -4.27473415086153
   2.25447125489057   -0.59776222189159   -4.26857908318349
   2.25986114936638   -0.59919132651673   -4.26363496405848
   2.26932204209608   -0.60169983677026   -4.25569069171320
   2.27234392849083   -0.60250107542954   -4.25314186539793
   2.28436504423440   -0.60568841651490   -4.24308148256801
   2.28521727693456   -0.60591438192090   -4.24224484821901
   2.29711171963120   -0.60906813625646   -4.23272025729033
   2.30114141060874   -0.61013658945898   -4.22961300820892
   2.31018301027872   -0.61253392617217   -4.22125899756687
   2.31466841027277   -0.61372320843101   -4.21702115448970
   2.32226942240418   -0.61573858027948   -4.21114813460823
   2.33106343100821   -0.61807026941106   -4.20418537108369
   2.33541722291721   -0.61922465641845   -4.20064103602362
   2.34601729933211   -0.62203521575303   -4.19138086810180
   2.34743699430946   -0.62241164105552   -4.19038669851473
   2.36011496432975   -0.62577314389658   -4.17928807635484
   2.36148017599790   -0.62613512321139   -4.17827948145600
   2.37201154983999   -0.62892746638887   -4.16897210180113
   2.37683550908216   -0.63020651600579   -4.16505721628431
   2.38488367019801   -0.63234044725921   -4.15811244074059
   2.39048053029169   -0.63382442782359   -4.15261760231347
   2.39736066939719   -0.63564866365259   -4.14683199338681
   2.40676182542734   -0.63814133500723   -4.13962058913736
   2.40984882231692   -0.63895983740139   -4.13713700130496
   2.42170771836310   -0.64210416671336   -4.12684110683305
   2.42250720423659   -0.64231614655168   -4.12613352260279
   2.43481800827470   -0.64558029709657   -4.11532353387803
   2.43637817138843   -0.64599396685056   -4.11370900741149
   2.44711234932461   -0.64884008255924   -4.10540638530310
   2.45277897804419   -0.65034256193958   -4.10085474471644
   2.45978538330385   -0.65220027663273   -4.09434751994633
   2.46737547741706   -0.65421275362113   -4.08764935159298
   2.47173707847249   -0.65536921118618   -4.08410553195364
   2.48271689693110   -0.65828045729923   -4.07558085735059
   2.48547607103076   -0.65901203905562   -4.07329569961348
   2.49723834024847   -0.66213074822826   -4.06288517334052
   2.49806546226074   -0.66235005565600   -4.06214254832061
   2.50972215221284   -0.66544077099360   -4.05238245356639
   2.51418346163773   -0.66662366575377   -4.04888849796868
   2.52220722083299   -0.66875112695518   -4.04189334740328
   2.52853633917842   -0.67042926227697   -4.03635314878885
   2.53488238411813   -0.67211188560391   -4.03084085940838
   2.54538832241578   -0.67489748466898   -4.02303662736230
   2.54717491395890   -0.67537119083317   -4.02090402399113
   2.55763193724728   -0.67814382031854   -4.01078164077995
   2.55984900731015   -0.67873166579406   -4.00899003540199
   2.57195596414842   -0.68194176723327   -3.99967846648985
   2.57441101343677   -0.68259271175708   -3.99740453842584
   2.58482107931775   -0.68535289071148   -3.98804054072317
   2.58803867093433   -0.68620601967008   -3.98492600209700
   2.59710575837435   -0.68861011434304   -3.97731314857634
   2.60198145403653   -0.68990288162316   -3.97186396120039
   2.60977288214149   -0.69196874135219   -3.96295215286193
   2.61297566455930   -0.69281794372288   -3.95899061165507
   2.61953994612704   -0.69455843144324   -3.94614455340256
   2.62167947088875   -0.69512571615472   -3.93305892887987
   2.62197654630438   -0.69520448427391   -3.92000731108859
   2.62182392968412   -0.69516401871027   -3.90708401249793
   2.62084797025660   -0.69490524775695   -3.89411369552248
   2.62036728559985   -0.69477779652960   -3.88124165744959
   2.61999084856859   -0.69467798605931   -3.86830322692691
   2.61919818498487   -0.69446781511835   -3.85538170949253
   2.61875901307100   -0.69435137079533   -3.84247681098150
   2.61765593278193   -0.69405889435631   -3.82951667883811
   2.61500972923959   -0.69335726620043   -3.81663188562335
   2.61008578160383   -0.69205170514134   -3.80429897162352
   2.60963872028720   -0.69193316898109   -3.80336042643133
   2.60219459880604   -0.68995939593477   -3.79048142407975
   2.59737933484307   -0.68868265182936   -3.78167771918534
   2.59439134564350   -0.68789040084853   -3.77746996316395
   2.58733339122264   -0.68601901814296   -3.76465003598250
   2.58503142803373   -0.68540866366293   -3.76058048758381
   2.58004039916137   -0.68408531633623   -3.75185185270063
   2.57240385999817   -0.68206052466597   -3.74041587617827
   2.57095025171353   -0.68167510741299   -3.73855655183442
   2.56360955316888   -0.67972875646140   -3.72601650455728
   2.55991700488080   -0.67874969502323   -3.72099264679706
   2.55352210469690   -0.67705411796301   -3.71297351260702
   2.54723170530265   -0.67538624878512   -3.70415578595755
   2.54412533327752   -0.67456260916685   -3.70008404354222
   2.53549549131892   -0.67227444803259   -3.68720667498945
   2.53479683467165   -0.67208920257918   -3.68633958956806
   2.52614657279406   -0.66979562720151   -3.67423675302743
   2.52254155637669   -0.66883977441832   -3.66922854816349
   2.51678935279346   -0.66731460527402   -3.66127171494883
   2.50972554451550   -0.66544167044635   -3.65163034931567
   2.50738112955710   -0.66482006008360   -3.64839869016740
   2.49800359309336   -0.66233365134351   -3.63547216556930
   2.49728465362837   -0.66214302799843   -3.63461560639725
   2.48847665745721   -0.65980763013063   -3.62208493959384
   2.48584632645656   -0.65911021050293   -3.61783431195696
   2.47950682019911   -0.65742932087618   -3.60930438040179
   2.47186733081843   -0.65540374696992   -3.59941568703649
   2.46981578599251   -0.65485978971573   -3.59675725009134
   2.46125503875867   -0.65258994871579   -3.58379540630642
   2.45986457558919   -0.65222127408672   -3.58206385241252
   2.45190563108724   -0.65011099818984   -3.57083473937446
   2.44739898644016   -0.64891608301331   -3.56504212774642
   2.44157676039947   -0.64737234775082   -3.55743810396212
   2.43471596983813   -0.64555324209535   -3.54740732132578
   2.43311711539446   -0.64512931352112   -3.54502756669019
   2.42323976165082   -0.64251038063058   -3.53187254691987
   2.42235829997788   -0.64227666530288   -3.53036204311810
   2.41493738240235   -0.64030904466065   -3.51932989740189
   2.40954580771825   -0.63887949453635   -3.51280546817239
   2.40498874238339   -0.63767121055670   -3.50625241949813
   2.39719392255602   -0.63560445152877   -3.49492380039724
   2.39570532955678   -0.63520975824679   -3.49318947150644
   2.38651062938401   -0.63277182767084   -3.48020599677475
   2.38489342135860   -0.63234303273259   -3.47779986727500
   2.37714335697706   -0.63028814039610   -3.46725027761229
   2.37240460785665   -0.62903168383359   -3.46081816886769
   2.36733589335118   -0.62768773853451   -3.45408232511293
   2.36071389961571   -0.62593194871014   -3.44338508774569
   2.35921194132920   -0.62553371168645   -3.44092271111657
   2.34882165573850   -0.62277877738099   -3.42859628360573
   2.34717443697804   -0.62234202524052   -3.42628360152774
   2.34040240191166   -0.62054645267812   -3.41562355530262
   2.33491510028002   -0.61909152101359   -3.40830137880688
   2.33103855524052   -0.61806367372077   -3.40267361752317
   2.32241669339235   -0.61577762847445   -3.39133941075780
   2.32094968197751   -0.61538865744589   -3.38964489509814
   2.31258534651705   -0.61317089408402   -3.37717404850819
   2.30938914349049   -0.61232343620731   -3.37324318339050
   2.30265747084092   -0.61053856554580   -3.36408005522643
   2.29719252651499   -0.60908956181347   -3.35600047458545
   2.29333545415268   -0.60806687760745   -3.35109942735394
   2.28511990342818   -0.60588856380350   -3.33877072374642
   2.28450211705130   -0.60572476071375   -3.33785716378223
   2.27459966762869   -0.60309917382450   -3.32524077989231
   2.27232136660205   -0.60249509325312   -3.32200955469044
   2.26623454701227   -0.60088120228230   -3.31179594235201
   2.26080925093632   -0.59944271109296   -3.30495633743818
   2.25608298940496   -0.59818956555469   -3.29914117645862
   2.24765705950805   -0.59595547072392   -3.28702691658717
   2.24700514337568   -0.59578261829347   -3.28612721383062
   2.23809727531611   -0.59342073987429   -3.27341489386864
   2.23475649774486   -0.59253494875164   -3.26872167030609
   2.22849719145455   -0.59087532376087   -3.26065888395196
   2.22240636445507   -0.58926037024462   -3.25247205857016
   2.21858230275879   -0.58824643865811   -3.24753978189711
   2.21048760000919   -0.58610016711410   -3.23486110812012
   2.20960714494559   -0.58586671868403   -3.23331694453701
   2.20038189627707   -0.58342068832120   -3.22189474863228
   2.19725814108391   -0.58259243963945   -3.21785674199161
   2.19121526074393   -0.58099019894961   -3.20885384551990
   2.18511759086771   -0.57937343107747   -3.20062689401501
   2.18138724501450   -0.57838434779650   -3.19564587869451
   2.17302874043473   -0.57616813046463   -3.18315231856149
   2.17231025903973   -0.57597762857460   -3.18229616346672
   2.16388893041229   -0.57374475374832   -3.17007686948578
   2.16012744395052   -0.57274741368461   -3.16509534348660
   2.15433358418719   -0.57121119960428   -3.15726151510273
   2.14728611377661   -0.56934259668366   -3.14840097492385
   2.14415575466489   -0.56851259700463   -3.14437042785182
   2.13626417659136   -0.56642018299259   -3.13151677228988
   2.13465282886342   -0.56599294188406   -3.12915188046731
   2.12618986646114   -0.56374902806241   -3.11853629951635
   2.12238332022147   -0.56273974061506   -3.11282981700545
   2.11780285475513   -0.56152525220297   -3.10549456654188
   2.10979175503401   -0.55940114760031   -3.09431234669141
   2.10830084111934   -0.55900583893875   -3.09261308043577
   2.09937592945522   -0.55663944148970   -3.07998546105596
   2.09706232809831   -0.55602600120534   -3.07671657414464
   2.08894789373374   -0.55387449791843   -3.06666847034481
   2.08510916848774   -0.55285667836215   -3.06100059563809
   2.08034659170222   -0.55159390400872   -3.05377426980987
   2.07231303269006   -0.54946384443293   -3.04263431953831
   2.07090333341276   -0.54909006944229   -3.04095026097749
   2.06187712164960   -0.54669681275866   -3.02775056463341
   2.06032438685269   -0.54628511258720   -3.02595724811796
   2.05203288126153   -0.54408665971526   -3.01516274391522
   2.04745031972638   -0.54287161554060   -3.00864032397396
   2.04286883629439   -0.54165685721981   -3.00209744039325
   2.03510798776127   -0.53959910551734   -2.99390230172206
   2.03042415147408   -0.53835720882873   -2.98905710166973
   2.02230535111683   -0.53620454791983   -2.98212319857138
   2.01455037671960   -0.53414835371627   -2.97639727002214
   2.00998604905005   -0.53293814416346   -2.97301501707274
   1.99799423675710   -0.52975857274724   -2.96372139408620
   1.99715681414454   -0.52953653416482   -2.96299953475654
   1.98520945098797   -0.52636874822356   -2.95494606381975
   1.97956372421955   -0.52487181089515   -2.95035191439273
   1.97223117873569   -0.52292762168846   -2.94521029922641
   1.96312283370575   -0.52051258776374   -2.93753378217108
   1.96023039063907   -0.51974567038101   -2.93557670826046
   1.94741996746699   -0.51634904822311   -2.92713670453124
   1.94426909229900   -0.51551360881033   -2.92475180486439
   1.93507236646783   -0.51307514114079   -2.91805339120594
   1.92662194347145   -0.51083455208236   -2.91143565405483
   1.92259704705813   -0.50976737013551   -2.90832551464609
   1.91010565513419   -0.50645533758031   -2.89945456207645
   1.90926831553800   -0.50623332100928   -2.89873275985466
   1.89744260474510   -0.50309779060778   -2.89003014384200
   1.89191953843463   -0.50163337611048   -2.88608532053789
   1.88508922685373   -0.49982235181024   -2.88097141957068
   1.87475006327820   -0.49708097226148   -2.87316419029154
   1.87240879300319   -0.49646019569642   -2.87154896157810
   1.86015770950587   -0.49321187976600   -2.86311284609805
   1.85622821011860   -0.49216999188229   -2.85994581552712
   1.84750481757177   -0.48985702625901   -2.85367744411131
   1.83957161593652   -0.48775357595956   -2.84738613994117
   1.83498272544069   -0.48653685369138   -2.84402661908910
   1.82251642928094   -0.48323147515748   -2.83512295936201
   1.82167916848216   -0.48300947947920   -2.83440121153411
   1.81004449133331   -0.47992460073063   -2.82622352094556
   1.80379968379136   -0.47826882001332   -2.82136730299261
   1.79735123466980   -0.47655904470956   -2.81601914178970
   1.78559266800896   -0.47344131725209   -2.80852063118015
   1.78473464854674   -0.47321381751394   -2.80782288212481
   1.77241806369521   -0.46994813421414   -2.79824427936240
   1.76993312995782   -0.46928926597225   -2.79583107361116
   1.76044490034569   -0.46677350747567   -2.78938665181038
   1.75039378230429   -0.46410850181642   -2.78198619736123
   1.74780291523886   -0.46342154586153   -2.77988215570262
   1.73529885858543   -0.46010615531415   -2.77105540374611
   1.73296291233171   -0.45948679038775   -2.76942776088659
   1.72298020877771   -0.45683992450114   -2.76196511437030
   1.71579615240871   -0.45493510646986   -2.75650846037424
   1.71018592984747   -0.45344758291140   -2.75271289196426
   1.69922103710486   -0.45054029428024   -2.74386011560486
   1.69758435585858   -0.45010633611103   -2.74234392123923
   1.68576877507321   -0.44697349163236   -2.73416609925507
   1.68080150310539   -0.44565644333477   -2.73044934895863
   1.67257797333062   -0.44347601392397   -2.72475246545429
   1.66334370560132   -0.44102759220050   -2.71800390686906
   1.66021624247618   -0.44019836037840   -2.71560850158414
   1.64772454348827   -0.43688624640666   -2.70673378153136
   1.64540766220487   -0.43627193646555   -2.70507344813688
   1.63540455891944   -0.43361966168815   -2.69761283920052
   1.62774040843059   -0.43158754900755   -2.69177961988869
   1.62293104942222   -0.43031237057248   -2.68790479243322
   1.61122182253237   -0.42720772531824   -2.67903401140867
   1.61039202296123   -0.42698770794863   -2.67829673052032
   1.59815314286125   -0.42374262769038   -2.66985244497940
   1.59277939157861   -0.42231780335535   -2.66575535236866
   1.58567807276931   -0.42043492279052   -2.66092697395639
   1.57524324542116   -0.41766817845206   -2.65332844838750
   1.57270599315761   -0.41699543820431   -2.65108977825334
   1.56090991040298   -0.41386776353481   -2.64295365169230
   1.55752618599021   -0.41297058526348   -2.64005522300467
   1.54788383031223   -0.41041396098103   -2.63323635991319
   1.54008903537287   -0.40834720855203   -2.62755022834796
   1.53551893289464   -0.40713546783645   -2.62416532563287
   1.52337801512266   -0.40391636181883   -2.61484131144927
   1.52255980654868   -0.40369941774642   -2.61408330830468
   1.51060747593336   -0.40053031470734   -2.60550042389736
   1.50447136610711   -0.39890335466713   -2.60132513241627
   1.49811310840840   -0.39721749318582   -2.59664517017672
   1.48745511413378   -0.39439157720899   -2.58826003345725
   1.48600121168042   -0.39400608195858   -2.58726201329424
   1.47317688481431   -0.39060577330301   -2.57881753981162
   1.46991141759911   -0.38973995035945   -2.57580053821215
   1.46082619541210   -0.38733104734545   -2.56898376712718
   1.45220246819254   -0.38504450750487   -2.56256769910068
   1.44818432308153   -0.38397911563339   -2.55950936606919
   1.43599922242754   -0.38074829473687   -2.55025520918609
   1.43518107381160   -0.38053136656206   -2.54949724960112
   1.42325063853691   -0.37736806896735   -2.54168294727440
   1.41695158376953   -0.37569790485884   -2.53695022947331
   1.41071066138771   -0.37404315427309   -2.53210667571334
   1.39980160602708   -0.37115067065549   -2.52401559160082
   1.39813586822187   -0.37070900827928   -2.52251661462171
   1.38615894018734   -0.36753338335267   -2.51453304964051
   1.38189639302898   -0.36640318945254   -2.51103236007935
   1.37312794650077   -0.36407827798256   -2.50488437350709
   1.36465916350761   -0.36183282085920   -2.49823278756092
   1.36095561820224   -0.36085084361473   -2.49555678374839
   1.34817093594435   -0.35746104653655   -2.48631411926260
   1.34732521931532   -0.35723680883551   -2.48561581253368
   1.33601880856965   -0.35423896834662   -2.47773458404730
   1.32908992926168   -0.35240180928710   -2.47201730575904
   1.32355037296906   -0.35093302255026   -2.46801004638259
   1.31232998158170   -0.34795798968096   -2.45959665872762
   1.31082980920183   -0.34756022618183   -2.45869616763298
   1.29821976680030   -0.34421673402254   -2.44920232828890
   1.29438902040376   -0.34320103001987   -2.44668120339099
   1.28625823162386   -0.34104519043830   -2.44122509385000
   1.27715205587033   -0.33863073168680   -2.43390998070742
   1.27312289489845   -0.33756241901274   -2.43068819013582
   1.26112330509834   -0.33438078542786   -2.42206376553495
   1.25946975465294   -0.33394235447156   -2.42057872068753
   1.24849612723391   -0.33103274988290   -2.41338624823813
   1.24142443940847   -0.32915772583108   -2.40780535139449
   1.23612469398385   -0.32775252379375   -2.40356917063627
   1.22430748324689   -0.32461924714125   -2.39483522123644
   1.22346755736899   -0.32439654483005   -2.39412127508586
   1.21088777573035   -0.32106107616665   -2.38541546950777
   1.20701247548805   -0.32003355892583   -2.38205216100117
   1.19840267614093   -0.31775071199371   -2.37573363272966
   1.18917477971771   -0.31530397959144   -2.36904837055994
   1.18605481094561   -0.31447673486104   -2.36662694848784
   1.17362408228899   -0.31118078687971   -2.35848922272508
   1.17045478039652   -0.31034046170947   -2.35613345233513
   1.16125172075178   -0.30790031465968   -2.34866606183269
   1.15410918764339   -0.30600650632145   -2.34317779834165
   1.14851729054766   -0.30452384167214   -2.33938968542856
   1.13689456360271   -0.30144213146271   -2.33032690833203
   1.13607659057423   -0.30122524984406   -2.32956908136501
   1.12386423550318   -0.29798720256980   -2.32112226281529
   1.11901117216374   -0.29670043614132   -2.31734993031821
   1.11106599639558   -0.29459381095806   -2.31195854223444
   1.10166413987349   -0.29210095387135   -2.30468075702149
   1.09855282984538   -0.29127600496532   -2.30229439863202
   1.08659212583641   -0.28810468176114   -2.29427466268979
   1.08249417104633   -0.28701812873669   -2.29125647814251
   1.07359484564438   -0.28465851536213   -2.28453802200751
   1.06665825233751   -0.28281931097286   -2.27870215442060
   1.06145984363386   -0.28144097788023   -2.27513742212905
   1.04883452708339   -0.27809343585373   -2.26647963124989
   1.04798897880823   -0.27786924279091   -2.26578145241020
   1.03630942230836   -0.27477246449802   -2.25685050693305
   1.03085841041353   -0.27332715488286   -2.25280626588710
   1.02385997888324   -0.27147155438574   -2.24793996457074
   1.01356863177894   -0.26874285314461   -2.24008401395363
   1.01123239790209   -0.26812341195632   -2.23837521924093
   0.99889395732633   -0.26485193371625   -2.22938820532229
   0.99510642006932   -0.26384768640933   -2.22680209251250
   0.98676113930613   -0.26163497530890   -2.22082954992040
   0.97916519767368   -0.25962094787886   -2.21448825487747
   0.97361202419526   -0.25814855061063   -2.21045770924983
   0.96143022540019   -0.25491860518614   -2.20197695611986
   0.96060360094871   -0.25469942968425   -2.20123455347605
   0.94899036802738   -0.25162023676957   -2.19306042861733
   0.94263149260621   -0.24993421150212   -2.18840454514286
   0.93642313505221   -0.24828809532400   -2.18345421689660
   0.92569100443230   -0.24544252245140   -2.17515732158652
   0.92403470317548   -0.24500336213066   -2.17369211609811
   0.91157575168996   -0.24169993100184   -2.16559945883818
   0.90769557178108   -0.24067111994087   -2.16230512427037
   0.89907895972252   -0.23838646665105   -2.15593749805225
   0.88918133120738   -0.23576215800225   -2.14912552425665
   0.88691711556520   -0.23516181210289   -2.14743206422558
   0.87411371875181   -0.23176705295023   -2.13738654347508
   0.87262216730052   -0.23137157524891   -2.13647667110815
   0.86180716245138   -0.22850402867258   -2.12906120129675
   0.85462739910408   -0.22660034891537   -2.12365720345758
   0.84896111246222   -0.22509796023529   -2.11910496663951
   0.83819215254568   -0.22224262225163   -2.11079648650472
   0.83674055907712   -0.22185773921745   -2.10984678615343
   0.82420352271024   -0.21853360425749   -2.10107157057998
   0.82024820665071   -0.21748487120716   -2.09788929630575
   0.81170636586264   -0.21522004316047   -2.09140551782260
   0.80248302429506   -0.21277451845629   -2.08475753908704
   0.79929203570150   -0.21192844316144   -2.08246619179963
   0.78723392623962   -0.20873129336940   -2.07303914718102
   0.78562285945925   -0.20830412675276   -2.07148676341615
   0.77422891266421   -0.20528307650094   -2.06416661457245
   0.76786279518156   -0.20359513103568   -2.05934130894054
   0.76192299038738   -0.20202022033160   -2.05490337771989
   0.74965059572506   -0.19876625384816   -2.04652891066729
   0.74881088465845   -0.19854360849314   -2.04581514237319
   0.73704515363514   -0.19542398143939   -2.03704686189705
   0.73153530017981   -0.19396307026715   -2.03309026277971
   0.72437984629530   -0.19206583604721   -2.02764310956035
   0.71424635310677   -0.18937898901345   -2.02037715596534
   0.71192040496065   -0.18876227503726   -2.01875157338309
   0.69922687526070   -0.18539664662189   -2.00853534110383
   0.69842688954035   -0.18518453425157   -2.00775639162967
   0.68713554893345   -0.18219068953758   -2.00073761701424
   0.67980300800383   -0.18024650153842   -1.99474816272433
   0.67431560404857   -0.17879154274327   -1.99078081548740
   0.66256054444336   -0.17567474516475   -1.98197674029850
   0.66176299416251   -0.17546327853952   -1.98119672314386
   0.64965486894320   -0.17225286730969   -1.97256172626306
   0.64485874088286   -0.17098119699693   -1.96872234999840
   0.63704264528263   -0.16890879680004   -1.96308846275700
   0.62715315368953   -0.16628664561703   -1.95547201425238
   0.62489125130870   -0.16568691306780   -1.95375612279505
   0.61227855218773   -0.16234271649211   -1.94425029053973
   0.60993583986298   -0.16172155757449   -1.94264704860407
   0.59997359663703   -0.15908011664555   -1.93593146988780
   0.59129398222501   -0.15677875858440   -1.92961822340537
   0.58731293590448   -0.15572320327898   -1.92651590524044
   0.57470257741237   -0.15237962730978   -1.91786771507642
   0.57385720674952   -0.15215548134001   -1.91716969626167
   0.56250745300226   -0.14914614866249   -1.90856797185228
   0.55686464266205   -0.14764998461100   -1.90398412818578
   0.54970789452134   -0.14575240722525   -1.89853625707554
   0.54022922224481   -0.14323918281029   -1.89145976593383
   0.53709727352679   -0.14240876165479   -1.88907871288199
   0.52476259525504   -0.13913828097155   -1.88077959212117
   0.52096770428286   -0.13813208386239   -1.87818836705299
   0.51243704734500   -0.13587022115985   -1.87166873647332
   0.50521628518442   -0.13395567076428   -1.86548109327802
   0.49972460287388   -0.13249957758378   -1.86163842330422
   0.48761064005710   -0.12928761854303   -1.85294094896421
   0.48679289940752   -0.12907079853853   -1.85218333642700
   0.47493223036153   -0.12592599912418   -1.84441056477753
   0.46794362646028   -0.12407300437569   -1.83945788357870
   0.46265904478255   -0.12267182293299   -1.83519263498545
   0.45224311517407   -0.11991008923942   -1.82672160191845
   0.44978046461625   -0.11925712927553   -1.82450689230926
   0.43729658081135   -0.11594708746201   -1.81562633484667
   0.43494736641687   -0.11532420455184   -1.81397938450862
   0.42510399350005   -0.11271428151428   -1.80711880477000
   0.41708077694684   -0.11058696419180   -1.80105533225181
   0.41241101146555   -0.10934879830977   -1.79770913907665
   0.40061463458253   -0.10622104565355   -1.78824552148143
   0.39982004715503   -0.10601036461465   -1.78746120559934
   0.38802874815229   -0.10288395833398   -1.78002642420099
   0.38070319520327   -0.10094162316431   -1.77482557652598
   0.37509089059260   -0.09945354756045   -1.77102114179040
   0.36420111102726   -0.09656617482737   -1.76201859941922
   0.36278242193570   -0.09619001623067   -1.76102883158754
   0.35014033178363   -0.09283802676429   -1.75165782498661
   0.34630289397136   -0.09182054856488   -1.74909015539757
   0.33763824912320   -0.08952315961166   -1.74280045899799
   0.32912943515293   -0.08726708846704   -1.73619103017524
   0.32534250228617   -0.08626300141130   -1.73364609488925
   0.31285555762895   -0.08295214802749   -1.72478428929179
   0.31053715474376   -0.08233743464098   -1.72310431112584
   0.30016892301674   -0.07958834781151   -1.71458529290610
   0.29418769212868   -0.07800245317767   -1.71017922084083
   0.28808063983378   -0.07638319760229   -1.70596445837109
   0.27752967934916   -0.07358566112064   -1.69774892367239
   0.27508905990444   -0.07293854260055   -1.69604194300653
   0.26295360197688   -0.06972088423444   -1.68767120773147
   0.25833305058339   -0.06849576723135   -1.68435020602872
   0.25025153507940   -0.06635299222216   -1.67842275430582
   0.24160931211226   -0.06406154832297   -1.67192407901541
   0.23782369984814   -0.06305781141867   -1.66924503916273
   0.22534554506790   -0.05974928862852   -1.65970746729707
   0.22452177080072   -0.05953086883931   -1.65896718255599
   0.21288412525007   -0.05644520303325   -1.65082530466910
   0.20668705405866   -0.05480207937995   -1.64583397683563
   0.20037586928719   -0.05312869905914   -1.64129790654766
   0.18878214893815   -0.05005467980927   -1.63291465668729
   0.18796190745240   -0.04983719672007   -1.63216137026138
   0.17548700461327   -0.04652953616648   -1.62337861498639
   0.17148292038930   -0.04546787247165   -1.62018822320021
   0.16312667015975   -0.04325225286991   -1.61427566447411
   0.15371961126232   -0.04075801639837   -1.60708666123040
   0.15060736410797   -0.03993281901782   -1.60462951043752
   0.13847377774646   -0.03671565688846   -1.59531177705455
   0.13625928035841   -0.03612849354531   -1.59360141596632
   0.12579741741271   -0.03335458084805   -1.58673966333379
   0.11862227207450   -0.03145212553377   -1.58127381724207
   0.11321100426045   -0.03001735387067   -1.57717536096864
   0.10138663781578   -0.02688217991665   -1.56853484322913
   0.10057850926181   -0.02666790851312   -1.56777239117626
   0.08848025138934   -0.02346011356290   -1.55992579819034
   0.08351259843257   -0.02214296424791   -1.55546420953446
   0.07565545639978   -0.02005968078664   -1.55009681272842
   0.06472055464758   -0.01716034412249   -1.54271240024084
   0.06322581164234   -0.01676402019597   -1.54181167788356
   0.05082728571375   -0.01347661061327   -1.53457484649664
   0.04295699956914   -0.01138984205389   -1.52978480109621
   0.03823834973907   -0.01013871472165   -1.52656960393647
   0.02583130681484   -0.00684904689847   -1.51928010411953
   0.02263792082240   -0.00600233594483   -1.51695759625344
   0.01347732275668   -0.00357344737872   -1.51176319366024
   0.00160133910780   -0.00042458737099   -1.50413937058247
   0.00080338738866   -0.00021301430632   -1.50337076570378
  -0.01130093926830    0.00299638975295   -1.49776643151178
  -0.02097974589727    0.00556267882993   -1.49112339273152
  -0.02419421213708    0.00641497910989   -1.48873611023567
  -0.03641748553785    0.00965592132682   -1.48190596965111
  -0.04269333686201    0.01131993315383   -1.47796672677662
  -0.04901456465393    0.01299597633326   -1.47409959154929
  -0.06136830946544    0.01627151241792   -1.46657781745265
  -0.06370808657590    0.01689189307757   -1.46503550560876
  -0.07397170948939    0.01961324338271   -1.45876923180695
  -0.08396311419888    0.02226241633890   -1.45199230762218
  -0.08630267366781    0.02288273929195   -1.45042724572898
  -0.09891318404311    0.02622635553224   -1.44262779201382
  -0.10506919331688    0.02785859181536   -1.43924406574292
  -0.11111783935115    0.02946236125134   -1.43566668942930
  -0.12388137051841    0.03284655021945   -1.42750244421147
  -0.12559851063306    0.03330184167105   -1.42659582333759
  -0.13624883346528    0.03612572360178   -1.42061789097128
  -0.14795287538604    0.03922899408638   -1.41342914844192
  -0.14880103167144    0.03945387865058   -1.41274673396679
  -0.16131567872845    0.04277207719260   -1.40469853912123
  -0.16825463994427    0.04461190942155   -1.40053471972041
  -0.17364701783299    0.04604167251169   -1.39719901120676
  -0.18596992028654    0.04930903089331   -1.39215856254055
  -0.19838204286698    0.05260004556293   -1.38952677517054
  -0.21106762172118    0.05596356584975   -1.39297466247869
  -0.22334445385956    0.05921870890864   -1.39927173255728
  -0.22486931530428    0.05962301859469   -1.40013769986062
  -0.23602171524189    0.06258002385775   -1.40692298906933
  -0.24558164786989    0.06511479406449   -1.41214933806997
  -0.24869989117429    0.06594158129541   -1.41376368350436
  -0.26092568045191    0.06918319058500   -1.42162001079774
  -0.26720939293362    0.07084928676017   -1.42547784568002
  -0.27391166697119    0.07262636252094   -1.42935884790920
  -0.28596609363077    0.07582253583565   -1.43592620913713
  -0.28989151681973    0.07686334293497   -1.43832592781448
  -0.29864572567610    0.07918447935467   -1.44359317014124
  -0.31091575091206    0.08243781759609   -1.45044724624979
  -0.31177016702256    0.08266436192284   -1.45111694329474
  -0.32341746721895    0.08575258761183   -1.45849392309357
  -0.33276178301027    0.08823018805023   -1.46414999185390
  -0.33582261004465    0.08904175163301   -1.46581507760626
  -0.34834068123836    0.09236085806842   -1.47303590166549
  -0.35462210175908    0.09402634654114   -1.47703584439503
  -0.36085958183265    0.09568018441540   -1.48106952976157
  -0.37360380020443    0.09905925268858   -1.48751726112679
  -0.37629436515365    0.09977264305836   -1.48923120599476
  -0.38581699212630    0.10229752184981   -1.49558500101435
  -0.39772919836910    0.10545598610430   -1.50228637243097
  -0.39864223961206    0.10569807460327   -1.50281790329380
  -0.41063565778589    0.10887807181109   -1.51033921685228
  -0.42003101201987    0.11136920484735   -1.51583462301206
  -0.42331921207053    0.11224105529301   -1.51812657847257
  -0.43580288467821    0.11555104110860   -1.52514940299231
  -0.44128964771399    0.11700582996702   -1.52846337884520
  -0.44818362734667    0.11883373554531   -1.53270073354402
  -0.46061680754595    0.12213033354140   -1.53999679488854
  -0.46299364514517    0.12276054061159   -1.54149050352416
  -0.47339952498198    0.12551960965649   -1.54844758236692
  -0.48242387956103    0.12791237391668   -1.55462906711432
  -0.48545798870886    0.12871685338020   -1.55719595014782
  -0.49808524764767    0.13206491042164   -1.56658538788223
  -0.49960076199958    0.13246674177094   -1.56746462348023
  -0.51061988590915    0.13538840953547   -1.57541851070595
  -0.51688109161904    0.13704853814822   -1.58024548741089
  -0.52311883966609    0.13870244707437   -1.58508616668772
  -0.53547181569706    0.14197777932056   -1.59243904547116
  -0.53632460286567    0.14220389174120   -1.59311188085200
  -0.54810147831723    0.14532647368657   -1.60281813893044
  -0.55204356042428    0.14637169781798   -1.60589706662273
  -0.56057695508512    0.14863428641461   -1.61249949862517
  -0.56910750741171    0.15089612137996   -1.61897982398868
  -0.57312107985150    0.15196030082964   -1.62193097970523
  -0.58530878048505    0.15519181109825   -1.63052400021261
  -0.58696200447959    0.15563015549768   -1.63200865376999
  -0.59794918352292    0.15854335323440   -1.63996201883890
  -0.60484885763476    0.16037276867648   -1.64498190868265
  -0.61044767984428    0.16185726948645   -1.64962934394291
  -0.62143162730963    0.16476961038580   -1.65754787939426
  -0.62293099625363    0.16516716085776   -1.65844771107201
  -0.63557602202222    0.16851992868876   -1.66788842257589
  -0.63877122338780    0.16936712097987   -1.67017066502925
  -0.64806158138964    0.17183041476963   -1.67676086669402
  -0.65711717652881    0.17423146231423   -1.68368882640313
  -0.66019124339415    0.17504653637459   -1.68616347849128
  -0.67315230171143    0.17848309871753   -1.69490866637116
  -0.67476732853514    0.17891131532063   -1.69589983796962
  -0.68481870329154    0.18157638904664   -1.70348462788094
  -0.69280508183734    0.18369393894844   -1.70975657144169
  -0.69788964245725    0.18504208576863   -1.71392769992071
  -0.70946539390321    0.18811134065019   -1.72225043389298
  -0.71029484954330    0.18833126682814   -1.72298739726948
  -0.72265627604908    0.19160883967712   -1.73117966032872
  -0.72745951868146    0.19288239638448   -1.73512280057482
  -0.73523765608191    0.19494473214706   -1.74158881597325
  -0.74451543485522    0.19740469061480   -1.74810149672158
  -0.74768416545675    0.19824486431000   -1.75048333570265
  -0.76008664641488    0.20153332254979   -1.75861374480170
  -0.76327938281608    0.20237986126744   -1.76097241232322
  -0.77315596399257    0.20499858931551   -1.76913372025264
  -0.77955833154485    0.20669614631257   -1.77403822964569
  -0.78473882374307    0.20806972892986   -1.77762593216133
  -0.79700183243970    0.21132120676959   -1.78634686166263
  -0.79790124251680    0.21155968103042   -1.78693430383712
  -0.81031301829528    0.21485060374716   -1.79698203103932
  -0.81405711865671    0.21584333396991   -1.79945207209272
  -0.82296627219864    0.21820555322857   -1.80546926241310
  -0.83219675821222    0.22065297224828   -1.81217233006831
  -0.83541416637974    0.22150605256624   -1.81469380559874
  -0.84769613665588    0.22476255797767   -1.82444332109012
  -0.84913021639102    0.22514279732957   -1.82537783163303
  -0.85994188284036    0.22800945874523   -1.83281272877201
  -0.86700869795375    0.22988319082087   -1.83842210384706
  -0.87261756514510    0.23137035500951   -1.84302340885200
  -0.88413986955681    0.23442543866671   -1.85135210801967
  -0.88496939765095    0.23464538405551   -1.85208913623215
  -0.89770636278627    0.23802252916788   -1.86039593791530
  -0.90307922484944    0.23944711773064   -1.86389294394807
  -0.91025792850545    0.24135051651580   -1.87038309663591
  -0.91849959934770    0.24353575594348   -1.87713822619044
  -0.92219829649540    0.24451644772223   -1.87981179049418
  -0.93473888786557    0.24784152527423   -1.88776338988513
  -0.93798063730972    0.24870105956475   -1.88998133032486
  -0.94755108250677    0.25123861712866   -1.89786849604747
  -0.95484366138214    0.25317220938113   -1.90333931517629
  -0.95960650301893    0.25443505395861   -1.90728129100429
  -0.97184924992260    0.25768115948128   -1.91505570400314
  -0.97276409786769    0.25792372701864   -1.91558410940557
  -0.98484134251359    0.26112595041279   -1.92551898262583
  -0.98938450158916    0.26233054721460   -1.92885408378308
  -0.99732173612471    0.26443506681819   -1.93424717624710
  -1.00737575763497    0.26710084231827   -1.94171397751094
  -1.00966152625850    0.26770690288709   -1.94337991786506
  -1.02233297782102    0.27106667739039   -1.95277849186756
  -1.02466352442059    0.27168461062443   -1.95444097152560
  -1.03484913227639    0.27438527561184   -1.96244640066721
  -1.04184764483072    0.27624089759209   -1.96724281894698
  -1.04735640434834    0.27770151871200   -1.97131312226432
  -1.05915034913074    0.28082862650842   -1.97997389115931
  -1.06002218231254    0.28105978888796   -1.98064289356735
  -1.07254010434039    0.28437885577275   -1.99032169525715
  -1.07625396749462    0.28536356874528   -1.99298990559662
  -1.08445282456249    0.28753745630638   -1.99918807823203
  -1.09336948218148    0.28990166523502   -2.00584438633383
  -1.09727597002595    0.29093745171872   -2.00816586630472
  -1.10972027554305    0.29423699953937   -2.01732314723965
  -1.11141965477742    0.29468758177890   -2.01889638773203
  -1.12202176069182    0.29749867922552   -2.02725642796236
  -1.12973903381213    0.29954487711664   -2.03219507080460
  -1.13463020550744    0.30084174779259   -2.03590903739926
  -1.14693895771657    0.30410535430489   -2.04424671207499
  -1.14777594256741    0.30432727681689   -2.04496821265545
  -1.15925437424370    0.30737072782908   -2.05336173691606
  -1.16495884901235    0.30888324190751   -2.05782374915725
  -1.17236788652836    0.31084771260903   -2.06378496833775
  -1.18271196333882    0.31359039487842   -2.07103190130434
  -1.18418754316280    0.31398163777950   -2.07197859417009
  -1.19685732675663    0.31734097002891   -2.08137221959592
  -1.19936780218289    0.31800661052690   -2.08356614571974
  -1.20936695692917    0.32065783836811   -2.09102342848718
  -1.21722657766385    0.32274177904528   -2.09655565175031
  -1.22187056814645    0.32397311081024   -2.09987730456627
  -1.23411451764948    0.32721953519635   -2.10828033003680
  -1.23578859427388    0.32766340857040   -2.10972341172067
  -1.24697426588958    0.33062923565906   -2.11821670418252
  -1.25170287016540    0.33188300236477   -2.12225198260491
  -1.25929976563178    0.33389728269929   -2.12813607394826
  -1.26956718134377    0.33661963864673   -2.13514893412470
  -1.27194169781465    0.33724923028089   -2.13670392681364
  -1.28424688287522    0.34051189098089   -2.14590660284405
  -1.28736703163459    0.34133918343404   -2.14832798812454
  -1.29687033795589    0.34385893944762   -2.15536048943528
  -1.30517836527893    0.34606177297738   -2.16141398851263
  -1.30917089111472    0.34712037202111   -2.16451836372110
  -1.32166061198207    0.35043196150370   -2.17338442219562
  -1.32249770753501    0.35065391336783   -2.17410600530892
  -1.33418558144446    0.35375289698190   -2.18301691763082
  -1.33968593764150    0.35521129000173   -2.18696483918492
  -1.34665012495096    0.35705781080821   -2.19191387819997
  -1.35765511055721    0.35997572986955   -2.19984776572427
  -1.35933557632720    0.36042129729486   -2.20127599495075
  -1.37192269270504    0.36375871072912   -2.20995486320867
  -1.37570966494974    0.36476280822574   -2.21266105433175
  -1.38392488447276    0.36694103421321   -2.21877099882884
  -1.39357511085737    0.36949974537571   -2.22558244117800
  -1.39703587360213    0.37041734999065   -2.22806959497699
  -1.40911166968165    0.37361918930439   -2.23786370047558
  -1.40991602459611    0.37383246014553   -2.23864233426179
  -1.42152274940829    0.37690992746634   -2.24682267752182
  -1.42777886955238    0.37856870766574   -2.25164580770206
  -1.43420758745211    0.38027325133084   -2.25703819097943
  -1.44502754618612    0.38314211140594   -2.26442467219255
  -1.44670813721450    0.38358771204291   -2.26585299088570
  -1.45895787140234    0.38683567021040   -2.27428459986926
  -1.46297068694733    0.38789964897306   -2.27734059520999
  -1.47189124398212    0.39026489181306   -2.28500183124654
  -1.47928871880266    0.39222629672143   -2.29036645779447
  -1.48373466489954    0.39340511796899   -2.29314379270870
  -1.49652812686966    0.39679724294568   -2.30151201750676
  -1.49891110453396    0.39742907802463   -2.30311533048329
  -1.50894786444963    0.40009027669584   -2.31133860156719
  -1.51524202034529    0.40175914189204   -2.31608933759581
  -1.52156631870179    0.40343599921691   -2.32082233326189
  -1.53333637223688    0.40655677236390   -2.32874908629993
  -1.53418248346788    0.40678111469176   -2.32944760797316
  -1.54673091463181    0.41010827092741   -2.33911628240708
  -1.55045654065378    0.41109610276780   -2.34181627209025
  -1.55882503440126    0.41331496867950   -2.34773880743185
  -1.56756759250610    0.41563301595840   -2.35478120727351
  -1.57151564350398    0.41667982271255   -2.35794587347063
  -1.58378748084363    0.41993364142455   -2.36631489518610
  -1.58612063586220    0.42055226626835   -2.36794309418514
  -1.59659531737433    0.42332957774692   -2.37546675355808
  -1.60348867595676    0.42515731865671   -2.38058486753724
  -1.60900370492117    0.42661960209032   -2.38537061552156
  -1.61983237652137    0.42949077234003   -2.39354358911926
  -1.62130583620346    0.42988145309567   -2.39447335245173
  -1.63387801861467    0.43321490686043   -2.40320497418161
  -1.63789818322005    0.43428083419114   -2.40628355206384
  -1.64661987250431    0.43659334820253   -2.41339157384178
  -1.65559362177196    0.43897269470752   -2.41956147422099
  -1.65871477460307    0.43980025338547   -2.42198355431467
  -1.67170338721282    0.44324412161668   -2.43076467562972
  -1.67326289274586    0.44365761701631   -2.43194527287613
  -1.68352309979863    0.44637806162239   -2.43993868248695
  -1.69076060525195    0.44829705142159   -2.44531948754271
  -1.69631972839398    0.44977102621454   -2.44920780300533
  -1.70789154423966    0.45283923759060   -2.45828764546312
  -1.70871004826876    0.45305626000150   -2.45904582958161
  -1.72109701820056    0.45634060556718   -2.46727942151223
  -1.72658763337401    0.45779641580140   -2.47125617044943
  -1.73363332526493    0.45966454715608   -2.47687019497725
  -1.74384667389157    0.46237256747560   -2.48403924836675
  -1.74639887148933    0.46304927040691   -2.48625510972087
  -1.75840645393069    0.46623302320222   -2.49490784793424
  -1.76090784600552    0.46689625529321   -2.49712522660273
  -1.77138680442873    0.46967470077420   -2.50465110485405
  -1.77827316603304    0.47150058646886   -2.50976564696262
  -1.78340321379862    0.47286079398719   -2.51341255479292
  -1.79565132248357    0.47610832116041   -2.52224544627525
  -1.79654647839782    0.47634566745040   -2.52284238320402
  -1.80892989822348    0.47962907172249   -2.53288767952116
  -1.81206611087275    0.48046062343888   -2.53517926040696
  -1.82126229788451    0.48289894824304   -2.54199341897290
  -1.83115080813594    0.48552083922802   -2.54878629766503
  -1.83348443476853    0.48613958911802   -2.55041872300911
  -1.84615983968968    0.48950041183536   -2.55982062317983
  -1.84783932848966    0.48994572022177   -2.56128226895278
  -1.85848381774170    0.49276805540675   -2.56893716391208
  -1.86644053610038    0.49487774105243   -2.57435467711719
  -1.87134565268386    0.49617830914849   -2.57811101028920
  -1.88326958525515    0.49933988258263   -2.58615349286851
  -1.88492444776660    0.49977866142695   -2.58763939756040
  -1.89612646034577    0.50274882124356   -2.59694851808730
  -1.90065591332291    0.50394978393922   -2.60038288221167
  -1.90856460214060    0.50604673478287   -2.60589070390977
  -1.91934811633579    0.50890593176359   -2.61337431141581
  -1.92082975206374    0.50929878035851   -2.61429641081751
  -1.93354915036519    0.51267126770929   -2.62364514612310
  -1.93669803349017    0.51350617894143   -2.62604615180249
  -1.94607488552770    0.51599240620920   -2.63329125376726
  -1.95434467884395    0.51818510217575   -2.63936084968277
  -1.95821881104191    0.51921230971523   -2.64261382694463
  -1.97099415984261    0.52259963207207   -2.65113592397080
  -1.97184786735094    0.52282598851636   -2.65180942381867
  -1.98337183783345    0.52588151392424   -2.66097723922472
  -1.98881447637799    0.52732460338580   -2.66505994600263
  -1.99600751082571    0.52923180191153   -2.67046658444232
  -2.00676701171012    0.53208463187827   -2.67798202119606
  -2.00824878644425    0.53247751733001   -2.67890420619386
  -2.02082734302660    0.53581266117562   -2.68845816399155
  -2.02458939378982    0.53681015086116   -2.69107480756242
  -2.03331691569601    0.53912421136423   -2.69814976545263
  -2.04120683522708    0.54121618562170   -2.70369883539451
  -2.04582078409930    0.54243955199799   -2.70700365393941
  -2.05844062674943    0.54578564264612   -2.71571531799818
  -2.05928721297637    0.54601011091687   -2.71641415966511
  -2.07134984665662    0.54920846028368   -2.72559193912738
  -2.07718489934422    0.55075559646997   -2.72943621469801
  -2.08311371075276    0.55232759233067   -2.73385736463124
  -2.09451974283755    0.55535184693901   -2.74205755169380
  -2.09624171856882    0.55580842053112   -2.74337842616594
  -2.10846007680676    0.55904805951624   -2.75279538365222
  -2.11159829112632    0.55988014196589   -2.75517957102537
  -2.12110062451559    0.56239964001121   -2.76225638890660
  -2.12891815021710    0.56447241939258   -2.76789098160581
  -2.13357737908024    0.56570779154092   -2.77114804306777
  -2.14591486969884    0.56897901790442   -2.78027672065944
  -2.14674256492175    0.56919847731621   -2.78101985361836
  -2.15822343389816    0.57224257456682   -2.78940797824446
  -2.16464007489884    0.57394391610015   -2.79401840728483
  -2.17111734892042    0.57566133418767   -2.79939398786072
  -2.18216447082139    0.57859042548511   -2.80747807696009
  -2.18301965565204    0.57881717363432   -2.80830830679120
  -2.19612438054129    0.58229182847859   -2.81691521741545
  -2.19995634612294    0.58330785574233   -2.81965262066139
  -2.20857064970734    0.58559189695133   -2.82686491987129
  -2.21691356354399    0.58780398047257   -2.83284650454180
  -2.22086446104224    0.58885154196260   -2.83601306860973
  -2.23349512124519    0.59220050083289   -2.84466617315599
  -2.23434189341864    0.59242501840646   -2.84536513853425
  -2.24603649462638    0.59552578573136   -2.85433469626452
  -2.25215327791240    0.59714762143228   -2.85854530716075
  -2.25836756076337    0.59879530867442   -2.86344788126933
  -2.26945640391458    0.60173546216092   -2.87125254085276
  -2.27115272723023    0.60218523413827   -2.87264606278637
  -2.28332178516479    0.60541180138481   -2.88125911829235
  -2.28729973157865    0.60646653476487   -2.88438420022819
  -2.29597666187913    0.60876718114675   -2.89070424596496
  -2.30590721450161    0.61140021946442   -2.89750140990380
  -2.30839041864019    0.61205862911150   -2.89975242387037
  -2.32061951193390    0.61530111444509   -2.90897833560269
  -2.32283546765642    0.61588866445861   -2.91065819376566
  -2.33309351897360    0.61860853748176   -2.91794177135591
  -2.34034608284486    0.62053151994813   -2.92323656624212
  -2.34580933029269    0.62198007376139   -2.92728213720865
  -2.35808851241241    0.62523583990655   -2.93568332263469
  -2.35892656257101    0.62545804487979   -2.93640555941524
  -2.37077884834472    0.62860062150977   -2.94589147196620
  -2.37475762999843    0.62965557634966   -2.94901700983862
  -2.38309656842864    0.63186660581098   -2.95501193841744
  -2.39342657677461    0.63460555789460   -2.96205646958238
  -2.39580377981707    0.63523586186032   -2.96361315878695
  -2.40811088283944    0.63849903109866   -2.97434421810627
  -2.40891619156935    0.63871255483939   -2.97512353042674
  -2.42028855926783    0.64172788349744   -2.98759439592461
  -2.42105578536457    0.64193130981094   -2.98841568739804
  -2.42983881354824    0.64426008753681   -3.00043585226176
  -2.43367975452112    0.64527849458242   -3.00619999687949
  -2.43827778156683    0.64649763936291   -3.01351566972541
  -2.44590674188500    0.64852042153882   -3.02331240264565
  -2.44818022826234    0.64912322552908   -3.02660910624066
  -2.45597885160363    0.65119099304045   -3.03954414894022
  -2.45825155906939    0.65179359050604   -3.04283051136324
  -2.46475325379827    0.65351748362677   -3.05233094281629
  -2.47096451146234    0.65516436875514   -3.06125562274907
  -2.47341514376612    0.65581414213671   -3.06522650167854
  -2.48226663142793    0.65816107156431   -3.07850230706030
  -2.48312365088304    0.65838830615538   -3.08007860652780
  -2.49106449883729    0.66049378383958   -3.09131158826996
  -2.49576240728336    0.66173941169351   -3.09776581123245
  -2.50045113850995    0.66298260625178   -3.10422907309327
  -2.50798132554501    0.66497919916622   -3.11680648869182
  -2.50867251968731    0.66516246597229   -3.11767654847333
  -2.51693346654574    0.66735281634305   -3.13002548944764
  -2.52066566999942    0.66834239215786   -3.13579428012752
  -2.52493164114984    0.66947349391304   -3.14281478942281
  -2.53364701289676    0.67178433285976   -3.15483674834101
  -2.53437334387950    0.67197691603026   -3.15571090634164
  -2.54222510793734    0.67405877354731   -3.16862419149527
  -2.54600817196634    0.67506183479932   -3.17435550224186
  -2.55076191361273    0.67632226655806   -3.18157688807046
  -2.55831934007199    0.67832608187497   -3.19226673083147
  -2.55989650019180    0.67874425830345   -3.19467886717075
  -2.56899909162500    0.68115776668963   -3.20780469803392
  -2.57079741958472    0.68163458470830   -3.21087746210833
  -2.57636173434303    0.68310993603337   -3.22049741520397
  -2.58311714176947    0.68490109985692   -3.22960677465474
  -2.58618094025104    0.68571345130465   -3.23369539485438
  -2.59427911319568    0.68786064295420   -3.24639999712327
  -2.59585357576920    0.68827810414125   -3.24881435982905
  -2.60287560851128    0.69013996238628   -3.25933061700966
  -2.60887711664745    0.69173123343504   -3.26861127311134
  -2.61119996910690    0.69234712660479   -3.27188750724716
  -2.62011024061304    0.69470964228629   -3.28515679595643
  -2.62078643676618    0.69488893244759   -3.28603296305288
  -2.62868671878224    0.69698365426817   -3.29810477445597
  -2.63333703490414    0.69821666324600   -3.30460926629554
  -2.63802733703255    0.69946027432134   -3.31107402609685
  -2.64555566142647    0.70145637336543   -3.32365232566415
  -2.64642793447695    0.70168765237404   -3.32520628980700
  -2.65450857651898    0.70383019578898   -3.33687323781259
  -2.65837200418564    0.70485456507341   -3.34257214164816
  -2.66308642475939    0.70610457103866   -3.34982226110247
  -2.67106696150667    0.70822057201565   -3.36183040243036
  -2.67177465691977    0.70840821405439   -3.36269317009218
  -2.68080951251287    0.71080376260800   -3.37584433617199
  -2.68299540008009    0.71138334019461   -3.37914992131995
  -2.68883931470750    0.71293282608167   -3.38866658236129
  -2.69588682171858    0.71480143870673   -3.39835101784173
  -2.69823233480134    0.71542334023188   -3.40158374863329
  -2.70634532691506    0.71757446111292   -3.41429505521688
  -2.70861599716793    0.71817651842130   -3.41758200340429
  -2.71471835023813    0.71979452801982   -3.42737997627202
  -2.72108172972009    0.72148174751735   -3.43620261632275
  -2.72407414677812    0.72227517252358   -3.44033563091019
  -2.73191623539667    0.72435446464439   -3.45324659216293
  -2.73354686090431    0.72478681716359   -3.45565165206561
  -2.74125641099704    0.72683096733105   -3.46622166032367
  -2.74612154544820    0.72812093435681   -3.47336805427782
  -2.75009396290212    0.72917420175970   -3.47897732471817
  -2.75815191656070    0.73131072945878   -3.49175082872572
  -2.75884353153295    0.73149410784589   -3.49262129544096
  -2.76635908308354    0.73348682023194   -3.50494410372532
  -2.77131225098542    0.73480012890421   -3.51202054447908
  -2.77588593918144    0.73601282035564   -3.51778572604730
  -2.78314111396891    0.73793649509390   -3.53021144225972
  -2.78385671159261    0.73812623236582   -3.53105400386552
  -2.79304561770282    0.74056262667392   -3.54369109437191
  -2.79657890255858    0.74149946017817   -3.54830765840128
  -2.80156478032017    0.74282144171259   -3.55666300042158
  -2.80852559484983    0.74466706824271   -3.56724482303029
  -2.81061188943442    0.74522023922846   -3.56984371255615
  -2.81869593275998    0.74736368447739   -3.58260064602899
  -2.82120596013013    0.74802920617546   -3.58652830267853
  -2.82679825377152    0.74951197596695   -3.59533697070294
  -2.83410075503332    0.75144819909251   -3.60483856972876
  -2.83641017696376    0.75206053122202   -3.60809939430113
  -2.84571154296699    0.75452674373045   -3.62109155730401
  -2.84642570291122    0.75471609980857   -3.62195140181209
  -2.85320966909137    0.75651483584847   -3.63424594116316
  -2.85836551420826    0.75788188341056   -3.64100152289272
  -2.86322524003786    0.75917041636629   -3.64735657471843
  -2.87038227378500    0.76106806947922   -3.66014288105626
  -2.87103443256550    0.76124098624665   -3.66102692160160
  -2.87916539644550    0.76339687225517   -3.67297023269667
  -2.88347260801363    0.76453890870896   -3.67888087932293
  -2.88806150410552    0.76575563246091   -3.68622478192411
  -2.89578214510614    0.76780272332932   -3.69869881153860
  -2.89649639709291    0.76799210381207   -3.69955874689350
  -2.90402206915927    0.76998749960425   -3.71188208132063
  -2.90884904759555    0.77126734974598   -3.71989402399723
  -2.91184222648127    0.77206097674715   -3.72482144999841
  -2.91840630382760    0.77380141031920   -3.73757892246812
  -2.92139316074882    0.77459336108185   -3.74251394258338
  -2.92617795105162    0.77586202524268   -3.75054082112284
  -2.93254468262274    0.77755013353054   -3.76343058020859
  -2.93414605189164    0.77797472889860   -3.76748815068508
  -2.93734813035064    0.77882374461800   -3.77634279173734
  -2.93997483843039    0.77952020364563   -3.78941113686233
  -2.94082045986072    0.77974441610519   -3.80232205413739
  -2.94161480913113    0.77995503399789   -3.81525308984728
  -2.94240923718057    0.78016567277846   -3.82818426160330
  -2.94247537252906    0.78018320824837   -3.84110024028150
  -2.94321722586343    0.78037990709583   -3.85404660468961
  -2.94401188770072    0.78059060786413   -3.86697818272598
  -2.94480662896237    0.78080132969141   -3.87990989834569
  -2.94487199559228    0.78081866133929   -3.89282482080068
  -2.94488549110112    0.78082223960862   -3.90575598086570
  -2.94489905871419    0.78082583699604   -3.91868727106672
  -2.93997679734832    0.77952072304331   -3.93137160989515
  -2.93376075965915    0.77787257051425   -3.94252115118212
  -2.93225639363392    0.77747369509021   -3.94418567940679
  -2.92164072222052    0.77465900081669   -3.95655364180024
  -2.92086043547175    0.77445211153405   -3.95736087243853
  -2.90914545420109    0.77134594053339   -3.96782370506222
  -2.90733790084735    0.77086667644582   -3.96994606327643
  -2.89683932050740    0.76808302830788   -3.97935443070112
  -2.89201066445038    0.76680273335308   -3.98317228936768
  -2.88398179980822    0.76467391846695   -3.98941113626012
  -2.87581553563736    0.76250867275590   -3.99633739625873
  -2.87204364548572    0.76150857420380   -3.99899957487224
  -2.86020574272163    0.75836981115972   -4.00926073059131
  -2.85936733932153    0.75814751252619   -4.01000994624108
  -2.84671313253418    0.75479231039217   -4.02027527225513
  -2.84508875455524    0.75436161437519   -4.02181006349207
  -2.83422609383378    0.75148143207328   -4.02995490184012
  -2.82871172287942    0.75001932310788   -4.03473125924243
  -2.82193005184864    0.74822119561581   -4.04068762940850
  -2.81264654220834    0.74575971763621   -4.04805741406436
  -2.80944496220236    0.74491083407924   -4.05037203102835
  -2.79758545286444    0.74176634215592   -4.06066613075619
  -2.79677306691534    0.74155094192452   -4.06147482127023
  -2.78409106046713    0.73818836884399   -4.07169811967309
  -2.78185986263951    0.73759677745953   -4.07344512563161
  -2.77218454039994    0.73503141225166   -4.08126775630614
  -2.76628317057136    0.73346669239405   -4.08630751685336
  -2.75931235833197    0.73161841501922   -4.09210674472318
  -2.75019580611976    0.72920120499956   -4.09966943534923
  -2.74721804549493    0.72841166607619   -4.10223245099103
  -2.73453141017198    0.72504786567176   -4.11170130679182
  -2.73370448367744    0.72482861008460   -4.11244376132793
  -2.72204821284428    0.72173800587438   -4.12219922535989
  -2.71820175875363    0.72071813705208   -4.12549402264741
  -2.70937117941127    0.71837675136494   -4.13245068664451
  -2.70372814140846    0.71688052694980   -4.13787444062598
  -2.69707915944298    0.71511758132591   -4.14317053803276
  -2.68674205535549    0.71237674784052   -4.15094830736496
  -2.68439846364243    0.71175535575731   -4.15267344597705
  -2.67210974364955    0.70849706069091   -4.16335004084028
  -2.67128285175570    0.70827781427796   -4.16409250475085
  -2.65962437941392    0.70518662634830   -4.17303583358425
  -2.65487998705301    0.70392867350768   -4.17698711044130
  -2.64733313624887    0.70192766227493   -4.18374709526672
  -2.64018767752709    0.70003307822436   -4.19007583459128
  -2.63466106886308    0.69856772448904   -4.19481851034955
  -2.62501249403397    0.69600945122855   -4.20245695520151
  -2.62186008889959    0.69517360615253   -4.20491452853467
  -2.60969413079042    0.69194786080980   -4.21418317495304
  -2.60801410455270    0.69150240992436   -4.21561084539785
  -2.59720296820822    0.68863588906346   -4.22550128325356
  -2.59397250813845    0.68777934809632   -4.22859692213157
  -2.58438071874432    0.68523613122110   -4.23561886010470
  -2.57694599957864    0.68326485115355   -4.24168433688577
  -2.57224459266845    0.68201829569868   -4.24565911129009
  -2.56108227052770    0.67905865961112   -4.25417475263643
  -2.55954936290507    0.67865221651966   -4.25517366103778
  -2.54726995813534    0.67539639133992   -4.26584673349340
  -2.54563376784048    0.67496256334412   -4.26736250380449
  -2.53478222488904    0.67208532886551   -4.27634713849533
  -2.53014946162227    0.67085697394290   -4.28043992035855
  -2.52230360472138    0.66877668268013   -4.28764035053139
  -2.51472676605443    0.66676772030962   -4.29357522759488
  -2.51001320687494    0.66551794273892   -4.29678711044231
  -2.49972560476625    0.66279023446538   -4.30627011232458
  -2.49735835734284    0.66216257018422   -4.30859974925810
  -2.48459707387558    0.65877897718297   -4.31790667091742
  -2.48306454090194    0.65837263342788   -4.31875434828589
  -2.47235622982616    0.65553337619296   -4.32720789538264
  -2.46767600685106    0.65429243755670   -4.33205155366516
  -2.45989282965136    0.65222876551556   -4.33847735748422
  -2.45203325119078    0.65014483604716   -4.34485555980413
  -2.44726095803470    0.64887948544474   -4.34866812503585
  -2.43544823848920    0.64574739961008   -4.35740660153110
  -2.43465570406970    0.64553726291639   -4.35819415297642
  -2.42234390254388    0.64227284789242   -4.36477407373977
  -2.41070241972735    0.63918616465376   -4.37055209839559
  -2.40990559451680    0.63897489027744   -4.37120268366781
  -2.39752360517605    0.63569186529155   -4.37635219996474
  -2.38504164283665    0.63238233294538   -4.38199443013742
  -2.38193705730620    0.63155916700760   -4.38370986062092
  -2.37269838982842    0.62910957871196   -4.38797660630628
  -2.35992004043895    0.62572146076342   -4.39301216956045
  -2.35367840151909    0.62406652019104   -4.39624011353499
  -2.34746527041344    0.62241913832864   -4.39945077739780
  -2.33509777668409    0.61913995678448   -4.40457015315006
  -2.32490872000215    0.61643837735739   -4.40930232681376
  -2.32261201706135    0.61582941760687   -4.41021415608807
  -2.30998265618915    0.61248080324789   -4.41560351425000
  -2.29777764818924    0.60924470401425   -4.42102469521094
  -2.29462199748047    0.60840799838977   -4.42255047314839
  -2.28518779127600    0.60590656394019   -4.42633108808418
  -2.27296082501983    0.60266464258039   -4.43182857672115
  -2.26651466825877    0.60095547508500   -4.43542355788371
  -2.26019660220655    0.59928027022566   -4.43843129597947
  -2.24771895799578    0.59597188281055   -4.44326577705344
  -2.23824081842849    0.59345879964090   -4.44778558431821
  -2.23495494313897    0.59258756559448   -4.44945290722211
  -2.22271970176694    0.58934345012747   -4.45456190462582
  -2.21011085935983    0.58600027614093   -4.45998023045148
  -2.20930520311122    0.58578666025729   -4.46073365463837
  -2.19789159892730    0.58276039794325   -4.46537074618029
  -2.18512357459934    0.57937501763517   -4.47129020193256
  -2.17836207451198    0.57758223837184   -4.47420683464409
  -2.17306808003496    0.57617856117063   -4.47621452025936
  -2.16032556016306    0.57279994324653   -4.48196807858886
  -2.15011371821953    0.57009232241681   -4.48670575257594
  -2.14781722258650    0.56948341763295   -4.48761765832660
  -2.13547597592722    0.56621119537331   -4.49279489860690
  -2.12284800855040    0.56286295049294   -4.49890664961498
  -2.12127086340235    0.56244477803414   -4.49966353105023
  -2.11027667353553    0.55952972141125   -4.50515063714782
  -2.09802109468687    0.55628021356002   -4.50972720549699
  -2.09093745580079    0.55440202074189   -4.51277151717304
  -2.08531004364678    0.55290993944549   -4.51563979092682
  -2.07305129770034    0.54965959185350   -4.52020858901079
  -2.06272438034579    0.54692145933140   -4.52541694821092
  -2.06031305935769    0.54628210915632   -4.52695441013083
  -2.04794456603316    0.54300266257430   -4.53196568999223
  -2.03559873565253    0.53972922496296   -4.53714275851490
  -2.03260289039062    0.53893489098495   -4.53898896834774
  -2.02325732903271    0.53645696029056   -4.54313513018579
  -2.01054523107688    0.53308640859135   -4.54808620445945
  -2.00419903353787    0.53140374480344   -4.55119525966436
  -1.99797699070964    0.52975400004061   -4.55374565537620
  -1.98564874734635    0.52648522554244   -4.55971399524333
  -1.97355945187798    0.52327980693060   -4.56461227602209
  -1.97286800964045    0.52309647434327   -4.56514366826364
  -1.96070970539770    0.51987275838645   -4.57102224483298
  -1.94809822796579    0.51652888573575   -4.57631293291042
  -1.94727488853603    0.51631058124158   -4.57699914956000
  -1.93534297511880    0.51314689172449   -4.58425546774176
  -1.92755914675638    0.51108304703068   -4.58992825027874
  -1.92479796707559    0.51035093350408   -4.60341097250350
      
      
