# shadow point cont 3D ind 249  size 1120
# norm -0.3754156 -0.9268566  0.0000000
# angle  1.9556414
   1.70507978268038   -0.69062841394310   -4.60218068262635
   1.70645680585544   -0.69118616575097   -4.59045163000275
   1.71206824447748   -0.69345903239032   -4.58444388698578
   1.72062054240687   -0.69692306968320   -4.57741374345355
   1.72447569325431   -0.69848456653650   -4.57526012213007
   1.73629617581573   -0.70327235488890   -4.56929121349326
   1.74527301558778   -0.70690834933149   -4.56445121275291
   1.74826530095611   -0.70812034968419   -4.56283788375552
   1.76025029579508   -0.71297477236917   -4.55639369222261
   1.76936095877471   -0.71666497079127   -4.55186802303273
   1.77235326442047   -0.71787697935718   -4.55025471554688
   1.78418670276382   -0.72267001534152   -4.54429359677481
   1.79531943639514   -0.72717923669805   -4.53862855400608
   1.79613239388795   -0.72750851838303   -4.53782766419372
   1.80783191515635   -0.73224731236766   -4.53166140376951
   1.81868681561903   -0.73664399970523   -4.52599657148988
   1.82023165415124   -0.73726972373066   -4.52522841956474
   1.83190280313877   -0.74199702575841   -4.51895794021958
   1.84376478471621   -0.74680162294282   -4.51307816179960
   1.84454609377212   -0.74711808569111   -4.51234382618830
   1.85586634263400   -0.75170325853541   -4.50604156000062
   1.86780219800067   -0.75653777768500   -4.50041230586701
   1.86861091767198   -0.75686534287555   -4.49974479337583
   1.87976235387694   -0.76138213955431   -4.49315687097830
   1.89089522819796   -0.76589141789603   -4.48667653102190
   1.89168786949597   -0.76621247067493   -4.48593397816799
   1.90360276305166   -0.77103849941695   -4.47998590350343
   1.91514667456877   -0.77571426496338   -4.47425209512244
   1.91599129601876   -0.77605637187141   -4.47360454607663
   1.92764281111278   -0.78077572135355   -4.46734533247138
   1.93768836447340   -0.78484458936495   -4.46147020011900
   1.93977854446128   -0.78569119942071   -4.46039760715373
   1.95174849803719   -0.79053952976693   -4.45394490558123
   1.96289610475882   -0.79505477534525   -4.44813773966283
   1.96372413635256   -0.79539016266969   -4.44749910515815
   1.97568959783002   -0.80023667352872   -4.44184742957055
   1.98698586649149   -0.80481213339188   -4.43555590545369
   1.98781619963018   -0.80514845293801   -4.43486646921697
   1.99929864505794   -0.80979932215511   -4.42837537493631
   2.01088621167137   -0.81449276983596   -4.42261655084977
   2.01174871078333   -0.81484211794259   -4.42200531008850
   2.02356794692973   -0.81962940144493   -4.41603326700320
   2.03519280387816   -0.82433795326647   -4.40982914324310
   2.03678818022326   -0.82498414721355   -4.40896675533852
   2.04751129421135   -0.82932745553340   -4.40313230532348
   2.05880790760143   -0.83390305502603   -4.39684096608129
   2.05963750948412   -0.83423907838298   -4.39617269959996
   2.07128979273005   -0.83895873899868   -4.38991380984308
   2.08327447258374   -0.84381303410150   -4.38425956858587
   2.08407940343950   -0.84413906466376   -4.38359638672446
   2.09523185306199   -0.84865627181887   -4.37700897848684
   2.10701457841297   -0.85342876692657   -4.37110155822181
   2.10786179038004   -0.85377192310203   -4.37038448128964
   2.11917318374601   -0.85835350910122   -4.36329643548114
   2.12748146715922   -0.86171871033963   -4.35782632154874
   2.13112111290083   -0.86319291863849   -4.35525295724916
   2.14288236142939   -0.86795671473751   -4.34621927634062
   2.14519852072693   -0.86889485583704   -4.34449431397087
   2.15523241799085   -0.87295900264321   -4.33695045243413
   2.16171100790589   -0.87558310171650   -4.33176649937758
   2.16701976107561   -0.87773336812565   -4.32702245526722
   2.17545935967095   -0.88115175748867   -4.31923439637748
   2.17917057618010   -0.88265495493289   -4.31597551159878
   2.19069514155256   -0.88732288448399   -4.30805655761421
   2.19369897312615   -0.88853956153131   -4.30561432952441
   2.20293521252274   -0.89228062363881   -4.29795368850008
   2.20958724809267   -0.89497497543503   -4.29303020632754
   2.21489612965907   -0.89712529385019   -4.28828621283568
   2.22512264451323   -0.90126745881258   -4.27990297521784
   2.22667974158270   -0.90189814805678   -4.27836810410429
   2.23884701774328   -0.90682640227816   -4.26970171044280
   2.24175500373765   -0.90800425786912   -4.26720643695287
   2.25080420158369   -0.91166956034901   -4.25923428725696
   2.25661141994927   -0.91402172594852   -4.25412692742652
   2.26259605455465   -0.91644575252342   -4.24928504567277
   2.27300116008059   -0.92066025415512   -4.24116674130126
   2.27455829638045   -0.92129095928927   -4.23963188651757
   2.28635640714938   -0.92606968613281   -4.23125870158745
   2.29012692213114   -0.92759690193118   -4.22803407571174
   2.29851232982584   -0.93099334171968   -4.22101813769007
   2.30463698401071   -0.93347408206310   -4.21560001665009
   2.31065408699408   -0.93591125968502   -4.21080630961630
   2.32150468387797   -0.94030620389372   -4.20236565115714
   2.32225238050366   -0.94060905220613   -4.20155812592850
   2.33459665571555   -0.94560899842417   -4.19223485328727
   2.33755084101947   -0.94680556666201   -4.18977418632996
   2.34674679322828   -0.95053031077849   -4.18200558729647
   2.35382625785503   -0.95339778916654   -4.17662692104890
   2.35835114504168   -0.95523055716528   -4.17264092961080
   2.36909675794001   -0.95958297848198   -4.16413475899499
   2.37068236766855   -0.96022521654208   -4.16264983057113
   2.38247376613423   -0.96500122462291   -4.15351525323766
   2.38543044786232   -0.96619880401664   -4.15104011352860
   2.39444372567484   -0.96984955738508   -4.14383011031270
   2.40170776768811   -0.97279179731157   -4.13789205574075
   2.40623279085913   -0.97462462038964   -4.13390609772592
   2.41759180284224   -0.97922549391447   -4.12520719321087
   2.41838463065244   -0.97954662223858   -4.12446473659161
   2.43035510544727   -0.98439516370020   -4.11478127066233
   2.43269352791541   -0.98534232231220   -4.11249860370550
   2.44232507274672   -0.98924349960503   -4.10509642725069
   2.44898795147365   -0.99194224333200   -4.09935416883733
   2.45411591971205   -0.99401928430521   -4.09517156971701
   2.46547425131074   -0.99861988224598   -4.08647343402284
   2.46626710283328   -0.99894102017458   -4.08573098518267
   2.47805925873192   -1.00371733504733   -4.07659653587912
   2.48186008007187   -1.00525682618455   -4.07343425884534
   2.49040023281909   -1.00871594417220   -4.06660398289249
   2.49763254330438   -1.01164533150664   -4.06063381415669
   2.50218175424905   -1.01348795164168   -4.05668262802661
   2.51379531096313   -1.01819192639709   -4.04821992376213
   2.51454336225457   -1.01849491836392   -4.04741270137114
   2.52628889549141   -1.02325234911447   -4.03758873862952
   2.52933929593282   -1.02448788849518   -4.03520721400637
   2.53825977794669   -1.02810105569558   -4.02790570935074
   2.54697728038500   -1.03163200770361   -4.02185551328342
   2.55007508729240   -1.03288674867989   -4.01876004124689
   2.56001550571203   -1.03691303265605   -4.00939379873284
   2.56221550692363   -1.03780412488697   -4.00771541728290
   2.57353839930373   -1.04239036846639   -4.00032298249215
   2.57826082597459   -1.04430314819364   -3.99578393748527
   2.58619082684132   -1.04751512922631   -3.98910567206399
   2.59198919852761   -1.04986371155181   -3.98325350457874
   2.59797396439548   -1.05228779129348   -3.97679579271351
   2.60382057024649   -1.05465591046706   -3.97020626676549
   2.60945861832687   -1.05693955504665   -3.96188288683610
   2.61184275605813   -1.05790523024654   -3.95721626787417
   2.61572822981060   -1.05947900914084   -3.94437513306374
   2.61669449094075   -1.05987038519171   -3.93144589189649
   2.61635615370188   -1.05973334450128   -3.91852611197286
   2.61629650592449   -1.05970918466412   -3.90560995322719
   2.61558294917022   -1.05942016442327   -3.89266555032075
   2.61552292202645   -1.05939585092690   -3.87974880113583
   2.61481002229156   -1.05910709680630   -3.86680550891844
   2.61474961992553   -1.05908263132928   -3.85388816923516
   2.61403737191715   -1.05879414118509   -3.84094598490437
   2.61388584928112   -1.05873276819899   -3.82806933302318
   2.61153971186481   -1.05778248471127   -3.81520935507015
   2.60923421968471   -1.05684866423913   -3.80713080977805
   2.60773542229637   -1.05624158879689   -3.80233690377119
   2.60298130650123   -1.05431597365286   -3.78943629487131
   2.59808992175312   -1.05233475885876   -3.77646146147234
   2.59728437839044   -1.05200848020566   -3.77488037024810
   2.59068228159590   -1.04933435569592   -3.76347255902639
   2.58555749008781   -1.04725860143095   -3.75530848002286
   2.58174418743964   -1.04571405484343   -3.75054369130301
   2.57319679763676   -1.04225200554645   -3.74107060870504
   2.57091272385041   -1.04132686041693   -3.73781443500998
   2.56171429726539   -1.03760111407490   -3.72523999063057
   2.56096467962093   -1.03729748766978   -3.72443146857276
   2.55061224942359   -1.03310432174273   -3.71204522219065
   2.54906514791519   -1.03247768111758   -3.70966070916479
   2.54039024016763   -1.02896398173549   -3.69887390332774
   2.53738591002635   -1.02774710274748   -3.69484042428959
   2.53065013929759   -1.02501883472018   -3.68592901109999
   2.52553800191650   -1.02294820590431   -3.67936121564676
   2.51954155249179   -1.02051939383491   -3.67289350089816
   2.51343141542215   -1.01804453352852   -3.66568871838117
   2.50910950785886   -1.01629398074151   -3.65989264872250
   2.50154876639581   -1.01323156516548   -3.65025854783759
   2.49913987192302   -1.01225586245291   -3.64716732927780
   2.48936737515627   -1.00829759374852   -3.63505379510759
   2.48866015226557   -1.00801113898653   -3.63420835300640
   2.48008692751005   -1.00453862545642   -3.62166338803631
   2.47708393075162   -1.00332228654406   -3.61831641120728
   2.46800178140345   -0.99964363733173   -3.60802213219210
   2.46577007904936   -0.99873970481616   -3.60559514128962
   2.45791363937653   -0.99555751913453   -3.59542893673250
   2.45325822888551   -0.99367188375469   -3.58907829410625
   2.44815734155036   -0.99160581167656   -3.58251573703362
   2.44139043629792   -0.98886493286886   -3.57447677965397
   2.43746107590793   -0.98727337805628   -3.56975103286702
   2.42939788528951   -0.98400744962016   -3.55992737599640
   2.42643326281344   -0.98280665389236   -3.55663055074024
   2.41740670395409   -0.97915052114613   -3.54453993882460
   2.41668381795016   -0.97885772217014   -3.54370663320705
   2.40617304612177   -0.97460042127965   -3.53076131287039
   2.40548858701525   -0.97432318679951   -3.52990170829416
   2.39674967059578   -0.97078356123614   -3.51757904996089
   2.39375553934980   -0.96957081322602   -3.51346294945089
   2.38517657680785   -0.96609597565313   -3.50496599875218
   2.38115241383456   -0.96446602184104   -3.49946608997073
   2.37548593593258   -0.96217086199818   -3.49194580294451
   2.36947894093722   -0.95973777853291   -3.48387908931880
   2.36568879415840   -0.95820261103808   -3.47910375230539
   2.35731750174269   -0.95481188852618   -3.46947400665122
   2.35448430493079   -0.95366432567283   -3.46610939324720
   2.34545518405587   -0.95000715520346   -3.45485782938192
   2.34400742816558   -0.94942075369636   -3.45315853534164
   2.33421559588061   -0.94545465330079   -3.44029551451118
   2.33347967214308   -0.94515657349901   -3.43947390003664
   2.32308606623559   -0.94094672969232   -3.42723361644109
   2.32154242032838   -0.94032148872975   -3.42485413008509
   2.31397956437251   -0.93725821669595   -3.41445055460331
   2.30932228279340   -0.93537182344741   -3.40893073627795
   2.30333626699851   -0.93294723743316   -3.40157836097505
   2.29772426790376   -0.93067414377900   -3.39400906655447
   2.29262383063913   -0.92860825399820   -3.38818688999846
   2.28511289263553   -0.92556601090005   -3.37757745864136
   2.28365013359574   -0.92497353249177   -3.37593054293214
   2.27370299326208   -0.92094452586012   -3.36414606981553
   2.27276596748524   -0.92056499134646   -3.36273183596889
   2.26191050366926   -0.91616807582731   -3.35005411720530
   2.26111274467307   -0.91584495016724   -3.34847694470745
   2.25186707512310   -0.91210006845438   -3.33676489986937
   2.24974693341038   -0.91124132265065   -3.33422925757451
   2.24134568285467   -0.90783846584280   -3.32387257811649
   2.23742863473426   -0.90625189801283   -3.31835953217630
   2.23158654146324   -0.90388560662233   -3.31096859766971
   2.22578910860209   -0.90153740456017   -3.30431945849826
   2.22109156409798   -0.89963470314804   -3.29804904189410
   2.21345480933833   -0.89654149901712   -3.28846316923015
   2.21069119411295   -0.89542211960788   -3.28502616837680
   2.20192850606197   -0.89187286554247   -3.27264135452622
   2.20115624080378   -0.89156006590938   -3.27186188206876
   2.18997373971575   -0.88703068665758   -3.25957019697255
   2.18917361062766   -0.88670660101145   -3.25799521668081
   2.17930009688335   -0.88270741621873   -3.24617464864167
   2.17766135796411   -0.88204365862090   -3.24388688215976
   2.16993465285305   -0.87891402084672   -3.23365113365300
   2.16531853196585   -0.87704429939481   -3.22803980509008
   2.15838689863003   -0.87423669884416   -3.22026871785992
   2.15367972679000   -0.87233009795952   -3.21400539314881
   2.14896928011278   -0.87042217062926   -3.20775345621391
   2.14152551876064   -0.86740713687623   -3.19880258441537
   2.13849009696933   -0.86617766447343   -3.19480213727177
   2.12932316067591   -0.86246467301265   -3.18292323653527
   2.12853621263461   -0.86214592624013   -3.18202023729738
   2.11844716196278   -0.85805944000385   -3.16878594256666
   2.11772671784539   -0.85776763009373   -3.16795140805746
   2.10794691633733   -0.85380640266449   -3.15588926192282
   2.10553593530089   -0.85282985480664   -3.15281121289063
   2.09730198241907   -0.84949476053304   -3.14307624002403
   2.09346220345336   -0.84793948993285   -3.13747429657670
   2.08721837028185   -0.84541047713007   -3.12979058725699
   2.08206921383064   -0.84332485404711   -3.12398274288437
   2.07633097839570   -0.84100062941110   -3.11722520077832
   2.06943542825642   -0.83820764405972   -3.10767911467790
   2.06657341978277   -0.83704841128192   -3.10435270516545
   2.05767902991733   -0.83344581248968   -3.09372677149968
   2.05561211000452   -0.83260862373427   -3.09115806381866
   2.04617435494570   -0.82878593938035   -3.07874049103057
   2.04543884383010   -0.82848802670765   -3.07791924494521
   2.03585572892115   -0.82460646555291   -3.06561293885481
   2.03347503355710   -0.82364218465529   -3.06246288382086
   2.02540348222435   -0.82037286978121   -3.05260125008702
   2.02184341884400   -0.81893089565726   -3.04841006727359
   2.01493186117585   -0.81613142658917   -3.03965412809637
   2.00983074848969   -0.81406526323449   -3.03309974475835
   2.00440146329310   -0.81186617632826   -3.02683927275862
   1.99740077486019   -0.80903060558368   -3.01816418396621
   1.99372895637788   -0.80754336598324   -3.01396886395077
   1.98586632211586   -0.80435867123467   -3.00321269044409
   1.98418110511096   -0.80367608807401   -3.00099123873993
   1.97369842908173   -0.79943016715377   -2.98968260871625
   1.97218606564388   -0.79881759689578   -2.98813579062171
   1.96204230087305   -0.79470894916782   -2.97962737697974
   1.95670672211431   -0.79254781727649   -2.97490909033452
   1.94985770785792   -0.78977368089823   -2.96941206338805
   1.94148782568537   -0.78638352959362   -2.96233558641509
   1.93786526465257   -0.78491624131426   -2.95975848459059
   1.92588379111704   -0.78006324490401   -2.95088655899237
   1.92366259213023   -0.77916356669019   -2.94920516139840
   1.91407959211545   -0.77528205207237   -2.94172132394562
   1.90649679346239   -0.77221070241459   -2.93624194597847
   1.90196361669105   -0.77037457678838   -2.93303148390036
   1.89025516887729   -0.76563216718064   -2.92369270495477
   1.88943643118295   -0.76530054427300   -2.92301905491714
   1.87781732736172   -0.76059432270788   -2.91474015216129
   1.87139587758578   -0.75799336777368   -2.91024928115309
   1.86617369003611   -0.75587816405044   -2.90617852447986
   1.85599279334491   -0.75175447634634   -2.89779994958977
   1.85384662371409   -0.75088518815042   -2.89627670611221
   1.84190979406000   -0.74605027437380   -2.88801736420944
   1.83754384218761   -0.74428188180496   -2.88469610620542
   1.82991867537771   -0.74119337127690   -2.87918312558618
   1.82034251572452   -0.73731462729077   -2.87172481280410
   1.81810219454044   -0.73640720378965   -2.87009540417037
   1.80632385944875   -0.73163648692005   -2.86172066492322
   1.80249492674356   -0.73008560950765   -2.85861498686862
   1.79431991192032   -0.72677438760550   -2.85286779806701
   1.78518772822894   -0.72307547239773   -2.84582500435049
   1.78219389224103   -0.72186284397944   -2.84340199572594
   1.77067484354652   -0.71719714891295   -2.83480203897393
   1.76818168893186   -0.71618731732927   -2.83258255017172
   1.75856795995671   -0.71229335620110   -2.82593473794431
   1.75087686258389   -0.70917814104576   -2.81981043624516
   1.74623672541328   -0.70729869199759   -2.81602276659349
   1.73420344371146   -0.70242471111958   -2.80798686489626
   1.73341594104176   -0.70210573969943   -2.80723271908686
   1.72248877819220   -0.69767978308183   -2.79873515718724
   1.71703464232371   -0.69547063061721   -2.79426774521915
   1.71017735769772   -0.69269314439439   -2.78951843621720
   1.69931938472895   -0.68829521256373   -2.78089490858855
   1.69850775002922   -0.68796646666511   -2.78019610759697
   1.68637638226508   -0.68305275684167   -2.77157366988874
   1.68189571632581   -0.68123790029215   -2.76832161151135
   1.67442742482370   -0.67821293080547   -2.76263818818694
   1.66606032817752   -0.67482390775520   -2.75556370289778
   1.66241773853792   -0.67334850705489   -2.75302740409005
   1.65048118938376   -0.66851370689244   -2.74487131607347
   1.64748781357476   -0.66730126486580   -2.74244863438198
   1.63864407673341   -0.66371918266055   -2.73577279033191
   1.63089537362947   -0.66058063478194   -2.72969701817706
   1.62648311345117   -0.65879348541814   -2.72642285166634
   1.61427688839044   -0.65384945526803   -2.71770388645691
   1.61293339255490   -0.65330528343075   -2.71679092246500
   1.60291035073498   -0.64924553353207   -2.70963877010038
   1.59522252828546   -0.64613164485723   -2.70351631338541
   1.59061220008642   -0.64426426968558   -2.69965821003944
   1.57891163138923   -0.63952505144861   -2.69108476943311
   1.57809319106322   -0.63919354898755   -2.69041133052017
   1.56671214371662   -0.63458375022163   -2.68263580530993
   1.56144544179223   -0.63245051632038   -2.67783045963263
   1.55483763519258   -0.62977407910148   -2.67278150804607
   1.54351218281676   -0.62518679861704   -2.66487717077764
   1.54270918814135   -0.62486155228856   -2.66415529728102
   1.53090404988719   -0.62007997902046   -2.65581421836807
   1.52625225639430   -0.61819580867569   -2.65203517967776
   1.51860703635764   -0.61509917575458   -2.64580443651463
   1.50919514467676   -0.61128696714722   -2.63889290711504
   1.50691763453548   -0.61036448056766   -2.63728783390571
   1.49449750941748   -0.60533381197470   -2.62824757569026
   1.49232475136731   -0.60445375436020   -2.62652718736738
   1.48303196362275   -0.60068978781369   -2.61946579829933
   1.47472977927191   -0.59732705694988   -2.61311147485911
   1.47086011760125   -0.59575968260808   -2.61009541575556
   1.45902832629967   -0.59096731374433   -2.60183655319754
   1.45680128981674   -0.59006527110116   -2.60015863573256
   1.44718739478850   -0.58617124271456   -2.59277715653519
   1.44042846776649   -0.58343359542287   -2.58708737576631
   1.43524912410420   -0.58133574526061   -2.58368901128355
   1.42413306497073   -0.57683327777104   -2.57505524372900
   1.42270451273295   -0.57625465454400   -2.57414852502820
   1.41121447137224   -0.57160070865731   -2.56617098262049
   1.40582400654681   -0.56941734562021   -2.56155923422307
   1.39905835384869   -0.56667697414924   -2.55595503544594
   1.38804481767555   -0.56221603273382   -2.54833243629857
   1.38723345209085   -0.56188739583800   -2.54763383158793
   1.37516034236588   -0.55699728294979   -2.53894186019369
   1.37200949294740   -0.55572105754465   -2.53594217483695
   1.36313917426501   -0.55212820858531   -2.52932717132232
   1.35343725759094   -0.54819852776165   -2.52282604504605
   1.35120157366870   -0.54729298254494   -2.52120546769546
   1.33937297378437   -0.54250190633827   -2.51209329852903
   1.33691311653710   -0.54150556157689   -2.51003922756632
   1.32679614525400   -0.53740776632876   -2.50244624473907
   1.31905431962033   -0.53427200411240   -2.49696045127562
   1.31544396427530   -0.53280965964557   -2.49432447293868
   1.30380870317907   -0.52809689371031   -2.48448804633230
   1.30300291719023   -0.52777051678350   -2.48377380581820
   1.29135557640283   -0.52305285806960   -2.47599525347451
   1.28475792417597   -0.52038053379512   -2.47095786167632
   1.27952626262322   -0.51826149270557   -2.46688276206799
   1.26817972896748   -0.51366567342367   -2.45819923648706
   1.26736845462042   -0.51333707348291   -2.45750070030569
   1.25530063903086   -0.50844910494030   -2.44874603922545
   1.25156527585084   -0.50693612708746   -2.44553475416086
   1.24342156167722   -0.50363758325364   -2.43975676002079
   1.23348993956745   -0.49961486214978   -2.43270761514708
   1.23133310987748   -0.49874125618538   -2.43104542589275
   1.21972458171919   -0.49403931820476   -2.42245662795650
   1.21588516121016   -0.49248419279447   -2.41934571649637
   1.20754165565101   -0.48910472511820   -2.41307372752408
   1.19860073180734   -0.48548327812430   -2.40656972917479
   1.19555682720224   -0.48425036982818   -2.40421978878328
   1.18346129551659   -0.47935117511089   -2.39552648250620
   1.18126227267230   -0.47846047915954   -2.39384749681028
   1.17165156266946   -0.47456774084104   -2.38641524691359
   1.16415755395760   -0.47153235481200   -2.38078373313819
   1.15972790051449   -0.46973816045065   -2.37748590389222
   1.14798544565461   -0.46498197657113   -2.36812069972831
   1.14716221951812   -0.46464853565726   -2.36745731684371
   1.13581931648815   -0.46005418693020   -2.35970398598934
   1.12923299568782   -0.45738645235598   -2.35458028109552
   1.12388452691067   -0.45522009946968   -2.35067769061812
   1.11291671648661   -0.45077767888940   -2.34255952144392
   1.11153049431759   -0.45021620110538   -2.34160482758754
   1.10030484240125   -0.44566934396872   -2.33334273597056
   1.09479911214781   -0.44343929362670   -2.32877487088287
   1.08783619382662   -0.44061902135239   -2.32351306086622
   1.07792023053521   -0.43660264272294   -2.31647611973308
   1.07573223662937   -0.43571641395156   -2.31485470878950
   1.06408490121619   -0.43099875741445   -2.30638772800820
   1.06036409970271   -0.42949167764378   -2.30305476834010
   1.05206590193992   -0.42613056151437   -2.29660592026882
   1.04287368716683   -0.42240733121520   -2.29056364527055
   1.03988227510538   -0.42119568458820   -2.28812777206878
   1.02846345586454   -0.41657058663003   -2.27909478924477
   1.02595505849879   -0.41555458109653   -2.27714789310352
   1.01590322425140   -0.41148316906408   -2.26964391925098
   1.00985292661100   -0.40903254622185   -2.26486676731633
   1.00412856262969   -0.40671394010300   -2.26047792616005
   0.99290158622426   -0.40216654649303   -2.25156597717445
   0.99208357876993   -0.40183521936305   -2.25089286087694
   0.98002492620388   -0.39695096222706   -2.24297152213863
   0.97480456825385   -0.39483649956798   -2.23892614846366
   0.96807442138247   -0.39211050943743   -2.23406885647926
   0.95788955996285   -0.38798521585298   -2.22568050480500
   0.95618391754834   -0.38729435954968   -2.22425727104495
   0.94398024641054   -0.38235136384485   -2.21571375749081
   0.94044660876531   -0.38092009324557   -2.21302617105223
   0.93265333826381   -0.37776349371249   -2.20741991964286
   0.92321061941152   -0.37393879881521   -2.20016546773304
   0.92016981063977   -0.37270714446070   -2.19782068922504
   0.90833668401097   -0.36791423473375   -2.18952659439901
   0.90527828501861   -0.36667545560637   -2.18722682655747
   0.89643376738655   -0.36309305714832   -2.18057849710898
   0.88884619162858   -0.36001977256385   -2.17428732974640
   0.88441679684846   -0.35822568297180   -2.17094818119115
   0.87242039778978   -0.35336664110228   -2.16213671724759
   0.87162190475416   -0.35304321812563   -2.16140593273491
   0.86063889553073   -0.34859464139781   -2.15371839163681
   0.85366113840180   -0.34576835878759   -2.14851279047307
   0.84837744274269   -0.34362824171514   -2.14455430454588
   0.83663415935095   -0.33887172224566   -2.13612791484948
   0.83582866668599   -0.33854546412725   -2.13541390967036
   0.82447527767237   -0.33394686813954   -2.12675436800108
   0.81928553771114   -0.33184480704269   -2.12265474379407
   0.81267121991768   -0.32916573251878   -2.11763519529895
   0.80211299013971   -0.32488920917971   -2.10968432429057
   0.80049101137399   -0.32423224014296   -2.10828770877765
   0.78843714725078   -0.31934992252600   -2.09950222481228
   0.78549648354022   -0.31815883109732   -2.09703836404095
   0.77676536999065   -0.31462236602164   -2.09101425759106
   0.76766275285971   -0.31093542650378   -2.08395020869626
   0.76462318356401   -0.30970427418875   -2.08160629490412
   0.75262457457788   -0.30484433720645   -2.07195046364825
   0.75184529108862   -0.30452869489712   -2.07121646305073
   0.74105181374936   -0.30015688648589   -2.06410897380949
   0.73337967723461   -0.29704935126873   -2.05794005368933
   0.72887039758290   -0.29522290497249   -2.05473463860798
   0.71710842004867   -0.29045881359576   -2.04653336028684
   0.71545964906827   -0.28979099259482   -2.04500539748687
   0.70496437134617   -0.28553996746349   -2.03695844687574
   0.69888231855403   -0.28307648246060   -2.03228453193316
   0.69303755433135   -0.28070910922330   -2.02805077507185
   0.68150125418847   -0.27603642660083   -2.01929142648231
   0.68066316417749   -0.27569696519797   -2.01862589172475
   0.66924457345253   -0.27107195979825   -2.01004929112438
   0.66314910712150   -0.26860304175277   -2.00607360044015
   0.65681201516074   -0.26603625525144   -2.00109286262790
   0.64658572367481   -0.26189418076250   -1.99347495129414
   0.64515585673407   -0.26131502502594   -1.99256536425429
   0.63318000321907   -0.25646430495836   -1.98369900586620
   0.62871291083275   -0.25465494626380   -1.98045553164857
   0.62112025028030   -0.25157960212554   -1.97419679423446
   0.61360058820171   -0.24853382541322   -1.96777361663073
   0.60908934264596   -0.24670658284386   -1.96459619390312
   0.59728842128400   -0.24192671759294   -1.95626308899090
   0.59565997828750   -0.24126713027316   -1.95485587966275
   0.58518272244235   -0.23702340475350   -1.94762367691954
   0.57778041274109   -0.23402516064761   -1.94188194125732
   0.57337362756232   -0.23224022888693   -1.93850105260696
   0.56179428730401   -0.22755011322294   -1.92937843573987
   0.56099593333820   -0.22722674657536   -1.92864778113631
   0.54962335823505   -0.22262037942133   -1.92126051430177
   0.54264793420693   -0.21979504181423   -1.91596886184749
   0.53718595979328   -0.21758271441195   -1.91151549935459
   0.52629274209648   -0.21317050699673   -1.90291892414904
   0.52548186875379   -0.21284206947946   -1.90222072481488
   0.51357344561223   -0.20801866152497   -1.89411025956221
   0.50831025502483   -0.20588684986163   -1.89009660170504
   0.50161038493659   -0.20317312309079   -1.88523461199937
   0.49107489062347   -0.19890580856306   -1.87728132420123
   0.48948958023700   -0.19826369174898   -1.87579653632978
   0.47770632423801   -0.19349098170671   -1.86666305896261
   0.47456177449941   -0.19221730793461   -1.86437307077152
   0.46521279909885   -0.18843058304439   -1.85773405492397
   0.45673100699956   -0.18499510355280   -1.85147911891603
   0.45374151159248   -0.18378423325074   -1.84893656327012
   0.44159241316679   -0.17886334177000   -1.83954242113365
   0.44013445644648   -0.17827280850137   -1.83866148516072
   0.42948492721646   -0.17395930507703   -1.83089041521755
   0.42286567894575   -0.17127823350423   -1.82589164774362
   0.41767804843833   -0.16917702682414   -1.82177720351224
   0.40639373284517   -0.16460640845208   -1.81300920176966
   0.40558841222295   -0.16428022001815   -1.81229536390233
   0.39391397637512   -0.15955158667491   -1.80456877561732
   0.38783707828598   -0.15709018954169   -1.79989891182299
   0.38175552026292   -0.15462690494092   -1.79519605290074
   0.37168824863664   -0.15054924012628   -1.78754231767332
   0.36954406126145   -0.14968075482655   -1.78589493306885
   0.35799829792218   -0.14500423921493   -1.77796250478743
   0.35209960833454   -0.14261502395613   -1.77387772541138
   0.34613083574638   -0.14019742215965   -1.76903084073512
   0.33697579029744   -0.13648924698673   -1.76118574174939
   0.33407253499318   -0.13531330752254   -1.75940519369794
   0.32204368912028   -0.13044112334022   -1.75071177614794
   0.31844042088396   -0.12898164944795   -1.74806748609875
   0.31017545339452   -0.12563399296495   -1.74163617288655
   0.30187259777067   -0.12227099020757   -1.73534474945653
   0.29808940042969   -0.12073863752486   -1.73218202198941
   0.28634863561284   -0.11598313818324   -1.72362492187254
   0.28403520210496   -0.11504610114219   -1.72214408871583
   0.27401300263350   -0.11098669242977   -1.71465273257855
   0.26692463434488   -0.10811560768737   -1.70931186499117
   0.26252132122839   -0.10633208225670   -1.70576842220919
   0.25144354583780   -0.10184512127943   -1.69718967816773
   0.24996630036478   -0.10124677526161   -1.69627874747428
   0.23845891773215   -0.09658580543666   -1.68835837013513
   0.23177245386974   -0.09387750874633   -1.68334210233503
   0.22640962551831   -0.09170533963364   -1.67953092793778
   0.21500932321454   -0.08708774180714   -1.67099908238577
   0.21421405330958   -0.08676562433281   -1.67026218400892
   0.20264206142117   -0.08207848506506   -1.66169919985632
   0.19805224148657   -0.08021941659570   -1.65771732576688
   0.19053514818098   -0.07717468034357   -1.65209215093831
   0.18086559624105   -0.07325810858684   -1.64495704938712
   0.17839160842316   -0.07225604035511   -1.64270852796477
   0.16662820533876   -0.06749137157112   -1.63514041731699
   0.16279089357709   -0.06593710029145   -1.63209055516710
   0.15440579780045   -0.06254078684278   -1.62509184201608
   0.14577487962419   -0.05904490507144   -1.61880170886849
   0.14271899363988   -0.05780714381712   -1.61657714603089
   0.13074179185638   -0.05295587764457   -1.60771053866918
   0.12846106616632   -0.05203208863366   -1.60611847311170
   0.11869304286290   -0.04807563186846   -1.59904373326302
   0.11130350180265   -0.04508255959463   -1.59318905899377
   0.10683366400064   -0.04327208889223   -1.58995386478505
   0.09476125356824   -0.03838225924667   -1.58117368913975
   0.09394444631227   -0.03805141824708   -1.58049715670146
   0.08244329377409   -0.03339297187017   -1.57210723944428
   0.07613250176668   -0.03083683794666   -1.56752888566035
   0.07116175314231   -0.02882347747319   -1.56371293679229
   0.06011957591064   -0.02435093523473   -1.55502374340379
   0.05850907591078   -0.02369861557681   -1.55359627016208
   0.04689085256013   -0.01899275063900   -1.54582461113110
   0.04099533302024   -0.01660481938173   -1.54157438341590
   0.03501442582112   -0.01418230256179   -1.53754078892463
   0.02356279545944   -0.00954391473145   -1.52904668839458
   0.02274255205828   -0.00921168194977   -1.52838640001462
   0.01081321448702   -0.00437980277912   -1.52109246529310
   0.00360093639786   -0.00145852940046   -1.51590581463909
  -0.00075359731221    0.00030523833651   -1.51293958566434
  -0.01306473256472    0.00529176148906   -1.50490762179329
  -0.01528255484082    0.00619007199424   -1.50321272759964
  -0.02449144904048    0.00992005815669   -1.49752118707545
  -0.03530312981885    0.01429923971985   -1.49001741079560
  -0.03692464007133    0.01495601898921   -1.48862133722969
  -0.04861437337472    0.01969084843986   -1.48099144806616
  -0.05400734170156    0.02187522549942   -1.47706934033563
  -0.06066570636725    0.02457214084334   -1.47298012950811
  -0.07264635227421    0.02942480202951   -1.46502280326676
  -0.07402758855744    0.02998426032188   -1.46404435889714
  -0.08454182540569    0.03424296468990   -1.45600344811999
  -0.09175843412794    0.03716599215555   -1.45081848835520
  -0.09643629255215    0.03906071988441   -1.44755988419386
  -0.10878639389608    0.04406302592887   -1.43960282342787
  -0.10958624120364    0.04438699744213   -1.43885996907449
  -0.12020059916023    0.04868625503409   -1.43215585637247
  -0.12890862092403    0.05221336697360   -1.42576726496767
  -0.13282266990478    0.05379872002695   -1.42282219820094
  -0.14451611235152    0.05853505183532   -1.41596923517874
  -0.14838509125456    0.06010214962777   -1.41287520590930
  -0.15664237790951    0.06344669505251   -1.40734902381392
  -0.16618746150166    0.06731285193805   -1.39994985520201
  -0.16859162221566    0.06828663728090   -1.39836488659861
  -0.18055376742605    0.07313180491348   -1.39254190269216
  -0.19256998197534    0.07799887288301   -1.38928409496613
  -0.20434208516215    0.08276706557128   -1.39289936137937
  -0.21641006239321    0.08765509958543   -1.39975756282797
  -0.21783424876424    0.08823195445438   -1.40066554603019
  -0.22826489965547    0.09245680302427   -1.40806239348094
  -0.23730021624968    0.09611648301831   -1.41365526519271
  -0.24024353775132    0.09730865096321   -1.41531084109211
  -0.25226645945998    0.10217843561197   -1.42318573501230
  -0.25666929815298    0.10396176888135   -1.42650547060241
  -0.26410280529030    0.10697264924978   -1.43164557519793
  -0.27564951318921    0.11164954744744   -1.43900710787798
  -0.27645779187222    0.11197693401935   -1.43971184233694
  -0.28807749538029    0.11668339848264   -1.44678683373622
  -0.29631129100667    0.12001842906123   -1.45231691251811
  -0.30017632137352    0.12158392753187   -1.45539412052362
  -0.31215460489087    0.12643563185174   -1.46344166861701
  -0.31442090450184    0.12735357769905   -1.46500591717707
  -0.32392064417957    0.13120136840840   -1.47102240553463
  -0.33512540805093    0.13573976501581   -1.47837189311037
  -0.33594281081915    0.13607084722270   -1.47904450188059
  -0.34800105549112    0.14095493914458   -1.48689044958584
  -0.35443513757641    0.14356101069083   -1.49125175016735
  -0.35973543002314    0.14570785015436   -1.49471216821156
  -0.37192685249766    0.15064588463979   -1.50302647008861
  -0.37403510356513    0.15149981423635   -1.50408634147151
  -0.38371755656019    0.15542161145838   -1.51056728189559
  -0.39348167325599    0.15937648588459   -1.51708031569229
  -0.39571067915458    0.16027932622323   -1.51861396448470
  -0.40771184306942    0.16514029805820   -1.52665015702516
  -0.41224452481923    0.16697622318005   -1.52974447071099
  -0.41968077295113    0.16998821376558   -1.53471224500150
  -0.43151226012630    0.17478045944545   -1.54212635944694
  -0.43231735115269    0.17510655488350   -1.54283998011882
  -0.44353257970090    0.17964919012141   -1.55090804278974
  -0.45150643476045    0.18287893393090   -1.55596890337698
  -0.45537876610148    0.18444738960053   -1.55928073765018
  -0.46694043946782    0.18913034943656   -1.56828514761241
  -0.46774553650756    0.18945644731026   -1.56899877665730
  -0.47925382054831    0.19411778224309   -1.57611444059579
  -0.48534498399221    0.19658495743985   -1.58160372899708
  -0.49138420940048    0.19903109556637   -1.58640757426095
  -0.50192250843816    0.20329954612450   -1.59438065656542
  -0.50337596673460    0.20388825734388   -1.59526007852929
  -0.51538096133008    0.20875078076425   -1.60398535470082
  -0.52041647815450    0.21079037505958   -1.60756302428670
  -0.52731867384758    0.21358605213736   -1.61299499489092
  -0.53715113570150    0.21756860920261   -1.61999285524506
  -0.53935911758558    0.21846293393868   -1.62168750157998
  -0.55101904649962    0.22318569136879   -1.63019347232708
  -0.55552473439808    0.22501068285520   -1.63346462381617
  -0.56316261203768    0.22810434179932   -1.63965802349690
  -0.57271735924693    0.23197441285276   -1.64630961006067
  -0.57500690321495    0.23290177363396   -1.64795736766307
  -0.58703375944351    0.23777315192736   -1.65664087012542
  -0.59065956753198    0.23924175539966   -1.65922409706870
  -0.59907233109001    0.24264927545355   -1.66626704737150
  -0.60658750352310    0.24569323367222   -1.67179340600616
  -0.61104295917450    0.24749787900388   -1.67513563524919
  -0.62297916433194    0.25233253983331   -1.68322790330204
  -0.62520549673177    0.25323429729347   -1.68485489061128
  -0.63492078629014    0.25716939469293   -1.69212045447513
  -0.64294538143161    0.26041969035146   -1.69797102687514
  -0.64674728718525    0.26195962072144   -1.70054014382920
  -0.65904191494930    0.26693945765280   -1.70957496859606
  -0.65982878638909    0.26725817339852   -1.71031949857376
  -0.67077942452301    0.27169363848520   -1.71877046348407
  -0.67738147735828    0.27436774518960   -1.72379562009963
  -0.68270204928200    0.27652279868696   -1.72784652932377
  -0.69467041481048    0.28137048580775   -1.73577805666457
  -0.69546561446537    0.28169257482787   -1.73651489546707
  -0.70647937479142    0.28615360703457   -1.74480483008259
  -0.71249431695905    0.28858990943601   -1.74970272852886
  -0.71878720709830    0.29113879235640   -1.75492509801666
  -0.73008769591237    0.29571596155735   -1.76200267437442
  -0.73084785556794    0.29602385791658   -1.76279514584680
  -0.74247392594265    0.30073290122636   -1.77238694124995
  -0.74705037801044    0.30258655515221   -1.77541951453892
  -0.75484345736189    0.30574307726156   -1.78126582487328
  -0.76479567709785    0.30977414126295   -1.78845310902320
  -0.76632407378270    0.31039320565457   -1.78932631624129
  -0.77829037074415    0.31524005491946   -1.79808613214166
  -0.78213060186655    0.31679550866196   -1.80121887863516
  -0.79061141084207    0.32023058994743   -1.80806268562327
  -0.79861503445875    0.32347239126390   -1.81400755107113
  -0.80224778547959    0.32494380691334   -1.81664952959081
  -0.81424345725658    0.32980255420345   -1.82485652510105
  -0.81719954342993    0.33099989237268   -1.82718373290388
  -0.82634319033128    0.33470345065850   -1.83413469688385
  -0.83433989166640    0.33794244816228   -1.84003675287275
  -0.83812971812133    0.33947748591259   -1.84261167986062
  -0.85032471130605    0.34441696668454   -1.85178613565951
  -0.85171662269069    0.34498074883814   -1.85273577954179
  -0.86205776003230    0.34916934068771   -1.86037161833043
  -0.86957973365022    0.35221605366984   -1.86580412430898
  -0.87415047747968    0.35406739552114   -1.86968197986484
  -0.88594309662164    0.35884389802676   -1.87812415168671
  -0.88671512463070    0.35915660156405   -1.87888898609408
  -0.89805260256134    0.36374875289966   -1.88745506447409
  -0.90324176981505    0.36585058202608   -1.89161748327868
  -0.91015105060080    0.36864912886185   -1.89701423746030
  -0.92123825002076    0.37313990696400   -1.90443016555262
  -0.92203084882678    0.37346094253187   -1.90517248620051
  -0.93380641414456    0.37823053752754   -1.91364671798178
  -0.93843933019766    0.38010706172200   -1.91739550402227
  -0.94616842340091    0.38323766677310   -1.92342942595265
  -0.95698844874285    0.38762022823247   -1.93050988550173
  -0.95778708818262    0.38794371050890   -1.93123684984570
  -0.96989122506777    0.39284639069083   -1.94068010825965
  -0.97356206557273    0.39433323416966   -1.94324125238986
  -0.98173061977470    0.39764183925080   -1.94898343529649
  -0.99144394096884    0.40157613938066   -1.95620720735867
  -0.99368227585139    0.40248275834683   -1.95786748327338
  -1.00576744893537    0.40737775739849   -1.96665793009034
  -1.00939213721006    0.40884590729951   -1.96911959723387
  -1.01773731067184    0.41222605054591   -1.97620227686728
  -1.02450279710699    0.41496635467344   -1.98181839168234
  -1.02981679984205    0.41711874737547   -1.98575290564990
  -1.04190141996460    0.42201352245469   -1.99361642214503
  -1.04270517673763    0.42233907746448   -1.99434057214038
  -1.05385218772095    0.42685408174394   -2.00252226802221
  -1.05989335298696    0.42930100559372   -2.00730475396175
  -1.06568138888951    0.43164540149580   -2.01162273780573
  -1.07710355125865    0.43627185356034   -2.02018148582955
  -1.07789888866082    0.43659399837385   -2.02091844761566
  -1.08956614230004    0.44131972262311   -2.02943343262767
  -1.09537444867033    0.44367232890990   -2.03369812920866
  -1.10142529841062    0.44612317537561   -2.03853338984341
  -1.11208157089806    0.45043941010041   -2.04626271658685
  -1.11351195018004    0.45101877335653   -2.04717264186670
  -1.12531624046654    0.45580000316237   -2.05550978945621
  -1.13058386622869    0.45793361125644   -2.05947585036362
  -1.13744151127341    0.46071124346388   -2.06493078308748
  -1.14903549389558    0.46540728989582   -2.07204572881264
  -1.14979646309842    0.46571551415545   -2.07282995201290
  -1.16134435230410    0.47039289083161   -2.08271949337101
  -1.16494939694268    0.47185308424087   -2.08533459595573
  -1.17302390324029    0.47512359599894   -2.09124419740578
  -1.18209775127675    0.47879888283386   -2.09837699570432
  -1.18517134436307    0.48004381620289   -2.10068750965106
  -1.19728568861426    0.48495063079370   -2.10930358018523
  -1.19951684036858    0.48585434029340   -2.11093411736331
  -1.20919675816883    0.48977511065582   -2.11824651144078
  -1.21709630709493    0.49297475738268   -2.12429595782572
  -1.22095385119917    0.49453722360478   -2.12758256242997
  -1.23323045206965    0.49950975889252   -2.13586466640532
  -1.23401725811369    0.49982844815023   -2.13661820370616
  -1.24485009086112    0.50421619714289   -2.14453576085439
  -1.25179779395396    0.50703030661525   -2.14981105674935
  -1.25730599044531    0.50926135588646   -2.15418175942081
  -1.26856751629091    0.51382274346042   -2.16222877640765
  -1.26936294924033    0.51414492697455   -2.16296581246528
  -1.28103059887189    0.51887081161722   -2.17148104382622
  -1.28744979467818    0.52147085359972   -2.17594449167112
  -1.29267726239117    0.52358819600928   -2.18005554944222
  -1.30400091664912    0.52817474818100   -2.18877390070223
  -1.30480335399485    0.52849976876772   -2.18949529580631
  -1.31665543023797    0.53330035387867   -2.19782241448472
  -1.32134824869034    0.53520114104277   -2.20147641799749
  -1.32906276886844    0.53832584341098   -2.20756527185602
  -1.33987922846127    0.54270696059327   -2.21460466657472
  -1.34067202693942    0.54302807703668   -2.21534714512995
  -1.35251878293508    0.54782650722556   -2.22446392375596
  -1.35634366598979    0.54937574436063   -2.22753861145315
  -1.36463462246329    0.55273392746592   -2.23389390832968
  -1.37357096853577    0.55635352027159   -2.24043097117602
  -1.37660925592384    0.55758415336057   -2.24276793357306
  -1.38842043136453    0.56236817194097   -2.25116576475339
  -1.39148363747547    0.56360889815184   -2.25345888613588
  -1.40067894904851    0.56733338278411   -2.26030688596612
  -1.40796373736181    0.57028402582723   -2.26619720019088
  -1.41245933858035    0.57210493178765   -2.26962955991067
  -1.42483779707134    0.57711872365917   -2.27771692278886
  -1.42623635760787    0.57768519899655   -2.27870961598175
  -1.43643644320088    0.58181665900607   -2.28717442278154
  -1.44242819308292    0.58424356756472   -2.29198389124670
  -1.44829869606457    0.58662136607271   -2.29629895636441
  -1.45975937249246    0.59126341793710   -2.30473392340490
  -1.46056190488984    0.59158847702370   -2.30545538778985
  -1.47229916099995    0.59634255519277   -2.31384248331381
  -1.47882156169010    0.59898439945689   -2.31822157438631
  -1.48422188053128    0.60117175378128   -2.32292903719323
  -1.49486342668135    0.60548202372534   -2.33065126669414
  -1.49646853826537    0.60613216085015   -2.33209422886102
  -1.50814169264415    0.61086027514498   -2.33988940225456
  -1.51339921456962    0.61298979076387   -2.34380662948426
  -1.52043464682000    0.61583943420333   -2.34980136945706
  -1.53077115585139    0.62002615139427   -2.35648395663649
  -1.53237631577345    0.62067630809799   -2.35792695274995
  -1.54431998300411    0.62551399137825   -2.36684750613069
  -1.54792600465391    0.62697458051780   -2.36946327563726
  -1.55619060228312    0.63032208719198   -2.37590965164885
  -1.56459634486223    0.63372676345663   -2.38210448373815
  -1.56828492125179    0.63522079070832   -2.38537400503691
  -1.58015023346267    0.64002673693815   -2.39361923559746
  -1.58176782335974    0.64068192830009   -2.39502958752493
  -1.59236921182439    0.64497593270698   -2.40294093593858
  -1.59947731017216    0.64785500894608   -2.40827942994279
  -1.60391818941708    0.64965375022527   -2.41172463158708
  -1.61622937935809    0.65464029552895   -2.42000887428590
  -1.61701642406151    0.65495908145366   -2.42076258536422
  -1.62794825263977    0.65938692788594   -2.42925469992398
  -1.63394390250611    0.66181541610087   -2.43406690301480
  -1.63997102312272    0.66425665128199   -2.43888737708326
  -1.65128705932127    0.66884011782197   -2.44679273977925
  -1.65209817607473    0.66916865393076   -2.44749110984461
  -1.66403696813549    0.67400436256391   -2.45562984268227
  -1.66985663625087    0.67636157083124   -2.45990291033052
  -1.67586344381095    0.67879457837741   -2.46474506150067
  -1.68655851170900    0.68312652686127   -2.47247855383335
  -1.68796522806118    0.68369630564408   -2.47341526102027
  -1.69982374091230    0.68849949784968   -2.48248432542084
  -1.70435872935196    0.69033635727711   -2.48562877044492
  -1.71224719107846    0.69353151322580   -2.49234892688811
  -1.72083882588770    0.69701148359537   -2.49851265522687
  -1.72372788507613    0.69818167304067   -2.50029077778730
  -1.73570847705304    0.70303431238293   -2.50916230255643
  -1.73937111761441    0.70451783454267   -2.51170166528537
  -1.74769300650733    0.70788854656771   -2.51802852208764
  -1.75663682094113    0.71151116437115   -2.52450933404945
  -1.75964273100850    0.71272868329511   -2.52693506034105
  -1.77139357220353    0.71748826399008   -2.53537235664673
  -1.77381076383167    0.71846732739655   -2.53751474925100
  -1.78376795755743    0.72250040607122   -2.54521593587963
  -1.79102239656942    0.72543875638174   -2.55038216265410
  -1.79539507548287    0.72720987368273   -2.55384954474958
  -1.80738893130401    0.73206788543500   -2.56272075858976
  -1.80820017316831    0.73239647221889   -2.56341921406980
  -1.81949233403377    0.73697026825338   -2.57135626499692
  -1.82549196817979    0.73940037026772   -2.57617109205688
  -1.83132440314918    0.74176274964331   -2.58048943973166
  -1.84327446117204    0.74660302146090   -2.58857535620561
  -1.84407728154078    0.74692819718791   -2.58929702082591
  -1.85547952834550    0.75154658261839   -2.59869965040572
  -1.86049588142796    0.75357841479909   -2.60229702835774
  -1.86742328127489    0.75638430061020   -2.60764256675859
  -1.87793428860412    0.76064169688835   -2.61484779538057
  -1.87949958256889    0.76127570621696   -2.61637129007772
  -1.89106205372436    0.76595898919086   -2.62447157256690
  -1.89632854253996    0.76809213677416   -2.62836291076810
  -1.90347671173483    0.77098744337729   -2.63408184871357
  -1.91288869425483    0.77479968877828   -2.64098395021869
  -1.91511395641095    0.77570101274511   -2.64267725919405
  -1.92704027737599    0.78053167006445   -2.65164823762787
  -1.93072459860815    0.78202397379995   -2.65416422448943
  -1.93926877392214    0.78548472109489   -2.66092935194867
  -1.94753382677372    0.78883241215311   -2.66652560373368
  -1.95121028950985    0.79032153287002   -2.66905204254631
  -1.96296238661403    0.79508162226056   -2.67749030562008
  -1.96538007803061    0.79606088810220   -2.67963303828948
  -1.97513490101280    0.80001199818685   -2.68684720777939
  -1.98370140583324    0.80348178986303   -2.69299894421330
  -1.98684469477243    0.80475495295879   -2.69623093745917
  -1.99847976905682    0.80946764322746   -2.70520335507148
  -1.99928272885155    0.80979287542781   -2.70592511497077
  -2.01075977749069    0.81444155872047   -2.71318715413529
  -2.01762125500725    0.81722074323882   -2.71861856744160
  -2.02305638920234    0.81942219923334   -2.72316177607048
  -2.03424391093829    0.82395361205691   -2.73131142621083
  -2.03505535812500    0.82428228200494   -2.73201002009063
  -2.04689124797516    0.82907631095177   -2.74023301068465
  -2.05263232334869    0.83140168588133   -2.74467916267789
  -2.05869444441895    0.83385709770570   -2.74954749457969
  -2.06935064158214    0.83817330192103   -2.75723887622538
  -2.07093736835352    0.83881599243007   -2.75872462385671
  -2.08262330348825    0.84354928346402   -2.76665188641817
  -2.08791407845959    0.84569226795314   -2.77050303472113
  -2.09505365062764    0.84858409240190   -2.77626835278899
  -2.10511056048344    0.85265756026741   -2.78338092093713
  -2.10654409292184    0.85323820068338   -2.78427403931775
  -2.11877055192209    0.85819042642275   -2.79363545570050
  -2.12177353239200    0.85940675873758   -2.79597620354124
  -2.13084798483575    0.86308229038267   -2.80310630615781
  -2.13836781756444    0.86612813621539   -2.80870794069858
  -2.14283796981456    0.86793873428238   -2.81196802203901
  -2.15491650358647    0.87283104413578   -2.82068957702339
  -2.15635609189307    0.87341413743090   -2.82159068321948
  -2.16689721414114    0.87768373150697   -2.82961295945241
  -2.17387772085888    0.88051112781532   -2.83507977062694
  -2.17840218865035    0.88234372594152   -2.83855108625430
  -2.18947752592270    0.88682969937924   -2.84718395319116
  -2.19088499127710    0.88739978153918   -2.84812113402377
  -2.20256547363585    0.89213086397148   -2.85667504555184
  -2.20846962652664    0.89452229209588   -2.86079829606603
  -2.21451569978305    0.89697120388644   -2.86558110238729
  -2.22443835162034    0.90099029165589   -2.87335579005850
  -2.22683430172879    0.90196075136111   -2.87553832453292
  -2.23864427330410    0.90674428232583   -2.88387991982511
  -2.24231223124452    0.90822995824583   -2.88642211794603
  -2.25063145833077    0.91159959212817   -2.89274881057058
  -2.25899734375348    0.91498812458243   -2.89904587453442
  -2.26272380506015    0.91649749680535   -2.90231295186252
  -2.27444784773173    0.92124622298082   -2.91158938374273
  -2.27592515939279    0.92184459580756   -2.91243578411263
  -2.28689185305967    0.92628656405461   -2.92056345778470
  -2.29270195315800    0.92863989687605   -2.92486139469603
  -2.29852326155442    0.93099776952561   -2.92914199174612
  -2.30971652428262    0.93553150769044   -2.93808807932626
  -2.31052825914861    0.93586029416058   -2.93878686711603
  -2.32266869356227    0.94077767635515   -2.94741757024070
  -2.32652735756439    0.94234059618260   -2.95055016277579
  -2.33459202676450    0.94560712350597   -2.95726556296642
  -2.34193099798512    0.94857971288598   -2.96390835259331
  -2.34644208850738    0.95040689266032   -2.96791690358554
  -2.35592834541219    0.95424922228440   -2.97627390127706
  -2.35864859107534    0.95535103521243   -2.97903415608228
  -2.36742354171992    0.95890525613960   -2.98973272082731
  -2.37050078047910    0.96015166615816   -2.99367193591662
  -2.37861046873768    0.96343642807750   -3.00269656321968
  -2.38249887730645    0.96501139569479   -3.00905383973694
  -2.38697695733077    0.96682520484092   -3.01547684792492
  -2.39448282859283    0.96986539569746   -3.02439913516381
  -2.39731950906613    0.97101436957894   -3.02855215434646
  -2.40605386614605    0.97455214841967   -3.04092208718063
  -2.40678947366450    0.97485010013953   -3.04174325130710
  -2.41629139535703    0.97869877465587   -3.05421911746106
  -2.41851962631367    0.97960130111071   -3.05743734922256
  -2.42587071435471    0.98257879830826   -3.06723566190435
  -2.43037783122520    0.98440436858793   -3.07287342954620
  -2.43633088618935    0.98681560409126   -3.08018739403630
  -2.44224966066570    0.98921295456753   -3.08832829301791
  -2.44537137999817    0.99047738107312   -3.09304740183409
  -2.45457182407007    0.99420394458146   -3.10411488083724
  -2.45597522270193    0.99477237954919   -3.10593466376697
  -2.46453154699367    0.99823804768673   -3.11917399824170
  -2.46596987731429    0.99882063144506   -3.12088051251756
  -2.47460925167779    1.00231993832485   -3.13177744109584
  -2.47859857902203    1.00393578225452   -3.13728855634348
  -2.48377009803303    1.00603046310672   -3.14455529455955
  -2.49039858416836    1.00871527639991   -3.15278501646134
  -2.49400438371026    1.01017577557649   -3.15773239247493
  -2.50176314337074    1.01331839677986   -3.16771554722234
  -2.50410705384964    1.01426777826506   -3.17101145584388
  -2.51301370555580    1.01787534361411   -3.18333554837374
  -2.51442072328445    1.01844524446696   -3.18503010926449
  -2.52322820516696    1.02201264190205   -3.19649668508979
  -2.52623302938222    1.02322972101063   -3.20052611454883
  -2.53291718967191    1.02593708465795   -3.20947128247504
  -2.53797009229670    1.02798372092742   -3.21688160200038
  -2.54235143425457    1.02975834712265   -3.22268443075968
  -2.55027030520298    1.03296582007428   -3.23274373541502
  -2.55242351520039    1.03383795991226   -3.23529540510706
  -2.56131509474135    1.03743942040589   -3.24830001526994
  -2.56204990270055    1.03773704827091   -3.24912232238295
  -2.57190406743561    1.04172839590804   -3.26114518299163
  -2.57433175083233    1.04271170891829   -3.26503806399776
  -2.58142485440397    1.04558471164777   -3.27425177986516
  -2.58581703289720    1.04736372709171   -3.28001188161784
  -2.59120160084701    1.04954470164828   -3.28715105094290
  -2.59794968577891    1.05227795744136   -3.29602743837482
  -2.60096217403827    1.05349814080738   -3.30006032338241
  -2.60988878334961    1.05711378981877   -3.31246788245843
  -2.61051624121353    1.05736793641870   -3.31336639488648
  -2.61920014912629    1.06088528124299   -3.32564182403199
  -2.62214419198156    1.06207774136619   -3.32895977867640
  -2.62960167182894    1.06509833168186   -3.33869813673281
  -2.63409807985738    1.06691956443394   -3.34516086071637
  -2.63920081337967    1.06898638429484   -3.35174196794016
  -2.64610993043260    1.07178486481199   -3.36048510820545
  -2.64910747280948    1.07299899447237   -3.36452457857914
  -2.65796922381069    1.07658837316356   -3.37594635084007
  -2.65941489172488    1.07717392895327   -3.37761249940424
  -2.66850528773300    1.08085591840677   -3.38998281818449
  -2.67049352051841    1.08166123559432   -3.39338325940553
  -2.67802350382033    1.08471119283248   -3.40360444210344
  -2.68170943274473    1.08620414775037   -3.40766171094461
  -2.68781633298948    1.08867769700771   -3.41645255485166
  -2.69394820153436    1.09116135946777   -3.42521632933224
  -2.69709211174478    1.09243477420429   -3.42912827278215
  -2.70634264401285    1.09618162552076   -3.44106235142624
  -2.70703222339963    1.09646093392792   -3.44191896624782
  -2.71716853840867    1.10056656419169   -3.45513459604569
  -2.71805043334072    1.10092376841426   -3.45663793222370
  -2.72631332031408    1.10427058220149   -3.46792411603955
  -2.73000436634176    1.10576560975960   -3.47284346111951
  -2.73641454535247    1.10836199956390   -3.48121924069623
  -2.74205324256286    1.11064590706821   -3.48893234217953
  -2.74576077614530    1.11214761277353   -3.49383432640473
  -2.75371819896852    1.11537070084208   -3.50460191255672
  -2.75596649927133    1.11628135621901   -3.50702646824862
  -2.76550321972417    1.12014412568438   -3.51911266897717
  -2.76658705890880    1.12058312575034   -3.52098172311079
  -2.77414319452898    1.12364367576795   -3.53268051273783
  -2.77783788466524    1.12514017934199   -3.53678282172630
  -2.78449246911056    1.12783556353902   -3.54574567964260
  -2.78950945633223    1.12986765257255   -3.55247928101543
  -2.79430987734857    1.13181202326210   -3.55861769649456
  -2.80206423468209    1.13495286133947   -3.56884259437046
  -2.80423755359906    1.13583314612841   -3.57140034986924
  -2.81365415016050    1.13964726040859   -3.58380595117456
  -2.81437523260413    1.13993932886745   -3.58464088558171
  -2.82380291479685    1.14375793329057   -3.59712707513005
  -2.82612798255532    1.14469968268826   -3.60039316022077
  -2.83276927517726    1.14738968314255   -3.61012175505961
  -2.83820253457209    1.14959037976479   -3.61721967910748
  -2.84314869480561    1.15159378091462   -3.62320179689700
  -2.84948059882354    1.15415846608277   -3.63329070066460
  -2.85191674632182    1.15514520740711   -3.63632124962398
  -2.86201776021860    1.15923653924836   -3.64814996426633
  -2.86268807962293    1.15950804655949   -3.64901729571115
  -2.87150328468234    1.16307857220327   -3.66208280032811
  -2.87380356850948    1.16401028307528   -3.66527033133134
  -2.88123757939364    1.16702136748218   -3.67502516362573
  -2.88562533631293    1.16879859200430   -3.68078581888615
  -2.89101578881851    1.17098195005134   -3.68792906918192
  -2.89795641529439    1.17379319319872   -3.69747455990324
  -2.90014951468169    1.17468148990299   -3.70077590441928
  -2.90763686991906    1.17771418099742   -3.71371859417556
  -2.90985553785376    1.17861283402959   -3.71778707989792
  -2.91423500530895    1.18038670097307   -3.72674903203379
  -2.91835709537983    1.18205631934325   -3.73949723011140
  -2.92205670575729    1.18355481582016   -3.74841606711214
  -2.92348936627147    1.18413510307046   -3.75253787711574
  -2.92644804509027    1.18533349136920   -3.76549069245561
  -2.92822234372694    1.18605215630544   -3.77842552449037
  -2.92936002653862    1.18651296528563   -3.79137525049010
  -2.92974548482409    1.18666909196489   -3.80427141402834
  -2.93045186902485    1.18695520702247   -3.81722858915099
  -2.93089597649554    1.18713508906742   -3.83014347942152
  -2.93165780530106    1.18744366150197   -3.84306676325156
  -2.93236362221363    1.18772954678418   -3.85600028877203
  -2.93288344459772    1.18794009652637   -3.86894667230283
  -2.93351355902780    1.18819531914637   -3.88184641630727
  -2.93390061236680    1.18835209188882   -3.89396345585771
  -2.93427604958655    1.18850415961858   -3.89477287892615
  -2.93428940600168    1.18850956952367   -3.90769597940819
  -2.93414135214280    1.18844960153697   -3.92053059485917
  -2.93368146610175    1.18826332851306   -3.92139903690077
  -2.92885910819050    1.18631007246631   -3.93371034834961
  -2.92234144325283    1.18367014637943   -3.94524452661128
  -2.92147043188842    1.18331735045560   -3.94675977311902
  -2.90990703761314    1.17863369357968   -3.95786067932573
  -2.90769038603861    1.17773585725746   -3.95947499531772
  -2.89791529547205    1.17377653795598   -3.96748054846696
  -2.89207918588826    1.17141267020832   -3.97253336196378
  -2.88611933707151    1.16899868291139   -3.97741442159384
  -2.87680941352337    1.16522777564987   -3.98501439792433
  -2.87379015257142    1.16400484906091   -3.98739718712176
  -2.86255536561690    1.15945429185286   -3.99564993680218
  -2.85920334954996    1.15809658556642   -3.99857850575322
  -2.84963818258062    1.15422229407564   -4.00572109432580
  -2.84316359393598    1.15159981568372   -4.01089867210744
  -2.83803418562116    1.14952219141950   -4.01508132122018
  -2.82754230917749    1.14527254394776   -4.02397478065159
  -2.82590715795995    1.14461023951873   -4.02532808182859
  -2.81391505441210    1.13975293751021   -4.03420245790231
  -2.81098111633688    1.13856457024431   -4.03672235441320
  -2.80210993602563    1.13497137228935   -4.04413332895549
  -2.79474236517966    1.13198719886846   -4.04996812469363
  -2.79031630126234    1.13019445841475   -4.05329188904139
  -2.77877617600343    1.12552022646078   -4.06251254814538
  -2.77798292026629    1.12519892480841   -4.06325514017676
  -2.76636698558616    1.12049398687759   -4.07184088984025
  -2.76243426391898    1.11890107060759   -4.07560543768346
  -2.75403527128741    1.11549912835317   -4.08262411821175
  -2.74606922773559    1.11227254853006   -4.08867993605208
  -2.74223918793931    1.11072122269961   -4.09177268739838
  -2.73087813039984    1.10611952063915   -4.10125008613582
  -2.73008489535951    1.10579822736986   -4.10199268999131
  -2.71846932163365    1.10109343564057   -4.11057856233935
  -2.71253163401601    1.09868842455340   -4.11471138904079
  -2.70631493519854    1.09617040229551   -4.12001438668296
  -2.69794830772079    1.09278156927801   -4.12707436355420
  -2.69434092355413    1.09132042826232   -4.12968880768618
  -2.68253735816352    1.08653949206954   -4.13886998555010
  -2.68098443039165    1.08591049156472   -4.14031475140820
  -2.67083609615248    1.08179999301154   -4.14882088106278
  -2.66518675694681    1.07951177505537   -4.15318696752890
  -2.65824408026440    1.07669970148885   -4.15848933462754
  -2.64824705023979    1.07265048745196   -4.16644462241044
  -2.64662461114535    1.07199333196288   -4.16787808520139
  -2.63465617797598    1.06714561744470   -4.17743934355754
  -2.63309040868220    1.06651141558802   -4.17905258484456
  -2.62295870110429    1.06240765152599   -4.18758053426314
  -2.61665003523668    1.05985237877776   -4.19211058755132
  -2.61051667830952    1.05736811346080   -4.19670789430188
  -2.60014590135163    1.05316751633066   -4.20490812014375
  -2.59872916351894    1.05259367843035   -4.20583589466211
  -2.58657881300955    1.04767227980350   -4.21597277397788
  -2.58437647089140    1.04678023940781   -4.21772204434954
  -2.57507830601635    1.04301409489923   -4.22479685037602
  -2.56849087890287    1.04034591222206   -4.23042566670757
  -2.56244864078504    1.03789855382254   -4.23435968615209
  -2.55164404678072    1.03352224269839   -4.24376145115053
  -2.55084917960920    1.03320028834791   -4.24450832877247
  -2.53881278074676    1.02832504488986   -4.25417379782305
  -2.53525547620119    1.02688418820903   -4.25691931140224
  -2.52690330548213    1.02350121078166   -4.26318741717295
  -2.51918626255978    1.02037548659683   -4.26927245344046
  -2.51455561343536    1.01849988060301   -4.27309141776157
  -2.50337681437458    1.01397200082662   -4.28202955823277
  -2.50258365802388    1.01365073942990   -4.28277222625218
  -2.49061073916586    1.00880120802077   -4.29245752001634
  -2.48769205629244    1.00761901974774   -4.29497278406558
  -2.47933206030274    1.00423287275944   -4.30145668977366
  -2.47121319941050    1.00094439554096   -4.30792638489916
  -2.46648331929809    0.99902859685907   -4.31158139419769
  -2.45548547071111    0.99457400957021   -4.32077101610567
  -2.45469232666857    0.99425275315882   -4.32151369967145
  -2.44289902916679    0.98947597588919   -4.33064982485885
  -2.43976135759696    0.98820508806226   -4.33367498652421
  -2.43092425324907    0.98462569229344   -4.34034139238620
  -2.42199131388052    0.98100747934492   -4.34691541805279
  -2.41876784657432    0.97970184066707   -4.34977175663007
  -2.40692595998616    0.97490538279129   -4.35818378615924
  -2.40530697157117    0.97424962497128   -4.35950663932904
  -2.39480836954349    0.96999725335756   -4.36592320990140
  -2.38297341748633    0.96520360425600   -4.37189916177510
  -2.38143754614843    0.96458151231820   -4.37268579772647
  -2.37083731164292    0.96028797531288   -4.37803574957579
  -2.35924144171050    0.95559116444159   -4.38447618711947
  -2.35669120069999    0.95455821048708   -4.38565106664105
  -2.34674354464811    0.95052899496805   -4.38980491745043
  -2.33506606125709    0.94579912724274   -4.39528946182701
  -2.32978600272284    0.94366048335752   -4.39846292714014
  -2.32293458739518    0.94088537444528   -4.40223160441575
  -2.31134326070137    0.93619040377507   -4.40788553327444
  -2.30368575747621    0.93308879565041   -4.41166404933002
  -2.29910891536398    0.93123498374029   -4.41386873501731
  -2.28735310219082    0.92647338918685   -4.41924088988277
  -2.27805917408754    0.92270896074751   -4.42415555474523
  -2.27501946841089    0.92147775319251   -4.42562694114769
  -2.26320767560788    0.91669348455462   -4.43158837100543
  -2.25328403693690    0.91267399707638   -4.43688137203650
  -2.25093115447798    0.91172098156514   -4.43819466817210
  -2.23895586989965    0.90687049194063   -4.44384940434722
  -2.22780325378848    0.90235321735066   -4.44965784594025
  -2.22697811903297    0.90201900336650   -4.45029482588038
  -2.21512261318523    0.89721702912266   -4.45547798691323
  -2.20287311888884    0.89225547312777   -4.46143658314800
  -2.20213399383762    0.89195609666046   -4.46206644146079
  -2.19105117910434    0.88746709453926   -4.46724166505425
  -2.17922539818719    0.88267716013184   -4.47321112763652
  -2.17545546363877    0.88115017943317   -4.47559226484101
  -2.16721575038518    0.87781275196880   -4.47967897724639
  -2.15513098354811    0.87291791746408   -4.48500002334571
  -2.14923939096246    0.87053157678703   -4.48841948258884
  -2.14326260241356    0.86811072819218   -4.49177972225828
  -2.13117799318841    0.86321595752687   -4.49709748688056
  -2.12304204182149    0.85992055795347   -4.50137783852946
  -2.11934586074154    0.85842345048506   -4.50305900387052
  -2.10737048297392    0.85357292311500   -4.50951358728491
  -2.09643609901548    0.84914404164718   -4.51498509310732
  -2.09556696340257    0.84879200548093   -4.51553175450021
  -2.08341877992100    0.84387148459071   -4.52080650688239
  -2.07161877923919    0.83909199225365   -4.52683216954740
  -2.07073591879716    0.83873439695928   -4.52741683631884
  -2.05961162924809    0.83422859580818   -4.53251133802478
  -2.04759032997272    0.82935946831255   -4.53926931483948
  -2.04592345189695    0.82868431318292   -4.54009446902021
  -2.03536688133405    0.82440846189515   -4.54468575936779
  -2.02354125564119    0.81961859036004   -4.55065601438950
  -2.01829746255309    0.81749463549279   -4.55313364511011
  -2.01141614787527    0.81470741609692   -4.55678744451593
  -1.99977657030478    0.80999290180960   -4.56235178320123
  -1.99346716022978    0.80743732762634   -4.56575876099728
  -1.98731552865248    0.80494566031403   -4.56856579445605
  -1.97549003838183    0.80015584363056   -4.57453624059550
  -1.96562273166547    0.79615917294299   -4.57959972850492
  -1.96419891408005    0.79558246744759   -4.58053244268162
  -1.95283812492763    0.79098087409508   -4.58931387116587
  -1.95109855266759    0.79027627478947   -4.59255698726775
      
      
