# shadow point cont 3D ind 244  size 1114
# norm -0.3387379 -0.9408808  0.0000000
# angle  1.9163715
   1.70216642393539   -0.61281762087252   -4.59097122195272
   1.71389560710852   -0.61704038665257   -4.57934307277594
   1.71532346525268   -0.61755444721595   -4.57840673124943
   1.72567088883149   -0.62127974893178   -4.57233817316439
   1.73812666789699   -0.62576410532943   -4.56731835109307
   1.74116544582145   -0.62685813270057   -4.56570433072918
   1.74998365515256   -0.63003288341041   -4.56105102614654
   1.76227176806803   -0.63445687627972   -4.55489164956689
   1.76752705080544   -0.63634889448597   -4.55230877872644
   1.77444022709647   -0.63883779109899   -4.54843498624256
   1.78658313068186   -0.64320950539264   -4.54278793777691
   1.79349854000201   -0.64569920594562   -4.53984115614359
   1.79916366171919   -0.64773877526379   -4.53708662714637
   1.81109187447898   -0.65203319610415   -4.53016930404488
   1.81703485536265   -0.65417280087770   -4.52670363246169
   1.82306137443536   -0.65634248124993   -4.52341984436176
   1.83563236544273   -0.66086831649895   -4.51769275959042
   1.84219228618621   -0.66323003328915   -4.51396049886303
   1.84722654560492   -0.66504247820432   -4.51104595284961
   1.85987594244083   -0.66959654128855   -4.50486060885921
   1.86800538673991   -0.67252332132857   -4.50111526785922
   1.87174158682980   -0.67386843612933   -4.49918435131090
   1.88383858523072   -0.67822362353963   -4.49275819278456
   1.89300823400680   -0.68152490023513   -4.48804997369512
   1.89604836362129   -0.68261941424462   -4.48627507121253
   1.90814925281907   -0.68697600242798   -4.47984740493431
   1.91801118658363   -0.69052651705559   -4.47498489149941
   1.92035522507188   -0.69137042283906   -4.47336603457987
   1.93262252222851   -0.69578692157406   -4.46725087367737
   1.94423621163050   -0.69996810703795   -4.46213838584807
   1.94485647412498   -0.70019141527670   -4.46147256294281
   1.95676328274408   -0.70447813015224   -4.45483526539912
   1.96822072912289   -0.70860306466652   -4.44933612084994
   1.96907909645742   -0.70891209592245   -4.44870291200006
   1.98108285452044   -0.71323371474554   -4.44273245732519
   1.99267229410704   -0.71740616973868   -4.43676567151393
   1.99353187848412   -0.71771563915688   -4.43628176114315
   2.00554620983944   -0.72204106459943   -4.43014595487517
   2.01755007539029   -0.72636272212052   -4.42417563765063
   2.01838567021571   -0.72666355476868   -4.42352990309825
   2.03005051765794   -0.73086315826037   -4.41764639715996
   2.04201363096977   -0.73517014407262   -4.41158942311773
   2.04353309268088   -0.73571718394940   -4.41078257282436
   2.05402500987725   -0.73949450656854   -4.40480914329111
   2.06648660984150   -0.74398095861869   -4.39911790495533
   2.06869198679508   -0.74477494317790   -4.39813442746903
   2.07869114459746   -0.74837486149906   -4.39257695478608
   2.09048907171795   -0.75262237662305   -4.38625420609125
   2.09355835130954   -0.75372738527006   -4.38473969231094
   2.10279306801370   -0.75705208786113   -4.38012406163839
   2.11479726045049   -0.76137386306839   -4.37415409655944
   2.11862297033216   -0.76275120337711   -4.37177559258240
   2.12710437532394   -0.76580469706353   -4.36640690402088
   2.13910865485626   -0.77012650362712   -4.36043702443388
   2.14072862518466   -0.77070972883270   -4.35894749126499
   2.15145790876727   -0.77457250860928   -4.35099214804383
   2.15745966651547   -0.77673327435615   -4.34605046754960
   2.16359066675038   -0.77894057026136   -4.34054483528461
   2.17426828653621   -0.78278474992659   -4.33335395536649
   2.17595634632440   -0.78339248884609   -4.33177830445940
   2.18772636649106   -0.78762995684847   -4.32088071636745
   2.18854434696001   -0.78792444793809   -4.32016660609777
   2.20025734682367   -0.79214138736821   -4.31084251169331
   2.20398387892621   -0.79348302147935   -4.30752787163571
   2.21203164510783   -0.79638039558767   -4.30069995221952
   2.21981874749864   -0.79918392495679   -4.29453641918087
   2.22482987683291   -0.80098804252915   -4.29013364926790
   2.23538534927631   -0.80478824644517   -4.28111121148063
   2.23614372897895   -0.80506127993858   -4.28031794658833
   2.24885824495442   -0.80963878735563   -4.26971083732143
   2.24965526848452   -0.80992573348301   -4.26895344884466
   2.26082407343035   -0.81394675068711   -4.25978394392375
   2.26544245116160   -0.81560946898173   -4.25583174923731
   2.27316537312488   -0.81838989197514   -4.24951013117094
   2.28127465966093   -0.82130941477392   -4.24274538517448
   2.28512756748181   -0.82269654694327   -4.23961115852295
   2.29710127844071   -0.82700734814324   -4.23047382468728
   2.29791927255624   -0.82730184414593   -4.22975975399900
   2.30905086759932   -0.83130946496073   -4.21897615368857
   2.31156839197223   -0.83221582950594   -4.21680853420138
   2.32202086001840   -0.83597894955708   -4.20874881859965
   2.32784381242218   -0.83807534141887   -4.20435436422046
   2.33373841858331   -0.84019753022065   -4.20003590292356
   2.34356112318401   -0.84373392148022   -4.19109520800594
   2.34588841589903   -0.84457179841436   -4.18877379686569
   2.35822848673441   -0.84901449728587   -4.17930983265633
   2.35902501635765   -0.84930126559583   -4.17855180114463
   2.37019415487172   -0.85332240289190   -4.16936326350713
   2.37470381823716   -0.85494598160646   -4.16527019401239
   2.38216538079394   -0.85763230942361   -4.15863679151033
   2.38922913866521   -0.86017541874137   -4.15250225920317
   2.39450060503776   -0.86207326341479   -4.14840231413718
   2.40522567906822   -0.86593452765934   -4.13965317172154
   2.40682695895438   -0.86651102389167   -4.13807386869898
   2.41921015591253   -0.87096924912275   -4.12870736915672
   2.42135075588106   -0.87173991253234   -4.12692230654101
   2.43077436549883   -0.87513262075686   -4.11828157394204
   2.43557684189851   -0.87686161865046   -4.11377356344094
   2.44311276481080   -0.87957471784291   -4.10804936736372
   2.45226418487923   -0.88286943179983   -4.10083820083608
   2.45544780805740   -0.88401560667108   -4.09781179426059
   2.46740493607366   -0.88832043764434   -4.08863505246227
   2.46816428811607   -0.88859382120160   -4.08782780388224
   2.47939342123894   -0.89263655788590   -4.07792254812771
   2.48326847758628   -0.89403166401544   -4.07480874427110
   2.49172121239517   -0.89707483580088   -4.06767826957138
   2.49909684003555   -0.89973022514440   -4.06174324381460
   2.50348049449034   -0.90130843785964   -4.05756303621202
   2.51390820708939   -0.90506264540142   -4.04940605979020
   2.51637486909304   -0.90595069836693   -4.04711647246929
   2.52800271183840   -0.91013697934797   -4.03756960002988
   2.52961298379063   -0.91071671292328   -4.03608439603609
   2.54033799426685   -0.91457795428691   -4.02652773373221
   2.54542772068237   -0.91641036854969   -4.02297728042279
   2.55229868826962   -0.91888406909430   -4.01739913985352
   2.56001850220575   -0.92166337312909   -4.01029354118723
   2.56464525573842   -0.92332910689776   -4.00635062822350
   2.57643516232451   -0.92757373445168   -3.99776460765758
   2.57715587489719   -0.92783320694386   -3.99703726944952
   2.58913221239878   -0.93214495375739   -3.98639967421085
   2.59131759759496   -0.93293174084106   -3.98466660090980
   2.60069139076503   -0.93630651404082   -3.97527521894633
   2.60449701899296   -0.93767662450933   -3.97120943136815
   2.61339602101976   -0.94088046237942   -3.96126908978867
   2.61502636184096   -0.94146742119214   -3.95894619362876
   2.62299090516787   -0.94433483322912   -3.94572683209968
   2.62530594734058   -0.94516829969665   -3.93529713582046
   2.62585077050414   -0.94536444810505   -3.93284303418637
   2.62554366238213   -0.94525388237773   -3.92642767745406
   2.62515736037608   -0.94511480509777   -3.91996530240560
   2.62514509746113   -0.94511039017673   -3.90704366070605
   2.62446314018972   -0.94486487045155   -3.89414727544607
   2.62398055803867   -0.94469113018649   -3.88120033571795
   2.62362790776470   -0.94456416827556   -3.86829419598772
   2.62247429235118   -0.94414884117054   -3.85534574716375
   2.62170245642657   -0.94387096313913   -3.84242402116121
   2.62131239250828   -0.94373053148742   -3.82952900090581
   2.61798205326615   -0.94253153558293   -3.81652359577650
   2.61350367579866   -0.94091922048471   -3.80671763995850
   2.61198091268188   -0.94037099202875   -3.80348610391512
   2.60561542219239   -0.93807927443721   -3.79070313689828
   2.60073939286274   -0.93632379585939   -3.78203019445210
   2.59800828274202   -0.93534053571339   -3.77777278404652
   2.59041983271429   -0.93260852559575   -3.76482794826083
   2.58880694537260   -0.93202785042229   -3.76247403786291
   2.58183032562535   -0.92951611275956   -3.75206017159771
   2.57660869065775   -0.92763620849584   -3.74552394947491
   2.57126608537876   -0.92571275224016   -3.73907710571899
   2.56405267066053   -0.92311576314213   -3.72807004871204
   2.56262387657466   -0.92260136561901   -3.72637482122446
   2.55245205054781   -0.91893928291190   -3.71464550058590
   2.55110217308814   -0.91845329712246   -3.71298687910065
   2.54213584033487   -0.91522521869925   -3.70049581180400
   2.53992892978441   -0.91443068201119   -3.69803119482289
   2.53238968322214   -0.91171638623112   -3.68741023178292
   2.52770582177827   -0.91003009234929   -3.68022605453509
   2.52276101010696   -0.90824985060473   -3.67427351856075
   2.51634629519681   -0.90594041113129   -3.66738259123470
   2.51159120971136   -0.90422847501666   -3.66112546449011
   2.50356132751759   -0.90133753954015   -3.64937694068833
   2.50284548122067   -0.90107981901505   -3.64854105029653
   2.49234404517387   -0.89729906939889   -3.63547665567247
   2.49145605280699   -0.89697937247503   -3.63396268988853
   2.48373319465398   -0.89419897245473   -3.62275636426572
   2.47941843564130   -0.89264556362489   -3.61769462691585
   2.47259026885622   -0.89018727231723   -3.60959077634767
   2.46720462499837   -0.88824832121972   -3.60158266571326
   2.46344527270998   -0.88689487111461   -3.59668806550572
   2.45540894462625   -0.88400161497492   -3.58593740235258
   2.45378595768156   -0.88341730372065   -3.58350083550010
   2.44332942098928   -0.87965271886677   -3.57117964241895
   2.44237884174951   -0.87931048928218   -3.56976609639196
   2.43423484491631   -0.87637847000749   -3.55814799426725
   2.43054453642851   -0.87504987720012   -3.55323049641632
   2.42389064463336   -0.87265432874956   -3.54498690399787
   2.41873808475793   -0.87079929304926   -3.53838546895286
   2.41347366409689   -0.86890398498807   -3.53184674510622
   2.40621598885266   -0.86629106112017   -3.52171889055563
   2.40409400466963   -0.86552709980576   -3.51915863759510
   2.39463257005647   -0.86212077374495   -3.50670085930989
   2.39395120589899   -0.86187546755394   -3.50582976268690
   2.38490140278756   -0.85861733795267   -3.49346676654570
   2.38203887714849   -0.85758676530880   -3.49007593945244
   2.37499818387445   -0.85505195975699   -3.48055186186520
   2.36953086413151   -0.85308360353148   -3.47341663723992
   2.36455778710622   -0.85129318563332   -3.46744679828335
   2.35772726817077   -0.84883404749942   -3.45854664501520
   2.35467946814653   -0.84773677197249   -3.45451398166817
   2.34555411686024   -0.84445144335464   -3.44239701258402
   2.34484004103621   -0.84419436023900   -3.44154969185768
   2.33491246539022   -0.84062021307991   -3.42866001337457
   2.33344268236278   -0.84009105862979   -3.42697872818884
   2.32549620439119   -0.83723015052093   -3.41542434745768
   2.32162110733595   -0.83583502973564   -3.41051675134419
   2.31519394553060   -0.83352110910419   -3.40274575209175
   2.30886926936632   -0.83124408557389   -3.39408823905383
   2.30546194336403   -0.83001737273024   -3.38974915885435
   2.29707384476016   -0.82699747141050   -3.37842540890644
   2.29561513130760   -0.82647230225256   -3.37669584393532
   2.28624797885018   -0.82309991985646   -3.36403972471894
   2.28478086550838   -0.82257172655231   -3.36235882159178
   2.27561860491108   -0.81927310976485   -3.35109992993594
   2.27237249913992   -0.81810443977594   -3.34643149766647
   2.26625417808224   -0.81590170865542   -3.33838846049692
   2.26023000414768   -0.81373287258488   -3.33107612160857
   2.25581185786488   -0.81214224204745   -3.32528972443328
   2.24821628707245   -0.80940766829677   -3.31478353110577
   2.24665113454234   -0.80884417871296   -3.31239375092113
   2.23735956948226   -0.80549900945440   -3.29962124491227
   2.23591516426374   -0.80497899157768   -3.29789817932724
   2.22696040369784   -0.80175507939829   -3.28648484909218
   2.22401728030836   -0.80069548977878   -3.28238493075103
   2.21709107132154   -0.79820190110656   -3.27354737752195
   2.21176179648317   -0.79628324410481   -3.26709447754425
   2.20663689936514   -0.79443816760998   -3.26048142326429
   2.19977097169275   -0.79196628154637   -3.25159766676476
   2.19675388191808   -0.79088006238961   -3.24755901212160
   2.18781335942272   -0.78766127623103   -3.23529914918925
   2.18711392650573   -0.78740946488631   -3.23444294575378
   2.17681135001638   -0.78370030911618   -3.22184643465191
   2.17518642747681   -0.78311530100487   -3.21951165648968
   2.16815251807441   -0.78058293779713   -3.20917660975973
   2.16310379567607   -0.77876528588890   -3.20329795500467
   2.15758148839443   -0.77677713293131   -3.19621929747484
   2.15088901391663   -0.77436769386027   -3.18718887375105
   2.14787934177443   -0.77328414521553   -3.18312740022904
   2.13946713138654   -0.77025556311938   -3.17024268735523
   2.13878756005308   -0.77001090238473   -3.16937606916305
   2.12890098725427   -0.76645151715897   -3.15726292302814
   2.12675652764389   -0.76567946419281   -3.15473307359661
   2.11883044884362   -0.76282590023753   -3.14452589111453
   2.11439589278587   -0.76122936181759   -3.13873821822176
   2.10858033174374   -0.75913563100974   -3.13125418713900
   2.10230979468535   -0.75687809875692   -3.12333366905129
   2.09848536457109   -0.75550121919282   -3.11851080199049
   2.09008152691866   -0.75247565146692   -3.10643046443893
   2.08938730250651   -0.75222571529933   -3.10557146903528
   2.07894409190236   -0.74846592813239   -3.09247895500555
   2.07801933621703   -0.74813299559947   -3.09099862997040
   2.06905828406809   -0.74490681831081   -3.07956869384717
   2.06621497024700   -0.74388316234701   -3.07543344012491
   2.05995366513097   -0.74162895379795   -3.06661579425931
   2.05350967209886   -0.73930897355199   -3.05890042990202
   2.04978930876713   -0.73796956033501   -3.05394689246416
   2.04161922009556   -0.73502814742048   -3.04249520536668
   2.04023088805701   -0.73452831713075   -3.04077731476607
   2.03030269226337   -0.73095394670477   -3.02787912965089
   2.02958560503508   -0.73069577941688   -3.02703450293485
   2.01968193790911   -0.72713023985465   -3.01491889310178
   2.01733435200787   -0.72628505692390   -3.01177320891396
   2.01001203282043   -0.72364885980439   -3.00187906456046
   2.00509975866647   -0.72188033228688   -2.99647500371210
   1.99808387620909   -0.71935445917871   -2.98941823575270
   1.99290501283453   -0.71748995363601   -2.98440885924848
   1.98371254686925   -0.71418046224693   -2.97643102625148
   1.98066426784133   -0.71308301426807   -2.97403558045089
   1.96850105095136   -0.70870398673477   -2.96515766377162
   1.96624678581798   -0.70789240134780   -2.96349637758764
   1.95652672218622   -0.70439296311087   -2.95679374094939
   1.94869547663989   -0.70157354122786   -2.95070539798049
   1.94398549406018   -0.69987784315847   -2.94685816919449
   1.93237597191406   -0.69569815799900   -2.93881289444669
   1.93022006425306   -0.69492198348102   -2.93715735341591
   1.91976836365673   -0.69115913972881   -2.92987449518120
   1.91256746618185   -0.68856665711568   -2.92439684695393
   1.90807090106690   -0.68694779406147   -2.92101602477769
   1.89575698973923   -0.68251451319225   -2.91234635009235
   1.89493330250910   -0.68221796754218   -2.91164770855873
   1.88375622656925   -0.67819397259700   -2.90326280544343
   1.87763085529881   -0.67598870324371   -2.89847853605358
   1.87143710086742   -0.67375881443757   -2.89379677300691
   1.86068466111807   -0.66988769792797   -2.88590701443787
   1.85922369508301   -0.66936171779043   -2.88500605449298
   1.84712196126193   -0.66500482552398   -2.87604127962493
   1.84268031462096   -0.66340573433700   -2.87267241904959
   1.83515179292521   -0.66069529974647   -2.86764712688685
   1.82572698887773   -0.65730216150079   -2.86008127702056
   1.82264280129390   -0.65619178564631   -2.85773438854500
   1.81065816275359   -0.65187705027496   -2.84939064353610
   1.80771291700710   -0.65081669655991   -2.84690203405770
   1.79835244954685   -0.64744672091089   -2.83994971190651
   1.79076509927373   -0.64471510672926   -2.83426113727540
   1.78631674525797   -0.64311360073878   -2.83087500420948
   1.77419573436319   -0.63874976829874   -2.82193393551516
   1.77338074389464   -0.63845635367550   -2.82121218511272
   1.76204755796898   -0.63437615567711   -2.81303895588717
   1.75456829519080   -0.63168345538814   -2.80800700233932
   1.74988056208409   -0.62999576762193   -2.80418271491626
   1.73876194890568   -0.62599282056600   -2.79496533053877
   1.73791561806855   -0.62568812271578   -2.79418689012307
   1.72561249613855   -0.62125872626874   -2.78632497526823
   1.72097846854279   -0.61959037367621   -2.78243736199381
   1.71342439071658   -0.61687073831257   -2.77671971988779
   1.70403514348566   -0.61349040130854   -2.76992716983249
   1.70079321731848   -0.61232323606966   -2.76755915962355
   1.68926837364986   -0.60817403703799   -2.75876727218558
   1.68556374359238   -0.60684028814827   -2.75614083566388
   1.67698914988945   -0.60375324446142   -2.75002286047864
   1.66908111653861   -0.60090617726770   -2.74410397013785
   1.66447224748767   -0.59924688230864   -2.74092319572278
   1.65304659638296   -0.59513339479741   -2.73119017529737
   1.65225222464787   -0.59484740337498   -2.73042844150991
   1.64068271155367   -0.59068212236054   -2.72316630088658
   1.63360019545314   -0.58813225966469   -2.71789321308417
   1.62801524737430   -0.58612155463242   -2.71347014398939
   1.61692977750830   -0.58213053990318   -2.70490465256534
   1.61613323650981   -0.58184376749787   -2.70414657516775
   1.60407371133521   -0.57750207127920   -2.69593018511457
   1.59936145421330   -0.57580555432423   -2.69213496538432
   1.59173460361914   -0.57305971915198   -2.68654553521832
   1.58138453071824   -0.56933346362150   -2.67885734149627
   1.57993321022155   -0.56881095609145   -2.67791219826080
   1.56744853541896   -0.56431619658833   -2.66876882135499
   1.56376451442866   -0.56298986741935   -2.66614773268767
   1.55561585437548   -0.56005616928216   -2.66019723796079
   1.54645305788014   -0.55675735955952   -2.65300298780346
   1.54344371151149   -0.55567392820047   -2.65056112081479
   1.53085887886198   -0.55114310965365   -2.64160123711613
   1.52932573687627   -0.55059114457495   -2.64058408444772
   1.51915014126689   -0.54692770473463   -2.63277713015713
   1.51165230471222   -0.54422831747466   -2.62698259706413
   1.50686402185225   -0.54250442956978   -2.62326591224133
   1.49519566107422   -0.53830356119937   -2.61485681537792
   1.49437230951004   -0.53800713639648   -2.61415841020972
   1.48252652715931   -0.53374239232947   -2.60556338361237
   1.47714043957588   -0.53180328148092   -2.60164891806410
   1.47036984152143   -0.52936571619161   -2.59669057519199
   1.46101334940750   -0.52599717175533   -2.58898203748901
   1.45793611804118   -0.52488930029325   -2.58648948647342
   1.44626821928398   -0.52068859826059   -2.57862361263282
   1.44232302089159   -0.51926823944097   -2.57561797924181
   1.43395824740907   -0.51625673568163   -2.56998849439833
   1.42432491546145   -0.51278852277236   -2.56241687116885
   1.42211951035206   -0.51199452807643   -2.56069807353940
   1.40935761268260   -0.50739996219988   -2.55118116635318
   1.40782601331033   -0.50684855249620   -2.55025349572216
   1.39780927361342   -0.50324230430352   -2.54296634365056
   1.39002155637481   -0.50043855357557   -2.53672055789359
   1.38538028154896   -0.49876759181966   -2.53362063339780
   1.37304304292925   -0.49432591260854   -2.52506391516793
   1.37155242195042   -0.49378925603429   -2.52412078413460
   1.36085265877329   -0.48993710425765   -2.51540256434046
   1.35566120187071   -0.48806806476588   -2.51116031592040
   1.34922591974904   -0.48575122064065   -2.50658889806529
   1.33733642155911   -0.48147073790309   -2.49853686018122
   1.33650126991820   -0.48117006481116   -2.49789112496782
   1.32471159056677   -0.47692551906675   -2.48832913820276
   1.32105376234120   -0.47560861987333   -2.48496712262297
   1.31249672504369   -0.47252789688136   -2.47951321220384
   1.30320864084295   -0.46918398080927   -2.47252864944570
   1.30017171634256   -0.46809062071185   -2.47003225082652
   1.28800016704077   -0.46370859332571   -2.46129198766210
   1.28574413300263   -0.46289637109384   -2.45953751627491
   1.27599670989825   -0.45938708284067   -2.45215906538427
   1.26840077142625   -0.45665237671720   -2.44651242272692
   1.26385798596880   -0.45501687331575   -2.44326625319621
   1.25219280701965   -0.45081715047423   -2.43454184585442
   1.25058142074274   -0.45023701571735   -2.43305104468062
   1.23931666826778   -0.44618145527723   -2.42524096055888
   1.23399636900892   -0.44426602968294   -2.42095381808149
   1.22756127916411   -0.44194925478164   -2.41641076619484
   1.21602392769599   -0.43779555266507   -2.40774958721869
   1.21520632516106   -0.43750119764007   -2.40703562314746
   1.20328526326098   -0.43320935126761   -2.39860705112586
   1.19791850551364   -0.43127719958827   -2.39464822587951
   1.19113320237530   -0.42883434014300   -2.38973743675146
   1.18108796755201   -0.42521783307356   -2.38193304439278
   1.17882070062234   -0.42440156675190   -2.38030559214206
   1.16648730087327   -0.41996126961925   -2.37090458209611
   1.16360110135825   -0.41892217385559   -2.36904518732948
   1.15452517582945   -0.41565463960538   -2.36254799862195
   1.14669953096883   -0.41283723409329   -2.35646359276151
   1.14216024202632   -0.41120298951469   -2.35316031387347
   1.13037664300632   -0.40696063282429   -2.34457188903569
   1.12818881948650   -0.40617296789009   -2.34289188709615
   1.11794255607633   -0.40248408607597   -2.33536513227847
   1.11191839902713   -0.40031525608453   -2.33034792828423
   1.10608150547522   -0.39821384510059   -2.32600777574064
   1.09407986312978   -0.39389298798269   -2.31768967858336
   1.09326232723871   -0.39359865695096   -2.31697576669487
   1.08165855748068   -0.38942104277864   -2.30844782236802
   1.07693694555884   -0.38772115788846   -2.30464868863909
   1.06926108901360   -0.38495767948819   -2.29827966688617
   1.05834065230768   -0.38102608035258   -2.29115559553468
   1.05752198964241   -0.38073134365717   -2.29043425680966
   1.04491555902932   -0.37619274936499   -2.28071477709570
   1.04324868487978   -0.37559263774473   -2.27902544950187
   1.03319797032612   -0.37197415785098   -2.27193060775003
   1.02471574474436   -0.36892036873398   -2.26567819394560
   1.02076822941287   -0.36749917576496   -2.26272639843463
   1.00890408891686   -0.36322782235896   -2.25417432277553
   1.00729474802765   -0.36264842398696   -2.25268944971737
   0.99678839398515   -0.35886590378340   -2.24523737409528
   0.98971004831838   -0.35631754253609   -2.24000965259343
   0.98429178793442   -0.35436684876662   -2.23611142528941
   0.97375043282290   -0.35057172740283   -2.22703019949547
   0.97223993816171   -0.35002791586266   -2.22556463426636
   0.96051864401397   -0.34580799030653   -2.21834548956247
   0.95497691775986   -0.34381284608865   -2.21385517629997
   0.94789090116071   -0.34126172313575   -2.20865351768304
   0.93811080686448   -0.33774067252975   -2.20117333659692
   0.93588183206702   -0.33693819222397   -2.19951465753644
   0.92372589566333   -0.33256178582702   -2.19064706877878
   0.91997076317106   -0.33120985494199   -2.18818076407601
   0.91156076559200   -0.32818206950605   -2.18178711382770
   0.90258237134252   -0.32494964867701   -2.17513873578056
   0.89947482989527   -0.32383086491433   -2.17284735828149
   0.88746476161152   -0.31950697427199   -2.16454751586942
   0.88505186409461   -0.31863827771275   -2.16229486541328
   0.87516336647077   -0.31507819950734   -2.15511587063454
   0.86691022034962   -0.31210688407099   -2.14930414882603
   0.86311125455199   -0.31073917222499   -2.14607717124398
   0.85088064265750   -0.30633588099705   -2.13735235603702
   0.85005765395587   -0.30603958683272   -2.13665423232375
   0.83871487062596   -0.30195593355619   -2.12849614602946
   0.83260078095660   -0.29975472582920   -2.12368986782031
   0.82641936998691   -0.29752928094272   -2.11908174092549
   0.81601090650381   -0.29378200350912   -2.11061078241529
   0.81459909320275   -0.29327371944471   -2.10965605095053
   0.80262218525563   -0.28896176725815   -2.10132674204791
   0.79785741247498   -0.28724634350265   -2.09761852076916
   0.79014835623973   -0.28447091247850   -2.09216682879515
   0.78035928284070   -0.28094662919657   -2.08475991353328
   0.77794555182729   -0.28007763256013   -2.08253285231085
   0.76600910640149   -0.27578024777762   -2.07416336922069
   0.76358926777994   -0.27490905226694   -2.07190405589933
   0.75358207339672   -0.27130624059865   -2.06499914007991
   0.74616062965024   -0.26863435644197   -2.05897131259562
   0.74170726219187   -0.26703104550108   -2.05562124387755
   0.72942892209437   -0.26261057106273   -2.04697109993700
   0.72860597862368   -0.26231429318254   -2.04627301787686
   0.71740838030378   -0.25828290972590   -2.03788008378736
   0.71055911803049   -0.25581702357516   -2.03307155090091
   0.70513922850740   -0.25386574327951   -2.02921819009978
   0.69432287637245   -0.24997161689525   -2.02058196168766
   0.69288911565109   -0.24945543127332   -2.01965246173505
   0.68063983608003   -0.24504541926828   -2.01015494777082
   0.67691599387141   -0.24370475357854   -2.00763714803782
   0.66898181758564   -0.24084827434910   -2.00216647224973
   0.65884290895047   -0.23719804263222   -1.99451532588822
   0.65653835445157   -0.23636835195960   -1.99292590735377
   0.64438237155491   -0.23199192882415   -1.98405862303337
   0.64131231034113   -0.23088663877583   -1.98166176961081
   0.63220377699565   -0.22760736498925   -1.97439947108723
   0.62474119314960   -0.22492066948533   -1.96856455753252
   0.62025793689786   -0.22330659791670   -1.96524300448260
   0.60798296294204   -0.21888733536393   -1.95659521760285
   0.60650747244817   -0.21835612609945   -1.95571569447002
   0.59595955020363   -0.21455864042229   -1.94750242033636
   0.58911396016608   -0.21209407635776   -1.94269645675007
   0.58352628469213   -0.21008238940283   -1.93832284080850
   0.57193409091627   -0.20590894284054   -1.93019469667056
   0.57108590144074   -0.20560357583933   -1.92941244600876
   0.55924076597122   -0.20133906466388   -1.92056609741192
   0.55473534813975   -0.19971701443560   -1.91713177529593
   0.54734826881017   -0.19705750223027   -1.91122854530555
   0.53813018779903   -0.19373878885723   -1.90416611102298
   0.53503502124593   -0.19262446033059   -1.90197940958957
   0.52278116184675   -0.18821279948597   -1.89312081548817
   0.52049536375605   -0.18738986153581   -1.89147097893625
   0.51080556803627   -0.18390132041772   -1.88480064492216
   0.50242151304272   -0.18088287488727   -1.87836880167432
   0.49858502208130   -0.17950165315100   -1.87516361241006
   0.48706695689500   -0.17535489452313   -1.86575034471959
   0.48629116835651   -0.17507559346316   -1.86496957801873
   0.47454833198474   -0.17084791222915   -1.85789439259562
   0.46763015224687   -0.16835721426442   -1.85236225801819
   0.46225394600732   -0.16642166091857   -1.84847328702111
   0.45035941595346   -0.16213936659851   -1.83999238080590
   0.44955221516067   -0.16184875643111   -1.83925553787687
   0.43796626056098   -0.15767755611046   -1.83072248677232
   0.43268628053784   -0.15577664633423   -1.82655934591228
   0.42595577178850   -0.15335351408286   -1.82160706221545
   0.41539493938893   -0.14955138046388   -1.81343856770858
   0.41396790796356   -0.14903761753759   -1.81250250606015
   0.40170548277639   -0.14462287281953   -1.80380648421621
   0.39790485759068   -0.14325456355706   -1.80055833696080
   0.38952803183767   -0.14023872071335   -1.79416941274086
   0.38048735580749   -0.13698387706352   -1.78761098239930
   0.37768206477587   -0.13597391014626   -1.78569907514562
   0.36503609209838   -0.13142107983492   -1.77690340205852
   0.36264452388950   -0.13056006229908   -1.77524702454298
   0.35302062150859   -0.12709524424273   -1.76761741694910
   0.34618934668830   -0.12463583397353   -1.76199351727040
   0.34081721244360   -0.12270174663604   -1.75810767390608
   0.32891951497331   -0.11841831197590   -1.74962461895245
   0.32811233585734   -0.11812770961264   -1.74888780715522
   0.31643265150095   -0.11392276450317   -1.74058613890433
   0.31104138551681   -0.11198178931565   -1.73650671037074
   0.30442135073415   -0.10959843013963   -1.73132570809285
   0.29384131487890   -0.10578938285119   -1.72325209831264
   0.29221682372860   -0.10520453004957   -1.72181812458412
   0.28038455484824   -0.10094465113126   -1.71326037696784
   0.27661178372643   -0.09958636994885   -1.70995684315171
   0.26785022699635   -0.09643201543041   -1.70357592864880
   0.26016249061445   -0.09366426002577   -1.69776387476216
   0.25570203435948   -0.09205839696107   -1.69442551002331
   0.24362928279515   -0.08771193894908   -1.68551931756127
   0.24281502578495   -0.08741878838710   -1.68479818219587
   0.23167414963597   -0.08340782616857   -1.67716443549768
   0.22402612937772   -0.08065436944827   -1.67160997792192
   0.21932474803529   -0.07896176801485   -1.66777821622514
   0.20792790017376   -0.07485865030924   -1.65890901963491
   0.20712470436271   -0.07456948202398   -1.65816648181437
   0.19501804855776   -0.07021081773430   -1.65019517443623
   0.18831990400736   -0.06779933731152   -1.64581052497855
   0.18316873210010   -0.06594480131050   -1.64153690993315
   0.17231592599313   -0.06203755068874   -1.63306170429613
   0.17077299580059   -0.06148206163874   -1.63163520816912
   0.15876543151521   -0.05715907249128   -1.62315572037624
   0.15423029097935   -0.05552632143097   -1.61995759353054
   0.14651569367519   -0.05274889549926   -1.61450333570680
   0.13802370802011   -0.04969159253966   -1.60737398209883
   0.13429623310006   -0.04834961899333   -1.60485781227064
   0.12219443495474   -0.04399270356872   -1.59596574020246
   0.11991387770913   -0.04317165243890   -1.59419845253462
   0.11008160292499   -0.03963181570129   -1.58707592709790
   0.10386249788668   -0.03739280011506   -1.58161284473046
   0.09778145289619   -0.03520348920452   -1.57682145333360
   0.08620683363817   -0.03103636985798   -1.56948719541634
   0.08461981045605   -0.03046500635494   -1.56797575837910
   0.07360634653917   -0.02649991536254   -1.55980545017629
   0.06821839581050   -0.02456013374043   -1.55563478979632
   0.06166694846539   -0.02220146756136   -1.55130758668844
   0.04964014546776   -0.01787155205129   -1.54305367261387
   0.04882289211097   -0.01757732273815   -1.54234007238842
   0.03744108799423   -0.01347962111393   -1.53510350704569
   0.02973201947498   -0.01070418566727   -1.52961807691487
   0.02512968088668   -0.00904724181943   -1.52654015985855
   0.01311813043604   -0.00472281756418   -1.51901161023034
   0.00871200856830   -0.00313651608255   -1.51633793231143
   0.00086703079817   -0.00031215029476   -1.51119615992538
  -0.01038274803811    0.00373801930373   -1.50361775946007
  -0.01119407487020    0.00403011493669   -1.50290176075534
  -0.02348603715616    0.00845549366465   -1.49524324649167
  -0.02962626886912    0.01066611310645   -1.49107680343274
  -0.03553323896359    0.01279275319814   -1.48680908594008
  -0.04756104171268    0.01712302864088   -1.47943896376304
  -0.04987791095704    0.01795715289467   -1.47793874911001
  -0.05975330821067    0.02151251467660   -1.47142455042465
  -0.06956893459625    0.02504635762192   -1.46488842152831
  -0.07187006568679    0.02587481579169   -1.46333036284503
  -0.08402890506391    0.03025226732339   -1.45527903187966
  -0.08794863067731    0.03166345537827   -1.45218257577425
  -0.09631114209509    0.03467414474419   -1.44667923007626
  -0.10799018521798    0.03887885899539   -1.43942245400678
  -0.10880952324826    0.03917383883716   -1.43870307317001
  -0.12057508195438    0.04340970061491   -1.43148680444158
  -0.12753302408931    0.04591471392345   -1.42651105659553
  -0.13266014001601    0.04776058923855   -1.42305834745970
  -0.14486814091557    0.05215574000740   -1.41520853285063
  -0.14720689070341    0.05299774174157   -1.41360424030022
  -0.15704356976914    0.05653916411813   -1.40714759337612
  -0.16748361522896    0.06029781176299   -1.40035243067423
  -0.16911460930047    0.06088500576030   -1.39887200758480
  -0.18120097731288    0.06523636599524   -1.39255323921334
  -0.19312705481793    0.06953001809659   -1.38959929737293
  -0.20535100721934    0.07393091175949   -1.39256187066900
  -0.21746027392156    0.07829051603003   -1.39837891981058
  -0.21981312595636    0.07913759488552   -1.39983110032090
  -0.22985702289472    0.08275362028674   -1.40685357565786
  -0.23964860693078    0.08627880745362   -1.41255350755253
  -0.24201647506736    0.08713129243840   -1.41410392131226
  -0.25408523645014    0.09147631389662   -1.42141360994066
  -0.26024519420583    0.09369403515081   -1.42527286116134
  -0.26660068013914    0.09598215088049   -1.42982566293692
  -0.27807339871880    0.10011258372540   -1.43648240738208
  -0.28112577381461    0.10121150637945   -1.43883819025142
  -0.29049417171098    0.10458433716115   -1.44482585203609
  -0.30172622262251    0.10862812431401   -1.45159469033800
  -0.30255427946960    0.10892624312298   -1.45229776563549
  -0.31467281876901    0.11328918573393   -1.46039414283851
  -0.32071007928592    0.11546273326403   -1.46449155788116
  -0.32680168900407    0.11765584771057   -1.46848031351701
  -0.33904474179437    0.12206361793660   -1.47550375633867
  -0.34143466017207    0.12292404149667   -1.47702679386199
  -0.35126569975192    0.12646343353337   -1.48350401619775
  -0.36113192610645    0.13001549358846   -1.48995794206270
  -0.36344365665829    0.13084776779911   -1.49154788416438
  -0.37538750557933    0.13514781800392   -1.49911726529298
  -0.38222968060475    0.13761115258842   -1.50309512318320
  -0.38770129984999    0.13958105673002   -1.50689478921870
  -0.39999210881452    0.14400602023672   -1.51463856207146
  -0.40152457203656    0.14455774094545   -1.51553585849014
  -0.41198099216205    0.14832228383271   -1.52222779131964
  -0.42315634603750    0.15234565879656   -1.52904168082649
  -0.42398283275878    0.15264321232545   -1.52974343914907
  -0.43623261996980    0.15705340709213   -1.53758536882721
  -0.44227585762920    0.15922910652594   -1.54173685377903
  -0.44844458793761    0.16144998609344   -1.54640625862996
  -0.45948558249234    0.16542498872535   -1.55361575096272
  -0.46096832416881    0.16595880857620   -1.55448884832555
  -0.47281731288737    0.17022470700666   -1.56410714602523
  -0.47728522732565    0.17183325518258   -1.56738238597970
  -0.48517105457140    0.17467232768653   -1.57227121760363
  -0.49500301999890    0.17821205304890   -1.57999607202306
  -0.49711945717580    0.17897401731822   -1.58169640961022
  -0.50921538110267    0.18332881789406   -1.59074589819912
  -0.51291418855957    0.18466047051858   -1.59323292925048
  -0.52128608838214    0.18767453991820   -1.59886145626783
  -0.52986778138211    0.19076413950926   -1.60584771072669
  -0.53373398239153    0.19215605752097   -1.60897402372372
  -0.54560627352724    0.19643034533783   -1.61739416659743
  -0.54787001792115    0.19724534346858   -1.61901708520132
  -0.55796392912757    0.20087937511428   -1.62675066631938
  -0.56463734115415    0.20328195128058   -1.63188236365489
  -0.56991073372215    0.20518048942703   -1.63593949346303
  -0.58212709087399    0.20957864863182   -1.64376982397657
  -0.58299708558551    0.20989186600105   -1.64436736555643
  -0.59424217750480    0.21394034820559   -1.65366315084565
  -0.59956266192889    0.21585584046346   -1.65758392695182
  -0.60636403789478    0.21830448648271   -1.66255030818874
  -0.61696805335273    0.22212216695935   -1.67063243079424
  -0.61840898220678    0.22264093326784   -1.67155363629280
  -0.63075569643317    0.22708602390728   -1.68005032214072
  -0.63475372965257    0.22852540443508   -1.68305299342320
  -0.64281231354788    0.23142667315997   -1.68916524939254
  -0.65270873516348    0.23498960417797   -1.69630080299483
  -0.65535112712983    0.23594092382301   -1.69850947611429
  -0.66671876616136    0.24003352570276   -1.70663458745792
  -0.67065567299137    0.24145089937624   -1.70964373933807
  -0.67955452110760    0.24465468183511   -1.71591384511358
  -0.68761702332436    0.24755736124253   -1.72223181339410
  -0.69145047704438    0.24893748950461   -1.72525830528044
  -0.70333366168654    0.25321569922511   -1.73380919872733
  -0.70557261198014    0.25402177093049   -1.73546423552628
  -0.71577197672155    0.25769376818490   -1.74299369686657
  -0.72258698376290    0.26014732169329   -1.74790619234178
  -0.72785312080928    0.26204324769122   -1.75208006742200
  -0.73987596642323    0.26637173845550   -1.76023645748850
  -0.74135129424925    0.26690288915594   -1.76111581652792
  -0.75262182043703    0.27096052826059   -1.77077504741121
  -0.75669586861182    0.27242727585629   -1.77386501013375
  -0.76371097797280    0.27495287063263   -1.77864748647887
  -0.77482654884697    0.27895472239164   -1.78675401052890
  -0.77650863441425    0.27956031045926   -1.78804192449661
  -0.78866906887290    0.28393833625565   -1.79704747520775
  -0.79177721682526    0.28505733837360   -1.79933653306461
  -0.80070072394919    0.28826999862152   -1.80615060628020
  -0.80916084954629    0.29131583125445   -1.81231995144063
  -0.81321745549011    0.29277629926060   -1.81517806992799
  -0.82510392449320    0.29705569142380   -1.82367546225113
  -0.82737583238465    0.29787362859452   -1.82534147509717
  -0.83710691453198    0.30137703374115   -1.83279716636001
  -0.84474358921016    0.30412640580128   -1.83831797391466
  -0.84947509412722    0.30582985238890   -1.84220195406305
  -0.86136220161728    0.31010947442155   -1.85057772004348
  -0.86217677077271    0.31040273736274   -1.85129910265443
  -0.87367162229999    0.31454113855911   -1.85999243281677
  -0.87968578680476    0.31670637101318   -1.86412017501997
  -0.88574635175561    0.31888830865576   -1.86906953661201
  -0.89629531755160    0.32268617003457   -1.87719383702506
  -0.89773642009737    0.32320499887593   -1.87811518821545
  -0.90991072677537    0.32758801897859   -1.88692411168716
  -0.91386568744997    0.32901189243607   -1.88983781227512
  -0.92232330393645    0.33205682173359   -1.89628181141618
  -0.93259684073711    0.33575552257248   -1.90321563658919
  -0.93421084575453    0.33633660013395   -1.90473907591149
  -0.94647912444759    0.34075345224381   -1.91328741776762
  -0.94964731259765    0.34189407016301   -1.91556898642895
  -0.95845164006604    0.34506382309473   -1.92253635532205
  -0.96692058314994    0.34811283021824   -1.92873741183961
  -0.97091982777612    0.34955264687932   -1.93147985288010
  -0.98285256115922    0.35384869524422   -1.94012045718708
  -0.98444387705650    0.35442160421982   -1.94158922224762
  -0.99514617662519    0.35827466915361   -1.94955919847686
  -1.00122978862216    0.36046490424336   -1.95443890026977
  -1.00730606916816    0.36265249984835   -1.95923779793105
  -1.01876333607490    0.36677736974870   -1.96712122305369
  -1.01962399001031    0.36708722423160   -1.96775599201219
  -1.03145595600701    0.37134699410509   -1.97641970824627
  -1.03603575032075    0.37299582151465   -1.98043637998334
  -1.04389060715226    0.37582374398339   -1.98633129472881
  -1.05408069647543    0.37949240188176   -1.99356860400983
  -1.05551225676762    0.38000779530044   -1.99451034030370
  -1.06781371346892    0.38443659222825   -2.00313279153221
  -1.07230906029996    0.38605501667328   -2.00646978160726
  -1.07983106299342    0.38876310427857   -2.01221817976140
  -1.08909161000889    0.39209710635392   -2.01924940791546
  -1.09217031938336    0.39320550993168   -2.02162813568727
  -1.10425496391859    0.39755624967665   -2.02976557816057
  -1.10735362896842    0.39867183773961   -2.03211962340393
  -1.11646406177711    0.40195179537503   -2.03938305222391
  -1.12403105813096    0.40467608169481   -2.04505713430832
  -1.12865316703800    0.40634014329536   -2.04903259867331
  -1.14083145719901    0.41072459754016   -2.05694094034346
  -1.14166180944847    0.41102354274483   -2.05761399486751
  -1.15255388248873    0.41494493033247   -2.06569143826973
  -1.15970056556614    0.41751789456149   -2.07085307052705
  -1.16528099214016    0.41952697175186   -2.07542725150894
  -1.17643301486310    0.42354194698395   -2.08377970329232
  -1.17724062979476    0.42383270625051   -2.08451686144836
  -1.18945939796085    0.42823173347385   -2.09323542393998
  -1.19401433460125    0.42987161157034   -2.09651207402498
  -1.20184567355306    0.43269106708139   -2.10256534364237
  -1.21155980412210    0.43618836928431   -2.10927036398121
  -1.21383753444534    0.43700840265946   -2.11088460007238
  -1.22560862760372    0.44124625696263   -2.11954193747046
  -1.22885973105139    0.44241672622579   -2.12242006613452
  -1.23833479813499    0.44582796027796   -2.13000234319025
  -1.24628036536858    0.44868854050096   -2.13543750312734
  -1.24992589286131    0.45000101115806   -2.13807046224322
  -1.26202898893307    0.45435839386494   -2.14703254733428
  -1.26425112243223    0.45515841115178   -2.14865216761461
  -1.27417001186988    0.45872943108344   -2.15592847738628
  -1.28125078823438    0.46127866743578   -2.16116333361986
  -1.28657171100356    0.46319431750759   -2.16525282494940
  -1.29835902173404    0.46743801049599   -2.17382460195544
  -1.29916671514695    0.46772879801755   -2.17456181999498
  -1.31094495867587    0.47196922661252   -2.18363566490861
  -1.31549766864970    0.47360830305971   -2.18691103525048
  -1.32311652851082    0.47635126139105   -2.19249972636295
  -1.33233104175254    0.47966869028806   -2.19963507480752
  -1.33532981013227    0.48074831333677   -2.20193593037022
  -1.34727659679171    0.48504942119247   -2.21049136502877
  -1.35104786366441    0.48640716081188   -2.21291386001603
  -1.35958178591683    0.48947956187555   -2.21912635097087
  -1.36791515222388    0.49247975835595   -2.22563439834585
  -1.37175757964100    0.49386311734778   -2.22879864526625
  -1.38369679010194    0.49816149760419   -2.23716270373836
  -1.38596592390014    0.49897843603988   -2.23878944196567
  -1.39602661095096    0.50260050625354   -2.24657390119857
  -1.40281121108944    0.50504311260329   -2.25149604159822
  -1.40816308219932    0.50696990476336   -2.25546197016121
  -1.42014605348259    0.51128403988524   -2.26380124442224
  -1.42096095539294    0.51157742262557   -2.26452288464731
  -1.43248743602713    0.51572721100111   -2.27320581695939
  -1.43839804105607    0.51785515974973   -2.27749001571632
  -1.44434027928852    0.51999449715238   -2.28250541678199
  -1.45514422160021    0.52388415572536   -2.29031837897601
  -1.45679736673655    0.52447932459672   -2.29169562850682
  -1.46874724147705    0.52878154423002   -2.30012768250072
  -1.47329515554192    0.53041889404375   -2.30336932696708
  -1.48090289247503    0.53315784787459   -2.30900041974351
  -1.49140821321909    0.53693999606783   -2.31645922985621
  -1.49304003795200    0.53752748912165   -2.31790043353009
  -1.50519918315780    0.54190505075845   -2.32676805177241
  -1.50826278987574    0.54300801704528   -2.32915494720892
  -1.51719347958558    0.54622326318324   -2.33587140845365
  -1.52503464254615    0.54904625555508   -2.34195601990271
  -1.52980421395570    0.55076340692329   -2.34560669075370
  -1.54167808303921    0.55503826283631   -2.35418119109076
  -1.54248322939801    0.55532813336197   -2.35492394825092
  -1.55393920584690    0.55945253866891   -2.36285735062682
  -1.56067573285622    0.56187783762720   -2.36789123841478
  -1.56614614235089    0.56384730623178   -2.37250214017732
  -1.57760209489907    0.56797170293394   -2.38042697724775
  -1.57842574159610    0.56826823399119   -2.38112553152461
  -1.59045836523920    0.57260024506258   -2.39025771197975
  -1.59432398291450    0.57399195306108   -2.39337856922148
  -1.60244693819440    0.57691639691045   -2.39937720554972
  -1.61228652306795    0.58045886544219   -2.40669085782886
  -1.61455540115979    0.58127571181793   -2.40832141441451
  -1.62723131336197    0.58583932102141   -2.41702828905639
  -1.62957937683416    0.58668467588827   -2.41886235017831
  -1.63876398498043    0.58999133828844   -2.42618756330234
  -1.64728334661723    0.59305849720792   -2.43242418032520
  -1.65126611316255    0.59449238139484   -2.43524849144442
  -1.66319637220006    0.59878753894052   -2.44379742183454
  -1.66480135735386    0.59936536915128   -2.44527522647759
  -1.67550536532141    0.60321904914651   -2.45324683057970
  -1.68236279328926    0.60568787512819   -2.45803450480979
  -1.68770692649121    0.60761188146999   -2.46209558102806
  -1.69963129651911    0.61190491884174   -2.47047847223770
  -1.70044642331510    0.61219838254588   -2.47120027204976
  -1.71162015459004    0.61622117333760   -2.47959532686585
  -1.71790921158389    0.61848537317747   -2.48412497873855
  -1.72430765301326    0.62078895383732   -2.48930641964908
  -1.73460911036813    0.62449770669425   -2.49706808933920
  -1.73602267584246    0.62500662157986   -2.49801808784376
  -1.74849556983304    0.62949713972968   -2.50630420000342
  -1.75302753861028    0.63112874888663   -2.50975345916624
  -1.76061653539607    0.63386095584929   -2.51619980911352
  -1.76978871218369    0.63716314268494   -2.52248804543151
  -1.77293171568776    0.63829469357366   -2.52472587578321
  -1.78488450917907    0.64259796402191   -2.53318665543096
  -1.78793475675914    0.64369612072317   -2.53562235183072
  -1.79705641019869    0.64698011803427   -2.54286243861241
  -1.80523154530573    0.64992334777735   -2.54877887179187
  -1.80905657830040    0.65130044439175   -2.55196884006195
  -1.82132196179225    0.65571625416503   -2.56066717382983
  -1.82214582098711    0.65601286172621   -2.56136587440254
  -1.83333468224878    0.66004109964833   -2.56978200230139
  -1.84023672987868    0.66252598969682   -2.57452529348323
  -1.84582497682587    0.66453788239478   -2.57894375829294
  -1.85717547491462    0.66862431315539   -2.58710218352605
  -1.85799074514641    0.66891782849960   -2.58782408286486
  -1.87000949792338    0.67324484575189   -2.59694824327296
  -1.87448660560459    0.67485670369892   -2.60027786951323
  -1.88211548708831    0.67760327003640   -2.60587250364661
  -1.89205035769415    0.68118004354264   -2.61304762263927
  -1.89432950838307    0.68200058828090   -2.61466280559265
  -1.90625741102148    0.68629489747070   -2.62309770885067
  -1.91021134487399    0.68771840124948   -2.62606174342530
  -1.91898956826677    0.69087875613570   -2.63268317643598
  -1.92758017226408    0.69397156388320   -2.63916691782883
  -1.93030054328750    0.69495095771628   -2.64111524229523
  -1.94316709049981    0.69958319974656   -2.65047189987191
  -1.94473579334159    0.70014796752122   -2.65161432657966
  -1.95490236483505    0.70380815847990   -2.65940181074425
  -1.96192521322379    0.70633653947768   -2.66476215625792
  -1.96726147298053    0.70825771120478   -2.66881941317630
  -1.97919568689170    0.71255429259259   -2.67720813571347
  -1.98001107591918    0.71284785070587   -2.67793011675262
  -1.99136068454984    0.71693396124187   -2.68607540699265
  -1.99807344850418    0.71935070497394   -2.69109354532998
  -2.00352951832400    0.72131501097791   -2.69574562391134
  -2.01297380887961    0.72471516479820   -2.70331564988696
  -2.01615468232305    0.72586034970403   -2.70572408568819
  -2.02782484706356    0.73006186754089   -2.71355313635640
  -2.03237798288504    0.73170109730268   -2.71679772061091
  -2.04012748171393    0.73449108855647   -2.72220209051829
  -2.04999671889107    0.73804423257440   -2.72949929219494
  -2.05243518853493    0.73892213566584   -2.73177114735740
  -2.06413437952427    0.74313410359530   -2.74042683270084
  -2.06721521149411    0.74424327135441   -2.74283062544615
  -2.07627982611824    0.74750673342837   -2.74936208846382
  -2.08422359787994    0.75036666724172   -2.75527664705703
  -2.08899855606376    0.75208575796800   -2.75903730172288
  -2.10077297404233    0.75632480928010   -2.76686293458312
  -2.10304711631765    0.75714355087850   -2.76849235845807
  -2.11311130404537    0.76076688141339   -2.77627993994438
  -2.11918148078991    0.76295227951464   -2.78115145311721
  -2.12509847405328    0.76508252816917   -2.78542399766983
  -2.13687893801297    0.76932375616840   -2.79363153312337
  -2.13773104912923    0.76963053504716   -2.79426566618165
  -2.14983260699497    0.77398736396579   -2.80426504098088
  -2.15347394191140    0.77529832520255   -2.80685220998210
  -2.16159498082465    0.77822207911747   -2.81285030732242
  -2.17228912034911    0.78207220625457   -2.82006017564686
  -2.17394359076529    0.78266785225604   -2.82143832751925
  -2.18606597967285    0.78703218081121   -2.83040408115830
  -2.18915736388935    0.78814514761287   -2.83274308092915
  -2.19789445271458    0.79129069314352   -2.83893419269216
  -2.20725652371788    0.79466124610356   -2.84589746600105
  -2.21055493752842    0.79584874814544   -2.84871356921914
  -2.22236839748984    0.80010185543626   -2.85652947998054
  -2.22480240997760    0.80097815385276   -2.85871943492381
  -2.23469990116494    0.80454146994028   -2.86595839468163
  -2.24235886631377    0.80729886706364   -2.87152042741328
  -2.24688889015647    0.80892977600107   -2.87481230137273
  -2.25885048627267    0.81323621558928   -2.88318955990927
  -2.26046516928153    0.81381753724270   -2.88464142577768
  -2.27117505901779    0.81767333480497   -2.89262943038289
  -2.27741042647181    0.81991820522111   -2.89721867281970
  -2.28357466138284    0.82213746634596   -2.90201743825189
  -2.29487460083871    0.82620569487872   -2.91019579611816
  -2.29569032755325    0.82649937456682   -2.91091800860912
  -2.30784330825824    0.83087471684676   -2.91980882795076
  -2.31234694090257    0.83249612436813   -2.92315764937036
  -2.31952187196531    0.83507925849765   -2.92855207698045
  -2.32921060897571    0.83856741845691   -2.93568348178647
  -2.33249577774428    0.83975015199026   -2.93758850462311
  -2.34400687399917    0.84389440164844   -2.94533914623935
  -2.34930950327012    0.84580346565563   -2.94942287884456
  -2.35616766334658    0.84827255521263   -2.95503913279886
  -2.36602854578546    0.85182269133970   -2.96236487786490
  -2.36830352234820    0.85264173330006   -2.96399841991072
  -2.38008160410318    0.85688210365283   -2.97477717579924
  -2.38087684503932    0.85716840800689   -2.97553949725065
  -2.39201250080980    0.86117749077351   -2.98800323735930
  -2.39274598243306    0.86144156040677   -2.98883611981698
  -2.40193230559214    0.86474884024954   -3.00089881053032
  -2.40497443918533    0.86584407573576   -3.00493805749576
  -2.41087887602541    0.86796980379975   -3.01394732760255
  -2.41676263964255    0.87008808904549   -3.02142608538016
  -2.42124316445461    0.87170117723533   -3.02714411611260
  -2.42912770332098    0.87453978589417   -3.03821787283257
  -2.43002770119524    0.87486380506664   -3.03971538221471
  -2.43900177425634    0.87809467017214   -3.05274765624021
  -2.44129846689132    0.87892153039958   -3.05599106116819
  -2.44811711699812    0.88137639549224   -3.06569196883599
  -2.45365480020421    0.88337008412326   -3.07360709171297
  -2.45744302712463    0.88473392973556   -3.07846802261596
  -2.46599209496259    0.88781178354555   -3.08961573034428
  -2.46741458843136    0.88832391270694   -3.09133077520499
  -2.47627304757540    0.89151315424108   -3.10445331989294
  -2.47783735692820    0.89207634026239   -3.10685748225277
  -2.48434996515175    0.89442102349730   -3.11702113309279
  -2.48999355096913    0.89645283941445   -3.12384194868758
  -2.49470789453604    0.89815010753585   -3.13018551605869
  -2.50269914536438    0.90102713486499   -3.14115626611857
  -2.50361042946791    0.90135521733003   -3.14268198904003
  -2.51304554278121    0.90475206713979   -3.15597331596793
  -2.51440289645708    0.90524074453268   -3.15770597828337
  -2.52232181507260    0.90809173066284   -3.16876463297917
  -2.52699280869272    0.90977339184305   -3.17427955947443
  -2.53209275355043    0.91160948497139   -3.18181049710237
  -2.53944295332431    0.91425571971967   -3.19352481586330
  -2.54012817856520    0.91450241598625   -3.19439296377853
  -2.55048020793167    0.91822937588767   -3.20731764203212
  -2.55121260358988    0.91849305454946   -3.20814632518196
  -2.55917451515607    0.92135951909428   -3.22084042673869
  -2.56299295183879    0.92273424089025   -3.22570061416572
  -2.56906293459544    0.92491956915155   -3.23377334556739
  -2.57540019424041    0.92720112301366   -3.24326288747852
  -2.57768285235104    0.92802293050143   -3.24649511074440
  -2.58752484925979    0.93156626741928   -3.25866437117308
  -2.58825660422493    0.93182971541737   -3.25949915686896
  -2.59623293183027    0.93470137005564   -3.27214036344143
  -2.60009816739914    0.93609294048737   -3.27771511969593
  -2.60584624553978    0.93816237595573   -3.28527397234501
  -2.61143728053776    0.94017527241373   -3.29289647722789
  -2.61525174435572    0.94154856389038   -3.29859185620279
  -2.62439088079695    0.94483885546939   -3.31003422206514
  -2.62516218501759    0.94511654207560   -3.31092378803394
  -2.63280685246451    0.94786879170953   -3.32384264156716
  -2.63656897223531    0.94922323816962   -3.32862082173808
  -2.64312234744064    0.95158259842109   -3.33700299447968
  -2.64829408417640    0.95344453821594   -3.34438920979757
  -2.65222086364348    0.95485826581441   -3.34996777182206
  -2.66077450259359    0.95793776532603   -3.36111919592127
  -2.66168965284044    0.95826723968831   -3.36264470841197
  -2.67054866195515    0.96145667922408   -3.37576986273732
  -2.67280282673568    0.96226822848181   -3.37902758351790
  -2.67984357520145    0.96480305390386   -3.38856185001027
  -2.68512536183272    0.96670461409904   -3.39506533941194
  -2.68958454119919    0.96831001745560   -3.40162423993335
  -2.69749804971382    0.97115905582958   -3.41267598222992
  -2.69892179524755    0.97167163576209   -3.41439509613112
  -2.70759949813959    0.97479580104121   -3.42765290478804
  -2.70896945259873    0.97528901499523   -3.42942786126404
  -2.71709381853936    0.97821396671371   -3.44032088572308
  -2.72152759963292    0.97981022612937   -3.44609583878155
  -2.72661504258707    0.98164181829547   -3.45353767689926
  -2.73365883004506    0.98417773782205   -3.46311874890418
  -2.73597402245631    0.98501125837878   -3.46631708315128
  -2.74544262498501    0.98842016504797   -3.47878077019992
  -2.74617503320185    0.98868384823114   -3.47961188022920
  -2.75422887648577    0.99158341023091   -3.49219712214154
  -2.75801744072298    0.99294737728473   -3.49706712362329
  -2.76359000615441    0.99495362428963   -3.50493910050697
  -2.77039411417822    0.99740325391025   -3.51387029478382
  -2.77346618784682    0.99850926848689   -3.51788505561646
  -2.78145094816406    1.00138395908826   -3.53108147135275
  -2.78233448873289    1.00170205326620   -3.53270221692276
  -2.79096446160494    1.00480903468075   -3.54376069223128
  -2.79489441087393    1.00622390347813   -3.54846607007146
  -2.80021786727821    1.00814046571471   -3.55662852163356
  -2.80659750031565    1.01043727493681   -3.56506351213987
  -2.80979638333443    1.01158894368873   -3.56980429970299
  -2.81908312369969    1.01493237595027   -3.58098837905490
  -2.82000949919928    1.01526589165221   -3.58249737775988
  -2.82814263494414    1.01819400069449   -3.59560135705477
  -2.83125035758656    1.01931284969145   -3.59959652059318
  -2.83798389957419    1.02173707397579   -3.60858700258950
  -2.84333444603711    1.02366338923361   -3.61665029919838
  -2.84655584662231    1.02482316480828   -3.62135801113802
  -2.85517174482321    1.02792507902942   -3.63411532106417
  -2.85586699453760    1.02817538432853   -3.63497523017521
  -2.86591191087545    1.03179177673615   -3.64758651131609
  -2.86749587581889    1.03236203920552   -3.64996334163637
  -2.87472820785284    1.03496583895629   -3.66016441461786
  -2.88004436937296    1.03687977487297   -3.66745884327143
  -2.88442996543073    1.03845868660829   -3.67326396875796
  -2.89239133632724    1.04132495650005   -3.68428701306064
  -2.89381083143501    1.04183600618505   -3.68600611315718
  -2.90248517491910    1.04495896200289   -3.69926637744141
  -2.90404699182563    1.04552125068832   -3.70170696959251
  -2.91056682044132    1.04786853342435   -3.71187780700106
  -2.91698652323732    1.05017976864721   -3.72140327200860
  -2.91859260657524    1.05075799422857   -3.72458724313003
  -2.92423757256151    1.05279030703710   -3.73781101831944
  -2.92886368867877    1.05445581132211   -3.74746943983079
  -2.93031702394630    1.05497904421430   -3.75075149782253
  -2.93562904918880    1.05689149097940   -3.76369591303916
  -2.93922066137001    1.05818455092996   -3.77669263708083
  -2.94059832436088    1.05868054012618   -3.78557595215209
  -2.94122249852392    1.05890525665226   -3.78963611030353
  -2.94239982636447    1.05932912075632   -3.80250901072117
  -2.94318834986234    1.05961300668379   -3.81543705486793
  -2.94362691971781    1.05977090154744   -3.82836190021745
  -2.94397534254570    1.05989634148412   -3.84129995195702
  -2.94474914167640    1.06017492631322   -3.85423183270116
  -2.94480700620304    1.06019575882469   -3.86715531118612
  -2.94553658524036    1.06045842344056   -3.88009553961420
  -2.94592893920004    1.06059967955790   -3.89300192864925
  -2.94598775736272    1.06062085539946   -3.90594990797949
  -2.94566507924752    1.06050468412968   -3.91887819629684
  -2.94066077515707    1.05870302379629   -3.92985234640469
  -2.93985945718270    1.05841453157384   -3.93143948038400
  -2.92953487316352    1.05469745260544   -3.94436961795412
  -2.92872977997913    1.05440760122375   -3.94511205371325
  -2.91694701861057    1.05016554610643   -3.95612579174700
  -2.91474170266069    1.04937158350989   -3.95783814231623
  -2.90428077799913    1.04560541888986   -3.96681072642179
  -2.89994533741088    1.04404456423466   -3.97030262656242
  -2.89262736279222    1.04140993125615   -3.97629354818754
  -2.88472978132599    1.03856662697243   -3.98311887860604
  -2.88011233118546    1.03690424263103   -3.98711348540739
  -2.86848399327695    1.03271778338028   -3.99593132386105
  -2.86766613473040    1.03242333618542   -3.99664512374943
  -2.85615501854510    1.02827907935186   -4.00614213249990
  -2.85224009100110    1.02686961870825   -4.00918332784981
  -2.84383369907316    1.02384313138659   -4.01561110787436
  -2.83572177436811    1.02092265878853   -4.02237496422504
  -2.83186203891359    1.01953306851981   -4.02552697593813
  -2.82111155322801    1.01566265551646   -4.03505959393889
  -2.81953890676900    1.01509646795223   -4.03664125043915
  -2.80738238957821    1.01071985245906   -4.04551752947890
  -2.80453361746275    1.00969423138837   -4.04814089233180
  -2.79555989808497    1.00646349361671   -4.05564526472911
  -2.78919172927331    1.00417081176985   -4.06082792072618
  -2.78306156117698    1.00196381545297   -4.06565223754964
  -2.77282698802323    0.99827914239014   -4.07421447398938
  -2.77129740038142    0.99772845695399   -4.07578276942928
  -2.75892095688480    0.99327266311867   -4.08601854010509
  -2.75809462540116    0.99297516547876   -4.08670672747208
  -2.74659974092561    0.98883675242028   -4.09551915862053
  -2.74210516834359    0.98721860672206   -4.09962991064884
  -2.73462600783928    0.98452594325395   -4.10541538478857
  -2.72558964940271    0.98127265403347   -4.11278522952231
  -2.72263353382369    0.98020838693791   -4.11536299677098
  -2.71218437430788    0.97644645803099   -4.12487090145599
  -2.70979163292380    0.97558501812609   -4.12665396770801
  -2.69798270664467    0.97133354306133   -4.13505766878326
  -2.69485094230528    0.97020603852088   -4.13817199632050
  -2.68600842468915    0.96702253628993   -4.14574965661373
  -2.67839860131227    0.96428283129311   -4.15137671657391
  -2.67367460782623    0.96258208898705   -4.15520952332166
  -2.66371967890588    0.95899809404323   -4.16398081014765
  -2.66152864243761    0.95820927237641   -4.16576864931969
  -2.64973853376107    0.95396457206545   -4.17506522353556
  -2.64673728916099    0.95288405752257   -4.17753547508728
  -2.63721617120720    0.94945624413696   -4.18510241145332
  -2.63254656028043    0.94777508075699   -4.18981172449348
  -2.62506897549929    0.94508298458413   -4.19550645095790
  -2.61727897258368    0.94227841096183   -4.20246655690073
  -2.61263544106269    0.94060663674567   -4.20654247752583
  -2.60113174349591    0.93646505077912   -4.21460370487906
  -2.59888999755697    0.93565797257949   -4.21628939255624
  -2.58846566960586    0.93190498358595   -4.22601879121945
  -2.58614436861118    0.93106926380386   -4.22838102466646
  -2.57663863693222    0.92764698981805   -4.23535065858821
  -2.56971041833427    0.92515267764130   -4.24168839138278
  -2.56448635489019    0.92327189907226   -4.24582664250917
  -2.55438584947977    0.91963549336704   -4.25438089040235
  -2.55219525036082    0.91884682915567   -4.25593988445445
  -2.53999392724510    0.91445408253693   -4.26498152277820
  -2.53703626916396    0.91338926010643   -4.26750246638568
  -2.52785459958915    0.91008365565710   -4.27539985012153
  -2.52171043804723    0.90787162138981   -4.28013654446547
  -2.51556468618042    0.90565901457033   -4.28497184282098
  -2.50512789610430    0.90190153893571   -4.29329914957317
  -2.50353659162130    0.90132863406951   -4.29489828061631
  -2.49138933953840    0.89695535422043   -4.30530852072394
  -2.49059300318923    0.89666865549341   -4.30606641924779
  -2.47960768353314    0.89271369705838   -4.31467723769634
  -2.47409256147034    0.89072813093875   -4.31922461034769
  -2.46708555741968    0.88820545425368   -4.32467633852735
  -2.45938404927786    0.88543274071037   -4.33179689554497
  -2.45493993702077    0.88383276184698   -4.33514492210113
  -2.44296994950822    0.87952330117018   -4.34427965795641
  -2.44216513366801    0.87923354963854   -4.34502216393743
  -2.43066069123540    0.87509169550379   -4.35363802613281
  -2.42529340478212    0.87315935347860   -4.35758398570096
  -2.41846430915973    0.87070072776893   -4.36237477179805
  -2.40654067778686    0.86640795632935   -4.36842231954352
  -2.40198300676567    0.86476709379520   -4.37084168605340
  -2.39439950621087    0.86203686559745   -4.37485898891028
  -2.38223216707976    0.85765635396603   -4.38051771079525
  -2.37615536248856    0.85546856969316   -4.38374355795454
  -2.37010728005100    0.85329112603189   -4.38694021465274
  -2.35793655766986    0.84890939635550   -4.39179016475234
  -2.34801811342679    0.84533853670375   -4.39652216127877
  -2.34576845532752    0.84452860995112   -4.39744909343508
  -2.33366449540127    0.84017091623749   -4.40385889969326
  -2.32197673266103    0.83596306273088   -4.40913494078909
  -2.32120271282339    0.83568439844239   -4.40991431002943
  -2.30945521791082    0.83145504003048   -4.41470389544662
  -2.29705034520567    0.82698901105030   -4.42134710393066
  -2.29479396900342    0.82617666563177   -4.42220752201617
  -2.28487238917526    0.82260467709992   -4.42701384265990
  -2.27299620538904    0.81832898784265   -4.43244398555663
  -2.26765880274321    0.81640740465015   -4.43563622607857
  -2.26084778276506    0.81395528657284   -4.43889650128023
  -2.24844499678332    0.80949000885931   -4.44393462913105
  -2.24156335521730    0.80701246544588   -4.44785460375629
  -2.23620538337022    0.80508347688527   -4.45036975598005
  -2.22424763115541    0.80077842118671   -4.45548916189936
  -2.21279345620796    0.79665466446019   -4.46098550802556
  -2.21189562060867    0.79633142375461   -4.46176860194992
  -2.20007835982738    0.79207694808443   -4.46711653016021
  -2.18777073717692    0.78764593127832   -4.47324504450452
  -2.18625169304609    0.78709904173970   -4.47405156022725
  -2.17550625077370    0.78323044447682   -4.47945826852572
  -2.16346510561661    0.77889536547163   -4.48534142884994
  -2.15974294207605    0.77755530413959   -4.48711550624090
  -2.15146372393876    0.77457460219985   -4.49130916090109
  -2.13918146834675    0.77015271809674   -4.49661224896333
  -2.13377195854246    0.76820517472981   -4.49960613029349
  -2.12689142892232    0.76572803164152   -4.50354238559853
  -2.11501126685478    0.76145091011484   -4.50743444606301
  -2.10568101454512    0.75809181258939   -4.51255161254164
  -2.10244975377310    0.75692848712903   -4.51433566071917
  -2.09059241803736    0.75265958358748   -4.51998585745540
  -2.07839392380087    0.74826785542793   -4.52485205689975
  -2.07756784043057    0.74797044711431   -4.52551633161864
  -2.06626392580867    0.74390078743373   -4.53128872040331
  -2.05465349738390    0.73972077599388   -4.53825727803454
  -2.05388155404988    0.73944285929270   -4.53904039163476
  -2.04224162610685    0.73525222737277   -4.54322673466613
  -2.02976945911248    0.73076197095768   -4.54825062132300
  -2.02307873287037    0.72835316129023   -4.55175950909003
  -2.01793562457552    0.72650152836831   -4.55450557948396
  -2.00550268610977    0.72202539509256   -4.55951170924272
  -1.99559003036745    0.71845661942931   -4.56425450375055
  -1.99322452062775    0.71760498351966   -4.56531979891968
  -1.98147831265401    0.71337608843424   -4.57145561112675
  -1.96988606528733    0.70920262257807   -4.57744536906961
  -1.96902443334844    0.70889241599226   -4.57807757873124
  -1.95657438758879    0.70441012371173   -4.58676829164454
  -1.95205658360954    0.70278361419585   -4.59004620030261
  -1.94875320616081    0.70159432513427   -4.60243758018648
      
      
