# shadow point cont 3D ind 122  size 1114
# norm  0.5750053 -0.8181497  0.0000000
# angle  0.9581858
   1.50980931398256    1.06111175819527   -4.60355552949535
   1.51125734273705    1.06212944984902   -4.59129736416014
   1.51168404277007    1.06242933965502   -4.59041939450876
   1.52149479429426    1.06932445131093   -4.58163490128946
   1.52584567764112    1.07238230334240   -4.57806494721039
   1.53262840990292    1.07714928741716   -4.57458170989822
   1.54335604714493    1.08468879714845   -4.56922144247898
   1.54864088824151    1.08840304568025   -4.56599347204960
   1.55412940371442    1.09226043896125   -4.56245574444976
   1.56434006868775    1.09943661449670   -4.55683026262678
   1.57170254234582    1.10461104764904   -4.55310614549815
   1.57517688636046    1.10705285751987   -4.55087627986471
   1.58546706643417    1.11428491720385   -4.54474346963145
   1.59490336813867    1.12091686111875   -4.54063285362368
   1.59662881194152    1.12212952333401   -4.53959324166718
   1.60675520995656    1.12924647505924   -4.53294529234951
   1.61721350992867    1.13659669138681   -4.52774837014256
   1.61794014504836    1.13710737910232   -4.52710255781117
   1.62776389640577    1.14401162719405   -4.52132873350719
   1.63849994242504    1.15155704671296   -4.51593828098486
   1.64053077917892    1.15298434268906   -4.51443206312368
   1.64903644208000    1.15896222269814   -4.50873938260007
   1.65948810787480    1.16630777644779   -4.50355592246542
   1.66409004447391    1.16954207166015   -4.50107483149385
   1.66993484397516    1.17364986555017   -4.49757420920570
   1.68062544495094    1.18116334575759   -4.49146084701141
   1.68658853932635    1.18535427867764   -4.48828261849125
   1.69120402519684    1.18859809647741   -4.48579314453387
   1.70175919471437    1.19601639386177   -4.47937374758609
   1.70912187626825    1.20119097312573   -4.47565007572983
   1.71247674801795    1.20354881648243   -4.47401442059221
   1.72291473224561    1.21088475466564   -4.46804397727368
   1.73275812592149    1.21780280761001   -4.46223469093168
   1.73346603667748    1.21830033562230   -4.46163634932793
   1.74418762294963    1.22583559266074   -4.45626554786509
   1.75462570121336    1.23317159693362   -4.45029524210690
   1.75594696381855    1.23410019584544   -4.44948837596954
   1.76531245665431    1.24068237445388   -4.44338934681444
   1.77564511405395    1.24794428770254   -4.43868154594220
   1.77967759665979    1.25077836394525   -4.43647012807200
   1.78645423051381    1.25554106198724   -4.43209585743698
   1.79704790207800    1.26298641906321   -4.42639131207746
   1.80097369268938    1.26574551091631   -4.42388581503138
   1.80747422735472    1.27031416319847   -4.41965500460040
   1.81804470108081    1.27774321656075   -4.41401095022725
   1.82339851732154    1.28150594163579   -4.41097882429089
   1.82875080511578    1.28526759250065   -4.40785976335149
   1.83907476293485    1.29252339158168   -4.40237866983514
   1.84716623359724    1.29821017240986   -4.39806950919055
   1.84997068711626    1.30018117535492   -4.39590900518790
   1.86032575498148    1.30745883894259   -4.38982405445149
   1.86965749020438    1.31401729230334   -4.38525036947798
   1.87103368623423    1.31498449907265   -4.38446608605017
   1.88146891307434    1.32231849933145   -4.37853131372526
   1.89180783444537    1.32958481497294   -4.37293543295740
   1.89256959971949    1.33012019257451   -4.37234462566241
   1.90272022243448    1.33725416970402   -4.36597703429989
   1.91347473777795    1.34481256968140   -4.36056823549149
   1.91477209084547    1.34572436468871   -4.35970882943188
   1.92375321923279    1.35203640743833   -4.35347119762210
   1.93202365993839    1.35784897051958   -4.34695338124193
   1.93500601082005    1.35994500182518   -4.34401661746027
   1.94488750997680    1.36688983575004   -4.33569959588384
   1.94760394906012    1.36879898111365   -4.33342337746688
   1.95575934543750    1.37453068968681   -4.32479437815243
   1.95965574176660    1.37726912289232   -4.32066896018185
   1.96601345238089    1.38173739675019   -4.31468874536569
   1.97342566413022    1.38694678641854   -4.30766892893213
   1.97689601777232    1.38938579180857   -4.30386021929237
   1.98608130034061    1.39584131651974   -4.29488992059779
   1.98730716222703    1.39670286668342   -4.29399318640860
   1.99802862274944    1.40423803534347   -4.28285989931793
   1.99924122550821    1.40509026683617   -4.28189422888379
   2.00815025082423    1.41135163469854   -4.27244153107277
   2.01231766948238    1.41428054558718   -4.26882143416083
   2.01935050025017    1.41922330183592   -4.26212914551142
   2.02466835250723    1.42296075099991   -4.25652802641196
   2.02972980267674    1.42651799775858   -4.25139214312368
   2.03822452721179    1.43248819015526   -4.24318381146285
   2.04025674860562    1.43391645927261   -4.24087910993062
   2.05086670302834    1.44137326013322   -4.23127635923680
   2.05157181428654    1.44186882062552   -4.23054547611596
   2.06159931018096    1.44891626277618   -4.21931045893425
   2.06346819873956    1.45022973965430   -4.21753945883786
   2.07183372255640    1.45610912826536   -4.20997593729907
   2.07717118761527    1.45986036153732   -4.20440485222282
   2.08240382400958    1.46353791998987   -4.19868661009287
   2.08970099507665    1.46866645771256   -4.19147133481164
   2.09298177159430    1.47097222606797   -4.18823734380068
   2.10217689075405    1.47743466405140   -4.17963243616074
   2.10434619669327    1.47895927780091   -4.17704325560936
   2.11427009807896    1.48593391251140   -4.16748430683952
   2.11567030066327    1.48691799136978   -4.16599899764618
   2.12467262615785    1.49324493169590   -4.15671421211676
   2.12919929156574    1.49642632542903   -4.15253118273398
   2.13508150064694    1.50056041121219   -4.14678435854165
   2.14186950338320    1.50533109943845   -4.13980485700753
   2.14581386157900    1.50810324080845   -4.13574613251165
   2.15568050541178    1.51503763423676   -4.12680762653519
   2.15639185266327    1.51553757745854   -4.12609359009093
   2.16694221705956    1.52295249774714   -4.11474268263678
   2.16763488587702    1.52343931354562   -4.11398467334578
   2.17735314227734    1.53026941853970   -4.10481358285248
   2.18136944085819    1.53309212045913   -4.10086173959547
   2.18840069981092    1.53803377201775   -4.09345382418789
   2.19417341746273    1.54209090593549   -4.08834442775424
   2.19865330924090    1.54523942661107   -4.08408949763090
   2.20689644079804    1.55103279650131   -4.07572732981891
   2.20948141414637    1.55284954619886   -4.07315630200450
   2.21961937293570    1.55997462297235   -4.06300914052024
   2.22032288870378    1.56046906213541   -4.06226506512964
   2.23049896936005    1.56762093140573   -4.05199402627465
   2.23357630469205    1.56978371890111   -4.04925897002338
   2.24107296595924    1.57505246068470   -4.04152308496249
   2.24519808379102    1.57795164205462   -4.03691800769743
   2.25163551170170    1.58247594216676   -4.03101386760427
   2.26037014479095    1.58861474511935   -4.02302904948775
   2.26176425004128    1.58959453869963   -4.02141416753669
   2.27073023038704    1.59589593522734   -4.01196105429459
   2.27334420127373    1.59773306473619   -4.00908617255878
   2.28319862528076    1.60465886992712   -4.00014847755640
   2.28584087253036    1.60651587239667   -3.99772737599718
   2.29407683997015    1.61230420726091   -3.98850400781988
   2.29789288300958    1.61498616722857   -3.98505633886924
   2.30450188621697    1.61963105247889   -3.97865108678734
   2.31077051066689    1.62403671553178   -3.97276903265650
   2.31559807204443    1.62742958249430   -3.96790836735925
   2.32409742898258    1.63340303059841   -3.95892637275974
   2.32542931072372    1.63433909276398   -3.95730712611328
   2.33516001117529    1.64117794358375   -3.94661736069322
   2.33648075232157    1.64210617600813   -3.94500296241283
   2.34589026421384    1.64871929172764   -3.93309678350918
   2.34655063990567    1.64918341153730   -3.93228958797867
   2.35390325412563    1.65435091536048   -3.92028988751935
   2.35633416887137    1.65605939085866   -3.90743256835651
   2.35737039653357    1.65678766385734   -3.89457662995427
   2.35710414759906    1.65660054097209   -3.88148486990819
   2.35643252204559    1.65612851462724   -3.86856259308188
   2.35616916222670    1.65594342224645   -3.85568227884919
   2.35515230709137    1.65522876448770   -3.84263503024046
   2.35441802537174    1.65471270265174   -3.82979632125489
   2.35188291720173    1.65293099878848   -3.81671061060230
   2.34867250446106    1.65067468292380   -3.80394269637817
   2.34681691424052    1.64937055227421   -3.79901529740392
   2.34368448383098    1.64716904330980   -3.79084672033961
   2.33872325806672    1.64368223544289   -3.77773538688075
   2.33665272597279    1.64222704111455   -3.77284704492395
   2.33340961623983    1.63994774541880   -3.76485058442086
   2.32824092802672    1.63631513050075   -3.75215051578828
   2.32582632803962    1.63461812120698   -3.74791829861028
   2.32057457535503    1.63092712760061   -3.73892827783651
   2.31512059379260    1.62709400515841   -3.72860085953696
   2.31379704510623    1.62616379956181   -3.72617687387358
   2.30605023176854    1.62071924795849   -3.71260737606665
   2.30508811616724    1.62004306178859   -3.71100777595360
   2.29807896406806    1.61511694718688   -3.70011407527544
   2.29398697509547    1.61224104916915   -3.69299022641033
   2.29059928308992    1.60986013935032   -3.68738349641942
   2.28372675812499    1.60503004790682   -3.67470451204084
   2.28313527753607    1.60461434838647   -3.67383733411386
   2.27491775488673    1.59883897673808   -3.66136929075627
   2.27288906181056    1.59741318736392   -3.65742019172980
   2.26745857822835    1.59359657957881   -3.64856186623920
   2.26198849715906    1.58975214221368   -3.64066998294910
   2.25880318671309    1.58751346853719   -3.63574100986538
   2.25239461586674    1.58300944950955   -3.62269506891155
   2.25165667164568    1.58249081362447   -3.62105921424470
   2.24429538477023    1.57731721455693   -3.60980138176222
   2.24091347376799    1.57494036769526   -3.60423733546922
   2.23588571540996    1.57140679993829   -3.59672244124072
   2.23033941761900    1.56750879656399   -3.58725700015991
   2.22828323127096    1.56606368459473   -3.58406774616390
   2.22065238311767    1.56070063468805   -3.57094577366632
   2.22007995627746    1.56029832636658   -3.57006952738128
   2.21273719495853    1.55513774727822   -3.55790388769635
   2.20917538159775    1.55263446292131   -3.55170354094107
   2.20523273275380    1.54986352290391   -3.54522945688844
   2.19856665481504    1.54517852486055   -3.53396094234963
   2.19735837470282    1.54432933137472   -3.53224203471845
   2.18984073440091    1.53904584527859   -3.51902604262262
   2.18856405058828    1.53814857686692   -3.51656707140950
   2.18165170540841    1.53329049930763   -3.50610759211645
   2.17743690317624    1.53032828668541   -3.49917671940386
   2.17369336792376    1.52769728604391   -3.49336287732630
   2.16701192851249    1.52300149177685   -3.48129240874580
   2.16642063036500    1.52258592047848   -3.48042542946231
   2.15895317485266    1.51733770484319   -3.46763973588394
   2.15637829861018    1.51552805151049   -3.46355464170918
   2.15055877700813    1.51143802322558   -3.45452211129310
   2.14566148088940    1.50799614586609   -3.44589530726420
   2.14306886483375    1.50617402478387   -3.44180759993098
   2.13548851547771    1.50084646602633   -3.42940297402343
   2.13493350908704    1.50045640100185   -3.42850554108472
   2.12784465593627    1.49547427156290   -3.41597667461104
   2.12455469559111    1.49316204870541   -3.41108674639626
   2.11988988129419    1.48988356230688   -3.40307557906622
   2.11389363727937    1.48566933143003   -3.39260616798355
   2.11204671293069    1.48437129125719   -3.38998798475219
   2.10425017649656    1.47889179367638   -3.37702805947262
   2.10365897181304    1.47847628806559   -3.37616117950409
   2.09679622615460    1.47365306963381   -3.36422867222682
   2.09287687896706    1.47089850629483   -3.35774927801342
   2.08839910711437    1.46775147552783   -3.35109812849573
   2.08262030669512    1.46369006656953   -3.34055776186186
   2.08134104436495    1.46279098594539   -3.33810147816048
   2.07300445633027    1.45693193374263   -3.32543410456081
   2.07163085932954    1.45596655360158   -3.32310419711644
   2.06588274513941    1.45192671128632   -3.31244034991842
   2.06117111225101    1.44861532023059   -3.30439523624801
   2.05797068921692    1.44636602524928   -3.29945177682853
   2.05064429728408    1.44121695075816   -3.28738506725981
   2.05003595395834    1.44078939990787   -3.28652874379153
   2.04274579457655    1.43566579008014   -3.27365382863030
   2.04001167764887    1.43374422051941   -3.26885779903148
   2.03482782205315    1.43010094578633   -3.26068384497206
   2.02944565478225    1.42631829527356   -3.25187919823272
   2.02675180354402    1.42442502491336   -3.24783537588865
   2.01959219422144    1.41939316720397   -3.23491015024342
   2.01902006406896    1.41899106739813   -3.23403422174078
   2.01084689874874    1.41324687060278   -3.22206410524257
   2.00817405636438    1.41136836551239   -3.21727757435446
   2.00372357738532    1.40824051649824   -3.20906528498759
   1.99807064245071    1.40426756728414   -3.20064658737185
   1.99534912996658    1.40235485627471   -3.19605034972954
   1.98788515852938    1.39710908928845   -3.18315146733558
   1.98727690245536    1.39668159975970   -3.18229523326212
   1.98040139589055    1.39184941281271   -3.17042432988825
   1.97650253802536    1.38910924961066   -3.16391100626237
   1.97249812476095    1.38629490083153   -3.15746321094900
   1.96609683289647    1.38179599755802   -3.14602655918226
   1.96495271928176    1.38099190104197   -3.14427485394011
   1.95747060292012    1.37573338158922   -3.13147611026280
   1.95543999078574    1.37430624347836   -3.12825890926003
   1.94888951207517    1.36970248993331   -3.11851878557201
   1.94458909176244    1.36668010391624   -3.10995753164219
   1.94205807756174    1.36490127734281   -3.10581960187189
   1.93444265440450    1.35954906830493   -3.09422221172387
   1.93367589623465    1.35901018163746   -3.09270436076161
   1.92618606456881    1.35374623977810   -3.07998585893642
   1.92338568160784    1.35177809766914   -3.07529304232001
   1.91823885225815    1.34816084541762   -3.06708036491483
   1.91298907421904    1.34447123961534   -3.05736287770492
   1.91111940648450    1.34315721512319   -3.05407652893233
   1.90326856894603    1.33763955408706   -3.04102397410925
   1.90247711257338    1.33708330923193   -3.03948736223316
   1.89513351618997    1.33192214325044   -3.02828898468230
   1.89208484256869    1.32977949954273   -3.02401720242777
   1.88545857335393    1.32512247953919   -3.01505914003984
   1.88138678004712    1.32226077527311   -3.00877515749361
   1.87659496968432    1.31889303454458   -3.00246777780951
   1.87067868316478    1.31473499873662   -2.99676203611945
   1.86339411099890    1.30961531566999   -2.98951995592290
   1.86009722719250    1.30729822692244   -2.98627716353888
   1.84958674247887    1.29991133454425   -2.97806179012370
   1.84759121896330    1.29850885712773   -2.97648237366612
   1.83872297009507    1.29227614743284   -2.96894598302771
   1.83296912803025    1.28823227949983   -2.96371314720393
   1.82856872403046    1.28513962377056   -2.96009817315799
   1.81774791726919    1.27753463340443   -2.95165377110506
   1.81702549870349    1.27702690913269   -2.95098035943670
   1.80724789678785    1.27015509541188   -2.94263521381910
   1.80154512246817    1.26614711849128   -2.93744638296546
   1.79674816800880    1.26277576243113   -2.93357033578076
   1.78657657844538    1.25562704955374   -2.92522260222236
   1.78586025399121    1.25512360829531   -2.92452392104262
   1.77554706692660    1.24787537902731   -2.91595408244993
   1.76973233339072    1.24378871585166   -2.91164509931780
   1.76528612146959    1.24066386577606   -2.90817887377812
   1.75620866076978    1.23428411954326   -2.89931316259199
   1.75422662292475    1.23289112001473   -2.89769774333721
   1.74372504327925    1.22551048622326   -2.88950222978223
   1.73982856423409    1.22277199488393   -2.88613635928066
   1.73316538488667    1.21808903400467   -2.88060186090163
   1.72519765523276    1.21248921981385   -2.87336745066873
   1.72271778412113    1.21074633720543   -2.87147903086041
   1.71201391425015    1.20322353146228   -2.86284948959672
   1.70874267748911    1.20092446776011   -2.86035788193209
   1.70156451968365    1.19587957395861   -2.85454442750197
   1.69415860872010    1.19067461255667   -2.84750741411907
   1.69097420472616    1.18843657594535   -2.84489048907153
   1.68058327707535    1.18113370967825   -2.83649266971757
   1.67798251356957    1.17930586247218   -2.83412567482628
   1.66965609294799    1.17345395604703   -2.82754892932974
   1.66253797753214    1.16845126074372   -2.82151387109497
   1.65940374076269    1.16624848224830   -2.81883323695449
   1.64874376631533    1.15875652672557   -2.81006371769100
   1.64674645426309    1.15735279230442   -2.80848372322700
   1.63814870118449    1.15131019023456   -2.80123591579094
   1.63163126157201    1.14672965695656   -2.79544881508434
   1.62757039232625    1.14387563024917   -2.79156231038708
   1.61703639739995    1.13647221461678   -2.78341383876256
   1.61575234753028    1.13556976925352   -2.78253351571887
   1.60633101768126    1.12894834773489   -2.77480527896887
   1.60038440236798    1.12476899649368   -2.76993611843670
   1.59581057649401    1.12155445782985   -2.76579845510861
   1.58574978915301    1.11448361805865   -2.75723682510355
   1.58503365370160    1.11398030963359   -2.75653829203818
   1.57487457208273    1.10684038748686   -2.74851202677748
   1.56955261906961    1.10310005626325   -2.74372487546241
   1.56402464836885    1.09921493338369   -2.73850661095058
   1.55538711271199    1.09314437164954   -2.73133214831306
   1.55340555929099    1.09175171257992   -2.72971709398640
   1.54305711883132    1.08447870681088   -2.72204127988086
   1.53900295136581    1.08162939019354   -2.71815313297711
   1.53245811296320    1.07702960072332   -2.71241240444797
   1.52387491289589    1.07099722668111   -2.70513919024821
   1.52190436697404    1.06961230381146   -2.70350418214645
   1.51148160585741    1.06228706460986   -2.69517111160233
   1.50811602856314    1.05992169727043   -2.69206696546404
   1.50065871208177    1.05468060746546   -2.68596945226733
   1.49290636521756    1.04923216683456   -2.67918632870579
   1.49030163167498    1.04740152943989   -2.67670488625611
   1.47967548325909    1.03993334725025   -2.66869209041565
   1.47695439481466    1.03802093426092   -2.66642139965527
   1.46918710276219    1.03256198997579   -2.65970334378183
   1.46189516231254    1.02743712839259   -2.65327739799832
   1.45865151288780    1.02515745339510   -2.65073957620438
   1.44795005994094    1.01763634629467   -2.64210315132234
   1.44595726058652    1.01623578345067   -2.64050916160324
   1.43707555643802    1.00999361722643   -2.63219376061765
   1.43184967625901    1.00632080712153   -2.62800902766910
   1.42688159671572    1.00282918233804   -2.62424693961897
   1.41624987323610    0.99535708192799   -2.61545878126904
   1.41553387808754    0.99485387210944   -2.61476035950033
   1.40551271526272    0.98781088091464   -2.60608381532455
   1.40028016921551    0.98413338595910   -2.60195349850957
   1.39516936400765    0.98054145189850   -2.59762019809632
   1.38538880241932    0.97366755808488   -2.58853131137779
   1.38469161091353    0.97317756368780   -2.58778259087029
   1.37401082669400    0.96567098281223   -2.57987878463588
   1.36992212370436    0.96279739422201   -2.57604075372699
   1.36353882137929    0.95831113420857   -2.57084099286668
   1.35472924673958    0.95211966145216   -2.56317853324698
   1.35258741302606    0.95061435550626   -2.56106285603644
   1.34238538447998    0.94344424975354   -2.55312593797476
   1.33899613406216    0.94106224466422   -2.55004128964639
   1.33147773964513    0.93577822856710   -2.54415498440105
   1.32369416781414    0.93030784266199   -2.53728662701141
   1.32125332524039    0.92859238976941   -2.53536423932695
   1.31044176250683    0.92099389621476   -2.52613326463884
   1.30842929142729    0.91957950785078   -2.52451392677255
   1.30000479637766    0.91365867356314   -2.51780268270949
   1.29216473264679    0.90814858448581   -2.51119556323442
   1.28947075417915    0.90625522470729   -2.50886806884827
   1.27886376741770    0.89880050955395   -2.50005745986655
   1.27689306645349    0.89741547771871   -2.49842733742002
   1.26829607915381    0.89137341384729   -2.49118065673674
   1.26230925646845    0.88716580439169   -2.48558601000520
   1.25787576665560    0.88404989556354   -2.48204865666459
   1.24708696240921    0.87646739694158   -2.47362091103131
   1.24636503436507    0.87596001741416   -2.47294788285528
   1.23658950771812    0.86908966221661   -2.46455558961725
   1.23128840668028    0.86536398600669   -2.45973549666098
   1.22592151781136    0.86159207333467   -2.45509227561572
   1.21620820846738    0.85476544519002   -2.44664455127181
   1.21551357917376    0.85427725154582   -2.44589088668324
   1.20494061711804    0.84684644935618   -2.43784948777865
   1.20082181311580    0.84395170541997   -2.43407075514668
   1.19420298976113    0.83929991845455   -2.42847482142269
   1.18581776892857    0.83340668654898   -2.42083529201443
   1.18386942097906    0.83203736467559   -2.41916968942925
   1.17352339840466    0.82476605822479   -2.41151703732922
   1.16938595457989    0.82185821400189   -2.40778328121197
   1.16244481284695    0.81697989788613   -2.40207741668072
   1.15402347659763    0.81106128364054   -2.39516638271069
   1.15208308144550    0.80969755108676   -2.39345147646993
   1.14155570867199    0.80229878958130   -2.38457297748608
   1.13938940461078    0.80077628558700   -2.38243334745443
   1.13096999065412    0.79485902235132   -2.37572575364636
   1.12258201862030    0.78896385686911   -2.36892538647850
   1.12044098019727    0.78745910986273   -2.36679427661871
   1.10995488021212    0.78008935535876   -2.35776465336097
   1.10801371840078    0.77872508398787   -2.35608566055919
   1.09931394015267    0.77261077742791   -2.34903642463464
   1.09265807174940    0.76793295476627   -2.34346160858911
   1.08878404423667    0.76521024262822   -2.34007139306117
   1.07856266229649    0.75802653508231   -2.33110127567292
   1.07788159695416    0.75754787434274   -2.33033972437072
   1.06784140058249    0.75049150614716   -2.32283458575152
   1.06119395935099    0.74581960620103   -2.31721449540337
   1.05704754752184    0.74290545915910   -2.31354177447417
   1.04669626955612    0.73563045915741   -2.30509069731679
   1.04599414173477    0.73513699545965   -2.30435363445529
   1.03609517810013    0.72817988729414   -2.29703951296280
   1.02995631426014    0.72386542152536   -2.29177971977089
   1.02515193332194    0.72048884604847   -2.28723665487168
   1.01711934032576    0.71484344513717   -2.27929064711518
   1.01448936541933    0.71299506781487   -2.27685243338655
   1.00435107996181    0.70586976145512   -2.26972765998825
   0.99968928675856    0.70259339831679   -2.26576547941254
   0.99353827686201    0.69827039615648   -2.26054810909481
   0.98510152436749    0.69234094719229   -2.25293591628515
   0.98319310015541    0.69099968419152   -2.25121884935354
   0.97257906581349    0.68354001591567   -2.24327028671026
   0.96914116666999    0.68112381992928   -2.24020392437450
   0.96207919015344    0.67616057970523   -2.23424987690316
   0.95356829081126    0.67017901946370   -2.22686595313320
   0.95157938408966    0.66878119240786   -2.22524940204451
   0.94082074637428    0.66121989517898   -2.21592566484921
   0.93885262377056    0.65983667544584   -2.21429734069990
   0.93040962691084    0.65390283786829   -2.20758479987320
   0.92254572482514    0.64837599491458   -2.20102661429201
   0.91993214375134    0.64653913937082   -2.19857988302315
   0.90899611879317    0.63885317229964   -2.18973633724755
   0.90767599808464    0.63792537592622   -2.18892880792875
   0.89864448993090    0.63157792568372   -2.18106163604675
   0.89271049624411    0.62740744507018   -2.17541555187097
   0.88804675688149    0.62412971414813   -2.17149254595484
   0.87748465485112    0.61670654451215   -2.16342173805105
   0.87676899168378    0.61620356801390   -2.16272359797088
   0.86674539435864    0.60915886582362   -2.15404664714084
   0.86156498708881    0.60551801461456   -2.14978280689834
   0.85644217975083    0.60191764531564   -2.14548907714806
   0.84691103484663    0.59521904448357   -2.13727457077739
   0.84555168577865    0.59426367795736   -2.13574614022030
   0.83545006086462    0.58716413705912   -2.12833184594264
   0.83069265384601    0.58382057540587   -2.12372037281667
   0.82454593587010    0.57950058965790   -2.11850587026011
   0.81609907508797    0.57356403647019   -2.11088562310749
   0.81419425412071    0.57222530587230   -2.10917214391535
   0.80359114388666    0.56477331518805   -2.10123117095334
   0.79956625096098    0.56194457306190   -2.09808178449719
   0.79304117079812    0.55735866991515   -2.09226087873533
   0.78457351058661    0.55140749864364   -2.08482282408280
   0.78259140913514    0.55001445441176   -2.08321110923805
   0.77186896003046    0.54247859096446   -2.07464970222206
   0.76968974143226    0.54094701048154   -2.07250066579027
   0.76112894498625    0.53493038196809   -2.06527426339829
   0.75398080184074    0.52990658282292   -2.05938237317743
   0.75063325664228    0.52755388865268   -2.05619081667548
   0.74008400650754    0.52013975148023   -2.04827698214819
   0.73796752827566    0.51865226566528   -2.04657008320167
   0.72968934055742    0.51283425789237   -2.03897538062320
   0.72365674613250    0.50859447951942   -2.03352238909928
   0.71895584946303    0.50529063400472   -2.02972220634546
   0.70893242110720    0.49824605056807   -2.02096063478769
   0.70825600165514    0.49777065501486   -2.02018293979222
   0.69791397638451    0.49050215791620   -2.01254087134249
   0.69197338195683    0.48632703822426   -2.00769902579723
   0.68732111921240    0.48305737320457   -2.00369273727918
   0.67856438337441    0.47690303617999   -1.99509956931193
   0.67659669337608    0.47552012048701   -1.99346470529948
   0.66637110896688    0.46833345939642   -1.98565005307013
   0.66167433089214    0.46503250847858   -1.98180822242936
   0.65553588539348    0.46071833672500   -1.97660637363816
   0.64696889905965    0.45469735788554   -1.96905281190285
   0.64510975336039    0.45339072840364   -1.96735171471675
   0.63457724302070    0.44598835615620   -1.95925444373434
   0.63114722152582    0.44357769667399   -1.95624065570506
   0.62396520148810    0.43853008845020   -1.95042553652074
   0.61594321312182    0.43289214059763   -1.94334773412884
   0.61329517342578    0.43103106712853   -1.94096597966764
   0.60300624785942    0.42379988912708   -1.93319844856474
   0.59962754575881    0.42142529751926   -1.93008427889207
   0.59217752251254    0.41618933348577   -1.92320723826375
   0.58455069671002    0.41082911053455   -1.91699520705629
   0.58205015262780    0.40907169871906   -1.91514903250810
   0.57108362224036    0.40136429207311   -1.90544825945654
   0.56978357283632    0.40045060204875   -1.90460199830455
   0.56060683416890    0.39400108209169   -1.89716398161981
   0.55344942871734    0.38897077328880   -1.89133015300963
   0.55006460328387    0.38659187813056   -1.88827303290368
   0.53964318830775    0.37926758501236   -1.87994193592868
   0.53822701489441    0.37827228166735   -1.87849953239059
   0.52890983592268    0.37172405861126   -1.87054782409468
   0.52356942694002    0.36797075631501   -1.86585343319001
   0.51834942753912    0.36430207929019   -1.86167187560919
   0.50901083171372    0.35773880421725   -1.85294728710788
   0.50773358191560    0.35684113802432   -1.85206877256954
   0.49744163092295    0.34960783371765   -1.84438425317205
   0.49321896995853    0.34664009788590   -1.84014541964973
   0.48651588674496    0.34192909209980   -1.83449922070386
   0.47737663324201    0.33550591715757   -1.82700744151649
   0.47614808334552    0.33464247782876   -1.82605787067559
   0.46548525876084    0.32714851919598   -1.81676856087455
   0.46275500211242    0.32522966268496   -1.81432782774498
   0.45486062326900    0.31968140030718   -1.80776620033971
   0.44587063654860    0.31336313181679   -1.80095494875823
   0.44446294340152    0.31237378850272   -1.79951597692207
   0.43382552626310    0.30489768652225   -1.79082752777221
   0.43107124126195    0.30296194260209   -1.78827691998835
   0.42324424688479    0.29746103882039   -1.78114009370188
   0.41542304267196    0.29196420443434   -1.77531020609776
   0.41287884679570    0.29017611362416   -1.77347949846320
   0.40211707208489    0.28261261167797   -1.76338035824303
   0.40144028651998    0.28213695881634   -1.76260356485542
   0.39178327641258    0.27534989843787   -1.75489673141221
   0.38572364676558    0.27109111939260   -1.74949137259348
   0.38106835735215    0.26781932719432   -1.74562664442620
   0.37052779428535    0.26041129539547   -1.73739983208929
   0.36982791909571    0.25991941487379   -1.73666414057498
   0.35998400264787    0.25300099451914   -1.72851342946030
   0.35526091311799    0.24968155160092   -1.72386251422937
   0.34931408362481    0.24550204983155   -1.71898207292349
   0.34008148634500    0.23901327178419   -1.71088262864048
   0.33879196109266    0.23810697825753   -1.71002475664723
   0.32859636481496    0.23094139317874   -1.70215776854308
   0.32378652094043    0.22756097828590   -1.69766785881757
   0.31770534877655    0.22328705890618   -1.69235460695047
   0.30846823977514    0.21679510996776   -1.68496876318700
   0.30710839538945    0.21583939532645   -1.68342374574257
   0.29665897116313    0.20849541697750   -1.67523916949105
   0.29327164735480    0.20611476593200   -1.67213609893775
   0.28603995896229    0.20103225020381   -1.66640502217989
   0.27753966403776    0.19505814287183   -1.65897161945047
   0.27563900466878    0.19372233709420   -1.65739720282859
   0.26508429101689    0.18630436009757   -1.64918181456055
   0.26169983991230    0.18392572802208   -1.64606228437414
   0.25438764154251    0.17878662893415   -1.63976378933486
   0.24653348488517    0.17326663518220   -1.63314588622834
   0.24388358819215    0.17140425659378   -1.63069747641512
   0.23330254994006    0.16396777835826   -1.62199099350469
   0.23129011605100    0.16255341613219   -1.62039810618675
   0.22284244131938    0.15661629089120   -1.61368609864782
   0.21609416828900    0.15187352516991   -1.60748762291979
   0.21209333331043    0.14906169125217   -1.60356211064263
   0.20158437790090    0.14167587368691   -1.59538054646814
   0.20090334997620    0.14119723924490   -1.59461140686388
   0.19118277674403    0.13436550595412   -1.58704300231552
   0.18514173850777    0.13011979317117   -1.58151739301191
   0.18050600914240    0.12686174800490   -1.57761849447018
   0.17054591071704    0.11986167358885   -1.56874825611905
   0.16986881903483    0.11938580558437   -1.56797018583804
   0.15964289391504    0.11219890503837   -1.56016080833800
   0.15483430106100    0.10881936937744   -1.55567217044487
   0.14885181601254    0.10461480846412   -1.55110621354365
   0.13827505420985    0.09718133576758   -1.54372160569512
   0.13759055416244    0.09670026107684   -1.54296309111920
   0.12773266162895    0.08977201816469   -1.53564722145252
   0.12045033196920    0.08465391115776   -1.53012846387949
   0.11707806835394    0.08228384459323   -1.52768714540728
   0.10658213041145    0.07490717585705   -1.52043277030091
   0.10194429204102    0.07164764845720   -1.51716159026440
   0.09604355485925    0.06750054090685   -1.51305120752869
   0.08546744210884    0.06006752437189   -1.50509609543895
   0.08478877897293    0.05959055193128   -1.50433030962756
   0.07506685934873    0.05275787238033   -1.49825665420097
   0.06634770826339    0.04662995036233   -1.49138209254411
   0.06435151092065    0.04522699937213   -1.48980630225405
   0.05379540247549    0.03780804209838   -1.48249445802742
   0.04785335220704    0.03363189922442   -1.47841513336486
   0.04322984526294    0.03038244411969   -1.47511853623592
   0.03273574567604    0.02300706740145   -1.46784456550666
   0.02938394889817    0.02065138517116   -1.46533682049125
   0.02216491659870    0.01557776429413   -1.45977706532797
   0.01229510642758    0.00864114552595   -1.45239544476588
   0.01159014285771    0.00814568883076   -1.45167455963672
   0.00110692296023    0.00077795848630   -1.44441850962083
  -0.00609884502675   -0.00428634007577   -1.43930960419172
  -0.00937420707227   -0.00658830307644   -1.43690581716145
  -0.02010112164735   -0.01412730490889   -1.42850560264821
  -0.02223772143839   -0.01562893239246   -1.42679017483013
  -0.03054428977960   -0.02146688640128   -1.42163197912276
  -0.04053878384211   -0.02849113447600   -1.41393492160634
  -0.04121492177069   -0.02896633217119   -1.41316816079227
  -0.05174907390562   -0.03636985829166   -1.40650972076194
  -0.05957272528719   -0.04186841257671   -1.40059216764916
  -0.06211525191450   -0.04365533021907   -1.39892036727700
  -0.07275010899664   -0.05112963296186   -1.39273495073997
  -0.08316177919243   -0.05844707733373   -1.38928661134711
  -0.09374141431934   -0.06588256943635   -1.39242683051590
  -0.10439685486901   -0.07337133848241   -1.39792827269072
  -0.10708991808856   -0.07526405501380   -1.39948307936374
  -0.11531913200189   -0.08104764342015   -1.40537834013552
  -0.12500460435966   -0.08785470740321   -1.41229838290868
  -0.12575556092924   -0.08838248852000   -1.41292010894347
  -0.13612736013958   -0.09567191109397   -1.41965108046271
  -0.14364607503869   -0.10095615242966   -1.42475417985103
  -0.14710323917483   -0.10338588807965   -1.42710719103516
  -0.15709967429348   -0.11041150035148   -1.43459480448285
  -0.16241488313887   -0.11414709169462   -1.43842053327505
  -0.16785241432912   -0.11796865262162   -1.44219442353312
  -0.17832288834660   -0.12532742501157   -1.44969785622947
  -0.18032125860536   -0.12673190315273   -1.45127506205836
  -0.18915642678374   -0.13294136334938   -1.45708073625981
  -0.19890740297499   -0.13979446419767   -1.46394444733845
  -0.19965445325630   -0.14031949992909   -1.46457415879123
  -0.21009421593868   -0.14765668803122   -1.47203805117589
  -0.21668069131922   -0.15228574045965   -1.47699826683503
  -0.22051843598158   -0.15498295258336   -1.47959596727695
  -0.23133549136477   -0.16258530643683   -1.48698963746845
  -0.23526811517485   -0.16534920074242   -1.48970434485055
  -0.24157655127979   -0.16978284389509   -1.49427700948849
  -0.25222896356803   -0.17726948464336   -1.50119279126526
  -0.25429357360227   -0.17872051687845   -1.50257031217819
  -0.26298031156401   -0.18482565857164   -1.50907323962032
  -0.27218806862613   -0.19129697862162   -1.51543381280987
  -0.27349381410867   -0.19221467191699   -1.51627286820614
  -0.28400742245322   -0.19960375961976   -1.52366944867857
  -0.29072266664978   -0.20432331228785   -1.52815603660895
  -0.29499747301527   -0.20732769652129   -1.53117829842775
  -0.30502856777306   -0.21437766799550   -1.53843692599149
  -0.30845635267421   -0.21678675557331   -1.54139078734039
  -0.31608722803388   -0.22214982460095   -1.54695604628144
  -0.32607512789506   -0.22916943819335   -1.55391526320670
  -0.32734414529840   -0.23006131856233   -1.55481501488642
  -0.33685475473361   -0.23674548682507   -1.56315668679002
  -0.34101336610759   -0.23966820785071   -1.56704638735686
  -0.34759583324342   -0.24429444323758   -1.57244486712212
  -0.35672593415143   -0.25071118562834   -1.58004817153804
  -0.35818442629462   -0.25173623107483   -1.58142514632260
  -0.36874193861666   -0.25915617500978   -1.59018033323299
  -0.37148380882100   -0.26108319366460   -1.59229153824961
  -0.37975762658784   -0.26689813018424   -1.59933711070693
  -0.38819361017258   -0.27282703874958   -1.60623538894050
  -0.38943417794861   -0.27369892438559   -1.60717110567178
  -0.40041485674971   -0.28141627470321   -1.61681615656665
  -0.40247800630434   -0.28286628049604   -1.61845199206612
  -0.41077109240477   -0.28869475902733   -1.62622443822627
  -0.41792456399477   -0.29372230306602   -1.63192956271096
  -0.42136442838534   -0.29613988025118   -1.63493536248982
  -0.43194032311680   -0.30357274355985   -1.64379825173578
  -0.43265470387664   -0.30407481876701   -1.64450860650514
  -0.44241493108087   -0.31093442133613   -1.65287587035381
  -0.44829829927097   -0.31506932175467   -1.65773371926314
  -0.45310783945175   -0.31844952320798   -1.66232329795084
  -0.46294328355709   -0.32536198910059   -1.67043512279131
  -0.46365415191148   -0.32586159574785   -1.67114893716420
  -0.47402471659477   -0.33315015068168   -1.67957166577521
  -0.47812301465748   -0.33603048280220   -1.68334431312427
  -0.48496460820775   -0.34083883528338   -1.68940322255800
  -0.49442803320163   -0.34748984176532   -1.69661578578106
  -0.49513565112623   -0.34798716397227   -1.69733878977195
  -0.50599487680365   -0.35561915560492   -1.70641071159643
  -0.50924253305223   -0.35790164664537   -1.70909643846545
  -0.51666825534585   -0.36312053168328   -1.71602190030290
  -0.52377924537446   -0.36811821918056   -1.72185923158809
  -0.52702511179489   -0.37039945230871   -1.72444761375359
  -0.53753832529818   -0.37778826251239   -1.73335582214668
  -0.53950867634183   -0.37917304841934   -1.73498662231058
  -0.54810194236967   -0.38521249693711   -1.74222837284875
  -0.55464059704084   -0.38980794040808   -1.74802838488613
  -0.55867854576546   -0.39264585830341   -1.75189840173399
  -0.56927780137799   -0.40009513991428   -1.75974345110970
  -0.57003478658697   -0.40062715802981   -1.76034015987515
  -0.57973829233964   -0.40744689609508   -1.76981941099287
  -0.58431460588065   -0.41066318312059   -1.77378065676204
  -0.59038906824607   -0.41493238677497   -1.77831581931715
  -0.59975213541068   -0.42151286059317   -1.78635156319634
  -0.60120618857004   -0.42253478626957   -1.78774248725558
  -0.61145990090815   -0.42974121599971   -1.79629141586163
  -0.61537206799081   -0.43249073307646   -1.79965820007718
  -0.62198339219507   -0.43713724955070   -1.80520050890868
  -0.63014577229190   -0.44287386636409   -1.81200800560145
  -0.63289042628635   -0.44480284149937   -1.81423042337995
  -0.64314128965370   -0.45200726893932   -1.82291881405652
  -0.64582615508843   -0.45389422397105   -1.82530461351233
  -0.65386075832341   -0.45954103770184   -1.83229721676677
  -0.66045627698205   -0.46417644585256   -1.83801638722304
  -0.66455635331999   -0.46705802776585   -1.84189937044561
  -0.67487721987721   -0.47431165427167   -1.84933228550933
  -0.67701972726534   -0.47581743368402   -1.85103279437264
  -0.68544164161759   -0.48173645422716   -1.85918460789503
  -0.69135111556508   -0.48588970207929   -1.86395499408183
  -0.69609709787030   -0.48922523430950   -1.86781426092746
  -0.70629390022303   -0.49639166703201   -1.87655755796805
  -0.70698623286492   -0.49687824656234   -1.87731533253091
  -0.71702370567083   -0.50393270060384   -1.88590139429806
  -0.72170596243830   -0.50722344577599   -1.88987691691477
  -0.72761352046268   -0.51137534709481   -1.89474841663418
  -0.73643394388501   -0.51757444450335   -1.90237996609824
  -0.73841381053233   -0.51896591808857   -1.90399448481161
  -0.74875014195348   -0.52623041348280   -1.91248772048163
  -0.75269632210448   -0.52900383534435   -1.91572923129482
  -0.75948675161680   -0.53377622913739   -1.92187287377184
  -0.76789568386838   -0.53968612570736   -1.92862384886077
  -0.76986402015481   -0.54106949561922   -1.93025874029249
  -0.78043399942845   -0.54849820147450   -1.93911750663257
  -0.78311667149003   -0.55038361497776   -1.94150129414227
  -0.79103781697881   -0.55595068926898   -1.94876401126722
  -0.79765777920489   -0.56060327664664   -1.95430305842176
  -0.80163250973775   -0.56339676405264   -1.95761514522421
  -0.81207716162302   -0.57073738834412   -1.96579218503898
  -0.81413544002807   -0.57218397063567   -1.96743062477747
  -0.82302794155458   -0.57843372538428   -1.97555463357515
  -0.82814574992728   -0.58203058135157   -1.98002581792574
  -0.83310337051557   -0.58551485545836   -1.98375173832582
  -0.84386467076581   -0.59307802394808   -1.99216917152820
  -0.84459102319760   -0.59358851298721   -1.99283273975715
  -0.85460490222849   -0.60062638504590   -2.00254177600161
  -0.85847277397050   -0.60334477083583   -2.00577906002196
  -0.86496858597695   -0.60791010397773   -2.01090182051279
  -0.87425780066861   -0.61443867340861   -2.01883869296482
  -0.87569316277954   -0.61544746279616   -2.02024236007491
  -0.88636908432092   -0.62295062612428   -2.02885041416452
  -0.88958577630018   -0.62521135511176   -2.03163821222894
  -0.89652546886425   -0.63008865273457   -2.03775249271812
  -0.90444726542308   -0.63565618460549   -2.04500190596745
  -0.90712175483916   -0.63753584724917   -2.04732266712362
  -0.91769941696991   -0.64496995270687   -2.05537307496939
  -0.92041923492103   -0.64688147277855   -2.05770918521672
  -0.92844074416899   -0.65251908390112   -2.06474738260840
  -0.93613383490174   -0.65792587862532   -2.07082731555301
  -0.93893516275018   -0.65989468481231   -2.07382292113482
  -0.94942655370303   -0.66726815787065   -2.08276744612493
  -0.95068894450687   -0.66815538098750   -2.08367718817518
  -0.95997630480995   -0.67468264713226   -2.09165999664768
  -0.96591782839965   -0.67885841985020   -2.09650250923092
  -0.97065803503825   -0.68218989287391   -2.10123551756587
  -0.98084767058689   -0.68935128868215   -2.10907416119092
  -0.98155877278423   -0.68985105967700   -2.10978820830441
  -0.99178877126660   -0.69704082303018   -2.11884319053125
  -0.99576728314831   -0.69983696801266   -2.12210599405509
  -1.00229679954094   -0.70442598899391   -2.12790805516601
  -1.01094658354961   -0.71050515901389   -2.13494046623572
  -1.01295635512297   -0.71191765013315   -2.13649542677184
  -1.02324677882522   -0.71914988104214   -2.14513120452980
  -1.02661680163193   -0.72151837274005   -2.14821045620245
  -1.03405006633745   -0.72674255867384   -2.15435062073590
  -1.04189108586805   -0.73225331949846   -2.16101542627538
  -1.04453198375983   -0.73410937362345   -2.16343679524056
  -1.05502077630266   -0.74148102048865   -2.17159686357596
  -1.05827698889698   -0.74376952502960   -2.17412294999021
  -1.06565871921791   -0.74895749199127   -2.18119362683250
  -1.07167971401153   -0.75318911800681   -2.18668680063640
  -1.07651704746563   -0.75658885289976   -2.19111409077851
  -1.08674883106278   -0.76377987085262   -2.19899241264993
  -1.08801135770397   -0.76466718943755   -2.19990226376770
  -1.09718217316227   -0.77111254649352   -2.20810223723618
  -1.10255915357975   -0.77489155162466   -2.21276252269080
  -1.10791369530033   -0.77865478657547   -2.21751542307740
  -1.11817438306314   -0.78586611871620   -2.22530272701075
  -1.11944395671446   -0.78675839002280   -2.22620298517205
  -1.12882090216818   -0.79334861766595   -2.23403965808296
  -1.13419076092404   -0.79712261760947   -2.23871609485534
  -1.13946153478243   -0.80082697952070   -2.24357942376173
  -1.14935160217464   -0.80777783530230   -2.25167712013224
  -1.15006566542616   -0.80827968736088   -2.25238241614173
  -1.16081232597512   -0.81583256689622   -2.26171215675235
  -1.16406435664980   -0.81811813233481   -2.26430230448760
  -1.17101392250970   -0.82300236902616   -2.27042576575261
  -1.17976829602241   -0.82915504578073   -2.27741870756920
  -1.18196865302285   -0.83070148258157   -2.27944861992408
  -1.19272623438989   -0.83826203739640   -2.28880705381705
  -1.19396399889627   -0.83913195286150   -2.28976118104106
  -1.20287756126731   -0.84539650941956   -2.29761762804688
  -1.20944764462131   -0.85001404133878   -2.30332403958670
  -1.21353774594174   -0.85288861269235   -2.30713903512531
  -1.22405421823726   -0.86027971321356   -2.31528069244992
  -1.22477035149346   -0.86078302009579   -2.31597919630666
  -1.23439327224891   -0.86754612207644   -2.32452843528589
  -1.23979453512003   -0.87134219320183   -2.32922607649842
  -1.24520744949120   -0.87514645313860   -2.33381409349456
  -1.25541846823209   -0.88232287730605   -2.34169275960779
  -1.25612356254045   -0.88281842588580   -2.34242373184169
  -1.26642770740585   -0.89006030018977   -2.35135895987895
  -1.27039175006052   -0.89284627602917   -2.35469385599205
  -1.27692204326008   -0.89743584295948   -2.36042944048892
  -1.28557343768681   -0.90351614480022   -2.36755641949079
  -1.28756526550225   -0.90491602483520   -2.36915067933360
  -1.29816348389791   -0.91236457747784   -2.37796014529260
  -1.30143954537749   -0.91466703204900   -2.38045162440064
  -1.30883502543304   -0.91986466248602   -2.38756557881018
  -1.31535264974847   -0.92444532557542   -2.39331781533264
  -1.31928168156436   -0.92720669538520   -2.39654438762966
  -1.32990014967227   -0.93466947976398   -2.40537495500837
  -1.33116296143330   -0.93555699873449   -2.40628502406587
  -1.34032624193406   -0.94199706013361   -2.41450966612866
  -1.34630031827575   -0.94619571130884   -2.41926913964935
  -1.35102073684980   -0.94951327704786   -2.42314771867289
  -1.36104556075722   -0.95655884129461   -2.43182940498074
  -1.36175508570927   -0.95705750378290   -2.43254976971945
  -1.37207124711561   -0.96430782345329   -2.44190265539652
  -1.37652327035255   -0.96743675779005   -2.44541216622827
  -1.38253701914971   -0.97166329123397   -2.45012772287137
  -1.39191669470714   -0.97825543762615   -2.45795815183618
  -1.39318660142056   -0.97914794301272   -2.45885866050789
  -1.40358638814989   -0.98645703554448   -2.46802907764693
  -1.40754698528113   -0.98924058982946   -2.47129835611873
  -1.41440589578350   -0.99406111286840   -2.47726027801223
  -1.42342197513970   -1.00039771957038   -2.48414994360689
  -1.42468328065698   -1.00128417993505   -2.48506226376202
  -1.43553471059609   -1.00891069263105   -2.49503070366911
  -1.43755689194444   -1.01033190548625   -2.49670598857026
  -1.44583071388032   -1.01614684493594   -2.50361205773740
  -1.45378936687551   -1.02174027994417   -2.51002769792075
  -1.45644582213665   -1.02360726797148   -2.51239182825553
  -1.46711904767075   -1.03110853651394   -2.52191438145072
  -1.46838204487578   -1.03199618581669   -2.52282458751485
  -1.47769995644750   -1.03854492375267   -2.53077583693129
  -1.48408431416262   -1.04303192550666   -2.53598201533694
  -1.48796799932342   -1.04576142515346   -2.53934093963659
  -1.49832963717590   -1.05304370620552   -2.54819349818138
  -1.49905209920013   -1.05355146102042   -2.54886690229217
  -1.50928551380173   -1.06074362526241   -2.55760902301169
  -1.51390446465339   -1.06398987829173   -2.56168385988397
  -1.51996675561534   -1.06825052774048   -2.56712332400318
  -1.52925734256815   -1.07478006161264   -2.57429871583308
  -1.53054913092438   -1.07568794567536   -2.57516562271712
  -1.54109791930477   -1.08310175832141   -2.58409111240643
  -1.54498604992885   -1.08583438229214   -2.58743702122313
  -1.55168582484389   -1.09054306296709   -2.59375052930729
  -1.55902610042978   -1.09570189505300   -2.60007241575106
  -1.56226555040510   -1.09797861862800   -2.60261679751218
  -1.57280567811616   -1.10538634445371   -2.61154719277630
  -1.57477813522497   -1.10677261052805   -2.61317943605446
  -1.58363965372716   -1.11300059004245   -2.62071479163945
  -1.59109622259095   -1.11824115441299   -2.62639510945482
  -1.59368770590676   -1.12006247939231   -2.62887939492094
  -1.60446338900439   -1.12763575631648   -2.63750269788775
  -1.60590850912356   -1.12865140374709   -2.63884965883892
  -1.61528130463508   -1.13523871476202   -2.64757275801429
  -1.62046181711173   -1.13887963991166   -2.65175686822303
  -1.62556952177562   -1.14246939487346   -2.65607858477408
  -1.63555479454268   -1.14948716211320   -2.66486465595733
  -1.63626641275770   -1.14998729577134   -2.66557912872621
  -1.64691742516497   -1.15747295266680   -2.67430261280103
  -1.65134992605325   -1.16058816646711   -2.67786345397624
  -1.65721476274915   -1.16471004273340   -2.68287565901509
  -1.66609368810516   -1.17095025598957   -2.69041279291161
  -1.66825112467071   -1.17246652780354   -2.69247963323477
  -1.67840042416199   -1.17959957495586   -2.70134188520630
  -1.68103878590426   -1.18145384664511   -2.70381708894000
  -1.68916025664350   -1.18716171188044   -2.70990132143643
  -1.69640267145265   -1.19225176626051   -2.71644031501615
  -1.69969796032016   -1.19456773406624   -2.71968271770076
  -1.71006489785769   -1.20185373979932   -2.72811739445478
  -1.71203732289840   -1.20323998333582   -2.72974988896672
  -1.72077259622793   -1.20937923625682   -2.73676648562198
  -1.72685094938490   -1.21365117440529   -2.74218196534413
  -1.73150637393229   -1.21692306157732   -2.74615851815588
  -1.74169161076211   -1.22408136591419   -2.75485555449666
  -1.74291616886580   -1.22494199976403   -2.75581089266091
  -1.75260187584693   -1.23174922864315   -2.76399887306083
  -1.75727571416510   -1.23503405723004   -2.76798546130198
  -1.76310331224108   -1.23912976175589   -2.77302543004594
  -1.77316493728430   -1.24620119027407   -2.78078926902267
  -1.77388766511532   -1.24670913190112   -2.78146287967262
  -1.78426872042093   -1.25400505976780   -2.79075981268919
  -1.78822653281403   -1.25678665690603   -2.79400938889262
  -1.79488083861861   -1.26146338135492   -2.80039679152408
  -1.80317143010061   -1.26729010663902   -2.80735179965542
  -1.80533557625522   -1.26881109403116   -2.80950240557122
  -1.81591617518616   -1.27624726350660   -2.81755687808071
  -1.81860738340201   -1.27813867631956   -2.81987491325031
  -1.82650395554603   -1.28368848017482   -2.82640504566459
  -1.83393667671636   -1.28891228410568   -2.83255393242905
  -1.83754993108602   -1.29145172180916   -2.83628473470047
  -1.84752392853446   -1.29846156462225   -2.84436694019350
  -1.84946670442584   -1.29982697038759   -2.84604711521645
  -1.85834734827461   -1.30606839142070   -2.85363544337685
  -1.86475079625381   -1.31056881003700   -2.85882432569188
  -1.86865849752461   -1.31331518848862   -2.86217599346035
  -1.87935636514295   -1.32083377577796   -2.87087329114886
  -1.88007310168503   -1.32133750665661   -2.87157227437617
  -1.88996987884090   -1.32829307813909   -2.88047382827474
  -1.89469293428409   -1.33161249710079   -2.88433274285214
  -1.90059449233888   -1.33576018157036   -2.88927278690996
  -1.91083777164249   -1.34295927884103   -2.89715296952889
  -1.91154967489597   -1.34345961282756   -2.89786766768193
  -1.92185799335461   -1.35070442038199   -2.90847760267465
  -1.92434254686618   -1.35245059383620   -2.91035177308952
  -1.93189040019053   -1.35775531400015   -2.91582101205376
  -1.94014775661896   -1.36355868129737   -2.92342603914376
  -1.94284751756245   -1.36545610506799   -2.92570195565429
  -1.95280991216065   -1.37245779326135   -2.93612266103639
  -1.95349279777272   -1.37293773330793   -2.93689976162777
  -1.96156460502638   -1.37861069446098   -2.94888153919359
  -1.96420938136560   -1.38046947440448   -2.95292037622213
  -1.96954630631072   -1.38422032807814   -2.96177576565496
  -1.97462759700873   -1.38779151899380   -2.96923335000573
  -1.97807564913650   -1.39021485061704   -2.97474502839449
  -1.98510456044683   -1.39515485222495   -2.98707563174033
  -1.98567658114734   -1.39555687510666   -2.98795144472009
  -1.99392832254158   -1.40135629609176   -3.00060967788053
  -1.99594431578432   -1.40277315987350   -3.00384375200758
  -2.00069158660964   -1.40610959769080   -3.01344092313045
  -2.00664156698385   -1.41029131393645   -3.02225556822127
  -2.00935241987696   -1.41219653325982   -3.02624596204714
  -2.01684516081389   -1.41746251978915   -3.03877417204193
  -2.01741722803553   -1.41786457536646   -3.03965003760328
  -2.02550790597717   -1.42355079906116   -3.05247721422775
  -2.02753221789370   -1.42497350930476   -3.05566924239626
  -2.03302998835765   -1.42883740710240   -3.06517482184238
  -2.03805729224106   -1.43237065544927   -3.07347849134948
  -2.04118951253522   -1.43457201674212   -3.07849749233258
  -2.04851760166006   -1.43972228403976   -3.09056706921180
  -2.04912594722007   -1.44014983646031   -3.09142341341270
  -2.05706631269433   -1.44573041878357   -3.10434000481585
  -2.05896207051484   -1.44706277969524   -3.10759955731369
  -2.06433872801343   -1.45084155787518   -3.11727562122541
  -2.06963689230924   -1.45456517010825   -3.12459787140209
  -2.07312789306325   -1.45701868653157   -3.13003377306925
  -2.07982260141514   -1.46172380636630   -3.14287424909043
  -2.08039476381236   -1.46212592883413   -3.14375022291710
  -2.08814617869656   -1.46757371445851   -3.15606661421911
  -2.09093030066209   -1.46953042814846   -3.16002752811386
  -2.09588127547372   -1.47301003152519   -3.16857407892715
  -2.10152977977925   -1.47697986684102   -3.17772004079403
  -2.10416092865235   -1.47882906924091   -3.18184244870546
  -2.11172483630629   -1.48414507257668   -3.19444959733440
  -2.11233327978060   -1.48457269381256   -3.19530604724377
  -2.11948791277060   -1.48960105409683   -3.20752908536220
  -2.12281202923318   -1.49193728227571   -3.21317829126738
  -2.12738956792340   -1.49515443035050   -3.22049867247513
  -2.13310736683018   -1.49917296672777   -3.22958673254100
  -2.13575073091271   -1.50103075412065   -3.23375588425438
  -2.14326630837008   -1.50631279042536   -3.24635479953223
  -2.14387480178025   -1.50674044675675   -3.24721130368425
  -2.15100555887982   -1.51175202678418   -3.25944250814737
  -2.15438834037186   -1.51412948543632   -3.26506235698285
  -2.15863734718056   -1.51711573743755   -3.27206769627530
  -2.16517529243999   -1.52171068232560   -3.28264310216667
  -2.16701283791923   -1.52300213091861   -3.28526856744434
  -2.17395009692245   -1.52787771820622   -3.29784817633331
  -2.17589663483127   -1.52924576796170   -3.30110741465306
  -2.18260864147528   -1.53396304523975   -3.31068296216331
  -2.18647317634588   -1.53667908583718   -3.31728975078349
  -2.18966095203597   -1.53891949211625   -3.32383751438767
  -2.19684878993634   -1.54397118920239   -3.33446062232036
  -2.19877328794094   -1.54532374905375   -3.33698632421413
  -2.20508857301724   -1.54976220574412   -3.34954036843913
  -2.20770738330814   -1.55160273644321   -3.35440508841227
  -2.21338185421490   -1.55559082139204   -3.36274289091868
  -2.21778286122060   -1.55868390092095   -3.36939668256663
  -2.22116082999707   -1.56105797713995   -3.37574729960250
  -2.22845948657254   -1.56618755889542   -3.38791398238724
  -2.22906811901666   -1.56661531294151   -3.38877063855434
  -2.23720344939123   -1.57233291889169   -3.40153402560765
  -2.23922892152912   -1.57375644455252   -3.40472732748350
  -2.24533668475306   -1.57804905244225   -3.41427667769253
  -2.24967921631500   -1.58110103474096   -3.42175694082318
  -2.25244090976278   -1.58304198540462   -3.42736876782102
  -2.26022739899038   -1.58851442169042   -3.43978915638616
  -2.26086379216714   -1.58896168630618   -3.44062407742536
  -2.26837322319031   -1.59423940282458   -3.45316496632082
  -2.27081411880415   -1.59595489299436   -3.45664138820235
  -2.27672195587646   -1.60010699043134   -3.46632584007782
  -2.28141109118970   -1.60340256992643   -3.47359979269488
  -2.28485152093827   -1.60582054445185   -3.47912177106809
  -2.29153619052677   -1.61051860892550   -3.49195926713260
  -2.29210869348733   -1.61092097074525   -3.49283563214894
  -2.29944174227155   -1.61607472374988   -3.50493893143320
  -2.30263247146304   -1.61831720578450   -3.50990493453425
  -2.30799816354803   -1.62208827734268   -3.51795821566352
  -2.31326192335854   -1.62578770969849   -3.52682331948086
  -2.31534405703967   -1.62725105775888   -3.53077798502381
  -2.32325655118999   -1.63281205178760   -3.54375599943184
  -2.32386534254519   -1.63323991751827   -3.54461283156413
  -2.33119336614699   -1.63839013876554   -3.55669950516199
  -2.33450642331869   -1.64071859434460   -3.56156870169487
  -2.33960377348177   -1.64430107204135   -3.56976329449175
  -2.34514158997168   -1.64819311465742   -3.57928777783308
  -2.34719651957679   -1.64963734337297   -3.58248583501178
  -2.35536115843694   -1.65537554767181   -3.59494009521950
  -2.35599334927085   -1.65581985883155   -3.59577331426539
  -2.36296643934697   -1.66072062861896   -3.60843370863155
  -2.36639422851165   -1.66312971919323   -3.61320408442995
  -2.37115362358999   -1.66647467807827   -3.62113984318974
  -2.37714628102251   -1.67068638826286   -3.63243122504952
  -2.37830278397068   -1.67149919214831   -3.63417938083461
  -2.38659241648220   -1.67732524345666   -3.64741975414261
  -2.38720131643842   -1.67775318551340   -3.64827670817929
  -2.39363752025913   -1.68227662532069   -3.65996614817923
  -2.39838070736651   -1.68561019305296   -3.66712918615323
  -2.40224284406619   -1.68832454818763   -3.67290146469423
  -2.40885381509125   -1.69297081644338   -3.68342074892181
  -2.41023173135574   -1.69393923221384   -3.68579745535330
  -2.41750369328572   -1.69905005265825   -3.69874187447612
  -2.41929821623120   -1.70031126450808   -3.70134264840261
  -2.42557421076840   -1.70472210734507   -3.71155004889086
  -2.43036857948811   -1.70809164611695   -3.71950116016000
  -2.43357284823378   -1.71034364390962   -3.72444921557163
  -2.44021858483263   -1.71501434581986   -3.73624547064426
  -2.44091256734608   -1.71550208489935   -3.73784068706180
  -2.44948721266319   -1.72152844656242   -3.75096825951613
  -2.45098173404264   -1.72257881378027   -3.75326841309382
  -2.45638346624223   -1.72637521475523   -3.76355130089204
  -2.46155447057407   -1.73000945746878   -3.77257906149459
  -2.46363608715354   -1.73147244210404   -3.77653423222950
  -2.47121556362507   -1.73679938738807   -3.78973892415773
  -2.47196133897204   -1.73732352708062   -3.79140437486297
  -2.47818749740061   -1.74169934451383   -3.80244181795761
  -2.48257065103381   -1.74477987648240   -3.80913415405041
  -2.48593371588218   -1.74714347804528   -3.81548491512633
  -2.49149418368246   -1.75105144026892   -3.82822144284892
  -2.49317892598854   -1.75223549699314   -3.83385365889098
  -2.49440809706794   -1.75309937289661   -3.84115142816756
  -2.49671447384706   -1.75472032164589   -3.85401764268193
  -2.49720408211531   -1.75506442410011   -3.86687255440578
  -2.49749721044131   -1.75527043813811   -3.87982050136867
  -2.49844937041000   -1.75593962737221   -3.89272710705695
  -2.49889119420612   -1.75625014633693   -3.90566635121924
  -2.49969199630514   -1.75681295947856   -3.91859885959506
  -2.49863432137826   -1.75606961308980   -3.93149270244864
  -2.49456432579731   -1.75320917228662   -3.94396878379626
  -2.49330797243215   -1.75232619235274   -3.94563628738657
  -2.48560794014813   -1.74691451902461   -3.95707185476817
  -2.48291094384277   -1.74501903827420   -3.96011965731773
  -2.47381954370234   -1.73862949523845   -3.97003224617059
  -2.47249864504751   -1.73770115211522   -3.97164671432882
  -2.46205998853926   -1.73036474144529   -3.98227403236843
  -2.46137250629704   -1.72988157083294   -3.98304142033313
  -2.45146503555327   -1.72291848377100   -3.99267764655854
  -2.44806090794209   -1.72052602281505   -3.99571881252140
  -2.44057230406503   -1.71526294386010   -4.00347286746966
  -2.43352217611668   -1.71030803094925   -4.00866849593344
  -2.43037783416391   -1.70809815041204   -4.01135795556866
  -2.42084178901867   -1.70139610563288   -4.02140655983481
  -2.41948859045184   -1.70044506175129   -4.02297120712045
  -2.40920559223069   -1.69321804955782   -4.03227987180259
  -2.40658115475436   -1.69137356400658   -4.03472873326149
  -2.39878455222328   -1.68589401997205   -4.04219632673767
  -2.39330031471352   -1.68203963329391   -4.04750134652352
  -2.38805793073827   -1.67835522412675   -4.05240379978555
  -2.37875247465359   -1.67181524005367   -4.06036957355534
  -2.37737256786823   -1.67084542532171   -4.06203691992444
  -2.36706583444312   -1.66360173174750   -4.07202193730228
  -2.36563402441409   -1.66259543880492   -4.07341806527770
  -2.35638286285802   -1.65609361356567   -4.08156984250587
  -2.35130777387859   -1.65252678129083   -4.08669377695386
  -2.34622651610264   -1.64895561351319   -4.09116172179908
  -2.33721492722545   -1.64262216277272   -4.09920266299166
  -2.33510626087012   -1.64114016723658   -4.10157013516659
  -2.32465294433884   -1.63379345332989   -4.11132674471322
  -2.32339848825209   -1.63291180682562   -4.11224802732383
  -2.31424592283017   -1.62647927611005   -4.12048209143207
  -2.30950419210540   -1.62314673194062   -4.12513030442461
  -2.30369662986405   -1.61906510883519   -4.13020049093155
  -2.29531729276496   -1.61317601208676   -4.13856326979053
  -2.29325681078971   -1.61172788110013   -4.14090951352635
  -2.28292259309510   -1.60446487125779   -4.15072106223090
  -2.28223007884601   -1.60397816409178   -4.15147892314781
  -2.27166253395535   -1.59655116914952   -4.16036906181600
  -2.26784640466263   -1.59386914856202   -4.16381683093368
  -2.26157554612499   -1.58946191536598   -4.16916268037259
  -2.25411836836547   -1.58422092305636   -4.17693798962199
  -2.25068928040225   -1.58181091967119   -4.18078364608136
  -2.24097760613941   -1.57498544068082   -4.18994495885155
  -2.24026659298588   -1.57448573226701   -4.19065878265976
  -2.22971071132320   -1.56706693437865   -4.19957541110593
  -2.22692742147213   -1.56511080550855   -4.20258015266425
  -2.21898185960997   -1.55952657110270   -4.20978801567134
  -2.21188402586315   -1.55453812999513   -4.21571618372333
  -2.20842522686184   -1.55210724534266   -4.21955312610329
  -2.19938381449319   -1.54575283430134   -4.22871702964259
  -2.19820362824175   -1.54492338551156   -4.22970313914620
  -2.18712735503003   -1.53713885031690   -4.23950005092982
  -2.18473035965045   -1.53545421374851   -4.24145685936732
  -2.17687534625782   -1.52993361787292   -4.24879867995871
  -2.17145770072036   -1.52612603281679   -4.25423338198746
  -2.16615184987826   -1.52239701838851   -4.25906209706106
  -2.15712775357186   -1.51605477727957   -4.26746660131449
  -2.15593269247668   -1.51521487427453   -4.26844152497004
  -2.14503538813074   -1.50755612050541   -4.27852954990823
  -2.14371485991910   -1.50662803773402   -4.28014408839139
  -2.13460463255185   -1.50022526270164   -4.28910807666128
  -2.12937157962608   -1.49654741150588   -4.29323526982725
  -2.12405135644166   -1.49280829602625   -4.29806036833163
  -2.11567322065890   -1.48692004357708   -4.30642334050410
  -2.11361421411253   -1.48547294953923   -4.30873487004648
  -2.10261811195909   -1.47774475950802   -4.31780537954075
  -2.10138660546868   -1.47687924225021   -4.31874010499146
  -2.09251761795102   -1.47064601342381   -4.32653985566454
  -2.08778109039645   -1.46731712610365   -4.33203415840287
  -2.08177609651085   -1.46309674571463   -4.33753476780593
  -2.07373619987080   -1.45744621171644   -4.34459151109663
  -2.07110868220922   -1.45559956137474   -4.34702256365029
  -2.06048668572598   -1.44813429721225   -4.35586191519619
  -2.05854501746478   -1.44676966990243   -4.35754038572533
  -2.05022186576991   -1.44092006091746   -4.36441112913074
  -2.04212109075489   -1.43522674088074   -4.37048179022654
  -2.03947076975308   -1.43336406408310   -4.37256190978449
  -2.02919031770628   -1.42613884137093   -4.37842994022711
  -2.02037466537691   -1.41994309714269   -4.38332275633680
  -2.01821961920374   -1.41842850532462   -4.38484495137202
  -2.00794671918760   -1.41120859026850   -4.39020372725284
  -1.99856885206989   -1.40461771486904   -4.39633350437288
  -1.99724788119276   -1.40368932098713   -4.39713998877965
  -1.98669103183783   -1.39626984299328   -4.40355996518819
  -1.97670650796575   -1.38925260208575   -4.40907486928269
  -1.97599670121469   -1.38875374154580   -4.40976000545957
  -1.96579683097662   -1.38158515267736   -4.41552664915077
  -1.95510856388303   -1.37407331274983   -4.42167975136912
  -1.95439024951630   -1.37356847295743   -4.42236801114031
  -1.94454433617539   -1.36664864916283   -4.42807440981407
  -1.93422936657977   -1.35939916711105   -4.43471794286741
  -1.93355816740779   -1.35892744043213   -4.43550611550260
  -1.92340649539878   -1.35179272584642   -4.44018725311567
  -1.91257879286723   -1.34418288905176   -4.44690806379829
  -1.91126507507428   -1.34325959272279   -4.44773050426135
  -1.90227276979720   -1.33693969472347   -4.45309135518278
  -1.89170193916767   -1.32951039052525   -4.45875208270624
  -1.88773928551587   -1.32672539089341   -4.46117164479861
  -1.88101814661861   -1.32200169536028   -4.46565624095268
  -1.87042728689173   -1.31455831447667   -4.47135663669723
  -1.86650243900993   -1.31179988518502   -4.47386123273922
  -1.86011124559320   -1.30730807921946   -4.47761903033391
  -1.84911031834398   -1.29957649805415   -4.48395519090620
  -1.84456064014728   -1.29637893066215   -4.48652147910522
  -1.83887763022239   -1.29238484439087   -4.49017186024059
  -1.82806112891060   -1.28478287994531   -4.49612386781643
  -1.82279406966469   -1.28108112870746   -4.49938769584927
  -1.81761719057735   -1.27744275714659   -4.50275391502653
  -1.80702571784681   -1.26999894543680   -4.50844868832136
  -1.80046717477183   -1.26538952416151   -4.51258640038813
  -1.79661278025192   -1.26268061032191   -4.51517335132966
  -1.78581454586658   -1.25509148408729   -4.52112646943123
  -1.77797426689068   -1.24958124373321   -4.52536748067116
  -1.77530825131463   -1.24770753660406   -4.52719746041763
  -1.76465782714943   -1.24022229313205   -4.53326206309852
  -1.75620984737231   -1.23428495350149   -4.53840113815052
  -1.75431907809076   -1.23295609859372   -4.53951981524852
  -1.74377245845142   -1.22554381016439   -4.54583678508669
  -1.73332413104318   -1.21820060267211   -4.55101200462045
  -1.73259601713305   -1.21768887564527   -4.55161015130902
  -1.72263871811017   -1.21069076868222   -4.55712624981913
  -1.71191389678275   -1.20315323800887   -4.56331096904077
  -1.71120219170320   -1.20265304330131   -4.56400731717761
  -1.70138592281251   -1.19575405397527   -4.56969232261977
  -1.69106397122035   -1.18849966489413   -4.57440329397145
  -1.68649716250109   -1.18529005796923   -4.57773942017706
  -1.68003230530728   -1.18074648023403   -4.58512391140273
  -1.67607314543333   -1.17796393607039   -4.58996963807993
      
      
