# shadow point cont 3D ind 315  size 1148
# norm -0.7853169 -0.6190939  0.0000000
# angle  2.4740042
   1.24865327517244   -1.58390912863189   -4.59091010206320
   1.25563145994585   -1.59276091381809   -4.58084147636246
   1.25760576688927   -1.59526531023669   -4.57836902188002
   1.26352356468907   -1.60277200095930   -4.57325836362350
   1.27172787133868   -1.61317911433080   -4.56743671177346
   1.27462738841263   -1.61685713420498   -4.56550063666767
   1.27962643915336   -1.62319839983907   -4.56146604241846
   1.28772574169940   -1.63347231614018   -4.55695062304238
   1.29272481146919   -1.63981360591251   -4.55291608178456
   1.29572425549240   -1.64361838251755   -4.55049536554969
   1.30369995867931   -1.65373551377903   -4.54407959210330
   1.30980167308563   -1.66147550160483   -4.54057338844610
   1.31197946438748   -1.66423801670156   -4.53922555792634
   1.31997651394215   -1.67438222570148   -4.53276555929449
   1.32726945449533   -1.68363327669091   -4.52726050810937
   1.32779588264753   -1.68430104761854   -4.52666159682484
   1.33581823469892   -1.69447735268252   -4.52096791230611
   1.34371101696249   -1.70448929925419   -4.51501317819377
   1.34518506092882   -1.70635911511156   -4.51410934580966
   1.35180303580087   -1.71475397621617   -4.50970391612918
   1.35982297462485   -1.72492722011578   -4.50400603367634
   1.36235357126060   -1.72813726664507   -4.50167723827205
   1.36781352310882   -1.73506318254682   -4.49676474251122
   1.37562241847716   -1.74496871909917   -4.49127458350735
   1.37971273454975   -1.75015726030208   -4.48845709447433
   1.38381164086487   -1.75535669817567   -4.48547162420262
   1.39170233071671   -1.76536599053572   -4.47952820639588
   1.39727405970865   -1.77243369506834   -4.47580492700254
   1.39988191697934   -1.77574174624583   -4.47355815723645
   1.40761379162414   -1.78554958247614   -4.46788255352832
   1.41377376079589   -1.79336346611961   -4.46282746021134
   1.41577276119349   -1.79589918603550   -4.46134515040297
   1.42370403914218   -1.80595996415095   -4.45531286557433
   1.43124366753628   -1.81552393717482   -4.44981436492143
   1.43178775467805   -1.81621410842392   -4.44921493073702
   1.43979472022934   -1.82637089580557   -4.44355153023071
   1.44770439136572   -1.83640426581027   -4.43836106259999
   1.45015414670069   -1.83951176563838   -4.43658640830384
   1.45561720383675   -1.84644162057898   -4.43157824752141
   1.46380914438824   -1.85683304762979   -4.42575050443321
   1.46666724841760   -1.86045853530735   -4.42372634398082
   1.47160925775627   -1.86672744426786   -4.42028791588007
   1.47980620989263   -1.87712522848378   -4.41365502416123
   1.48277708153023   -1.88089376119046   -4.41114973924461
   1.48760803042424   -1.88702179064853   -4.40737946214269
   1.49561294008056   -1.89717597013985   -4.40173207258673
   1.50163026869532   -1.90480891509935   -4.39776935724103
   1.50369923916108   -1.90743339162358   -4.39561879728756
   1.51169908609284   -1.91758114907941   -4.38997288206393
   1.51914744170278   -1.92702934312851   -4.38494352165668
   1.51969830245899   -1.92772810666656   -4.38431463237570
   1.52779779976180   -1.93800227001545   -4.37818423797219
   1.53524725807157   -1.94745186283263   -4.37237602204246
   1.53578487712538   -1.94813382935126   -4.37177538209129
   1.54380516560406   -1.95830751678574   -4.36520490301197
   1.55011117703319   -1.96630665414955   -4.35909079876831
   1.55154270774870   -1.96812254220534   -4.35742591620353
   1.55992084292952   -1.97875015601749   -4.34842081040996
   1.56134951627218   -1.98056241951310   -4.34667367528550
   1.56779779617008   -1.98874202356920   -4.33856106677269
   1.57185046017938   -1.99388280335751   -4.33384426674548
   1.57591049370400   -1.99903293133142   -4.32820422495114
   1.58125581345493   -2.00581343711097   -4.32067614518698
   1.58368321475775   -2.00889258098448   -4.31812649114963
   1.59207144819541   -2.01953300437437   -4.30918232368076
   1.59259964269452   -2.02020301590237   -4.30842864186016
   1.59990383283908   -2.02946833693044   -4.29840991871746
   1.60280504052397   -2.03314850133439   -4.29498477833145
   1.60751481431940   -2.03912282091268   -4.28882488412622
   1.61281986912540   -2.04585225085308   -4.28216107920851
   1.61589753396413   -2.04975625008958   -4.27826014972927
   1.62336478711470   -2.05922841555470   -4.26931743702723
   1.62389456594512   -2.05990043679738   -4.26857475823203
   1.63176580095764   -2.06988505081140   -4.25779590708416
   1.63280625657683   -2.07120486247244   -4.25626074514886
   1.63988604971555   -2.08018553725559   -4.24754952683162
   1.64329547017383   -2.08451036648929   -4.24333825225556
   1.64765785899334   -2.09004403032636   -4.23739770444328
   1.65339527424829   -2.09732190688166   -4.23075070265399
   1.65639413342788   -2.10112594161610   -4.22741524941891
   1.66363882374847   -2.11031578747728   -4.21801474425983
   1.66416861315450   -2.11098782213506   -4.21727208528077
   1.67163284154872   -2.12045615071504   -4.20832782351920
   1.67467204525645   -2.12431136223946   -4.20437587647931
   1.67987355497506   -2.13090944586266   -4.19755538590891
   1.68441978605643   -2.13667631249715   -4.19201068313341
   1.68786744292054   -2.14104964438042   -4.18782711043656
   1.69481873460791   -2.14986731584962   -4.17885760616975
   1.69584787087090   -2.15117276897578   -4.17724817097902
   1.70385810569624   -2.16133370341179   -4.16762733968217
   1.70528691404918   -2.16314613816713   -4.16588036210966
   1.71151825853631   -2.17105056096652   -4.15801419095961
   1.71570950353461   -2.17636712990134   -4.15283010774167
   1.71985937025498   -2.18163121074083   -4.14750515775555
   1.72626751771978   -2.18975990704822   -4.14004828167429
   1.72770950394112   -2.19158905784994   -4.13831082991499
   1.73560713423877   -2.20160715412352   -4.12842464020992
   1.73705787621598   -2.20344741154861   -4.12671220885091
   1.74372845560025   -2.21190900115886   -4.11737637602290
   1.74624108674577   -2.21509625857244   -4.11417592144704
   1.75160387173543   -2.22189891890169   -4.10824785018283
   1.75714538307425   -2.22892829252406   -4.10107298619442
   1.75961704000252   -2.23206357439083   -4.09775857336121
   1.76689251533690   -2.24129247085584   -4.08872437767443
   1.76796449576135   -2.24265227154171   -4.08723165637927
   1.77571121475249   -2.25247893773559   -4.07700889000982
   1.77714926066032   -2.25430309027345   -4.07527583205124
   1.78383321604037   -2.26278164725345   -4.06676228848952
   1.78724301584659   -2.26710695768772   -4.06255134968193
   1.79182555437292   -2.27291988009659   -4.05705637339754
   1.79765014070940   -2.28030833264166   -4.04947020899697
   1.79972320224124   -2.28293799865847   -4.04637719755691
   1.80772474493881   -2.29308790718297   -4.03750681467913
   1.80826308686049   -2.29377079065513   -4.03679282190050
   1.81570435528711   -2.30320999465506   -4.02778765460037
   1.81913026006038   -2.30755573414262   -4.02360495735614
   1.82359606520261   -2.31322058095969   -4.01704844562409
   1.82828084053435   -2.31916319013796   -4.01101163303175
   1.83169765434839   -2.32349739779873   -4.00680070028586
   1.83864977728930   -2.33231612370802   -3.99783186162463
   1.83974040386667   -2.33369957692611   -3.99640029877260
   1.84741434579200   -2.34343392585211   -3.98545409390217
   1.84793856840661   -2.34409889906864   -3.98469613688285
   1.85574609818295   -2.35400270337581   -3.97301068289453
   1.85621523881809   -2.35459780543446   -3.97216414041515
   1.86233184814266   -2.36235668737399   -3.95940421149450
   1.86394508960596   -2.36440307441450   -3.95541729108569
   1.86684013502141   -2.36807542201692   -3.94645531978187
   1.86853922118460   -2.37023070254013   -3.93354700597144
   1.86911743467848   -2.37096416286051   -3.92057290776789
   1.86893760819340   -2.37073605405165   -3.90759146579729
   1.86889061787541   -2.37067644711743   -3.89468992902173
   1.86888208492230   -2.37066562311801   -3.88176756935283
   1.86841225682698   -2.37006964902027   -3.86882466465293
   1.86790369912257   -2.36942454664760   -3.85590187950326
   1.86579642531466   -2.36675148256549   -3.84295121358036
   1.86393433850839   -2.36438943671225   -3.83636219931150
   1.86190570739166   -2.36181613040833   -3.82986824135432
   1.85738469490445   -2.35608125340801   -3.81696232654387
   1.85601941943359   -2.35434940972941   -3.81359965970498
   1.85144198279029   -2.34854295902830   -3.80383580913618
   1.84809394313366   -2.34429599097031   -3.79495493537217
   1.84669258275622   -2.34251837380591   -3.79082689567644
   1.84124390303467   -2.33560675652869   -3.77825297570627
   1.83974147682090   -2.33370093796207   -3.77502032502433
   1.83537552971210   -2.32816276045655   -3.76517892451279
   1.83189702270348   -2.32375029535153   -3.75627980821802
   1.82991627814512   -2.32123773285731   -3.75205823902151
   1.82421607821241   -2.31400706371324   -3.73946386401082
   1.82375536247938   -2.31342264859196   -3.73860702662349
   1.81882874850364   -2.30717326855622   -3.72643105919655
   1.81599874500640   -2.30358342623372   -3.71977555142480
   1.81305015506283   -2.29984315772117   -3.71314495404305
   1.80795225501328   -2.29337650233663   -3.70119862635655
   1.80752035689069   -2.29282864217992   -3.70031381692781
   1.80200527791320   -2.28583279784805   -3.68740509009518
   1.80000155030381   -2.28329108149259   -3.68255762508068
   1.79602719253393   -2.27824963269545   -3.67431833779763
   1.79169394275233   -2.27275293155176   -3.66507919331150
   1.79016388060681   -2.27081205697284   -3.66189097079132
   1.78495187660211   -2.26420066141120   -3.64870678468861
   1.78409768591623   -2.26311712569166   -3.64676960226255
   1.77869734647857   -2.25626682777222   -3.63595047351998
   1.77575986659964   -2.25254065230949   -3.62867307406153
   1.77344168848826   -2.24960005739382   -3.62282308548585
   1.76809294681978   -2.24281521093255   -3.61123558476943
   1.76746510198955   -2.24201879356215   -3.60977408998806
   1.76194859337195   -2.23502113574045   -3.59687842101216
   1.76001544459567   -2.23256894820799   -3.59273339054577
   1.75594688056809   -2.22740799934264   -3.58392255500178
   1.75171408594360   -2.22203872495827   -3.57370350833679
   1.75068908192812   -2.22073851356309   -3.57130710425098
   1.74476102835161   -2.21321881344973   -3.55827692910882
   1.74364275935362   -2.21180029598824   -3.55520417959174
   1.73958527401193   -2.20665340036895   -3.54555679711353
   1.73581834404674   -2.20187507248769   -3.53800473260329
   1.73292140393503   -2.19820032147452   -3.53218148021431
   1.72852485491474   -2.19262332562934   -3.51975291811190
   1.72765848443407   -2.19152433991377   -3.51800039144978
   1.72223729517143   -2.18464759411743   -3.50656060331555
   1.71980992972166   -2.18156849572329   -3.50162688568246
   1.71622581609776   -2.17702206926543   -3.49364522098691
   1.71144725206433   -2.17096048968621   -3.48267024815007
   1.71052328092311   -2.16978843788106   -3.48095405689301
   1.70517587090841   -2.16300528061456   -3.46786562226359
   1.70369230091754   -2.16112338105267   -3.46457376084203
   1.69920028037219   -2.15542528015528   -3.45488149193232
   1.69556356788516   -2.15081213235761   -3.44454314441121
   1.69461612202127   -2.14961030300872   -3.44206995972922
   1.68819382533095   -2.14146365849431   -3.42901872487384
   1.68773333226291   -2.14087952582222   -3.42816221098276
   1.68312977227219   -2.13503993781290   -3.41619412360612
   1.67966623844617   -2.13064646609945   -3.40883529929265
   1.67670116404734   -2.12688528715510   -3.40312185285465
   1.67162879004281   -2.12045101140429   -3.39192058974569
   1.67105236453918   -2.11971981913873   -3.39039524936496
   1.66563121632885   -2.11284312541699   -3.37739004634797
   1.66361096547623   -2.11028044942741   -3.37254870875014
   1.65967172206310   -2.10528354297946   -3.36438009055202
   1.65559174792943   -2.10010812046354   -3.35479347850303
   1.65413397623265   -2.09825894588169   -3.35151833911655
   1.64849395260498   -2.09110461001666   -3.33874215646856
   1.64745454977999   -2.08978613381869   -3.33635789513982
   1.64229989512194   -2.08324748555646   -3.32546626205995
   1.63969801003108   -2.07994701005297   -3.31911383074406
   1.63711754335436   -2.07667370367828   -3.31274671766494
   1.63149937027785   -2.06954708510526   -3.30075402027024
   1.63102946902627   -2.06895101820924   -3.29990670222226
   1.62559203268259   -2.06205366308885   -3.28692174869882
   1.62357360938349   -2.05949330533986   -3.28208212643358
   1.61998053140573   -2.05493550765333   -3.27411139951240
   1.61549939919809   -2.04925121854649   -3.26277578378755
   1.61496210131166   -2.04856965942672   -3.26119635886845
   1.60895942383503   -2.04095529934734   -3.24827967380115
   1.60745826532966   -2.03905108886116   -3.24504888631944
   1.60308770162439   -2.03350705523095   -3.23520776312241
   1.59956049111742   -2.02903281003279   -3.22715099401553
   1.59703929899097   -2.02583469306668   -3.22230753201020
   1.59203685709539   -2.01948912577318   -3.20941573298309
   1.59161952672343   -2.01895974472005   -3.20853229264084
   1.58598194662425   -2.01180850845612   -3.19654268005705
   1.58342346956198   -2.00856309577440   -3.19095267612825
   1.58006993048326   -2.00430915173274   -3.18351773885622
   1.57562419540053   -1.99866976366479   -3.17295659071927
   1.57462343699049   -1.99740030767350   -3.17053381478681
   1.56906933113493   -1.99035495798281   -3.15766348196728
   1.56769498511839   -1.98861160837185   -3.15506174007561
   1.56307892812727   -1.98275616799309   -3.14472038130327
   1.55957680165087   -1.97831374173603   -3.13585331457267
   1.55772686233674   -1.97596710490311   -3.13164437538081
   1.55171954648942   -1.96834686107855   -3.11947851346242
   1.55124751258548   -1.96774808892591   -3.11863369553777
   1.54606379474991   -1.96117257419875   -3.10596332029245
   1.54360267908181   -1.95805066385676   -3.10027271267637
   1.54056041478798   -1.95419156999738   -3.09304252008636
   1.53530461061594   -1.94752461418834   -3.08124237908375
   1.53483747801735   -1.94693205931189   -3.08039260396003
   1.52904424716850   -1.93958338101327   -3.06721441529496
   1.52759316477368   -1.93774269177051   -3.06393248974744
   1.52354570478921   -1.93260851325623   -3.05428762310753
   1.51952094267386   -1.92750312685167   -3.04542730854375
   1.51755996833981   -1.92501564276743   -3.04134094033707
   1.51218950842474   -1.91820324684171   -3.02830183686546
   1.51164425351110   -1.91751159428105   -3.02673245506076
   1.50593768816127   -1.91027285064384   -3.01564925711640
   1.50349500431848   -1.90717432096081   -3.00992183666097
   1.50066798638168   -1.90358826580367   -3.00249259230477
   1.49556130413959   -1.89711047026098   -2.99205557159942
   1.49447864330840   -1.89573712154374   -2.98974723111773
   1.48935470219384   -1.88923743322570   -2.97696151985967
   1.48745759596513   -1.88683096544687   -2.97280754241656
   1.48352658624411   -1.88184450338758   -2.96384667371537
   1.47953777916068   -1.87678472572357   -2.95574728922545
   1.47705869374599   -1.87364002086670   -2.95087550764102
   1.47125926369027   -1.86628347891165   -2.94087026800880
   1.46932873838557   -1.86383461923701   -2.93835198371401
   1.46366452377212   -1.85664959725280   -2.93202943736002
   1.45752154321880   -1.84885726356909   -2.92502830212306
   1.45546308730916   -1.84624612469571   -2.92275286793789
   1.44747544362367   -1.83611384698399   -2.91464610509594
   1.44500102509975   -1.83297506204983   -2.91215755882539
   1.43948267395263   -1.82597506699059   -2.90654973621961
   1.43304951564868   -1.81781464458497   -2.89913227238195
   1.43157751184824   -1.81594741666569   -2.89743112660817
   1.42360027368650   -1.80582833829791   -2.89005833602553
   1.42044721811511   -1.80182870637294   -2.88644579533825
   1.41555473727071   -1.79562262400789   -2.88134513527262
   1.40793423568273   -1.78595606382666   -2.87357493768521
   1.40738758214361   -1.78526263711804   -2.87290155470898
   1.39957801030106   -1.77535624246223   -2.86511892014551
   1.39546197404241   -1.77013507535885   -2.86056609098962
   1.39146315865689   -1.76506260222418   -2.85651350773481
   1.38357334334408   -1.75505441921160   -2.84817476670445
   1.38261712568388   -1.75384146289213   -2.84726404265716
   1.37550543571191   -1.74482032716888   -2.84026134995544
   1.37000320294644   -1.73784077817929   -2.83461094718140
   1.36755648519805   -1.73473713151138   -2.83207080557048
   1.35947961881485   -1.72449167534716   -2.82336883083969
   1.35796740041242   -1.72257343544845   -2.82176460995442
   1.35149394214585   -1.71436189278395   -2.81526176611745
   1.34501623786380   -1.70614496407450   -2.80873988860337
   1.34350834154408   -1.70423220671157   -2.80714495440490
   1.33581448065207   -1.69447259069680   -2.79840546350890
   1.33317154089602   -1.69112003759877   -2.79532654671676
   1.32752286367394   -1.68395472470155   -2.79015719442293
   1.32064871797108   -1.67523491244718   -2.78262044852200
   1.31958693953419   -1.67388805292083   -2.78111760497742
   1.31161457312539   -1.66377515434220   -2.77374824883728
   1.30803027021678   -1.65922848777782   -2.76995334239127
   1.30356484265402   -1.65356411991803   -2.76503242355683
   1.29595152531616   -1.64390667291463   -2.75726770957080
   1.29540498097754   -1.64321338472619   -2.75659443413843
   1.28750130984967   -1.63318762569599   -2.74904620240222
   1.28305988884378   -1.62755371000842   -2.74405381013804
   1.27958101275101   -1.62314077672240   -2.73996768229112
   1.27172128587749   -1.61317076071311   -2.73233057104172
   1.27020766218045   -1.61125073820668   -2.73075169243501
   1.26352980014701   -1.60277991059999   -2.72396033447541
   1.25802408445180   -1.59579594353509   -2.71830826010588
   1.25557543760884   -1.59268984982239   -2.71576643726244
   1.24761591566024   -1.58259324436384   -2.70758568283948
   1.24555721970090   -1.57998180098887   -2.70531761415427
   1.23961516585599   -1.57244434161971   -2.69952025781140
   1.23358151065236   -1.56479068648096   -2.69234677231782
   1.23155109641711   -1.56221511830198   -2.69001586875533
   1.22364018060925   -1.55218016943903   -2.68329778652081
   1.22009738547162   -1.54768615523113   -2.67939741598893
   1.21549879963323   -1.54185287690396   -2.67398542509306
   1.20792245430368   -1.53224232866951   -2.66655715647487
   1.20736920738984   -1.53154053830492   -2.66587074095605
   1.19946372186360   -1.52151247772137   -2.65803728316354
   1.19548994830832   -1.51647176999692   -2.65379885512741
   1.19160714925006   -1.51154646287180   -2.64951860379706
   1.18363844179000   -1.50143820564752   -2.64136750706152
   1.18309658024152   -1.50075085755004   -2.64066903558318
   1.17553887132161   -1.49116394948853   -2.63275887290495
   1.17020217267627   -1.48439437952929   -2.62751445956753
   1.16774722924391   -1.48128029863101   -2.62497459603854
   1.15955958987971   -1.47089432761027   -2.61658216150919
   1.15801784646928   -1.46893863541744   -2.61501618756205
   1.15138381417009   -1.46052340556361   -2.60738486761018
   1.14464945273382   -1.45198090880609   -2.60181623778494
   1.14368233421891   -1.45075412481834   -2.60092703002000
   1.13540146760366   -1.44024989559341   -2.59203799792832
   1.13332414953077   -1.43761483018003   -2.58953248553074
   1.12764950474494   -1.43041657758522   -2.58407272287162
   1.11968535602543   -1.42031410309575   -2.57670950416963
   1.11913896313551   -1.41962100701907   -2.57603637884342
   1.11156840077977   -1.41001779445193   -2.56816121462960
   1.10702545516462   -1.40425509541146   -2.56341868368186
   1.10346241213305   -1.39973539687255   -2.55957671423118
   1.09567882281623   -1.38986196089350   -2.55254565507805
   1.09363636868218   -1.38727112017570   -2.55022353290357
   1.08747892440868   -1.37946043935040   -2.54342127405424
   1.08116353022612   -1.37144940002062   -2.53726168750958
   1.07967331366921   -1.36955906932991   -2.53562621829100
   1.07149799301919   -1.35918872452360   -2.52726392160140
   1.06899327755407   -1.35601150810274   -2.52474216958744
   1.06368191946160   -1.34927408248158   -2.51947802317610
   1.05572045991403   -1.33917501919046   -2.51211694596859
   1.05517411587108   -1.33848198507586   -2.51144386969024
   1.04760341947916   -1.32887860248463   -2.50356881268338
   1.04263234618420   -1.32257282607133   -2.49864300035941
   1.03960816565207   -1.31873667135431   -2.49549511793333
   1.03157606075381   -1.30854799486305   -2.48666637382433
   1.03062033172856   -1.30733565837406   -2.48575610774634
   1.02353899302206   -1.29835302304753   -2.47881054215153
   1.01761817344831   -1.29084249922292   -2.47285939699430
   1.01570967013441   -1.28842157431045   -2.47103529560327
   1.00753706139572   -1.27805466954727   -2.46267521651454
   1.00502965923925   -1.27487404507468   -2.46015124262553
   0.99971954664783   -1.26813819936407   -2.45488832533374
   0.99209391173328   -1.25846512758912   -2.44720183631460
   0.99154853129925   -1.25777331580661   -2.44652616885636
   0.98372972739176   -1.24785521033226   -2.43874165081131
   0.97923267928683   -1.24215073200594   -2.43389789613482
   0.97576878464178   -1.23775680259575   -2.43058504384116
   0.96767057614862   -1.22748427409412   -2.42281005278091
   0.96611888729716   -1.22551596616949   -2.42123540936658
   0.95956622141401   -1.21720394912235   -2.41422464688560
   0.95371693018894   -1.20978415857551   -2.40812472837024
   0.95183804013925   -1.20740079790960   -2.40625157160582
   0.94364716294275   -1.19701071971816   -2.39882984568343
   0.94018210399000   -1.19261531339069   -2.39527004713775
   0.93576204180890   -1.18700849124321   -2.39030336012219
   0.92907155805688   -1.17852165306283   -2.38281188308831
   0.92756249663968   -1.17660741778079   -2.38122670233715
   0.91977338599909   -1.16672697803594   -2.37415782786414
   0.91527666532881   -1.16102291505851   -2.36931440146261
   0.91170749391569   -1.15649544270465   -2.36550073082849
   0.90380122659066   -1.14646639041406   -2.35797870550105
   0.90271790713801   -1.14509220623949   -2.35658217802861
   0.89581091285788   -1.13633072576349   -2.34989807323031
   0.88937257632834   -1.12816373481002   -2.34329577805887
   0.88788253046108   -1.12627362063810   -2.34166840817532
   0.87976416447003   -1.11597552247228   -2.33396625649683
   0.87670139390040   -1.11209041652605   -2.33079214132741
   0.87188374601683   -1.10597925931929   -2.32554732944904
   0.86434135959437   -1.09641178775313   -2.31759605668504
   0.86379774907132   -1.09572222109199   -2.31690768716875
   0.85578404139504   -1.08555688136557   -2.30975047075637
   0.85039395398870   -1.07871958808585   -2.30456971684709
   0.84794289989671   -1.07561044079231   -2.30203369564034
   0.83985118857190   -1.06534615390944   -2.29340110990575
   0.83789911503960   -1.06286996043840   -2.29166962371834
   0.83176555046938   -1.05508957087230   -2.28559432950207
   0.82588041198564   -1.04762430829460   -2.27880388947407
   0.82398449562749   -1.04521934985938   -2.27693952400786
   0.81581845689507   -1.03486077910942   -2.26939215965759
   0.81318118137861   -1.03151541106506   -2.26629246308100
   0.80784611702998   -1.02474791420132   -2.26036398176715
   0.80074745624137   -1.01574330591838   -2.25352287784427
   0.79971431155539   -1.01443276813191   -2.25201926943376
   0.79187368835328   -1.00448698501428   -2.24500316428124
   0.78695471000656   -0.99824729072778   -2.23997384436467
   0.78392010711470   -0.99439791531046   -2.23685306318666
   0.77574755116787   -0.98403107751344   -2.22849366442088
   0.77523165545427   -0.98337666692049   -2.22773378890446
   0.76789425387869   -0.97406921739300   -2.22078846944517
   0.76154574260100   -0.96601616922832   -2.21398903295374
   0.76003995459912   -0.96410608625382   -2.21236751015979
   0.75187668675835   -0.95375103036316   -2.20482219516653
   0.74843857684652   -0.94938980873112   -2.20131886213886
   0.74394426921747   -0.94368880668190   -2.19652180410431
   0.73630895850692   -0.93400346121823   -2.18887181859362
   0.73579021578867   -0.93334543921710   -2.18812020410574
   0.72801849077955   -0.92348705304063   -2.18021421614420
   0.72358085647477   -0.91785794076053   -2.17524024077375
   0.71998522597067   -0.91329690520978   -2.17146290981433
   0.71198978368928   -0.90315473502630   -2.16420512430532
   0.71045789619063   -0.90121154499798   -2.16268678822090
   0.70397457873510   -0.89298749601191   -2.15617946986456
   0.69801556098986   -0.88542851803777   -2.14961042625457
   0.69609903082263   -0.88299741111039   -2.14779935177315
   0.68801280968076   -0.87274008849136   -2.13999292421787
   0.68500444078857   -0.86892399074399   -2.13673228490772
   0.68010088934885   -0.86270386539574   -2.13169627224477
   0.67294506435153   -0.85362674465974   -2.12406237182398
   0.67196802129798   -0.85238737145473   -2.12319588495869
   0.66392978784562   -0.84219092092966   -2.11528102463709
   0.65954386708048   -0.83662740696185   -2.11088119496529
   0.65601625046049   -0.83215264661180   -2.10695602239408
   0.64794569248843   -0.82191519262896   -2.09914018018462
   0.64695998673547   -0.82066483084214   -2.09829474842957
   0.64002355242822   -0.81186600586978   -2.09082846505751
   0.63324907433206   -0.80327262137179   -2.08462541449598
   0.63227136817089   -0.80203240701878   -2.08374484051592
   0.62394403037720   -0.79146922938503   -2.07508025098057
   0.62183755181536   -0.78879717406774   -2.07259389333933
   0.61595737249902   -0.78133820216390   -2.06688089877176
   0.60854320877022   -0.77193338030926   -2.05937060998595
   0.60800535660876   -0.77125111809498   -2.05865682003292
   0.60010102676628   -0.76122452348929   -2.05121913528946
   0.59597893439439   -0.75599567424289   -2.04664444950239
   0.59199783203130   -0.75094566997005   -2.04265427432769
   0.58408800038834   -0.74091209636372   -2.03512972789852
   0.58257553246240   -0.73899353994594   -2.03355201782065
   0.57599684809688   -0.73064851861126   -2.02651934157422
   0.56972490244984   -0.72269259348604   -2.02028705850477
   0.56826108657745   -0.72083575190398   -2.01860237721239
   0.56007186217820   -0.71044777027586   -2.01032810529556
   0.55751799837951   -0.70720820949109   -2.00790762169108
   0.55220085305588   -0.70046344280220   -2.00262959312618
   0.54431783652379   -0.69046388400185   -1.99509279094998
   0.54377437762900   -0.68977450968024   -1.99440459796919
   0.53616857367596   -0.68012659336005   -1.98666036904532
   0.53119888234034   -0.67382256995380   -1.98171090699810
   0.52817286302861   -0.66998408275598   -1.97859826921364
   0.52023950295793   -0.65992066348137   -1.97033873571528
   0.51916782679915   -0.65856124875466   -1.96889625285922
   0.51210819598918   -0.64960614976359   -1.96192456112486
   0.50614846880736   -0.64204627187344   -1.95607397527908
   0.50410760085118   -0.63945744321268   -1.95370160205338
   0.49611561879883   -0.62931966230883   -1.94578377443829
   0.49406234363144   -0.62671509517567   -1.94340286299167
   0.48815029921098   -0.61921570257995   -1.93753440684818
   0.48112274920024   -0.61030129788871   -1.93055987592635
   0.48012399991220   -0.60903439045653   -1.92975237130261
   0.47218469722997   -0.59896343301509   -1.92218131784057
   0.46773554865628   -0.59331971495451   -1.91719329926418
   0.46432742678819   -0.58899653297462   -1.91379356045396
   0.45625648293347   -0.57875858950196   -1.90596628456018
   0.45517316943281   -0.57738441287744   -1.90459567650720
   0.44817246905223   -0.56850406677970   -1.89734834219145
   0.44227124477704   -0.56101839947283   -1.89136052147654
   0.44039198234336   -0.55863456644008   -1.88948033832305
   0.43231522093734   -0.54838924343877   -1.88170368475076
   0.42923151829555   -0.54447758528560   -1.87860648259423
   0.42433622012973   -0.53826792916538   -1.87351380053708
   0.41725779950058   -0.52928899540231   -1.86568066853615
   0.41629130951838   -0.52806300870450   -1.86479210931674
   0.40838949987130   -0.51803961095144   -1.85730894088726
   0.40381974175608   -0.51224290041677   -1.85270507709691
   0.40023462921121   -0.50769520683369   -1.84891225223779
   0.39237750054887   -0.49772848663957   -1.84122637532100
   0.39088646657004   -0.49583711905408   -1.83959545309254
   0.38425567356717   -0.48742599822804   -1.83276698159757
   0.37786544304531   -0.47932002945441   -1.82677742058849
   0.37636406649336   -0.47741554237746   -1.82513601272331
   0.36828060789788   -0.46716172403184   -1.81662131194314
   0.36574113117144   -0.46394041316121   -1.81409330357695
   0.36043837620866   -0.45721390055803   -1.80890571812351
   0.35285435432644   -0.44759361466294   -1.80109925394064
   0.35231424207950   -0.44690848554390   -1.80040228051965
   0.34438496287666   -0.43685024282546   -1.79300204182459
   0.33987452771114   -0.43112878309376   -1.78808235332204
   0.33647138332466   -0.42681191501918   -1.78468887496531
   0.32840375020317   -0.41657817119160   -1.77686495362766
   0.32687221472451   -0.41463542769851   -1.77534705981509
   0.32038318678958   -0.40640413500386   -1.76883520790847
   0.31488215050303   -0.39942610374054   -1.76227848716900
   0.31259336867958   -0.39652279783834   -1.76024017521008
   0.30442201296602   -0.38615748252995   -1.75283378801367
   0.30131340407989   -0.38221423095644   -1.74951317014146
   0.29647932409019   -0.37608222972243   -1.74440881135630
   0.28938821072271   -0.36708719529754   -1.73665938839596
   0.28839886223745   -0.36583221272683   -1.73582684383023
   0.28053643394351   -0.35585876998208   -1.72820879651108
   0.27552945774672   -0.34950745095491   -1.72343691753677
   0.27246503171669   -0.34562024506718   -1.72039315153065
   0.26439624151618   -0.33538503349186   -1.71167700216791
   0.26340703211875   -0.33413022735323   -1.71084512592110
   0.25642909942884   -0.32527876193341   -1.70360635783973
   0.25007210376510   -0.31721495137634   -1.69751044122522
   0.24860257295865   -0.31535086043498   -1.69581699300957
   0.24048149431409   -0.30504932128459   -1.68755976754707
   0.23786555309625   -0.30173101566902   -1.68499728637606
   0.23255303306826   -0.29499211613967   -1.67985991681081
   0.22468139637048   -0.28500699259033   -1.67233629479421
   0.22413801956630   -0.28431772240017   -1.67164823190317
   0.21661196601455   -0.27477096898174   -1.66366232102693
   0.21211972766055   -0.26907259179539   -1.65877791663017
   0.20855172105443   -0.26454659699218   -1.65502975141682
   0.20051112336434   -0.25434714744584   -1.64709962351421
   0.19951685452998   -0.25308592344204   -1.64627967410743
   0.19254206528250   -0.24423844545995   -1.63972176344289
   0.18655927446243   -0.23664931148415   -1.63315452481697
   0.18467538524036   -0.23425960939831   -1.63126709810437
   0.17662439270275   -0.22404697405076   -1.62351969443155
   0.17354693030798   -0.22014323161319   -1.62035597048105
   0.16862779602556   -0.21390333952319   -1.61531319575272
   0.16109177511570   -0.20434394257128   -1.60743392723746
   0.16057420550164   -0.20368740864571   -1.60667636667209
   0.15261965362345   -0.19359710769143   -1.59935519192196
   0.14763284684911   -0.18727137345468   -1.59440429552694
   0.14462672210329   -0.18345812239340   -1.59128589126170
   0.13660176109501   -0.17327850788338   -1.58332764233974
   0.13504007247539   -0.17129751531332   -1.58167280937071
   0.12860447604690   -0.16313400016148   -1.57525403969098
   0.12123290681503   -0.15378320916861   -1.56840742320748
   0.12069762156448   -0.15310420306529   -1.56768463623547
   0.11266344761392   -0.14291290199370   -1.55911225463859
   0.11004619367528   -0.13959293119973   -1.55583068215375
   0.10470333345952   -0.13281554532568   -1.55076848660078
   0.09683611312334   -0.12283602390432   -1.54325036922106
   0.09629275138158   -0.12214677282075   -1.54256234729365
   0.08883414356841   -0.11268557391384   -1.53606776849793
   0.08229752973346   -0.10439391879277   -1.52966568201025
   0.08078940876142   -0.10248087645973   -1.52809974647709
   0.07288502368389   -0.09245421178872   -1.52227980252369
   0.06583088115484   -0.08350607464881   -1.51684080495514
   0.06482481115890   -0.08222988094293   -1.51605964171406
   0.05690469898024   -0.07218326653922   -1.51017855805403
   0.04979297363593   -0.06316208594638   -1.50428569786237
   0.04878949872345   -0.06188918408817   -1.50349945693163
   0.04087409858461   -0.05184854687850   -1.49818487264668
   0.03293415698285   -0.04177677897151   -1.49243015302681
   0.03137314530755   -0.03979664510122   -1.49104957509451
   0.02485817711908   -0.03153244735182   -1.48630616095210
   0.01686228259226   -0.02138970349777   -1.48066775916985
   0.01383695992845   -0.01755209999361   -1.47826506489202
   0.00884377048366   -0.01121826937799   -1.47422905352412
   0.00094051871489   -0.00119304230228   -1.46829975797234
  -0.00399004359045    0.00506134616568   -1.46489287550339
  -0.00692776021614    0.00878782194024   -1.46305910049222
  -0.01505875369722    0.01910193800081   -1.45720755293329
  -0.02063283100087    0.02617262135262   -1.45237023821534
  -0.02303056147335    0.02921412795728   -1.45055127168804
  -0.03098705672578    0.03930689407002   -1.44483314965872
  -0.03849788051613    0.04883432862823   -1.43923999007981
  -0.03904827467551    0.04953250029103   -1.43861243958316
  -0.04705133823728    0.05968433802257   -1.43304316611943
  -0.05495622066220    0.06971163357574   -1.42702202625403
  -0.05639234157429    0.07153334426813   -1.42602673772546
  -0.06299809775600    0.07991270603794   -1.42090634927277
  -0.07087309821841    0.08990209650238   -1.41553863363182
  -0.07388371902049    0.09372105078383   -1.41323487542063
  -0.07894115704923    0.10013638033967   -1.40936581797153
  -0.08685375762614    0.11017346632197   -1.40343778610716
  -0.09087620416443    0.11527591543103   -1.40034850019920
  -0.09491763601065    0.12040244728839   -1.39725728375407
  -0.10294502229568    0.13058513824730   -1.39185348804000
  -0.11073747311500    0.14046981498868   -1.38855045180472
  -0.11880685285703    0.15070577439385   -1.38935633994574
  -0.12677379752641    0.16081179552881   -1.39278527008347
  -0.13486899571504    0.17108050547736   -1.39798498622769
  -0.13694417684195    0.17371286018770   -1.39946456782303
  -0.14293600346274    0.18131345602207   -1.40430669868214
  -0.15079427590888    0.19128162709902   -1.40954667955083
  -0.15529739254746    0.19699380332358   -1.41273669109787
  -0.15888044165144    0.20153887944435   -1.41565478150361
  -0.16686610748561    0.21166864826364   -1.42130916361915
  -0.17236961086410    0.21864980901817   -1.42532495716440
  -0.17494772223503    0.22192012770171   -1.42734691004100
  -0.18284597329314    0.23193901140618   -1.43260333978838
  -0.19035431323954    0.24146329522335   -1.43822020898465
  -0.19091997435705    0.24218083293021   -1.43879826196302
  -0.19873407508817    0.25209297245378   -1.44423605946264
  -0.20682621256290    0.26235779990526   -1.44929985927401
  -0.20941865964018    0.26564630334559   -1.45087601933226
  -0.21491679403978    0.27262065358288   -1.45582905461246
  -0.22279605604283    0.28261544978583   -1.46164603898621
  -0.22628650832014    0.28704306739195   -1.46407606720818
  -0.23079011731001    0.29275586816113   -1.46728578139790
  -0.23877610561934    0.30288604603821   -1.47294054085262
  -0.24515498279518    0.31097761316107   -1.47739441175948
  -0.24660302366874    0.31281444425251   -1.47836238462000
  -0.25476510808033    0.32316799897040   -1.48401338121737
  -0.26230403383363    0.33273108069867   -1.48978801036705
  -0.26286757624758    0.33344593084288   -1.49040103905287
  -0.27073660001630    0.34342773990750   -1.49633670788739
  -0.27869311417967    0.35352053000867   -1.50125073051621
  -0.28026735044445    0.35551743919074   -1.50253799543806
  -0.28693482199384    0.36397508653125   -1.50787630030711
  -0.29467403180861    0.37379222738031   -1.51427153737835
  -0.29664062495003    0.37628683888771   -1.51595717369802
  -0.30286795509916    0.38418616952363   -1.52165576509348
  -0.31060759475978    0.39400385562955   -1.52812495978069
  -0.31115116479476    0.39469337093182   -1.52881319723076
  -0.31884625312652    0.40445454394650   -1.53618617614127
  -0.32471725579936    0.41190187533354   -1.54152237469264
  -0.32676467770193    0.41449901763568   -1.54378616761473
  -0.33473220461709    0.42460577734589   -1.55107697506111
  -0.33823332766598    0.42904693076123   -1.55429671965819
  -0.34278857203856    0.43482523070112   -1.55906212881465
  -0.35071304502077    0.44487737675774   -1.56640607302949
  -0.35126613089354    0.44557896284270   -1.56705919570429
  -0.35872593425762    0.45504167829871   -1.57444392590268
  -0.36433446420308    0.46215606461832   -1.57968937949718
  -0.36693969822121    0.46546078821580   -1.58202169114023
  -0.37449659035261    0.47504666018603   -1.58872040578224
  -0.37858777314222    0.48023630081423   -1.59332528698305
  -0.38263942266211    0.48537579372885   -1.59712242669004
  -0.39070240019119    0.49560363196561   -1.60508351637242
  -0.39167308511321    0.49683493991921   -1.60596277640610
  -0.39870347397851    0.50575294568030   -1.61313890567485
  -0.40509724906883    0.51386341071757   -1.61900693328810
  -0.40661192692482    0.51578477041825   -1.62052080792358
  -0.41477589051475    0.52614070886252   -1.62813482624722
  -0.41828401104042    0.53059073853483   -1.63131632545720
  -0.42271649085689    0.53621331237768   -1.63568405560229
  -0.43086515497786    0.54654984353809   -1.64301487373878
  -0.43186380797374    0.54781662882426   -1.64382228376655
  -0.43866960171710    0.55644973703134   -1.65104257716834
  -0.44564095017357    0.56529285039086   -1.65743624904864
  -0.44663285365359    0.56655107395697   -1.65826402100873
  -0.45462678031674    0.57669132158786   -1.66640169539487
  -0.45782101774342    0.58074319244724   -1.66992641537326
  -0.46276808132742    0.58701851268739   -1.67488914808327
  -0.47057327104800    0.59691934864797   -1.68178295289423
  -0.47210499370192    0.59886232957176   -1.68330098285032
  -0.47862269049078    0.60712998853426   -1.68977026533932
  -0.48551694599637    0.61587530995177   -1.69644239946058
  -0.48649001966894    0.61710964802100   -1.69731672712451
  -0.49478269123672    0.62762885175683   -1.70518111469973
  -0.49909888879726    0.63310392226123   -1.70913446446338
  -0.50250339900643    0.63742252287363   -1.71259816266763
  -0.51049568735896    0.64756069231740   -1.71976640028668
  -0.51303930273822    0.65078725304411   -1.72218621816945
  -0.51846117313883    0.65766486285985   -1.72797126692252
  -0.52599598038487    0.66722272028655   -1.73506438382163
  -0.52654396439824    0.66791783469372   -1.73572481206785
  -0.53450190136364    0.67801242961066   -1.74310613227923
  -0.53908323768847    0.68382382703420   -1.74773709949738
  -0.54254945992433    0.68822070897926   -1.75109140463498
  -0.55048446167778    0.69828621071853   -1.75843739622268
  -0.55300153268371    0.70147910006818   -1.76082533782306
  -0.55865216262775    0.70864688998140   -1.76690463719170
  -0.56593729301549    0.71788803382321   -1.77388509285813
  -0.56647743115078    0.71857319578147   -1.77459013924220
  -0.57462210987346    0.72890467148824   -1.78195541197223
  -0.57879673713365    0.73420016092276   -1.78584835410965
  -0.58275527021128    0.73922153619348   -1.79018992801004
  -0.59044173655888    0.74897177227339   -1.79716990884223
  -0.59295835794026    0.75216409127702   -1.79955742282749
  -0.59847163121878    0.75915764509065   -1.80517628329871
  -0.60606429205711    0.76878888944932   -1.81201873260988
  -0.60664523678815    0.76952581432753   -1.81256324766338
  -0.61447044891884    0.77945204859425   -1.82048495557994
  -0.61902101695755    0.78522441663291   -1.82508272136175
  -0.62272326263830    0.78992069289052   -1.82861947602888
  -0.63031916718397    0.79955605187233   -1.83533187961778
  -0.63334952734413    0.80340004541014   -1.83846865390284
  -0.63848889774280    0.80991930568178   -1.84367896544160
  -0.64608157018417    0.81955056475883   -1.85067096739513
  -0.64665802240474    0.82028179091466   -1.85125752880799
  -0.65450645111107    0.83023747526720   -1.85897043750001
  -0.65990690642816    0.83708792017900   -1.86408327834475
  -0.66249731031025    0.84037383183860   -1.86704322937783
  -0.67046663751548    0.85048287520588   -1.87433249120030
  -0.67259924449633    0.85318807426468   -1.87664318919806
  -0.67844906353177    0.86060853433577   -1.88241456318998
  -0.68603547946503    0.87023185707014   -1.88942454872684
  -0.68661121660709    0.87096217615320   -1.89001323812487
  -0.69427178661209    0.88067956287913   -1.89742473146369
  -0.69938086049885    0.88716039220861   -1.90273115965844
  -0.70245676408145    0.89106215730236   -1.90578096917788
  -0.71032055126539    0.90103732379088   -1.91256825644990
  -0.71338346682102    0.90492261365096   -1.91561413093025
  -0.71836329038416    0.91123948972654   -1.92054838163335
  -0.72630527217264    0.92131384559804   -1.92790183223044
  -0.72685163101465    0.92200689848516   -1.92857485724363
  -0.73431529187722    0.93147450715467   -1.93593719724140
  -0.74110957756385    0.94009301746139   -1.94210284001448
  -0.74208677449908    0.94133258586436   -1.94298644343209
  -0.75028290875934    0.95172933260939   -1.95130615480910
  -0.75378366621777    0.95617002227544   -1.95452573655882
  -0.75813706295911    0.96169227971573   -1.95890445146818
  -0.76630978440337    0.97205932744525   -1.96643941613902
  -0.76686111601578    0.97275868826154   -1.96705608673949
  -0.77435023513880    0.98225859058049   -1.97455942899128
  -0.77979004878419    0.98915896129373   -1.98029304141709
  -0.78227084775566    0.99230583978702   -1.98274618922074
  -0.79032066215700    1.00251698067584   -1.98978837519173
  -0.79341360418678    1.00644035893680   -1.99285126862519
  -0.79838020913319    1.01274046727700   -1.99776830055395
  -0.80626056954510    1.02273665680496   -2.00532198158051
  -0.80723154463567    1.02396833283562   -2.00620155608804
  -0.81447965619462    1.03316251851697   -2.01354460345071
  -0.82074329716406    1.04110790920887   -2.01905102255871
  -0.82225920581470    1.04303083016512   -2.02062022089191
  -0.83028665790780    1.05321360460117   -2.02772287238958
  -0.83429442229040    1.05829742948452   -2.03185958322015
  -0.83823249369386    1.06329284924529   -2.03599162153948
  -0.84611317023427    1.07328943978035   -2.04354561008309
  -0.84762599224176    1.07520844534842   -2.04512359494123
  -0.85419561778883    1.08354197562669   -2.05137714074032
  -0.86070920971019    1.09180442758958   -2.05779247978487
  -0.86222518222541    1.09372742955767   -2.05936174142736
  -0.87017883135777    1.10381658538433   -2.06672180673406
  -0.87426431574404    1.10899899762234   -2.07042182024935
  -0.87859736099100    1.11449543931509   -2.07476982710009
  -0.88622055326622    1.12416541261682   -2.08275240377890
  -0.88717592301574    1.12537729336672   -2.08366221972672
  -0.89427782671901    1.13438601526729   -2.08962347001764
  -0.90085304138060    1.14272663530352   -2.09611844752069
  -0.90235189303419    1.14462791956217   -2.09773275070663
  -0.91017336412462    1.15454940834195   -2.10540563730156
  -0.91417030788442    1.15961950733071   -2.10944149479039
  -0.91827988945258    1.16483248669825   -2.11399453017541
  -0.92631846927089    1.17502937658643   -2.12101361589172
  -0.92731757478955    1.17629673589501   -2.12182121426934
  -0.93417290800398    1.18499268462156   -2.12877734406137
  -0.94072473961937    1.19330364340509   -2.13502817894548
  -0.94226524877590    1.19525776995430   -2.13651701491387
  -0.95003042365756    1.20510784733369   -2.14363352554488
  -0.95461205927263    1.21091962440510   -2.14825505810689
  -0.95822355201030    1.21550078110321   -2.15197073845968
  -0.96624401596727    1.22567469113084   -2.16000495474326
  -0.96721515772007    1.22690657857153   -2.16088468551069
  -0.97421799021517    1.23578962924365   -2.16729927703424
  -0.98193295219076    1.24557601185534   -2.17370901474581
  -0.98247683902314    1.24626592901320   -2.17439761865880
  -0.99011460602245    1.25595439026430   -2.18289751157660
  -0.99454119575743    1.26156949257440   -2.18711501328567
  -0.99799663100162    1.26595269128576   -2.19045277271906
  -1.00607978002824    1.27620611694517   -2.19829727626132
  -1.00805711090173    1.27871434920077   -2.19998083687180
  -1.01399980642473    1.28625262253470   -2.20574232056056
  -1.02166330878362    1.29597372893380   -2.21248685504574
  -1.02221480518279    1.29667329878111   -2.21310368824958
  -1.03022019767153    1.30682809074243   -2.22132917575549
  -1.03467045725348    1.31247321811028   -2.22542421765790
  -1.03818353777033    1.31692953950141   -2.22863940805275
  -1.04607768783571    1.32694322112141   -2.23617744916236
  -1.04856663181088    1.33010043150263   -2.23862360332019
  -1.05419085647202    1.33723472647417   -2.24475991815828
  -1.06155898578962    1.34658115395659   -2.25154055194431
  -1.06210293135729    1.34727114561981   -2.25222921466075
  -1.07012071729393    1.35744165859484   -2.25939970789640
  -1.07470930377440    1.36326225279697   -2.26405719932502
  -1.07813040785385    1.36760190263346   -2.26752089510177
  -1.08617982129668    1.37781253490883   -2.27446173182852
  -1.08919256046703    1.38163417632762   -2.27698824095514
  -1.09415258953796    1.38792594320954   -2.28281287708425
  -1.10185920442989    1.39770173759609   -2.28996009732079
  -1.10240318108997    1.39839176869984   -2.29064879056953
  -1.11009996259962    1.40815508950043   -2.29815330127248
  -1.11471430833374    1.41400835916004   -2.30270107398817
  -1.11834573226229    1.41861479845326   -2.30655647978725
  -1.12603250704929    1.42836542578668   -2.31368181558487
  -1.12852231859501    1.43152373667590   -2.31612875766428
  -1.13421231127430    1.43874145798075   -2.32202393124067
  -1.14167049109021    1.44820211397572   -2.32860763225272
  -1.14221712942417    1.44889552139669   -2.32928094021901
  -1.15012223589621    1.45892310115227   -2.33682451284536
  -1.15504638430777    1.46516935363476   -2.34187196416771
  -1.15807806733508    1.46901502522154   -2.34498307107280
  -1.16609916959879    1.47918974493741   -2.35219521293886
  -1.16860407315210    1.48236719994699   -2.35463366065222
  -1.17403738828389    1.48925932733503   -2.36044216151559
  -1.18161838242723    1.49887577256166   -2.36743033582214
  -1.18216834000879    1.49957339042813   -2.36807638682054
  -1.19010457843813    1.50964046088329   -2.37558113419456
  -1.19516314443867    1.51605722126454   -2.38018853406195
  -1.19844290600113    1.52021757897297   -2.38318731188639
  -1.20592243162369    1.52970531199459   -2.39134128519804
  -1.20843940076778    1.53289807213311   -2.39388103671527
  -1.21413490751990    1.54012278800599   -2.39879357958504
  -1.22167287726161    1.54968465703933   -2.40606475307687
  -1.22221496389026    1.55037229064964   -2.40676340564471
  -1.22997859697702    1.56022041227153   -2.41382907769560
  -1.23557108058391    1.56731444390769   -2.41921196382242
  -1.23811373960684    1.57053979150217   -2.42155905615014
  -1.24617579046968    1.58076645426842   -2.42940652409514
  -1.24868091368961    1.58394418792377   -2.43191154365601
  -1.25399274159189    1.59068220949584   -2.43718076797964
  -1.26162446986896    1.60036301066430   -2.44488351746650
  -1.26217121103999    1.60105654853347   -2.44555692414710
  -1.26997939547867    1.61096118327586   -2.45254643462128
  -1.27558768789639    1.61807526829296   -2.45787178520911
  -1.27813706548262    1.62130913834436   -2.46013314716913
  -1.28596885097991    1.63124371088687   -2.46790753085240
  -1.28857556396555    1.63455031054570   -2.47084664581520
  -1.29409626878927    1.64155329122947   -2.47647033533736
  -1.30203121140698    1.65161871795543   -2.48306824703888
  -1.30303091816233    1.65288683992910   -2.48387589536947
  -1.31020736502531    1.66199011937699   -2.49153484036853
  -1.31516502173882    1.66827887693786   -2.49644956372143
  -1.31820558700844    1.67213581559531   -2.49961052336539
  -1.32615530289525    1.68221998212377   -2.50693276819037
  -1.32909905418151    1.68595411282878   -2.50953892800894
  -1.33387945374322    1.69201802076451   -2.51408249901040
  -1.34209753521569    1.70244260741551   -2.52155864351530
  -1.34310880270585    1.70372539411139   -2.52232403699741
  -1.35011658396174    1.71261472225664   -2.53052529517014
  -1.35598656599820    1.72006075897261   -2.53567206129865
  -1.35808906549738    1.72272776687298   -2.53788834767303
  -1.36592060870752    1.73266203207571   -2.54477103337590
  -1.36952155709845    1.73722981333375   -2.54848643122618
  -1.37417607127947    1.74313403642534   -2.55374078813021
  -1.38194972020899    1.75299486308321   -2.56078258551451
  -1.38249195458537    1.75368268411061   -2.56148138031800
  -1.39004218989881    1.76326011194752   -2.56861297416354
  -1.39601421198478    1.77083558584922   -2.57434302993158
  -1.39807621792528    1.77345122791527   -2.57661476767633
  -1.40611806780366    1.78365226585489   -2.58370226332791
  -1.40963867216463    1.78811813119679   -2.58692882571451
  -1.41413930024086    1.79382715069504   -2.59186088797898
  -1.42194627902724    1.80373025607478   -2.59955174818253
  -1.42248855288328    1.80441812718190   -2.60025058080108
  -1.43005007065840    1.81400986675320   -2.60816633555204
  -1.43502159659212    1.82031621733605   -2.61308816003886
  -1.43805005811323    1.82415780246169   -2.61624357548530
  -1.44603722604015    1.83428947667655   -2.62354558941020
  -1.44853489054391    1.83745774899556   -2.62597802124838
  -1.45428596086873    1.84475294692441   -2.63257340497641
  -1.46138836794764    1.85376230735395   -2.63923360286293
  -1.46192231140235    1.85443961139735   -2.63996492986867
  -1.47003847413564    1.86473491474402   -2.64777837953559
  -1.47439468639189    1.87026074364795   -2.65212869749917
  -1.47794736983525    1.87476730111188   -2.65609352878210
  -1.48593259775014    1.88489651443321   -2.66343304235534
  -1.48746619144997    1.88684186876741   -2.66495283933386
  -1.49405781218819    1.89520329981263   -2.67196694418031
  -1.49915309352467    1.90166663337549   -2.67737375121339
  -1.50219207523293    1.90552156329492   -2.68053337067819
  -1.50995006936178    1.91536253193281   -2.68759790284626
  -1.51299953522149    1.91923076093495   -2.69071454539034
  -1.51819395749832    1.92581985418112   -2.69668958379598
  -1.52539316949841    1.93495201106776   -2.70385597400107
  -1.52592718059214    1.93562940091086   -2.70458736757340
  -1.53410730993453    1.94600584551435   -2.71218920234205
  -1.53849941129921    1.95157719953529   -2.71653444276433
  -1.54198024222075    1.95599261250979   -2.72062956894767
  -1.55005021363555    1.96622932244829   -2.72856110512079
  -1.55103696048782    1.96748100486329   -2.72940738423272
  -1.55795605956078    1.97625784019579   -2.73607923542802
  -1.56359516398029    1.98341101005083   -2.74218182165932
  -1.56620247910964    1.98671837352532   -2.74516079881486
  -1.57407492135264    1.99670451890390   -2.75274415109760
  -1.57657461654025    1.99987536713309   -2.75517030518648
  -1.58209045348870    2.00687217294652   -2.76079046088846
  -1.58982258383561    2.01668033353342   -2.76790568509271
  -1.59033866975777    2.01733498540477   -2.76867529288624
  -1.59806302007120    2.02713327706625   -2.77703588381186
  -1.60248039222130    2.03273668692568   -2.78126800466248
  -1.60599473790807    2.03719461317720   -2.78526063841995
  -1.61396094090856    2.04729969350967   -2.79269390897781
  -1.61590718399057    2.04976849108977   -2.79438164016478
  -1.62199352709901    2.05748898051715   -2.80144078303591
  -1.62753355942255    2.06451647801758   -2.80703721766218
  -1.63001254863038    2.06766106083663   -2.80946605474202
  -1.63796975219889    2.07775472544405   -2.81693344682102
  -1.64057009220079    2.08105324101154   -2.81986384471019
  -1.64620138372743    2.08819650025923   -2.82599214518750
  -1.65385289320504    2.09790239376096   -2.83252056625078
  -1.65436819060383    2.09855604539518   -2.83329233131733
  -1.66208705565167    2.10834737903043   -2.84167514955749
  -1.66555884057963    2.11275131721677   -2.84573615739923
  -1.67015804570247    2.11858538110253   -2.85201235442870
  -1.67498713693438    2.12471105412747   -2.85876919551958
  -1.67791462569773    2.12842455592051   -2.86369224842489
  -1.68238294630469    2.13409259358936   -2.87182064871741
  -1.68595037943720    2.13861786094477   -2.87898265606560
  -1.68845702288834    2.14179752300424   -2.88456378890130
  -1.69345431369411    2.14813655617146   -2.89750498527524
  -1.69388728365688    2.14868577595095   -2.89838086031915
  -1.69813461107343    2.15407348509419   -2.91025440495138
  -1.70212991520276    2.15914150422162   -2.91915799147451
  -1.70409191701296    2.16163029165313   -2.92324569975249
  -1.70868496837817    2.16745654953455   -2.93606528216210
  -1.71011289256124    2.16926786272575   -2.93939322080210
  -1.71415349798841    2.17439334627555   -2.94902999129875
  -1.71810480770837    2.17940555876074   -2.95878025579660
  -1.71953066312670    2.18121424773638   -2.96209041004315
  -1.72449240469509    2.18750818691096   -2.97505624697341
  -1.72599437180839    2.18941342311141   -2.97836305140337
  -1.72969110635505    2.19410270852876   -2.98778674454238
  -1.73407402859698    2.19966241888800   -2.99762926200156
  -1.73555215265399    2.20153741031572   -3.00088817291906
  -1.73987234768325    2.20701755158502   -3.01347114078293
  -1.74215035171948    2.20990718592930   -3.01854548802998
  -1.74552001223632    2.21418157991772   -3.02676064213223
  -1.75008409989083    2.21997109750726   -3.03723630540541
  -1.75111799990153    2.22128259341859   -3.03962159604000
  -1.75605539783773    2.22754565284294   -3.05257042234936
  -1.75802534492091    2.23004451880518   -3.05749071570573
  -1.76105947917895    2.23389329976333   -3.06550324761969
  -1.76594265355866    2.24008757693420   -3.07776722831139
  -1.76641349300057    2.24068483391898   -3.07860516653278
  -1.77107439381183    2.24659715841241   -3.09135710299468
  -1.77432735949991    2.25072352571622   -3.09920289943668
  -1.77639927795294    2.25335174174446   -3.10397906140880
  -1.78111672420549    2.25933579378822   -3.11716213980705
  -1.78196930681062    2.26041728966705   -3.11899558758950
  -1.78669478408463    2.26641152901296   -3.13010372591196
  -1.79018982645425    2.27084496912342   -3.13816318435839
  -1.79187920142072    2.27298793105230   -3.14280672528038
  -1.79727675452268    2.27983469452177   -3.15585219843519
  -1.79825303403392    2.28107309917796   -3.15829723837993
  -1.80228008531134    2.28618138937077   -3.16878720913994
  -1.80637729530448    2.29137867547019   -3.18000660369905
  -1.80691508490103    2.29206085832127   -3.18158697331801
  -1.81230208452238    2.29889423476439   -3.19463741591232
  -1.81431700436272    2.30145014839713   -3.19948619910237
  -1.81779336411318    2.30585988971815   -3.20759183045495
  -1.82224129202228    2.31150205937309   -3.21974767192634
  -1.82265880764164    2.31203167541143   -3.22063130999987
  -1.82781126889537    2.31856754135353   -3.23345009072119
  -1.83048933851994    2.32196465647734   -3.24053635044309
  -1.83255022698963    2.32457888103842   -3.24614783280162
  -1.83820457987772    2.33175139348365   -3.25864406820818
  -1.83865216587426    2.33231915361360   -3.25951117709298
  -1.84336691520783    2.33829978463194   -3.27219813611301
  -1.84645849691360    2.34222143733013   -3.28100396981871
  -1.84797932271754    2.34415059566561   -3.28502808073967
  -1.85352003585031    2.35117895676842   -3.29792393254830
  -1.85453247100376    2.35246322463811   -3.30033661809775
  -1.85890828708076    2.35801392087011   -3.31097133453741
  -1.86238850893157    2.36242856124209   -3.32069378903406
  -1.86344468770672    2.36376831763138   -3.32387654941842
  -1.86888009800902    2.37066310273054   -3.33690439780127
  -1.87033261064368    2.37250560622388   -3.34018607732342
  -1.87392464139069    2.37706207550454   -3.34978021344836
  -1.87843676773795    2.38278568049007   -3.36030485288546
  -1.87946235803578    2.38408663558086   -3.36270222034052
  -1.88427183000292    2.39018742168708   -3.37579241304377
  -1.88624932639155    2.39269586389763   -3.38072042990733
  -1.88941242169422    2.39670823116102   -3.38864698545176
  -1.89434237518236    2.40296184734805   -3.40082663018102
  -1.89477569517192    2.40351151113440   -3.40170304105451
  -1.89979244988400    2.40987523414908   -3.41461577141152
  -1.90249497127624    2.41330336619230   -3.42171885944383
  -1.90463380848528    2.41601646825788   -3.42722540790323
  -1.91024676656426    2.42313647163807   -3.43975243345339
  -1.91072343564466    2.42374112348403   -3.44058512916923
  -1.91500216456080    2.42916866523958   -3.45324375702347
  -1.91851482795948    2.43362445751884   -3.46134732853639
  -1.92083597426268    2.43656881756789   -3.46634537216183
  -1.92552074047358    2.44251141517644   -3.47911558831462
  -1.92649603209614    2.44374856670182   -3.48156017931767
  -1.93052773862191    2.44886276204900   -3.49205593356922
  -1.93432338761166    2.45367751983925   -3.50114406390803
  -1.93582741871839    2.45558537420288   -3.50518517138712
  -1.94137338938171    2.46262040445139   -3.51813474736914
  -1.94244513643793    2.46397990911108   -3.52123898380363
  -1.94559494249000    2.46797541904046   -3.53080435145020
  -1.95043873709263    2.47411974320223   -3.54076842931233
  -1.95196395103933    2.47605446787027   -3.54397411874957
  -1.95594423062560    2.48110342845569   -3.55679991179933
  -1.95858478597145    2.48445295694378   -3.56324191223418
  -1.96157340535913    2.48824400256411   -3.56971073046192
  -1.96650192435435    2.49449579910553   -3.58189107282122
  -1.96694068528950    2.49505236469848   -3.58276233489581
  -1.97163649939489    2.50100897649439   -3.59550395262598
  -1.97446893111596    2.50460189900412   -3.60216083242219
  -1.97696863488265    2.50777275811583   -3.60861408457031
  -1.98249889626565    2.51478786123726   -3.62097840096220
  -1.98310512968155    2.51555686465928   -3.62244868967085
  -1.98706451158507    2.52057931666051   -3.63430993107754
  -1.99055566274646    2.52500782079684   -3.64259174391005
  -1.99264059670965    2.52765254692103   -3.64734580332748
  -1.99737028521642    2.53365212819024   -3.66001532215315
  -1.99877647761851    2.53543587474868   -3.66334305548225
  -2.00254185822861    2.54021223728238   -3.67325056098747
  -2.00655069731006    2.54529742541472   -3.68302460092179
  -2.00764571665458    2.54668645083140   -3.68615949816386
  -2.01240970511277    2.55272954138155   -3.69882348528468
  -2.01487445953568    2.55585606746202   -3.70453460307020
  -2.01776952213223    2.55952843685856   -3.71189563670355
  -2.02288746390783    2.56602051505142   -3.72395152715290
  -2.02334509443179    2.56660101660364   -3.72481160897779
  -2.02751972466983    2.57189650981554   -3.73757106753406
  -2.03095415658559    2.57625306593180   -3.74653416978767
  -2.03279318063187    2.57858585681346   -3.75073570813203
  -2.03732061621709    2.58432888147476   -3.76364737612670
  -2.03873119628348    2.58611819375884   -3.76701481910734
  -2.04232066702572    2.59067141568893   -3.77661007102004
  -2.04571733943944    2.59498007410518   -3.78954001489133
  -2.04667775949355    2.59619836113592   -3.79749996422228
  -2.04713669560017    2.59678051881187   -3.80235908535110
  -2.04766955451712    2.59745644712568   -3.81524629865481
  -2.04840250521172    2.59838619064944   -3.82816730961348
  -2.04848180842110    2.59848678629097   -3.84106912784258
  -2.04874103647519    2.59881561550998   -3.85400176579290
  -2.04895644383537    2.59908885844373   -3.86695109656655
  -2.04925971192445    2.59947355218080   -3.87986657667896
  -2.04881406954667    2.59890825751950   -3.89276396084264
  -2.04695760951619    2.59655334919731   -3.90067495939803
  -2.04501492828988    2.59408906980963   -3.90557625598854
  -2.03930421189651    2.58684506059880   -3.91813887746486
  -2.03881149425096    2.58622005124501   -3.91895612549724
  -2.03120076671480    2.57656588938939   -3.92757237959616
  -2.02870147976457    2.57339555900685   -3.93160865295800
  -2.02316562002758    2.56637335440724   -3.93880479162238
  -2.01867472538471    2.56067668171034   -3.94447156156422
  -2.01505729559824    2.55608799390172   -3.94909899735759
  -2.00912012786946    2.54855673254132   -3.95728439440888
  -2.00719203400315    2.54611095713159   -3.95983600215361
  -1.99945161944152    2.53629228806841   -3.96985978326001
  -1.99893665716169    2.53563906153057   -3.97063754100559
  -1.99118696552601    2.52580862455506   -3.97919602345723
  -1.98862573659102    2.52255972113943   -3.98312035081045
  -1.98326345723407    2.51575770220221   -3.98986218297421
  -1.97806830040487    2.50916767718080   -3.99580870207016
  -1.97491261661480    2.50516471137633   -4.00041940849150
  -1.96729615848365    2.49550328029562   -4.00845729137854
  -1.96677199557003    2.49483838280944   -4.00921513507437
  -1.95906377606278    2.48506055297806   -4.02011753441525
  -1.95803322718752    2.48375330796178   -4.02167467353129
  -1.95117449455317    2.47505304709161   -4.02998824677238
  -1.94719374392916    2.47000348899767   -4.03486907051472
  -1.94328355251049    2.46504343482901   -4.03990825496666
  -1.93708137353391    2.45717600830338   -4.04749762717725
  -1.93508392357761    2.45464225511289   -4.05004626795613
  -1.92705733779597    2.44446057958770   -4.05957870871813
  -1.92611719949615    2.44326801983963   -4.06051466779331
  -1.91906022656233    2.43431629234839   -4.06927564722915
  -1.91560725422822    2.42993621782357   -4.07340796441304
  -1.91106512517675    2.42417455458920   -4.07898871797661
  -1.90435617567970    2.41566429272291   -4.08682896569360
  -1.90333726246958    2.41437180747750   -4.08838087697188
  -1.89519310969997    2.40404099893902   -4.09860875207384
  -1.89467288330228    2.40338109489949   -4.09937616346873
  -1.88730349770158    2.39403307382956   -4.10850819952450
  -1.88381507596684    2.38960803195442   -4.11256673460682
  -1.87931396028911    2.38389839393661   -4.11901311158250
  -1.87510809479594    2.37856327899246   -4.12504183147578
  -1.87119214486919    2.37359592019113   -4.12923733689372
  -1.86413444910626    2.36464327579553   -4.13798482122141
  -1.86309622855545    2.36332629930521   -4.13963047119267
  -1.85530726589437    2.35344604727148   -4.14884074297792
  -1.85326949869657    2.35086115190397   -4.15116815802779
  -1.84708443731563    2.34301543894488   -4.15890514650999
  -1.84318036136712    2.33806314221314   -4.16392848989831
  -1.83943163653147    2.33330790742861   -4.16848790353592
  -1.83269414107030    2.32476143517946   -4.17679877459686
  -1.83110356030873    2.32274379310206   -4.17917660718420
  -1.82332393286584    2.31287538273614   -4.18839531414532
  -1.82184117876317    2.31099451812350   -4.19004723990709
  -1.81533021661171    2.30273540200782   -4.19808859483386
  -1.81174194429318    2.29818370027095   -4.20273686573736
  -1.80710361234590    2.29230000424500   -4.20888998986441
  -1.80121583947107    2.28483139995814   -4.21558375605717
  -1.79922050500842    2.28230033025857   -4.21785661242084
  -1.79176351849858    2.27284118796513   -4.22853016580941
  -1.79121983986321    2.27215153490393   -4.22921835190835
  -1.78304379780940    2.26178027500128   -4.23884225441873
  -1.78083343060853    2.25897643757363   -4.24167896011446
  -1.77545575957127    2.25215489438302   -4.24837678130926
  -1.77072791769734    2.24615765555640   -4.25427336093170
  -1.76723269417613    2.24172398565625   -4.25838752215205
  -1.75988067288546    2.23239799110859   -4.26755358872459
  -1.75937448623447    2.23175589640284   -4.26835872079680
  -1.75123743985137    2.22143410227267   -4.27773713105334
  -1.74925171546093    2.21891522289158   -4.28018608174500
  -1.74336131986757    2.21144329170212   -4.28767048275650
  -1.73844673055114    2.20520916487400   -4.29349482842957
  -1.73536353827217    2.20129815411298   -4.29734838071855
  -1.72830695581679    2.19234692194128   -4.30609610269968
  -1.72738498596502    2.19117740875970   -4.30709747627609
  -1.71912017776223    2.18069354953386   -4.31702544359985
  -1.71717202618141    2.17822233103456   -4.31874297812413
  -1.71149137267836    2.17101645641830   -4.32504130797706
  -1.70629607904563    2.16442625786244   -4.33186702519559
  -1.70337557426142    2.16072161520471   -4.33518308251875
  -1.69547663325119    2.15070185630014   -4.34114998728586
  -1.69092819904178    2.14493219501104   -4.34502102800036
  -1.68747423073572    2.14055085710184   -4.34759111506052
  -1.67938495426209    2.13028965881294   -4.35370291336779
  -1.67432919019574    2.12387645266828   -4.35752280269115
  -1.67123771216683    2.11995493148356   -4.36064392272217
  -1.66347853932884    2.11011246766026   -4.36693341122508
  -1.65837783027853    2.10364224907523   -4.37052233945669
  -1.65534522549335    2.09979540824417   -4.37291413095065
  -1.64748814111555    2.08982874422471   -4.37824220250427
  -1.64230013507422    2.08324778993449   -4.38327144891021
  -1.63933466610224    2.07948611047647   -4.38583194834730
  -1.63149134030172    2.06953689912910   -4.39194227651259
  -1.62588481881127    2.06242506052253   -4.39637851782464
  -1.62330921696199    2.05915792515204   -4.39860407029833
  -1.61550004206041    2.04925203401345   -4.40486142755950
  -1.60998829416090    2.04226041513386   -4.40965886477716
  -1.60750222839138    2.03910685573910   -4.41211542149449
  -1.59958435011695    2.02906307502942   -4.41809077055868
  -1.59393328618548    2.02189473460577   -4.42226548579315
  -1.59132541310092    2.01858666336848   -4.42442816312650
  -1.58351133813486    2.00867455652773   -4.42987062235854
  -1.57753594751767    2.00109480966454   -4.43557688557514
  -1.57565565388627    1.99870966856371   -4.43737922637801
  -1.56741562915898    1.98825724702667   -4.44324189000222
  -1.56186810681791    1.98122024848431   -4.44791960852011
  -1.55934268337989    1.97801676412506   -4.45025312295183
  -1.55152121483981    1.96809527858038   -4.45564939670391
  -1.54537763572515    1.96030218562523   -4.46075218159996
  -1.54331227238737    1.95768228472103   -4.46242991858549
  -1.53552801735397    1.94780800428454   -4.46855272239939
  -1.52891092782280    1.93941426622947   -4.47375324276219
  -1.52743031866645    1.93753612246825   -4.47469253273108
  -1.51943356841575    1.92739229313363   -4.48114432800476
  -1.51288965368445    1.91909137686970   -4.48663826973667
  -1.51136963230620    1.91716323894334   -4.48818387889719
  -1.50344022481038    1.90710483348604   -4.49404799764565
  -1.49689886598099    1.89880715936822   -4.49954999657495
  -1.49537936693554    1.89687968401787   -4.50109724892487
  -1.48745801576642    1.88683149796226   -4.50692399069916
  -1.48041167638444    1.87789325906723   -4.51238555047463
  -1.47936170665191    1.87656137881095   -4.51324479439656
  -1.47146486725919    1.86654428579549   -4.51901984661814
  -1.46385795292229    1.85689496096008   -4.52528192910234
  -1.46334648900458    1.85624617207342   -4.52605505378796
  -1.45555979936028    1.84636880334772   -4.53146732903255
  -1.44840839565602    1.83729729099522   -4.53822311245140
  -1.44738147116715    1.83599464349116   -4.53907206898510
  -1.43946809274340    1.82595657081485   -4.54485588643358
  -1.43157103788338    1.81593920448042   -4.55082356320985
  -1.43102169964113    1.81524237224211   -4.55146903757245
  -1.42367931133627    1.80592859707869   -4.55759286689879
  -1.41596926220714    1.79614844638302   -4.56409637653094
  -1.41543042405843    1.79546493344987   -4.56485858113924
  -1.40768184215931    1.78563590416848   -4.56969563673141
  -1.39947564734184    1.77522639566748   -4.57552662496420
  -1.39750015938394    1.77272050113915   -4.57720837523216
  -1.39146943862937    1.76507056833129   -4.58281923662136
  -1.38539937723611    1.75737073216115   -4.58988857929911
  -1.38307215725309    1.75441866768598   -4.59911737927225
  -1.38207872243908    1.75315850163196   -4.60315969704077
      
      
