# shadow point cont 3D ind 28  size 1157
# norm  0.9759168 -0.2181432  0.0000000
# angle  0.2199115
   0.45374556891489    2.02994098521950   -4.60323763754916
   0.45561284574102    2.03829470153055   -4.59033260973006
   0.45648822459710    2.04221092141080   -4.58787580233853
   0.45930902145913    2.05483044114497   -4.58138745392758
   0.46125534468538    2.06353779072172   -4.57741442878108
   0.46212859301824    2.06744447918899   -4.57572691329570
   0.46494935501535    2.08006384294648   -4.57087086518214
   0.46772053275974    2.09246137950888   -4.56596228124153
   0.46844629657850    2.09570826018878   -4.56420363976899
   0.47055573063858    2.10514532568877   -4.56013278170052
   0.47340510887998    2.11789271116391   -4.55553617462175
   0.47550205135450    2.12727389252257   -4.55138880210783
   0.47621848328430    2.13047902473114   -4.54991508708738
   0.47906586001903    2.14321745598021   -4.54461809515297
   0.48185067831674    2.15567601687022   -4.53946190339667
   0.48204655464400    2.15655231718471   -4.53882807894704
   0.48466999388118    2.16828890965994   -4.53379998184188
   0.48748757072136    2.18089402384445   -4.52815556927590
   0.48887855500376    2.18711692980336   -4.52553967370277
   0.49030541478481    2.19350033351714   -4.52250870615376
   0.49309411648325    2.20597626774336   -4.51737100581495
   0.49560934816488    2.21722876744286   -4.51305081312181
   0.49597028620740    2.21884351142236   -4.51236554816413
   0.49872396867957    2.23116277863614   -4.50690495792570
   0.50160495113215    2.24405155322447   -4.50188371811869
   0.50230020649515    2.24716194691917   -4.50014405060750
   0.50439332765255    2.25652603268776   -4.49591364832094
   0.50721327879221    2.26914176887753   -4.49105207117031
   0.50931381976207    2.27853904897889   -4.48688845082978
   0.51003029616268    2.28174438013843   -4.48541484731293
   0.51287930188038    2.29449009903836   -4.47931253142653
   0.51560702479258    2.30669322985691   -4.47455043791090
   0.51616529998834    2.30919080951065   -4.47364573224525
   0.51851038475247    2.31968211565809   -4.46882666868967
   0.52130079979161    2.33216571492996   -4.46365684202738
   0.52252198615092    2.33762898864805   -4.46108837964351
   0.52411907687576    2.34477396182592   -4.45800255997162
   0.52690436889924    2.35723464204320   -4.45283743836244
   0.52956041228709    2.36911709710367   -4.44814245696884
   0.52975457379769    2.36998572576945   -4.44753044883936
   0.53260186674496    2.38272378217495   -4.44222625497519
   0.53541991040091    2.39533098477315   -4.43739032893202
   0.53642297123915    2.39981842100552   -4.43525660823647
   0.53815260111229    2.40755634024766   -4.43175875542298
   0.54105240090299    2.42052929876745   -4.42609901203436
   0.54291709949051    2.42887148070201   -4.42217270904826
   0.54378663241230    2.43276154737562   -4.42046642490035
   0.54666315715927    2.44563037933541   -4.41525112638175
   0.54945031047080    2.45809938647680   -4.41009126354984
   0.54964247574581    2.45895908449792   -4.40949427356043
   0.55226631868110    2.47069748301462   -4.40446685644673
   0.55511650325134    2.48344847579770   -4.39914559692590
   0.55633244055800    2.48888826660413   -4.39659825990537
   0.55793495429651    2.49605750095047   -4.39272701650678
   0.56072375815405    2.50853389221025   -4.38831185657041
   0.56337676813160    2.52040277657313   -4.38364926608799
   0.56357094084282    2.52127145534757   -4.38303728874867
   0.56638910674875    2.53387920486078   -4.37739607796344
   0.56917320579562    2.54633454800752   -4.37225265556473
   0.56988772447984    2.54953112084738   -4.37069305187482
   0.57199331624030    2.55895099688698   -4.36657754715283
   0.57484298702358    2.57169969111931   -4.36125669885304
   0.57643527372424    2.57882317232842   -4.35811381706180
   0.57766223004923    2.58431225938909   -4.35563435619081
   0.58051608463094    2.59707967085963   -4.34870966815252
   0.58173404264230    2.60252850177926   -4.34526668399880
   0.58322339704856    2.60919149037438   -4.33994190785562
   0.58589052545794    2.62112353697045   -4.33191099686544
   0.58608009564288    2.62197162522594   -4.33119714785192
   0.58890815801862    2.63462364900000   -4.32080751112840
   0.58927168288540    2.63624996576600   -4.31925454037262
   0.59167390191557    2.64699687592640   -4.31160480922325
   0.59345010633455    2.65494315770904   -4.30603823226189
   0.59453320346342    2.65978865572264   -4.30217128712073
   0.59702595316134    2.67094057680873   -4.29346896865770
   0.59735248118604    2.67240137921779   -4.29251443896543
   0.60009583152932    2.68467442314406   -4.28401755197298
   0.60101590276526    2.68879058523819   -4.28006473759789
   0.60305837133952    2.69792806437617   -4.27366584890757
   0.60490375525246    2.70618383742384   -4.26740173634057
   0.60573597883216    2.70990699169581   -4.26473091403906
   0.60865322842766    2.72295801615471   -4.25559537272204
   0.60885125951087    2.72384395629317   -4.25486926236683
   0.61144363032407    2.73544155662941   -4.24492667662747
   0.61234851269932    2.73948976766695   -4.24183112702239
   0.61421566721596    2.74784293679681   -4.23577250772979
   0.61648406823380    2.75799117958413   -4.22838176323152
   0.61700679014276    2.76032970297602   -4.22673462302095
   0.61989012617505    2.77322900687466   -4.21661252605949
   0.62007971402721    2.77407717416877   -4.21589870174540
   0.62266840262689    2.78565830122865   -4.20750866962228
   0.62409857971562    2.79205654572386   -4.20277905360597
   0.62560840225597    2.79881110348713   -4.19699476476234
   0.62791851624852    2.80914595939599   -4.18968741890471
   0.62825388835562    2.81064632795522   -4.18880281150648
   0.63117451272368    2.82371245027865   -4.17878004033768
   0.63168189347714    2.82598234128615   -4.17703863617648
   0.63398190483431    2.83627200060239   -4.16903355672206
   0.63541730964942    2.84269363260101   -4.16434496961801
   0.63680273474486    2.84889166818715   -4.15937089620389
   0.63923097922821    2.85975500953207   -4.15101825585910
   0.63961274877752    2.86146294831571   -4.14962210907541
   0.64244605997866    2.87413845398473   -4.14004797250591
   0.64295875001389    2.87643209735344   -4.13833146914492
   0.64525101710279    2.88668711080508   -4.13108696324214
   0.64703647597562    2.89467479463424   -4.12557264885747
   0.64812211399581    2.89953165994218   -4.12087996090570
   0.65063077804085    2.91075477772459   -4.11210466698062
   0.65080966842369    2.91155508729204   -4.11131251950183
   0.65373285933132    2.92463269165346   -4.10309460884478
   0.65461794077530    2.92859231841673   -4.09980846243938
   0.65657050230551    2.93732757656112   -4.09263445351991
   0.65846029548881    2.94578202526359   -4.08670652810082
   0.65934564761296    2.94974286298035   -4.08350647430698
   0.66215821079688    2.96232554735608   -4.07459679452746
   0.66234782360614    2.96317382630185   -4.07388299669703
   0.66506798576873    2.97534313227102   -4.06472022031946
   0.66609983755865    2.97995937181701   -4.06124465079593
   0.66780359717201    2.98758155416998   -4.05527788185242
   0.66991250819831    2.99701627975131   -4.04799386827495
   0.67065910937065    3.00035638139235   -4.04502410224969
   0.67332973104592    3.01230405596164   -4.03700296557202
   0.67389192617522    3.01481917238995   -4.03451655917735
   0.67632750013350    3.02571530392081   -4.02683494726423
   0.67782103724333    3.03239700485611   -4.02206785888625
   0.67896578355262    3.03751830544853   -4.01839341058172
   0.68119779385074    3.04750374551446   -4.00936803849903
   0.68192211521979    3.05074417304531   -4.00709279887046
   0.68467712815559    3.06306939241122   -3.99857492268317
   0.68536370155214    3.06614094522078   -3.99606172484267
   0.68748809794578    3.07564494835323   -3.98805210925225
   0.68894446151226    3.08216034441550   -3.98350950255878
   0.69038070711972    3.08858573790287   -3.97885477420564
   0.69247560741851    3.09795778309245   -3.97057209911431
   0.69313620814699    3.10091314086446   -3.96794865647182
   0.69495285792707    3.10904036479129   -3.95760153990477
   0.69596311282383    3.11355998539136   -3.94941262477349
   0.69646356458776    3.11579887788163   -3.94453760850061
   0.69679931894770    3.11730095654177   -3.93160863353626
   0.69694527741194    3.11795393717452   -3.91870299482023
   0.69687203535487    3.11762627104689   -3.90575443619962
   0.69676249110287    3.11713619823506   -3.89283775590964
   0.69668782579437    3.11680216484656   -3.87989028847865
   0.69659345537218    3.11637997584699   -3.86695798221988
   0.69648810064952    3.11590864591196   -3.85401531034505
   0.69641093273032    3.11556341648680   -3.84109465475739
   0.69640785085158    3.11554962895390   -3.82816339940224
   0.69628390812077    3.11499514105067   -3.81521691564108
   0.69602172325283    3.11382219337782   -3.80233422795069
   0.69581070514955    3.11287815265144   -3.79346206155594
   0.69565332924401    3.11217409332251   -3.78942916020578
   0.69512122845470    3.10979361123194   -3.77649617789031
   0.69448408539315    3.10694319702915   -3.76350048703429
   0.69377077026373    3.10375200858396   -3.75057280068400
   0.69300529562413    3.10032747190409   -3.73851368075673
   0.69289100392371    3.09981616022888   -3.73763362449581
   0.69226531498559    3.09701698882865   -3.72483329746845
   0.69127032891427    3.09256567702691   -3.71181115048383
   0.69015446638681    3.08757359504630   -3.69982154614428
   0.69001320707500    3.08694163721304   -3.69893209098949
   0.68858557354854    3.08055477196130   -3.68605295033391
   0.68736186760909    3.07508022628963   -3.67713666054037
   0.68669300201448    3.07208789363204   -3.67297990419457
   0.68488960570197    3.06401996231072   -3.66015420423912
   0.68454086882858    3.06245980322409   -3.65771567599831
   0.68309259410108    3.05598059454721   -3.64735136809930
   0.68166064163381    3.04957440746502   -3.63850231654118
   0.68099731537968    3.04660685639218   -3.63428992122839
   0.67927925594548    3.03892070031825   -3.62122866150388
   0.67896335154177    3.03750742525742   -3.61949318708188
   0.67734218155809    3.03025472766804   -3.60827953158232
   0.67608104479868    3.02461272613396   -3.59946920458554
   0.67539131275368    3.02152704234355   -3.59536909996180
   0.67358840682444    3.01346130487088   -3.58254498175009
   0.67319945231672    3.01172122243108   -3.57941665495639
   0.67179831928966    3.00545291359851   -3.56969685523229
   0.67040996489594    2.99924177308520   -3.56072287532454
   0.66986485673195    2.99680309934536   -3.55671929786287
   0.66809403496413    2.98888089815981   -3.54380976768126
   0.66756683368079    2.98652233519891   -3.54059111667906
   0.66598416400852    2.97944187810158   -3.53083782840793
   0.66468217365657    2.97361710810082   -3.52054295991142
   0.66432928347402    2.97203836817716   -3.51809730168364
   0.66246808272259    2.96371183466172   -3.50491943613287
   0.66191986609075    2.96125925443615   -3.50096816928490
   0.66036967075498    2.95432407916886   -3.49194509211635
   0.65906008373420    2.94846532362546   -3.48329444883201
   0.65850781646000    2.94599462186767   -3.47925866222452
   0.65679514847190    2.93833258573710   -3.46621147973185
   0.65628097743160    2.93603231673256   -3.46293480776020
   0.65486450319705    2.92969537528299   -3.45323275086541
   0.65344590668770    2.92334893932174   -3.44277133138214
   0.65308547427011    2.92173645737814   -3.44035898155931
   0.65099257181315    2.91237335001907   -3.42733760712249
   0.65065851311805    2.91087885732735   -3.42486321173690
   0.64925532730147    2.90460136484235   -3.41432574431943
   0.64783235779750    2.89823536522780   -3.40547200430359
   0.64726858957850    2.89571321120068   -3.40152838043060
   0.64549786638977    2.88779145103260   -3.38862042528913
   0.64498363761373    2.88549092373323   -3.38534384226643
   0.64344681165089    2.87861555960219   -3.37548915503532
   0.64221840453522    2.87311998207713   -3.36658431043919
   0.64167219378636    2.87067637565619   -3.36258131501742
   0.63976944059074    2.86216394719152   -3.34957971697659
   0.63942221496052    2.86061054901819   -3.34709217759584
   0.63794747614715    2.85401294682691   -3.33677554340866
   0.63648767128797    2.84748215530612   -3.32806837327065
   0.63592242598552    2.84495339318755   -3.32404278472754
   0.63424863864691    2.83746529908380   -3.31088945296717
   0.63371926990253    2.83509703945964   -3.30765681143852
   0.63227289817501    2.82862634431525   -3.29806196173640
   0.63089550404341    2.82246423719603   -3.28826180120579
   0.63037691963671    2.82014422392522   -3.28499948079497
   0.62851364301225    2.81180840348767   -3.27236531598342
   0.62797079684840    2.80937984935481   -3.26836430597863
   0.62660954850243    2.80328997432824   -3.25933587346535
   0.62518179686490    2.79690258067795   -3.24968271354695
   0.62467866160104    2.79465168289913   -3.24636593672784
   0.62302325996249    2.78724584168922   -3.23364594134947
   0.62235229304525    2.78424410825458   -3.22950579691971
   0.62085782130045    2.77755822600280   -3.22033112864062
   0.61955045407313    2.77170940124443   -3.21086840513960
   0.61903214744248    2.76939063067223   -3.20757961993001
   0.61737676026252    2.76198485414631   -3.19485991654765
   0.61666439210376    2.75879790220429   -3.19004276297410
   0.61531627104810    2.75276675529862   -3.18176297660161
   0.61388887477310    2.74638095144889   -3.17211098153556
   0.61339606239620    2.74417623561161   -3.16876410522326
   0.61178090257322    2.73695042593551   -3.15593455174662
   0.61108940339626    2.73385683645116   -3.15184597167761
   0.60969523044270    2.72761966519753   -3.14289797717808
   0.60832407980231    2.72148548985229   -3.13227135049007
   0.60794558980961    2.71979222296155   -3.12991591920680
   0.60582138017100    2.71028905532307   -3.11702727159440
   0.60546840434554    2.70870993225503   -3.11379567788772
   0.60413085826913    2.70272609508696   -3.10383631833509
   0.60262068848389    2.69596998383932   -3.09367218439770
   0.60226184257652    2.69436459953446   -3.09126309911487
   0.60032431272628    2.68569658926054   -3.07832523754547
   0.59982755136991    2.68347420670465   -3.07499823253181
   0.59843316071429    2.67723606150797   -3.06523856058080
   0.59692322990581    2.67048101938092   -3.05508554711608
   0.59644986169979    2.66836329176368   -3.05245091619591
   0.59467931674837    2.66044232898343   -3.03954576779173
   0.59418271318630    2.65822065235869   -3.03621923260520
   0.59289790625040    2.65247275654227   -3.02669088394817
   0.59130753607413    2.64535784937037   -3.01698718394180
   0.59080521509435    2.64311059448914   -3.01367277978648
   0.58914989001970    2.63570509580640   -3.00095435401650
   0.58843744063012    2.63251778045859   -2.99613750305071
   0.58710808328188    2.62657057755445   -2.98780214041639
   0.58568575385330    2.62020744147258   -2.97733534323307
   0.58532742613113    2.61860437539498   -2.97492747163048
   0.58350561630712    2.61045406675863   -2.96217801257716
   0.58281523470377    2.60736547701122   -2.95727230768127
   0.58149919563474    2.60147785666322   -2.94890549207238
   0.58003214134782    2.59491463306705   -2.93940298476543
   0.57950720019312    2.59256618134042   -2.93615189346285
   0.57766413283996    2.58432077198549   -2.92354850011090
   0.57712141933556    2.58189281133687   -2.92037143431145
   0.57506482713776    2.57269214673932   -2.91046775298553
   0.57436954448870    2.56958163097383   -2.90717992467801
   0.57225947342344    2.56014171567651   -2.89750864952378
   0.57155441250951    2.55698745446863   -2.89508477690779
   0.56885251189548    2.54489984597138   -2.88490305823808
   0.56867261226916    2.54409502130817   -2.88411579773209
   0.56591931101025    2.53177745954444   -2.87484648310458
   0.56504003656581    2.52784381180374   -2.87160117091857
   0.56312255846197    2.51926550788649   -2.86500848864290
   0.56129367042488    2.51108353314513   -2.85904766616621
   0.56020923336266    2.50623204061429   -2.85498050549309
   0.55767727663548    2.49490471736219   -2.84549715442010
   0.55748813402541    2.49405854196669   -2.84477493405833
   0.55463353053720    2.48128778008111   -2.83529934837468
   0.55407296663957    2.47877996136374   -2.83306955783759
   0.55182804754190    2.46873677064837   -2.82551199516559
   0.55040350476172    2.46236373260065   -2.81995001545463
   0.54895299976054    2.45587454625289   -2.81453303916710
   0.54654744690711    2.44511272142458   -2.80689504578999
   0.54617375661843    2.44344092717524   -2.80540857527629
   0.54333525981621    2.43074222246057   -2.79499261880613
   0.54315277535883    2.42992583392794   -2.79421808003393
   0.54060669905909    2.41853534333932   -2.78553571454665
   0.53917687220000    2.41213866568146   -2.78083750179409
   0.53771441942413    2.40559602806235   -2.77551907417035
   0.53545528652966    2.39548924847548   -2.76805495268076
   0.53495240440297    2.39323948316729   -2.76631629982072
   0.53225711476748    2.38118145048784   -2.75529301236951
   0.53206800205942    2.38033540886626   -2.75457088129079
   0.52934812513185    2.36816737896520   -2.74671186832159
   0.52824167953317    2.36321742590220   -2.74214943819290
   0.52643024065861    2.35511351422656   -2.73517272338970
   0.52481359136248    2.34788104103067   -2.72973510300735
   0.52359384779286    2.34242422198259   -2.72553424496298
   0.52102611303643    2.33093683702872   -2.71622879332651
   0.52083929727651    2.33010107136236   -2.71548564666212
   0.51800897876525    2.31743895421826   -2.70584459868941
   0.51713062436638    2.31350942252481   -2.70339046995949
   0.51510166772574    2.30443239230295   -2.69579347619956
   0.51374859323467    2.29837908500113   -2.69070430984208
   0.51239267712872    2.29231306504512   -2.68636493892353
   0.51022440669732    2.28261278075087   -2.67778113599267
   0.50951235392027    2.27942723974549   -2.67541150282863
   0.50672329810788    2.26694972130454   -2.66633834622900
   0.50635250305924    2.26529087961460   -2.66482996251834
   0.50389174677421    2.25428208883002   -2.65591129236601
   0.50267102990940    2.24882091550957   -2.65178758364933
   0.50111407709865    2.24185550903705   -2.64679569271881
   0.49880179021098    2.23151093215425   -2.63879389962998
   0.49825807626584    2.22907849579105   -2.63650543381203
   0.49547914021447    2.21664625055839   -2.62646195062084
   0.49528644109351    2.21578416424781   -2.62578839851452
   0.49256301440946    2.20360025364913   -2.61746383102773
   0.49118147984673    2.19741962330584   -2.61327912310008
   0.48980381090851    2.19125628677243   -2.60980671821711
   0.48694241378042    2.17845513188910   -2.60210718959098
   0.48640260687475    2.17604017461571   -2.60050216175846
   0.48413398208119    2.16589093071335   -2.59390399191983
   0.48185113919256    2.15567807871012   -2.58740738273206
   0.48130500032139    2.15323479385148   -2.58595340073160
   0.47849552300878    2.14066591487034   -2.57938106156219
   0.47674131254628    2.13281802839281   -2.57447037731867
   0.47567329768728    2.12804000457590   -2.57134401555009
   0.47285864616037    2.11544797749062   -2.56403547563176
   0.47197258779265    2.11148398022177   -2.56167057915766
   0.47003658212479    2.10282278874786   -2.55680586110009
   0.46723266968481    2.09027880557577   -2.54942247539849
   0.46688283779415    2.08871374766352   -2.54859384103779
   0.46441136203393    2.07765700070365   -2.54216467943214
   0.46216368204161    2.06760145845566   -2.53544014721459
   0.46161135226511    2.06513047707868   -2.53393949055682
   0.45877006554200    2.05241929097543   -2.52685932762145
   0.45734868145461    2.04606038410693   -2.52295535709431
   0.45594527150075    2.03978188888938   -2.51965463316523
   0.45314943931949    2.02727405471679   -2.51221391736149
   0.45228523916773    2.02340784548485   -2.50967463139559
   0.45033114574810    2.01466573406117   -2.50411749778580
   0.44760480451190    2.00246878450574   -2.49741164261532
   0.44742416585183    2.00166065359559   -2.49663277748954
   0.44477104089717    1.98979125485466   -2.48988689621297
   0.44275174663088    1.98075745161078   -2.48398533838489
   0.44185469826383    1.97674428791126   -2.48169823376508
   0.43907575595978    1.96431201470569   -2.47492399268744
   0.43780316909651    1.95861878835162   -2.47120731813468
   0.43621881803226    1.95153080913896   -2.46716212035554
   0.43345390386215    1.93916129419706   -2.46032102076364
   0.43257476478293    1.93522825204550   -2.45786525317776
   0.43062834172282    1.92652045583771   -2.45228024765953
   0.42830483646855    1.91612569086781   -2.44526674768298
   0.42779419847918    1.91384122782455   -2.44429769969193
   0.42495154601461    1.90112393174525   -2.43724525687421
   0.42290078454747    1.89194935233718   -2.43196552391706
   0.42219391306397    1.88878699110671   -2.43024680263316
   0.41932443287532    1.87594967468919   -2.42264816191330
   0.41825941228258    1.87118504644943   -2.41948042223211
   0.41649401528658    1.86328711429785   -2.41467370185691
   0.41367457141224    1.85067364748268   -2.40740922594633
   0.41348411188504    1.84982158053863   -2.40670375836250
   0.41089944538998    1.83825844734042   -2.39981673393895
   0.40842623793138    1.82719395320738   -2.39341123436451
   0.40804099836698    1.82547049046861   -2.39206455925932
   0.40523098477981    1.81289921233303   -2.38473567930861
   0.40380798407458    1.80653307313204   -2.38082850595493
   0.40237379565941    1.80011688299390   -2.37695149308571
   0.39964218445919    1.78789635697473   -2.36988533500809
   0.39890101600651    1.78458055992431   -2.36769826408808
   0.39678083343091    1.77509540833013   -2.36211151893612
   0.39401888284691    1.76273915171033   -2.35513628480886
   0.39382337881928    1.76186451696861   -2.35450618665943
   0.39109999275133    1.74968078807595   -2.34712820063780
   0.38919248046322    1.74114706865539   -2.34203392721056
   0.38836598312113    1.73744953209787   -2.34003794932251
   0.38559223140054    1.72504048022786   -2.33242572122245
   0.38430687209755    1.71929011326313   -2.32876424519995
   0.38271196926774    1.71215492816497   -2.32479341704661
   0.37983980571575    1.69930560706993   -2.31717069472600
   0.37949673723845    1.69777080692969   -2.31629580626557
   0.37708823813477    1.68699580133546   -2.31020269592941
   0.37442443777910    1.67507864359583   -2.30311552107228
   0.37423184498192    1.67421703295048   -2.30244225785053
   0.37141943859898    1.66163505006196   -2.29513905332025
   0.36964657448342    1.65370371193781   -2.29039891705079
   0.36856596974379    1.64886936423270   -2.28733251459853
   0.36580661537652    1.63652472241884   -2.27967639510408
   0.36492485374141    1.63257994762671   -2.27721831346580
   0.36300682368147    1.62399917439985   -2.27223727488713
   0.36033202164326    1.61203279796183   -2.26440278212473
   0.36013828209360    1.61116605704082   -2.26375683707113
   0.35733881417456    1.59864195751238   -2.25716180382648
   0.35524428944129    1.58927159250634   -2.25136593470933
   0.35453942071826    1.58611819111112   -2.24970946663394
   0.35167465503660    1.57330196618545   -2.24202734506159
   0.35047677733244    1.56794296939617   -2.23856856371866
   0.34890520351798    1.56091215231318   -2.23437067612806
   0.34603487334859    1.54807103330037   -2.22677139407829
   0.34568559533237    1.54650845327994   -2.22594004025426
   0.34321487329734    1.53545507829274   -2.21949966330352
   0.34077416347889    1.52453597024425   -2.21286902165278
   0.34042677004507    1.52298182136079   -2.21202344480498
   0.33760763758052    1.51036974771290   -2.20477528042330
   0.33583120413243    1.50242244131294   -2.20005644581293
   0.33476217811961    1.49763989385387   -2.19691698728042
   0.33200341959609    1.48529791769174   -2.18997028297244
   0.33091179253370    1.48041425894918   -2.18706395806145
   0.32912865855442    1.47243697609588   -2.18238683043640
   0.32635568852628    1.46003142131686   -2.17477306658573
   0.32616252556195    1.45916725989031   -2.17411239439607
   0.32353339081457    1.44740518716720   -2.16757542159719
   0.32140145584201    1.43786745837136   -2.16126071495134
   0.32070897233073    1.43476946522843   -2.15955286042386
   0.31790140416442    1.42220912727684   -2.15223017410375
   0.31649304121637    1.41590847363710   -2.14819423787007
   0.31506711556748    1.40952924899038   -2.14428068486304
   0.31222546273764    1.39681642501979   -2.13721234442356
   0.31154032868508    1.39375131146511   -2.13545226732376
   0.30948667742102    1.38456380384879   -2.13016179191161
   0.30696903862215    1.37330053532583   -2.12248623245086
   0.30661697064329    1.37172547373001   -2.12167902544952
   0.30382021185615    1.35921349416099   -2.11509049832867
   0.30172550747683    1.34984232546468   -2.10929405349244
   0.30098372800459    1.34652379486992   -2.10714963839459
   0.29814578930893    1.33382758698046   -2.10005425497174
   0.29692842448459    1.32838140982701   -2.09671694223173
   0.29536891536477    1.32140456708513   -2.09250000528111
   0.29251665331246    1.30864428018157   -2.08470123552957
   0.29201125420895    1.30638325456638   -2.08370165812229
   0.28966439977659    1.29588403137838   -2.07684979128369
   0.28744656584909    1.28596201274887   -2.07066603616187
   0.28693615958117    1.28367858636776   -2.06969753005471
   0.28406928251294    1.27085291564153   -2.06207508488193
   0.28266481494099    1.26456968891265   -2.05801508872414
   0.28127698745576    1.25836090565242   -2.05462131873407
   0.27846646697046    1.24578735978499   -2.04732293942741
   0.27774280852591    1.24254989800788   -2.04505349609098
   0.27565005877945    1.23318747383632   -2.03925195378735
   0.27301217020934    1.22138623876150   -2.03192383308295
   0.27281848764445    1.22051975277572   -2.03127805036242
   0.27000785383506    1.20794569992542   -2.02478164905725
   0.26803810766465    1.19913356212017   -2.01939293363632
   0.26716566439478    1.19523047529769   -2.01692231140526
   0.26441944505230    1.18294459620682   -2.00990966838537
   0.26314568997891    1.17724614358107   -2.00620202884548
   0.26152492792040    1.16999527094396   -2.00165935498134
   0.25875679530015    1.15761135748383   -1.99479923377901
   0.25821458201931    1.15518563470676   -1.99330533121536
   0.25593633596945    1.14499334777802   -1.98759923483424
   0.25330646469249    1.13322798001095   -1.98023532093593
   0.25311395032380    1.13236672023449   -1.97956228572466
   0.25031536006064    1.11984654711278   -1.97221237873803
   0.24873959193492    1.11279696575984   -1.96733731958591
   0.24748433152964    1.10718125352294   -1.96408207109014
   0.24466936066133    1.09458779778640   -1.95782575433637
   0.24346303160339    1.08919099181375   -1.95433276817065
   0.24189048697134    1.08215583154254   -1.95017436201679
   0.23904554595684    1.06942829707939   -1.94231955487890
   0.23869598185280    1.06786443717559   -1.94149159245336
   0.23622616421863    1.05681510824526   -1.93512949300560
   0.23409600098522    1.04728530575472   -1.92882027546106
   0.23336331014432    1.04400743535920   -1.92660437233054
   0.23059577847016    1.03162621037735   -1.91978878988542
   0.22916675055066    1.02523310696971   -1.91586769026606
   0.22776898029669    1.01897984231917   -1.91257895389187
   0.22498646211277    1.00653157154667   -1.90517882940407
   0.22423862546403    1.00318594270196   -1.90295545519632
   0.22211472625381    0.99368416384025   -1.89744139369136
   0.21940624721064    0.98156712514282   -1.88997498639116
   0.21905431197043    0.97999265738560   -1.88916747494578
   0.21651812081014    0.96864639036872   -1.88265918019579
   0.21457559992486    0.95995605148761   -1.87703916091030
   0.21367847580261    0.95594254887877   -1.87471048156092
   0.21085905085875    0.94332916675370   -1.86754097613842
   0.20980882060703    0.93863070669601   -1.86426341995885
   0.20804646568483    0.93074638400031   -1.85937779390913
   0.20521749612720    0.91809030172780   -1.85225866783828
   0.20487459886850    0.91655626757557   -1.85138424322159
   0.20242696802525    0.90560619664198   -1.84478507372285
   0.20011157273628    0.89524771357117   -1.83854789290750
   0.19957181774147    0.89283298853362   -1.83702971125744
   0.19680051504070    0.88043489294845   -1.83023622591034
   0.19505307843930    0.87261731098345   -1.82534514068997
   0.19397780435513    0.86780681125995   -1.82219848680487
   0.19122181106246    0.85547720602954   -1.81530832832788
   0.19027897849581    0.85125921559533   -1.81253054276147
   0.18832501195150    0.84251767177922   -1.80706546545887
   0.18562058820672    0.83041877544383   -1.79954261404096
   0.18541420058838    0.82949545031627   -1.79901367543826
   0.18277082653897    0.81766967461777   -1.79272125680422
   0.18064191881673    0.80814548896134   -1.78654456587036
   0.17991253393311    0.80488240856853   -1.78483433567988
   0.17703453697783    0.79200699032737   -1.77739869208164
   0.17568710612686    0.78597893121998   -1.77373333506351
   0.17429948611843    0.77977107615759   -1.77021587799791
   0.17140335042268    0.76681450985631   -1.76206862406454
   0.17121243108779    0.76596038585087   -1.76138191993643
   0.16864312471043    0.75446596986914   -1.75519406707070
   0.16616746300260    0.74339049605616   -1.74800100148291
   0.16582021771974    0.74183700996197   -1.74715583927829
   0.16306964236280    0.72953164318265   -1.74022941259745
   0.16113301911499    0.72086768881491   -1.73467394852652
   0.16022267782909    0.71679505601498   -1.73227280231097
   0.15737499703284    0.70405526447286   -1.72536272430434
   0.15629525698261    0.69922478516573   -1.72231977968460
   0.15449063448989    0.69115136822949   -1.71702562742963
   0.15175610449950    0.67891778429370   -1.70989547962124
   0.15140798821383    0.67736040155698   -1.70905575523278
   0.14893683626925    0.66630510326501   -1.70273651400369
   0.14680833288498    0.65678272651266   -1.69643294561177
   0.14611070832880    0.65366173365701   -1.69470938351904
   0.14337248918629    0.64141164540338   -1.68773204865887
   0.14171929912350    0.63401569821466   -1.68328618836106
   0.14047956724438    0.62846945661029   -1.68018617658015
   0.13767155438708    0.61590712922562   -1.67289504603439
   0.13680138078464    0.61201419631151   -1.67043221444548
   0.13491908791668    0.60359330209099   -1.66515257382994
   0.13237239844827    0.59220006834346   -1.65765023478450
   0.13198515424292    0.59046763735663   -1.65635907028652
   0.12930170005254    0.57846255341492   -1.65058777413432
   0.12729048868410    0.56946491097735   -1.64464718730888
   0.12640176793392    0.56548900289406   -1.64226500390440
   0.12361451412179    0.55301954613881   -1.63488419980814
   0.12236451601069    0.54742737605278   -1.63162459460337
   0.12077077454314    0.54029738659069   -1.62774235720666
   0.11797061980759    0.52777021442187   -1.62032894278943
   0.11742243762128    0.52531778829673   -1.61888750075375
   0.11517733588215    0.51527378049048   -1.61306452848846
   0.11255027161272    0.50352097055323   -1.60529263735053
   0.11234335424861    0.50259527547928   -1.60480919289611
   0.10945515440981    0.48967421216115   -1.59753402002536
   0.10778067394043    0.48218301716859   -1.59291313586404
   0.10673433187668    0.47750195186398   -1.59019050409213
   0.10388238134913    0.46474305864211   -1.58334101145983
   0.10279988547261    0.45990025047687   -1.58031793633266
   0.10103624524997    0.45201017767749   -1.57554497883945
   0.09825539402184    0.43956936443654   -1.56804629289366
   0.09806257879611    0.43870675870307   -1.56735934105147
   0.09550447446794    0.42726245780857   -1.56022584290161
   0.09316619939307    0.41680161645965   -1.55414401632744
   0.09261968786247    0.41435666441855   -1.55268185893579
   0.08980268775089    0.40175413036946   -1.54542693614462
   0.08837328406514    0.39535934588030   -1.54158265795926
   0.08695938078199    0.38903390620611   -1.53762739674678
   0.08427618699739    0.37702998725288   -1.53028628028708
   0.08349583453720    0.37353889102985   -1.52822960827169
   0.08134178761677    0.36390223906578   -1.52290617490152
   0.07856367534842    0.35147367922651   -1.51616528370770
   0.07836029272815    0.35056379768746   -1.51559361091590
   0.07568082685298    0.33857655644232   -1.50867608552369
   0.07339374782450    0.32834475303881   -1.50291945716384
   0.07286949856449    0.32599939667115   -1.50206851173135
   0.07006641622411    0.31345912715115   -1.49715787707443
   0.06732497561689    0.30119462689292   -1.49170196540677
   0.06636018601976    0.29687840635103   -1.48989763126964
   0.06436530408952    0.28795381762050   -1.48583342745168
   0.06163710039237    0.27574853589377   -1.48174021428321
   0.05952587925854    0.26630347548542   -1.47689725178946
   0.05878128506820    0.26297235256570   -1.47552385689262
   0.05594826277420    0.25029813939294   -1.47095843972556
   0.05314082588774    0.23773838875366   -1.46604528975254
   0.05243454514185    0.23457867033134   -1.46448998820072
   0.05034650552383    0.22523731806309   -1.46011719625875
   0.04753288195632    0.21264988980387   -1.45460447306344
   0.04612069303410    0.20633211973956   -1.45132939930644
   0.04470405503267    0.19999444563910   -1.44890064149893
   0.04188104428868    0.18736502156636   -1.44425229470518
   0.03910428019670    0.17494249312147   -1.43899679316208
   0.03874537191219    0.17333682975732   -1.43826466346832
   0.03625780930632    0.16220811438708   -1.43357241010294
   0.03343817711858    0.14959380510617   -1.42890377238722
   0.03185161714420    0.14249594379766   -1.42567742110604
   0.03061995046088    0.13698578380519   -1.42327799713312
   0.02782371945175    0.12447616537925   -1.41816720199107
   0.02518069056161    0.11265193383460   -1.41270203140218
   0.02498764083315    0.11178827899621   -1.41204175768412
   0.02221691198192    0.09939275066636   -1.40641949735848
   0.01933500547518    0.08649984209736   -1.40093928564469
   0.01882478525284    0.08421724803632   -1.39997137911637
   0.01660963435906    0.07430723260965   -1.39580824525819
   0.01375090995843    0.06151803482165   -1.39120708441258
   0.01088751428344    0.04870793895350   -1.38848243594625
   0.00809060684834    0.03619529437172   -1.38909354972116
   0.00530211502351    0.02372029906607   -1.39276242426839
   0.00247156078552    0.01105712734117   -1.39805664656563
   0.00109992924843    0.00492080058782   -1.40070030567412
  -0.00031813496332   -0.00142325401089   -1.40326804013034
  -0.00316213626788   -0.01414658445340   -1.40933136575793
  -0.00576661419814   -0.02579834891778   -1.41372783495830
  -0.00594896266243   -0.02661412905228   -1.41446712596828
  -0.00876404322886   -0.03920807555003   -1.42011793599660
  -0.01157858735915   -0.05179962217041   -1.42578608630182
  -0.01193235074408   -0.05338226857698   -1.42657305759050
  -0.01440375023279   -0.06443867431770   -1.43139488469878
  -0.01720016191140   -0.07694910101239   -1.43627958530604
  -0.01860767276150   -0.08324594258508   -1.43950848966032
  -0.02005315937203   -0.08971267794366   -1.44322536419536
  -0.02284077528921   -0.10218375466374   -1.44767230148741
  -0.02513406215045   -0.11244333031455   -1.45233267697336
  -0.02568410469687   -0.11490407921233   -1.45371326370570
  -0.02849954825880   -0.12749964965857   -1.45936053695939
  -0.03114957158638   -0.13935517251758   -1.46489911965250
  -0.03134368613753   -0.14022359109881   -1.46551101950216
  -0.03413044260866   -0.15269082287831   -1.47065514720991
  -0.03690506498693   -0.16510376984687   -1.47513224164546
  -0.03846972258271   -0.17210364554615   -1.47836864737676
  -0.03973769501483   -0.17777622812200   -1.48157193345360
  -0.04257286605216   -0.19046005421982   -1.48682032359096
  -0.04463540095125   -0.19968730493465   -1.49112470004385
  -0.04536064276578   -0.20293185030183   -1.49277043538990
  -0.04818817845909   -0.21558151783411   -1.49835584791634
  -0.05084023148472   -0.22744612104024   -1.50379099583714
  -0.05103413188758   -0.22831358157711   -1.50442098354435
  -0.05381896987598   -0.24077223055820   -1.50965047663730
  -0.05661207462225   -0.25326786288806   -1.51458811930217
  -0.05766774077166   -0.25799064175406   -1.51700974512261
  -0.05942718683347   -0.26586195095645   -1.52104578468608
  -0.06224838492952   -0.27848326570843   -1.52679824761648
  -0.06364994013386   -0.28475346325362   -1.52992560014741
  -0.06509028830375   -0.29119721055024   -1.53365957009766
  -0.06787264237105   -0.30364474710714   -1.53961205031623
  -0.06893494831003   -0.30839723068406   -1.54262672375663
  -0.07067869544927   -0.31619830694422   -1.54769868349528
  -0.07348752974377   -0.32876430922766   -1.55494175922609
  -0.07383489080616   -0.33031831328967   -1.55578140002926
  -0.07630590335540   -0.34137298796272   -1.56303858339401
  -0.07842907103592   -0.35087149414866   -1.56866803814435
  -0.07914485055404   -0.35407370763515   -1.57089921649974
  -0.08195238650238   -0.36663390145180   -1.57900277710605
  -0.08281339315918   -0.37048582380857   -1.58153048219284
  -0.08475851704275   -0.37918780783461   -1.58654245322625
  -0.08747544820048   -0.39134265911897   -1.59387019046111
  -0.08766406691945   -0.39218649076041   -1.59459300356341
  -0.09037412634147   -0.40431059966639   -1.60179074796988
  -0.09245682535269   -0.41362805943328   -1.60749824193638
  -0.09317777043797   -0.41685338233878   -1.60921824463172
  -0.09600910900071   -0.42952006293093   -1.61792874793584
  -0.09689645497793   -0.43348982063354   -1.62033761980167
  -0.09884597547534   -0.44221147397923   -1.62579915571800
  -0.10162249157433   -0.45463289296726   -1.63263072883464
  -0.10180167843274   -0.45543452889018   -1.63341103616662
  -0.10444568785429   -0.46726314708021   -1.64134648111219
  -0.10635896106530   -0.47582263938828   -1.64629810596752
  -0.10726932105090   -0.47989535584587   -1.64951187119808
  -0.11012058523639   -0.49265117854988   -1.65720573312135
  -0.11078967242391   -0.49564450255715   -1.65899960835591
  -0.11289105081514   -0.50504552906640   -1.66556226546125
  -0.11518708086931   -0.51531737705687   -1.67204290931793
  -0.11572061234216   -0.51770425965772   -1.67361066226735
  -0.11852688617479   -0.53025880709322   -1.68089302076149
  -0.11993447465065   -0.53655599594361   -1.68492887229890
  -0.12134206631708   -0.54285319906775   -1.68896472397566
  -0.12415160976482   -0.55542237392042   -1.69632192309619
  -0.12451751184709   -0.55705932573718   -1.69782304444586
  -0.12700242611790   -0.56817619313744   -1.70487127660538
  -0.12923388182542   -0.57815915210765   -1.71083660086873
  -0.12978124028526   -0.58060789309237   -1.71248051292405
  -0.13263379046234   -0.59336946899204   -1.72100877430169
  -0.13364892725612   -0.59791092994388   -1.72368548043411
  -0.13541041084077   -0.60579135449949   -1.72790294264413
  -0.13823299983041   -0.61841889175168   -1.73572520351637
  -0.13842085017582   -0.61925928588745   -1.73645565972918
  -0.14105362367435   -0.63103763744743   -1.74464275202604
  -0.14280278231179   -0.63886292335884   -1.74951170248935
  -0.14388842414681   -0.64371980573334   -1.75262665576594
  -0.14671246355068   -0.65635383176581   -1.75973996685570
  -0.14757413113053   -0.66020871092232   -1.76227023269537
  -0.14952366931349   -0.66893044338864   -1.76863758353321
  -0.15195884801237   -0.67982480663059   -1.77544290970450
  -0.15231076212816   -0.68139917988260   -1.77625029173110
  -0.15515972179804   -0.69414469277644   -1.78394708515203
  -0.15669740160781   -0.70102387679904   -1.78826575217376
  -0.15793275158195   -0.70655051488741   -1.79159415218576
  -0.16075649204271   -0.71918320352528   -1.79885439275806
  -0.16147072431146   -0.72237849501597   -1.80111244819303
  -0.16365687479323   -0.73215877005737   -1.80779382969136
  -0.16589399512033   -0.74216707107883   -1.81380457225005
  -0.16641939029991   -0.74451755399597   -1.81543552205934
  -0.16920221564410   -0.75696719892448   -1.82307204921131
  -0.17046274165242   -0.76260646811526   -1.82678380278773
  -0.17206142960503   -0.76975858687939   -1.83151643078794
  -0.17482518794574   -0.78212293093780   -1.83840227023450
  -0.17535754206410   -0.78450454635742   -1.83998069600957
  -0.17768632181499   -0.79492290806878   -1.84688796059819
  -0.17974424992691   -0.80412954920251   -1.85285048305626
  -0.18048089969735   -0.80742513083067   -1.85515828701158
  -0.18329512935766   -0.82001527059324   -1.86242843529305
  -0.18450948986254   -0.82544800719401   -1.86572753950181
  -0.18611253453117   -0.83261961678520   -1.87049014662220
  -0.18889856368380   -0.84508359472876   -1.87790640778664
  -0.18908533790741   -0.84591917457232   -1.87863894316951
  -0.19174715755996   -0.85782747115558   -1.88661383798754
  -0.19352066502359   -0.86576168745355   -1.89132362232626
  -0.19457837178648   -0.87049359549944   -1.89451764454078
  -0.19734414995848   -0.88286697576360   -1.90148548906935
  -0.19823118776506   -0.88683535479001   -1.90456489877534
  -0.20022390827421   -0.89575027387846   -1.91057184773125
  -0.20296664329172   -0.90802056499549   -1.91682206056775
  -0.20314699059974   -0.90882739247152   -1.91759323158214
  -0.20580510319327   -0.92071910462603   -1.92544393834139
  -0.20738044943479   -0.92776679857755   -1.93031624725704
  -0.20860919799338   -0.93326390363044   -1.93367980189762
  -0.21144020483624   -0.94592910019316   -1.94159129517347
  -0.21212815517762   -0.94900681309973   -1.94332521668681
  -0.21426983219641   -0.95858812530504   -1.94957997447332
  -0.21669984975387   -0.96945939892759   -1.95626129713114
  -0.21704778752411   -0.97101598303220   -1.95709829483724
  -0.21987990886521   -0.98368616557341   -1.96515342736406
  -0.22130063239371   -0.99004211727133   -1.96899187248951
  -0.22275682281051   -0.99655673870645   -1.97347523863868
  -0.22549709100970   -1.00881599391273   -1.98047914290889
  -0.22602632611307   -1.01118365566138   -1.98208438142221
  -0.22832148707077   -1.02145161553778   -1.98857398757213
  -0.23047272084338   -1.03107568220195   -1.99466108558971
  -0.23115690710269   -1.03413655557340   -1.99643066666492
  -0.23393643823530   -1.04657146304645   -2.00392790275320
  -0.23534945196233   -1.05289292307532   -2.00798352048896
  -0.23679948532697   -1.05937999944252   -2.01251862768773
  -0.23960781728448   -1.07194375439949   -2.01978353150482
  -0.23979570064361   -1.07278429623010   -2.02051411378409
  -0.24239901889726   -1.08443087259952   -2.02813430712562
  -0.24436170895100   -1.09321144315342   -2.03353423000257
  -0.24528535071631   -1.09734357887774   -2.03642292334563
  -0.24804686363484   -1.10969787749479   -2.04327106859054
  -0.24926678620116   -1.11515549732805   -2.04662547999441
  -0.25086310024132   -1.12229699581839   -2.05134173346721
  -0.25350382340564   -1.13411091213869   -2.05946116182947
  -0.25369625814899   -1.13497181569183   -2.06013399265672
  -0.25646251597252   -1.14734734179364   -2.06690466056060
  -0.25838654656684   -1.15595495986816   -2.07259855653251
  -0.25930274960435   -1.16005381663732   -2.07573021390749
  -0.26215650560851   -1.17282078709722   -2.08342188451638
  -0.26281839923161   -1.17578192894728   -2.08529455704480
  -0.26492171379288   -1.18519161738334   -2.09122803649250
  -0.26727419139278   -1.19571599717676   -2.09786664099619
  -0.26780718733123   -1.19810048393439   -2.09944451001216
  -0.27054718415310   -1.21035852506831   -2.10646294257334
  -0.27212073192376   -1.21739817312371   -2.11128860855142
  -0.27338377655640   -1.22304870999196   -2.11527668724506
  -0.27625148373532   -1.23587809441996   -2.12288539502043
  -0.27659448125745   -1.23741257712503   -2.12376013475604
  -0.27902656402440   -1.24829308996369   -2.13043798061662
  -0.28146030642157   -1.25918102756120   -2.13725523382544
  -0.28181230819078   -1.26075579295205   -2.13806285782942
  -0.28470556006492   -1.27369945777710   -2.14625763340535
  -0.28605430932559   -1.27973341511043   -2.14986654379766
  -0.28745430506542   -1.28599663601241   -2.15406373991310
  -0.29028726625650   -1.29867057582642   -2.16198111711942
  -0.29063157350085   -1.30021091789191   -2.16284768544566
  -0.29309145063835   -1.31121577559655   -2.16938262022442
  -0.29524852069138   -1.32086595227839   -2.17545230072092
  -0.29597153077331   -1.32410051344786   -2.17773644898077
  -0.29878274103047   -1.33667714517723   -2.18585208748975
  -0.29950294401879   -1.33989914813179   -2.18814195332582
  -0.30161176903625   -1.34933348893174   -2.19380747107999
  -0.30425590601489   -1.36116267777938   -2.20105684307127
  -0.30444744873399   -1.36201959064544   -2.20174518010054
  -0.30722819083067   -1.37445991566037   -2.20929390076918
  -0.30895243252867   -1.38217372959260   -2.21438318538342
  -0.30999688081936   -1.38684632264358   -2.21697496166256
  -0.31289043770392   -1.39979135200678   -2.22528074939868
  -0.31355943773099   -1.40278428608063   -2.22709135724917
  -0.31565188954469   -1.41214537737764   -2.23289342252571
  -0.31812635248002   -1.42321548819074   -2.24008500109765
  -0.31847374520348   -1.42476963389622   -2.24093060576887
  -0.32127559338029   -1.43730438208577   -2.24828646318085
  -0.32299917271713   -1.44501523278451   -2.25335617210623
  -0.32406954091966   -1.44980378485523   -2.25657423911804
  -0.32693163865682   -1.46260807408335   -2.26427605375815
  -0.32747150648931   -1.46502330392764   -2.26579825486685
  -0.32976945950110   -1.47530375473602   -2.27219848369710
  -0.33232080308709   -1.48671780980867   -2.27930909053994
  -0.33250931366524   -1.48756115765592   -2.28002461365716
  -0.33541079046279   -1.50054161867308   -2.28906754024441
  -0.33660735262710   -1.50589473007538   -2.29177861991183
  -0.33814303824785   -1.51276499260913   -2.29536263046527
  -0.34101203508872   -1.52560014665298   -2.30385940536861
  -0.34120431426405   -1.52646035423483   -2.30453612164085
  -0.34385691285590   -1.53832739816390   -2.31172322962868
  -0.34595026417053   -1.54769251359674   -2.31752400498548
  -0.34667279680669   -1.55092493879662   -2.31980681843834
  -0.34945731906658   -1.56338217528961   -2.32731367293302
  -0.35053638754919   -1.56820965017592   -2.33035579086867
  -0.35234833924061   -1.57631585606228   -2.33564700430342
  -0.35507207482370   -1.58850114859580   -2.34279793182416
  -0.35526364881989   -1.58935820138752   -2.34348636036740
  -0.35793959276553   -1.60132968642570   -2.35130412485792
  -0.35981307870893   -1.60971118073059   -2.35655520584874
  -0.36069827703666   -1.61367133040172   -2.35904711438252
  -0.36351068563877   -1.62625332321820   -2.36624394191217
  -0.36456503247897   -1.63097019983405   -2.36953570213605
  -0.36636744736257   -1.63903374049485   -2.37487009305245
  -0.36917539180414   -1.65159576180516   -2.38141159795367
  -0.36936334656873   -1.65243662308544   -2.38214239876233
  -0.37199012019713   -1.66418813276947   -2.39031074123816
  -0.37376226001011   -1.67211623055013   -2.39505331535211
  -0.37483682491440   -1.67692355758523   -2.39818533367917
  -0.37757528120183   -1.68917470676423   -2.40598859581146
  -0.37831627108114   -1.69248970492328   -2.40818012793941
  -0.38047630647315   -1.70215314776914   -2.41428397549311
  -0.38318651398279   -1.71427791918108   -2.42071650061391
  -0.38336898479761   -1.71509424668043   -2.42147669727394
  -0.38607321545486   -1.72719227919182   -2.42989417364419
  -0.38748188119630   -1.73349428745135   -2.43393102968171
  -0.38893557969635   -1.73999776069178   -2.43840873870305
  -0.39174353580018   -1.75255983417604   -2.44580502200733
  -0.39207988555817   -1.75406457649396   -2.44671747747615
  -0.39449858148751   -1.76488520006389   -2.45353716681206
  -0.39666019419411   -1.77455569940955   -2.45961772488840
  -0.39738764575750   -1.77781013062486   -2.46182321386140
  -0.40014874444812   -1.79016257609279   -2.46872458942748
  -0.40140087058898   -1.79576426643670   -2.47261954254814
  -0.40301725207257   -1.80299554150822   -2.47724068457501
  -0.40576450618051   -1.81528604987362   -2.48421129758000
  -0.40629565186586   -1.81766225907472   -2.48580568778366
  -0.40860336518051   -1.82798637496801   -2.49293649890831
  -0.41054546341991   -1.83667482304017   -2.49855893707281
  -0.41147499982617   -1.84083332987216   -2.50138682151897
  -0.41422530917239   -1.85313750658793   -2.50835107064219
  -0.41527789783991   -1.85784651759136   -2.51163714393568
  -0.41704339290082   -1.86574488846010   -2.51648435136801
  -0.41975518344183   -1.87787674194728   -2.52406873917760
  -0.41994247574335   -1.87871463953816   -2.52480601492454
  -0.42263478634949   -1.89075934480639   -2.53217276045725
  -0.42460080965111   -1.89955482745405   -2.53757942345705
  -0.42552555349901   -1.90369189361247   -2.54045207950432
  -0.42833933785211   -1.91628004118509   -2.54775725309160
  -0.42921578190167   -1.92020102646702   -2.55021387575586
  -0.43115711595395   -1.92888605576253   -2.55583214682640
  -0.43378122447623   -1.94062564244716   -2.56323239508447
  -0.43397216145154   -1.94147984537125   -2.56393085787623
  -0.43679730698384   -1.95411881993788   -2.57193749616598
  -0.43838079206456   -1.96120292496293   -2.57599172134740
  -0.43961449511387   -1.96672219513315   -2.57921284583656
  -0.44246738958257   -1.97948531130497   -2.58702892785372
  -0.44314172706827   -1.98250212379610   -2.58891930411446
  -0.44522053082171   -1.99180215718137   -2.59561851093252
  -0.44740624144733   -2.00158046441948   -2.60141520257368
  -0.44815594810056   -2.00493445918341   -2.60361641324005
  -0.45087986999607   -2.01712058523074   -2.61076893100335
  -0.45227413263896   -2.02335815773140   -2.61491228991189
  -0.45370422999133   -2.02975604550668   -2.61958964031310
  -0.45649787536323   -2.04225409645657   -2.62705134882242
  -0.45668754153347   -2.04310261412560   -2.62776556116656
  -0.45930592257492   -2.05481657753396   -2.63598198152160
  -0.46083508002366   -2.06165763470497   -2.64116614204085
  -0.46209318990552   -2.06728609476729   -2.64520140558587
  -0.46484357297792   -2.07959060131503   -2.65327714862205
  -0.46503259576857   -2.08043624066927   -2.65400394482163
  -0.46777877244475   -2.09272192888209   -2.66253050294037
  -0.46916633065718   -2.09892950748507   -2.66671447845450
  -0.47064315642885   -2.10553644619107   -2.67190088879295
  -0.47323435114237   -2.11712878495977   -2.67951978337051
  -0.47342532308848   -2.11798314433424   -2.68021834388637
  -0.47626264838475   -2.13067660803257   -2.68902969154821
  -0.47729245455679   -2.13528369601024   -2.69239932894139
  -0.47906022234026   -2.14319223445523   -2.69800197607721
  -0.48134707370882   -2.15342301936681   -2.70528980187654
  -0.48188047408790   -2.15580931548779   -2.70686876883501
  -0.48467918014449   -2.16833000663954   -2.71509006679993
  -0.48557857641560   -2.17235367425805   -2.71818634169062
  -0.48754602959369   -2.18115555380532   -2.72448594778352
  -0.48976225418791   -2.19107037269164   -2.73139973763478
  -0.49030401541913   -2.19349407311495   -2.73295684669839
  -0.49322706317086   -2.20657103703372   -2.74202255352616
  -0.49373202949529   -2.20883012650660   -2.74378190421043
  -0.49593867122483   -2.21870207412078   -2.75074100901318
  -0.49807384999306   -2.22825431482424   -2.75705136882279
  -0.49879182405453   -2.23146634613328   -2.75936547553024
  -0.50159732058537   -2.24401741612054   -2.76755173771439
  -0.50230202473943   -2.24717008127645   -2.76997463060100
  -0.50442168849536   -2.25665291180490   -2.77720245819628
  -0.50618692925914   -2.26455014501372   -2.78282691270772
  -0.50725336709376   -2.26932111362913   -2.78595552863473
  -0.51005390801725   -2.28185001350352   -2.79339889641252
  -0.51087488582700   -2.28552285709280   -2.79613579722997
  -0.51281674582912   -2.29421023935263   -2.80352717652889
  -0.51447586013892   -2.30163269009893   -2.80858062603441
  -0.51573963563720   -2.30728649667209   -2.81245681699471
  -0.51844933797026   -2.31940900805394   -2.81963786015571
  -0.51901358544905   -2.32193330616608   -2.82183135485302
  -0.52129802053922   -2.33215328126952   -2.82914780717594
  -0.52306599179914   -2.34006273001584   -2.83475525729872
  -0.52416155734944   -2.34496400854043   -2.83852142973942
  -0.52691684179460   -2.35729044256938   -2.84622221038773
  -0.52729162411596   -2.35896712229211   -2.84769732726625
  -0.52976017902036   -2.37001080209416   -2.85577539324711
  -0.53105251040952   -2.37579236037939   -2.86024800738862
  -0.53267843697678   -2.38306633770050   -2.86655919476173
  -0.53436880257572   -2.39062859867748   -2.87340484719826
  -0.53534053287605   -2.39497587014052   -2.87779155273089
  -0.53685113583492   -2.40173391929556   -2.88624222037476
  -0.53837386504064   -2.40854621816047   -2.89475633915374
  -0.53906354856470   -2.41163168488066   -2.89890032484065
  -0.54108510357733   -2.42067560212226   -2.91050414253432
  -0.54128380195667   -2.42156452757203   -2.91204811968180
  -0.54361890264531   -2.43201116753331   -2.92541870882681
  -0.54382627562020   -2.43293890089268   -2.92692129774736
  -0.54564858689395   -2.44109145288623   -2.93800592438038
  -0.54671357235567   -2.44585592395882   -2.94445612844545
  -0.54789776740879   -2.45115370808609   -2.95109359407672
  -0.54947425635159   -2.45820651418929   -2.95920141763529
  -0.55035751237271   -2.46215797448011   -2.96404085627071
  -0.55235105555432   -2.47107657399357   -2.97595472218460
  -0.55251323452055   -2.47180212098078   -2.97681088987913
  -0.55450208499897   -2.48069972654700   -2.98958510566431
  -0.55520355265730   -2.48383791245340   -2.99358220028457
  -0.55679760343344   -2.49096928568252   -3.00247924963508
  -0.55801155281478   -2.49640018302232   -3.00979798957996
  -0.55892332983167   -2.50047923891346   -3.01529599532270
  -0.56084822054766   -2.50909070495115   -3.02592748441071
  -0.56131903719818   -2.51119701756529   -3.02852716538325
  -0.56340530096092   -2.52053042511369   -3.04154945783153
  -0.56357084046338   -2.52127100627577   -3.04239660579768
  -0.56558061605362   -2.53026222541093   -3.05421052753508
  -0.56642533717326   -2.53404129046261   -3.05842626040512
  -0.56785298557711   -2.54042822227197   -3.06724701790127
  -0.56928079605211   -2.54681587914596   -3.07608111678873
  -0.56996941232752   -2.54989657127016   -3.08016467960530
  -0.57209768595456   -2.55941792014772   -3.09222846194673
  -0.57226402958136   -2.56016209875533   -3.09307331021708
  -0.57455882820852   -2.57042843765806   -3.10600855728610
  -0.57491147597497   -2.57200609307446   -3.10843132913022
  -0.57651026050100   -2.57915864388325   -3.11882037802290
  -0.57776029590733   -2.58475098081857   -3.12526774079965
  -0.57894632904316   -2.59005698805520   -3.13191648053861
  -0.58048730689254   -2.59695092665883   -3.14175982947932
  -0.58103394169576   -2.59939643018991   -3.14493509235700
  -0.58324057890020   -2.60926835755996   -3.15756306715052
  -0.58339820935765   -2.60997355568866   -3.15842986973559
  -0.58555473734416   -2.61962130730428   -3.17101136894333
  -0.58605724346464   -2.62186939045740   -3.17354004014097
  -0.58759941431316   -2.62876866623241   -3.18355145990208
  -0.58898623026185   -2.63497292413828   -3.19171683448673
  -0.58985597408530   -2.63886393433171   -3.19660287585674
  -0.59181408123677   -2.64762400215943   -3.20703976704277
  -0.59217347694230   -2.64923184611989   -3.20944702574727
  -0.59414090068015   -2.65803359395910   -3.22220532457451
  -0.59468448643445   -2.66046545682947   -3.22543689910233
  -0.59640894840736   -2.66818025621504   -3.23528058602362
  -0.59746175949526   -2.67289026227005   -3.24175223254784
  -0.59867023196326   -2.67829665730805   -3.24830678185905
  -0.60029183310693   -2.68555128379639   -3.25706046623758
  -0.60099596570260   -2.68870139194708   -3.26112010041729
  -0.60303388074611   -2.69781849975952   -3.27270852397254
  -0.60324340296271   -2.69875584827359   -3.27420014947962
  -0.60528150393905   -2.70787378790170   -3.28681778431445
  -0.60595205554512   -2.71087366334098   -3.29095721625433
  -0.60734937234183   -2.71712489934038   -3.29986951813317
  -0.60867283640766   -2.72304573721463   -3.30666094454786
  -0.60976210127983   -2.72791882812560   -3.31299566245680
  -0.61155198572453   -2.73592631082521   -3.32420937492741
  -0.61176152597968   -2.73686374003910   -3.32570107427397
  -0.61406178890127   -2.74715452478988   -3.33861875263762
  -0.61442600716050   -2.74878394361537   -3.34100352045406
  -0.61629670805527   -2.75715297832896   -3.35174021727164
  -0.61721694749554   -2.76126989292603   -3.35725388572844
  -0.61846227737179   -2.76684117852987   -3.36448527017953
  -0.62001534537671   -2.77378920538017   -3.37350718492160
  -0.62070143246294   -2.77685858256243   -3.37760873527989
  -0.62282469520148   -2.78635751401348   -3.38970325308572
  -0.62298697494862   -2.78708351186858   -3.39055980320523
  -0.62510364421116   -2.79655294580371   -3.40348588840479
  -0.62560119871795   -2.79877887671056   -3.40603439323551
  -0.62739663543881   -2.80681119886584   -3.41641296071529
  -0.62849733664075   -2.81173545297511   -3.42353802847677
  -0.62941083156265   -2.81582219433149   -3.42900946403892
  -0.63134498904007   -2.82447511747668   -3.43882512783354
  -0.63185630120709   -2.82676259661734   -3.44210759233326
  -0.63390532425319   -2.83592939877676   -3.45527556121594
  -0.63407831761589   -2.83670332659263   -3.45609806660813
  -0.63627284466310   -2.84652107623357   -3.46792764669092
  -0.63699011949211   -2.84972997935646   -3.47275909299334
  -0.63834052721236   -2.85577135621142   -3.48102392436446
  -0.63971271311185   -2.86191016303961   -3.48844513665220
  -0.64063966029439   -2.86605708635054   -3.49392853598333
  -0.64264000390847   -2.87500610924998   -3.50495885165711
  -0.64286279680377   -2.87600282736774   -3.50649491367724
  -0.64510531373229   -2.88603527139611   -3.51962401702656
  -0.64545821349188   -2.88761405416501   -3.52204780724450
  -0.64703435619244   -2.89466531126943   -3.53256651805788
  -0.64818519840663   -2.89981388337272   -3.53852934574835
  -0.64946647236118   -2.90554597353917   -3.54561347099854
  -0.65110404459683   -2.91287205058571   -3.55517769096396
  -0.65162553751334   -2.91520507578142   -3.55839651265864
  -0.65386776152927   -2.92523620939420   -3.57071216040862
  -0.65402549900870   -2.92594188631169   -3.57157938644257
  -0.65598272921897   -2.93469803092998   -3.58445174603975
  -0.65669075643404   -2.93786556260628   -3.58848288603141
  -0.65828523723258   -2.94499885964507   -3.59734264475721
  -0.65952457461327   -2.95054333636491   -3.60462510532845
  -0.66039935702737   -2.95445688791712   -3.61028683828439
  -0.66235621349492   -2.96321136050662   -3.62155286915857
  -0.66268089909349   -2.96466392037495   -3.62326647652951
  -0.66469301908871   -2.97366562777508   -3.63586348386690
  -0.66519891693983   -2.97592888465885   -3.63844784624399
  -0.66708722592387   -2.98437669343553   -3.64914463635612
  -0.66797842155572   -2.98836367350294   -3.65476937255352
  -0.66909507832891   -2.99335930873469   -3.66182298174482
  -0.67080459461636   -3.00100724496712   -3.67092149978073
  -0.67151706925198   -3.00419467325919   -3.67493258849556
  -0.67366566116710   -3.01380692093237   -3.68722458893785
  -0.67380999032022   -3.01445261244618   -3.68813438872823
  -0.67579578821899   -3.02333656155607   -3.70065531865251
  -0.67647380044348   -3.02636981388352   -3.70480707437828
  -0.67772975734691   -3.03198864207403   -3.71363378120847
  -0.67926937022869   -3.03887647416366   -3.72347754231164
  -0.67972897571167   -3.04093263089740   -3.72685001211347
  -0.68080985885095   -3.04576822409095   -3.73975616200932
  -0.68199507330790   -3.05107056876884   -3.75247667826616
  -0.68211640024186   -3.05161335426963   -3.75336460276948
  -0.68307140118013   -3.05588578286908   -3.76563516129746
  -0.68384667776859   -3.05935417094739   -3.77846211613671
  -0.68444592355903   -3.06203504250528   -3.79133357238357
  -0.68477996991671   -3.06352948000258   -3.80429573666244
  -0.68487983760676   -3.06397626236482   -3.80593458878192
  -0.68504774601156   -3.06472744138676   -3.81724556703026
  -0.68522701102707   -3.06552942696444   -3.83016865487070
  -0.68531776331068   -3.06593542934248   -3.84306498161573
  -0.68548362317169   -3.06667744370629   -3.85600339500859
  -0.68558860486506   -3.06714710480419   -3.86893742762633
  -0.68576793902640   -3.06794939972253   -3.88186089830125
  -0.68594729075532   -3.06875177323371   -3.89478446639242
  -0.68611309740547   -3.06949354954584   -3.90769977037037
  -0.68621827161974   -3.06996407193278   -3.92065770618503
  -0.68630914195803   -3.07037060245707   -3.93355466926305
  -0.68638702244297   -3.07071901971813   -3.94646973905600
  -0.68635021743661   -3.07055436358482   -3.95940293888399
  -0.68575404739982   -3.06788725215773   -3.97214556343329
  -0.68490832686058   -3.06410371595979   -3.97789656197894
  -0.68352287901725   -3.05790557860546   -3.98523135819329
  -0.68212852680082   -3.05166760537581   -3.99095435848352
  -0.68016056690464   -3.04286345890208   -3.99805479591105
  -0.67927507054057   -3.03890197589303   -4.00125506192013
  -0.67650049806481   -3.02648925217548   -4.01039697829029
  -0.67631378806931   -3.02565395967196   -4.01113955493646
  -0.67384686359954   -3.01461757401513   -4.02011983033585
  -0.67263149175386   -3.00918031293571   -4.02427044490554
  -0.67077102028248   -3.00085704203168   -4.02982225092467
  -0.66870727815213   -2.99162439047468   -4.03676954581861
  -0.66800266493673   -2.98847213215491   -4.03919059366052
  -0.66516995513713   -2.97579931700171   -4.04882080334310
  -0.66499386579622   -2.97501153857552   -4.04962802565976
  -0.66236902073929   -2.96326865682429   -4.05777010721016
  -0.66094727016904   -2.95690811040570   -4.06252599607491
  -0.65955143575661   -2.95066350621230   -4.06665349630889
  -0.65719438404363   -2.94011866301330   -4.07514652881934
  -0.65664861564521   -2.93767703555446   -4.07746840427712
  -0.65389930967763   -2.92537734769669   -4.08674031677549
  -0.65338772591195   -2.92308865349345   -4.08845473628347
  -0.65113611646648   -2.91301553188256   -4.09516672180139
  -0.64949386125646   -2.90566850441302   -4.10123731944670
  -0.64820323544716   -2.89989457645346   -4.10566535255672
  -0.64563772287177   -2.88841713296607   -4.11427619114403
  -0.64545301264209   -2.88759078690052   -4.11503417564632
  -0.64266926770983   -2.87513702797149   -4.12491573004491
  -0.64195769869245   -2.87195365118250   -4.12734403057853
  -0.63978436350518   -2.86223070847297   -4.13417147983977
  -0.63788468282545   -2.85373202565425   -4.14008528506494
  -0.63699928770577   -2.84977099558656   -4.14328571975209
  -0.63422452025988   -2.83735739962280   -4.15242972507701
  -0.63403782906685   -2.83652219123669   -4.15317234449179
  -0.63128468131897   -2.82420531624184   -4.16294692728687
  -0.63042243693377   -2.82034785660652   -4.16555478012834
  -0.62863682747948   -2.81235949911462   -4.17121799503266
  -0.62656806550008   -2.80310439004393   -4.17852368691650
  -0.62561527048140   -2.79884183016139   -4.18226434202150
  -0.62300856166570   -2.78718008528934   -4.19070756906022
  -0.62247561237631   -2.78479580722760   -4.19242723965622
  -0.62013459722914   -2.77432270749987   -4.19931632645733
  -0.61868214997497   -2.76782483201170   -4.20462879543064
  -0.61727310220441   -2.76152111465214   -4.20947122358946
  -0.61483220517250   -2.75060116905881   -4.21770731616055
  -0.61445615768733   -2.74891882931857   -4.21916900242465
  -0.61164181573280   -2.73632818718057   -4.22894596251317
  -0.61126084426182   -2.73462381879410   -4.23030735881706
  -0.60877943577935   -2.72352263538931   -4.23827484435537
  -0.60720621341528   -2.71648444311931   -4.24320241065576
  -0.60599915771097   -2.71108438631771   -4.24738542790621
  -0.60349144302279   -2.69986551571375   -4.25598508651189
  -0.60310808286095   -2.69815046093869   -4.25736194969249
  -0.60045558225551   -2.68628385537562   -4.26642507091107
  -0.59951772693454   -2.68208813185861   -4.26952142717392
  -0.59751175827990   -2.67311394397427   -4.27542142420374
  -0.59590398280380   -2.66592116996712   -4.28178489437928
  -0.59472474898694   -2.66064558113497   -4.28609593584945
  -0.59205505815211   -2.64870207090643   -4.29482721954770
  -0.59186838099005   -2.64786692529129   -4.29556989073480
  -0.58905258426465   -2.63526977488251   -4.30445613836549
  -0.58814930336018   -2.63122872841338   -4.30755593884792
  -0.58618914116176   -2.62245946683410   -4.31468391231173
  -0.58386615434197   -2.61206702120671   -4.32112698096724
  -0.58349764933796   -2.61041842458751   -4.32265426474265
  -0.58072735389546   -2.59802483521679   -4.33306613385744
  -0.58051825431333   -2.59708937746067   -4.33387273561258
  -0.57781967990053   -2.58501664953230   -4.34261545896802
  -0.57657917542648   -2.57946695153691   -4.34663544067577
  -0.57496232599385   -2.57223358298178   -4.35207543076127
  -0.57300060939703   -2.56345736742381   -4.35918380641219
  -0.57214375725383   -2.55962403129247   -4.36175747561018
  -0.56932785287838   -2.54702639928506   -4.36984338872751
  -0.56861614291189   -2.54384239192598   -4.37221055134385
  -0.56651007832226   -2.53442040057030   -4.37791825209500
  -0.56369435050740   -2.52182355844955   -4.38443905921221
  -0.56349958096778   -2.52095220961834   -4.38502692869966
  -0.56090716490922   -2.50935440686602   -4.38958725277516
  -0.55805596203437   -2.49659885845000   -4.39491025118635
  -0.55611772315929   -2.48792767618134   -4.39812806421127
  -0.55523674788209   -2.48398641935224   -4.39974078221817
  -0.55241754939312   -2.47137405032811   -4.40458512929325
  -0.54963341760805   -2.45891856071906   -4.40971291705651
  -0.54890813797621   -2.45567384616694   -4.41121339349240
  -0.54677932720488   -2.44615009424394   -4.41506833805543
  -0.54396017670650   -2.43353793991735   -4.41990590781555
  -0.54201516952401   -2.42483647798193   -4.42384488465470
  -0.54114151604186   -2.42092797698094   -4.42553270915446
  -0.53840458896641   -2.40868366910309   -4.43042568541166
  -0.53550247130252   -2.39570034101473   -4.43604686151937
  -0.53530882052774   -2.39483399724967   -4.43662105970439
  -0.53265509341389   -2.38296190460339   -4.44132652406194
  -0.52986489723112   -2.37047928443863   -4.44571069398312
  -0.52775876015779   -2.36105696880948   -4.44979906413207
  -0.52704680592354   -2.35787186865929   -4.45133755207564
  -0.52422690926331   -2.34525637619648   -4.45619451785713
  -0.52143472432151   -2.33276485883526   -4.46142572727865
  -0.52070800340016   -2.32951369632453   -4.46275545465715
  -0.51852534606434   -2.31974904871976   -4.46679045440818
  -0.51577111079051   -2.30742730841350   -4.47149915336500
  -0.51381330954294   -2.29866860912119   -4.47531864223559
  -0.51292355223472   -2.29468806374378   -4.47681021072920
  -0.51013343395602   -2.28220579210180   -4.48198335399825
  -0.50731274241295   -2.26958674353758   -4.48750408190005
  -0.50695367094673   -2.26798035014043   -4.48836512238474
  -0.50446542038028   -2.25684855701149   -4.49293869016614
  -0.50160758613025   -2.24406334152831   -4.49744974966454
  -0.49972262956071   -2.23563053059198   -4.50116026542625
  -0.49885943632239   -2.23176882603181   -4.50293498754200
  -0.49597550647731   -2.21886686556744   -4.50872601817905
  -0.49325972182489   -2.20671714345297   -4.51295759167086
  -0.49268634998961   -2.20415202531642   -4.51425455127264
  -0.49037240667926   -2.19380003802456   -4.51794129279748
  -0.48755079451000   -2.18117687081552   -4.52358242478671
  -0.48564407876880   -2.17264671494098   -4.52715774642260
  -0.48476320727008   -2.16870592239011   -4.52877078305324
  -0.48194344395596   -2.15609102648350   -4.53361618372999
  -0.47913039973506   -2.14350619007198   -4.53910826124485
  -0.47876512278603   -2.14187203494060   -4.53998110366729
  -0.47634035203858   -2.13102423419670   -4.54371616191308
  -0.47342433377689   -2.11797871840861   -4.54905343479901
  -0.47135234102648   -2.10870915569930   -4.55271417247698
  -0.47067042245593   -2.10565842738419   -4.55376379178225
  -0.46782116777840   -2.09291159470199   -4.55826564885506
  -0.46500101822257   -2.08029497084929   -4.56390746003680
  -0.46412941165745   -2.07639562722871   -4.56561852252545
  -0.46221435359265   -2.06782814994379   -4.56908821716626
  -0.45936464782973   -2.05507929922153   -4.57359005714552
  -0.45682787835732   -2.04373044498497   -4.57916446530654
  -0.45663008880590   -2.04284558539763   -4.57982283575083
  -0.45387013112305   -2.03049824450506   -4.58974397753338
  -0.45368218013803   -2.02965740013359   -4.59156884250875
      
      
