# shadow point cont 2D ind 72  size 1157
# norm  0.8443279 -0.5358268  0.0000000
# angle  0.5654867
   2.09264301  -4.60383028
   2.09354468  -4.60108670
   2.09681193  -4.59120689
   2.10601566  -4.58478698
   2.11675506  -4.57881513
   2.11926380  -4.57737365
   2.13219466  -4.57083778
   2.14307122  -4.56528422
   2.14463661  -4.56428662
   2.15800908  -4.55725066
   2.16693431  -4.55331326
   2.17107771  -4.55096118
   2.18384707  -4.54433394
   2.19349632  -4.54020567
   2.19693675  -4.53799706
   2.20969748  -4.53056104
   2.21615757  -4.52733364
   2.22262672  -4.52406277
   2.23537455  -4.51730808
   2.24177268  -4.51396740
   2.24816036  -4.51057692
   2.26163605  -4.50430254
   2.26569664  -4.50192159
   2.27455067  -4.49706423
   2.28722451  -4.49017813
   2.29041635  -4.48849583
   2.29997826  -4.48346694
   2.31306471  -4.47726925
   2.31554418  -4.47575797
   2.32581944  -4.46974980
   2.33890528  -4.46354172
   2.33978916  -4.46286835
   2.35181924  -4.45632808
   2.36405401  -4.44999933
   2.36497323  -4.44937848
   2.37750291  -4.44312422
   2.38989007  -4.43708425
   2.39080860  -4.43646224
   2.40333960  -4.42937944
   2.41319142  -4.42405423
   2.41633539  -4.42228690
   2.42934251  -4.41598663
   2.43831066  -4.41131600
   2.44255814  -4.40909030
   2.45490028  -4.40245833
   2.46327496  -4.39841423
   2.46848858  -4.39558103
   2.48086410  -4.38903902
   2.48748586  -4.38532748
   2.49394580  -4.38129238
   2.50671129  -4.37534000
   2.51174565  -4.37252203
   2.52027986  -4.36828830
   2.53270884  -4.36108570
   2.53590093  -4.35940361
   2.54562894  -4.35381940
   2.55784603  -4.34671160
   2.55873835  -4.34604594
   2.57164820  -4.33792101
   2.57945759  -4.33347411
   2.58437461  -4.33034312
   2.59729627  -4.32147714
   2.59816572  -4.32076307
   2.61022382  -4.31263875
   2.61829883  -4.30779728
   2.62314735  -4.30459252
   2.63624191  -4.29679696
   2.63871736  -4.29527130
   2.64943162  -4.28824479
   2.66015617  -4.28175373
   2.66166469  -4.28074871
   2.67525277  -4.27203586
   2.67976686  -4.26916108
   2.68773932  -4.26420697
   2.69931066  -4.25646068
   2.70107608  -4.25504720
   2.71375665  -4.24670881
   2.71860141  -4.24348085
   2.72650827  -4.23842022
   2.73942823  -4.23115353
   2.74031021  -4.23047682
   2.75273211  -4.22191933
   2.75958637  -4.21734881
   2.76527796  -4.21344409
   2.77857238  -4.20579952
   2.77945703  -4.20509536
   2.79109974  -4.19803734
   2.80018641  -4.19190794
   2.80413428  -4.18932434
   2.81694580  -4.18110537
   2.82028277  -4.17886249
   2.83003333  -4.17245591
   2.84035415  -4.16574362
   2.84280608  -4.16422048
   2.85608075  -4.15577674
   2.86064140  -4.15296547
   2.86846485  -4.14773604
   2.88018321  -4.14026437
   2.88190530  -4.13879311
   2.89413085  -4.13209846
   2.90172192  -4.12701481
   2.90776533  -4.12273249
   2.92029491  -4.11490300
   2.92116445  -4.11418900
   2.93340211  -4.10630633
   2.94135356  -4.10127887
   2.94616652  -4.09801381
   2.95924475  -4.09016933
   2.96235097  -4.08836960
   2.97202551  -4.08110617
   2.98047300  -4.07619979
   2.98538937  -4.07282221
   2.99766561  -4.06542060
   3.00188163  -4.06248948
   3.01077689  -4.05686215
   3.02228653  -4.04993623
   3.02406104  -4.04858779
   3.03675726  -4.04010054
   3.04220078  -4.03658521
   3.04971616  -4.03134739
   3.06193408  -4.02419214
   3.06280369  -4.02347818
   3.07538610  -4.01489809
   3.08050514  -4.01134143
   3.08894151  -4.00622944
   3.10137019  -3.99896079
   3.10223222  -3.99823002
   3.11430588  -3.99011729
   3.12157460  -3.98527593
   3.12705803  -3.98178864
   3.13998109  -3.97372040
   3.14173230  -3.97232395
   3.15305225  -3.96506057
   3.16039735  -3.95951649
   3.16606129  -3.95376150
   3.17090176  -3.94649512
   3.17569858  -3.93350446
   3.17826188  -3.92058407
   3.17837761  -3.90762209
   3.17836316  -3.89469894
   3.17759420  -3.88174761
   3.17752625  -3.86885188
   3.17718490  -3.85592719
   3.17635465  -3.84300367
   3.17551978  -3.83008153
   3.17429201  -3.81713147
   3.17236961  -3.80421280
   3.16993200  -3.79128832
   3.16641737  -3.77843544
   3.16561580  -3.77602344
   3.16160273  -3.76550057
   3.15629724  -3.75243753
   3.15319792  -3.74743004
   3.14734140  -3.73944406
   3.13987789  -3.72828321
   3.13844626  -3.72654193
   3.12847195  -3.71380149
   3.12694533  -3.71211050
   3.11721201  -3.70081920
   3.11409994  -3.69748270
   3.10683400  -3.68777985
   3.10076122  -3.67921123
   3.09693565  -3.67499725
   3.08859512  -3.66566296
   3.08529765  -3.66158475
   3.07589028  -3.64914398
   3.07492911  -3.64765174
   3.06424169  -3.63582261
   3.06252527  -3.63347732
   3.05506176  -3.62312520
   3.04924509  -3.61597578
   3.04437311  -3.61033270
   3.03622518  -3.59986497
   3.03393671  -3.59733749
   3.02395712  -3.58484174
   3.02327765  -3.58394444
   3.01367703  -3.57151411
   3.01048241  -3.56824573
   3.00249925  -3.55846455
   2.99760428  -3.55203076
   2.99145880  -3.54528417
   2.98490502  -3.53728203
   2.98092130  -3.53241128
   2.97158975  -3.52063020
   2.97081187  -3.51979535
   2.96068318  -3.50658807
   2.95899918  -3.50418304
   2.94941496  -3.49354314
   2.94621093  -3.48953655
   2.93967641  -3.48069760
   2.93314832  -3.47264017
   2.92900834  -3.46784624
   2.92038095  -3.45796741
   2.91790574  -3.45477507
   2.90791265  -3.44207880
   2.90714970  -3.44123361
   2.89738768  -3.42916381
   2.89413657  -3.42513494
   2.88709907  -3.41608546
   2.88174107  -3.40938054
   2.87665382  -3.40300746
   2.86827974  -3.39280198
   2.86652960  -3.39049258
   2.85613131  -3.37747290
   2.85538741  -3.37661636
   2.84566945  -3.36450208
   2.84258854  -3.36114350
   2.83457462  -3.35139944
   2.82949393  -3.34511470
   2.82384606  -3.33864388
   2.81651919  -3.32980145
   2.81328124  -3.32576709
   2.80434914  -3.31286994
   2.80362636  -3.31200299
   2.79389744  -3.29990113
   2.79055480  -3.29596471
   2.78259706  -3.28696021
   2.77778706  -3.28047448
   2.77216470  -3.27395095
   2.76463414  -3.26530805
   2.76092912  -3.26102239
   2.75222864  -3.24954016
   2.75129093  -3.24802196
   2.74061322  -3.23520980
   2.73902769  -3.23356523
   2.72949173  -3.22213001
   2.72629712  -3.21808474
   2.71957400  -3.20938598
   2.71303548  -3.20137045
   2.70902823  -3.19649605
   2.70028488  -3.18587684
   2.69856979  -3.18353272
   2.68879196  -3.17067099
   2.68711071  -3.16829657
   2.67756394  -3.15767181
   2.67425133  -3.15370441
   2.66699895  -3.14480137
   2.66148916  -3.13822120
   2.65668616  -3.13174734
   2.64860692  -3.12201756
   2.64608265  -3.11887250
   2.63625711  -3.10605443
   2.63551352  -3.10519816
   2.62521407  -3.09291946
   2.62272566  -3.08973178
   2.61471295  -3.07998985
   2.60996258  -3.07425728
   2.60421798  -3.06705117
   2.59652944  -3.05772223
   2.59397477  -3.05455803
   2.58427701  -3.04163652
   2.58353349  -3.04078030
   2.57347340  -3.02833425
   2.57120490  -3.02576320
   2.56221684  -3.01533148
   2.55802574  -3.00982440
   2.55227534  -3.00263049
   2.54495031  -2.99379056
   2.54170716  -2.98975497
   2.53220419  -2.97749591
   2.53146074  -2.97663975
   2.52153761  -2.96389219
   2.51921422  -2.96138052
   2.51024551  -2.95095630
   2.50618574  -2.94612904
   2.49970818  -2.93805907
   2.49335522  -2.92989808
   2.48871448  -2.92483862
   2.48043389  -2.91615713
   2.47566778  -2.91201035
   2.46771006  -2.90464751
   2.46182963  -2.89921997
   2.45447275  -2.89453032
   2.44195804  -2.88666158
   2.44045003  -2.88570690
   2.42882069  -2.87880944
   2.41979710  -2.87342187
   2.41576711  -2.87097201
   2.40291652  -2.86278573
   2.39895037  -2.86027603
   2.39019095  -2.85517190
   2.37936604  -2.84763812
   2.37692992  -2.84604297
   2.36454380  -2.83953240
   2.35699286  -2.83433022
   2.35112485  -2.83066335
   2.33845614  -2.82298474
   2.33604498  -2.82135212
   2.32557348  -2.81480329
   2.31492743  -2.80857337
   2.31243989  -2.80707828
   2.29953848  -2.79896913
   2.29539264  -2.79588071
   2.28679327  -2.79061510
   2.27375840  -2.78348948
   2.27287016  -2.78284343
   2.26093641  -2.77530269
   2.25341388  -2.77004469
   2.24782917  -2.76669781
   2.23527214  -2.75889751
   2.23192819  -2.75651265
   2.22204217  -2.75045260
   2.21229720  -2.74408239
   2.20920773  -2.74227561
   2.19637897  -2.73479020
   2.19054941  -2.73106813
   2.18322656  -2.72631306
   2.17111404  -2.71823682
   2.17024449  -2.71752254
   2.15782796  -2.71099753
   2.14851589  -2.70530658
   2.14439800  -2.70304505
   2.13184581  -2.69443696
   2.12785349  -2.69172241
   2.11888290  -2.68705410
   2.10655724  -2.67940756
   2.10567864  -2.67871887
   2.09299726  -2.67106480
   2.08566247  -2.66632828
   2.07989725  -2.66247207
   2.06697867  -2.65439621
   2.06610330  -2.65369768
   2.05411311  -2.64703504
   2.04502830  -2.64089094
   2.04088953  -2.63795399
   2.02837170  -2.63075660
   2.02420242  -2.62772278
   2.01518358  -2.62232564
   2.00327280  -2.61471030
   2.00241094  -2.61397933
   1.98954232  -2.60662104
   1.98211326  -2.60205943
   1.97652574  -2.59871147
   1.96410707  -2.58946879
   1.96327562  -2.58869661
   1.95109096  -2.58271304
   1.94105691  -2.57602504
   1.93771372  -2.57383707
   1.92503080  -2.56615428
   1.92016351  -2.56294336
   1.91201706  -2.55822155
   1.89933331  -2.55060277
   1.89846400  -2.54988863
   1.88634661  -2.54259045
   1.87815782  -2.53715560
   1.87325276  -2.53402463
   1.86002922  -2.52569127
   1.85842417  -2.52486688
   1.84754369  -2.51849068
   1.83611958  -2.51141613
   1.83435628  -2.51006242
   1.82169919  -2.50236423
   1.81517436  -2.49842149
   1.80863876  -2.49451116
   1.79645355  -2.48571769
   1.79559505  -2.48498045
   1.78288686  -2.47823676
   1.77392084  -2.47272148
   1.76990974  -2.47026623
   1.75697764  -2.46221534
   1.75299637  -2.45969748
   1.74440534  -2.45442535
   1.73273367  -2.44695358
   1.73096316  -2.44563243
   1.71841435  -2.43851098
   1.71101580  -2.43389112
   1.70518171  -2.43017477
   1.69235879  -2.42189917
   1.69081505  -2.42098894
   1.67968534  -2.41426141
   1.66977260  -2.40820749
   1.66656997  -2.40654451
   1.65348043  -2.39791755
   1.64878834  -2.39524017
   1.64094331  -2.39084867
   1.62929339  -2.38250980
   1.62757630  -2.38105003
   1.61496438  -2.37415662
   1.60694226  -2.36921970
   1.60193940  -2.36540606
   1.58927440  -2.35777899
   1.58683050  -2.35620075
   1.57621848  -2.34994705
   1.56639131  -2.34371005
   1.56304919  -2.34143076
   1.55053464  -2.33436762
   1.54411345  -2.33028349
   1.53763688  -2.32626629
   1.52513677  -2.31808218
   1.52430069  -2.31732685
   1.51176897  -2.31019514
   1.50286290  -2.30458947
   1.49885619  -2.30212267
   1.48583606  -2.29423819
   1.48180126  -2.29177313
   1.47290863  -2.28618594
   1.46098038  -2.27863375
   1.46011533  -2.27791061
   1.44709981  -2.27002195
   1.44066208  -2.26592074
   1.43429395  -2.26176134
   1.42127618  -2.25387813
   1.42039387  -2.25320519
   1.40865577  -2.24614470
   1.39945188  -2.24025333
   1.39523913  -2.23738148
   1.38244305  -2.22976833
   1.37784017  -2.22700111
   1.36978964  -2.22211660
   1.35826987  -2.21439784
   1.35670830  -2.21350900
   1.34363546  -2.20575471
   1.33653858  -2.20136475
   1.33113164  -2.19781307
   1.31792550  -2.19031592
   1.31529338  -2.18880180
   1.30511502  -2.18192786
   1.29475808  -2.17528323
   1.29231224  -2.17370722
   1.27925329  -2.16589843
   1.27364424  -2.16257181
   1.26631281  -2.15786144
   1.25415401  -2.14984435
   1.25328511  -2.14913049
   1.24052184  -2.14168522
   1.23249106  -2.13674388
   1.22786632  -2.13400729
   1.21451412  -2.12514560
   1.21368449  -2.12438435
   1.20189039  -2.11808699
   1.19056196  -2.11088233
   1.18880987  -2.10949354
   1.17610033  -2.10190217
   1.16960804  -2.09793691
   1.16315940  -2.09387420
   1.15015137  -2.08599653
   1.14855914  -2.08515108
   1.13715323  -2.07720522
   1.12930183  -2.07202932
   1.12464165  -2.06932922
   1.11151883  -2.06245989
   1.10721690  -2.05939858
   1.09860941  -2.05352064
   1.08720989  -2.04645959
   1.08562097  -2.04560902
   1.07282161  -2.03814412
   1.06549214  -2.03341083
   1.05973112  -2.02955720
   1.04687580  -2.02224037
   1.04440153  -2.02072216
   1.03381820  -2.01361866
   1.02361061  -2.00745357
   1.02123941  -2.00577003
   1.00803888  -1.99757595
   1.00382848  -1.99503155
   0.99530635  -1.98979516
   0.98258251  -1.98225482
   0.98170463  -1.98156660
   0.96959451  -1.97432064
   0.96213656  -1.96891924
   0.95663909  -1.96551278
   0.94360522  -1.95768085
   0.94039304  -1.95588595
   0.93068877  -1.94961907
   0.91966899  -1.94269963
   0.91811002  -1.94178694
   0.90479752  -1.93368589
   0.89982617  -1.93037157
   0.89203402  -1.92523475
   0.87983599  -1.91736481
   0.87896191  -1.91667035
   0.86615513  -1.90926330
   0.85811465  -1.90431637
   0.85323884  -1.90120170
   0.84033870  -1.89393118
   0.83691569  -1.89152261
   0.82738164  -1.88509879
   0.81542037  -1.87843335
   0.81453928  -1.87775687
   0.80149618  -1.86920908
   0.79650412  -1.86585445
   0.78879411  -1.86145448
   0.77579922  -1.85358497
   0.77492576  -1.85289701
   0.76285591  -1.84554697
   0.75394678  -1.83992588
   0.74994808  -1.83747782
   0.73707595  -1.83018443
   0.73216381  -1.82690895
   0.72427964  -1.82188621
   0.71220256  -1.81376313
   0.71133783  -1.81304023
   0.69830170  -1.80533471
   0.69175952  -1.80127205
   0.68548763  -1.79774756
   0.67265850  -1.78959901
   0.67090932  -1.78820301
   0.65962253  -1.78177872
   0.64916485  -1.77520694
   0.64678391  -1.77364499
   0.63376049  -1.76567323
   0.62961959  -1.76246078
   0.62083856  -1.75690509
   0.60870075  -1.74968963
   0.60787670  -1.74891388
   0.59494779  -1.74083503
   0.58844747  -1.73669196
   0.58217923  -1.73336685
   0.56916280  -1.72469529
   0.56755430  -1.72387962
   0.55629950  -1.71725037
   0.54590482  -1.71065643
   0.54352936  -1.70909769
   0.53049240  -1.70120648
   0.52557418  -1.69794579
   0.51758367  -1.69303527
   0.50494872  -1.68536423
   0.50339729  -1.68446421
   0.49190277  -1.67763162
   0.48368665  -1.67205123
   0.47886831  -1.66882026
   0.46596931  -1.66084566
   0.46344842  -1.65919667
   0.45311384  -1.65347135
   0.44114377  -1.64593103
   0.44027910  -1.64520819
   0.42725598  -1.63662936
   0.42157296  -1.63330705
   0.41434366  -1.62846212
   0.40169186  -1.62081700
   0.40082324  -1.62010336
   0.38865165  -1.61308794
   0.37902408  -1.60720539
   0.37593974  -1.60539402
   0.36279445  -1.59696876
   0.35944804  -1.59456192
   0.34987517  -1.58890174
   0.33779739  -1.58155075
   0.33695178  -1.58080477
   0.32403769  -1.57276486
   0.31683869  -1.56863282
   0.31113315  -1.56469349
   0.29857982  -1.55685970
   0.29619823  -1.55519362
   0.28546728  -1.54928994
   0.27563498  -1.54282967
   0.27238725  -1.54038667
   0.25969374  -1.53296484
   0.25549940  -1.52998429
   0.24666532  -1.52513275
   0.23390249  -1.51754539
   0.23303388  -1.51683179
   0.22097456  -1.50956865
   0.21199385  -1.50407705
   0.20798495  -1.50171606
   0.19522001  -1.49578459
   0.18626632  -1.49110544
   0.18217519  -1.48880133
   0.16940706  -1.48287633
   0.16045340  -1.47819721
   0.15636553  -1.47588658
   0.14359417  -1.46996816
   0.13539526  -1.46539334
   0.13055598  -1.46297182
   0.11789324  -1.45682137
   0.11118979  -1.45241820
   0.10478845  -1.44923407
   0.09196876  -1.44334552
   0.08538978  -1.43956429
   0.07893744  -1.43633559
   0.06607937  -1.43066711
   0.05873392  -1.42665825
   0.05313002  -1.42352127
   0.04021710  -1.41684745
   0.03389029  -1.41349631
   0.02739466  -1.41047483
   0.01453048  -1.40462211
   0.00796793  -1.40065186
   0.00151007  -1.39678449
  -0.01107559  -1.39210674
  -0.02402690  -1.38881917
  -0.03696389  -1.39148995
  -0.05034370  -1.39648662
  -0.05595559  -1.39925887
  -0.06295169  -1.40293293
  -0.07627385  -1.41011992
  -0.07957245  -1.41183258
  -0.08884587  -1.41737848
  -0.10196063  -1.42393245
  -0.10360565  -1.42466665
  -0.11498512  -1.43142909
  -0.12752664  -1.43740161
  -0.12846633  -1.43790498
  -0.14057411  -1.44451088
  -0.15310778  -1.45085896
  -0.15469612  -1.45170908
  -0.16603119  -1.45889415
  -0.17509783  -1.46414235
  -0.17923572  -1.46635344
  -0.19184251  -1.47260818
  -0.20005675  -1.47709338
  -0.20515303  -1.47996985
  -0.21794858  -1.48653141
  -0.22373016  -1.48937075
  -0.23118750  -1.49352738
  -0.24375739  -1.50025236
  -0.24791948  -1.50241523
  -0.25681222  -1.50737415
  -0.26944966  -1.51425151
  -0.27192351  -1.51576931
  -0.28257604  -1.52193974
  -0.29507101  -1.52830411
  -0.29595227  -1.52898064
  -0.30828068  -1.53657204
  -0.31707913  -1.54167650
  -0.32122162  -1.54477375
  -0.33417972  -1.55262190
  -0.33736889  -1.55439830
  -0.34701151  -1.56092484
  -0.35739315  -1.56750375
  -0.35982816  -1.56907305
  -0.37275815  -1.57711697
  -0.37698098  -1.58001313
  -0.38621463  -1.58594210
  -0.39835125  -1.59279602
  -0.39922355  -1.59350094
  -0.41160778  -1.60185481
  -0.41874041  -1.60620041
  -0.42442294  -1.61015774
  -0.43741748  -1.61799687
  -0.43834376  -1.61859149
  -0.45047227  -1.62674553
  -0.45836405  -1.63184773
  -0.46318719  -1.63512966
  -0.47595240  -1.64252974
  -0.47933674  -1.64475625
  -0.48940885  -1.65134313
  -0.50086762  -1.65803698
  -0.50174562  -1.65875798
  -0.51472889  -1.66747741
  -0.52031720  -1.67078844
  -0.52785506  -1.67601386
  -0.53972507  -1.68365896
  -0.54058994  -1.68438195
  -0.55356668  -1.69224685
  -0.56015625  -1.69602968
  -0.56699939  -1.70050158
  -0.57945876  -1.70831229
  -0.58037290  -1.70894760
  -0.59242125  -1.71714206
  -0.60039630  -1.72206441
  -0.60526763  -1.72541038
  -0.61826577  -1.73300613
  -0.62100811  -1.73449217
  -0.63100405  -1.74160024
  -0.64005738  -1.74764130
  -0.64415555  -1.75014968
  -0.65708263  -1.75795188
  -0.66117900  -1.76042743
  -0.67003328  -1.76705620
  -0.68027203  -1.77369780
  -0.68273175  -1.77524737
  -0.69609713  -1.78325499
  -0.70078740  -1.78619426
  -0.70847059  -1.79160434
  -0.72130412  -1.79881225
  -0.72219403  -1.79945332
  -0.73444131  -1.80749055
  -0.74163829  -1.81238389
  -0.74706289  -1.81599228
  -0.75991417  -1.82407433
  -0.76167885  -1.82542018
  -0.77335903  -1.83294211
  -0.78186848  -1.83838135
  -0.78581631  -1.84091270
  -0.79904699  -1.84917134
  -0.80221492  -1.85093678
  -0.81156613  -1.85717451
  -0.82295741  -1.86417396
  -0.82476760  -1.86539566
  -0.83746553  -1.87397730
  -0.84160509  -1.87699401
  -0.85033058  -1.88209463
  -0.86310223  -1.88957251
  -0.86398036  -1.89026087
  -0.87618980  -1.89899211
  -0.88256431  -1.90313894
  -0.88902657  -1.90714773
  -0.90165462  -1.91508199
  -0.90259177  -1.91565774
  -0.91493694  -1.92317697
  -0.92240811  -1.92843181
  -0.92829433  -1.93186537
  -0.94058999  -1.93954474
  -0.94381723  -1.94196563
  -0.95372278  -1.94803147
  -0.96349103  -1.95441234
  -0.96679487  -1.95678179
  -0.97940744  -1.96441683
  -0.98430046  -1.96755288
  -0.99239929  -1.97319778
  -1.00297852  -1.98027458
  -1.00542675  -1.98184360
  -1.01795325  -1.98891696
  -1.02456010  -1.99352028
  -1.03120392  -1.99804159
  -1.04336601  -2.00606032
  -1.04423507  -2.00677429
  -1.05686342  -2.01445179
  -1.06495790  -2.01923520
  -1.06990787  -2.02227761
  -1.08309156  -2.03074652
  -1.08400974  -2.03137586
  -1.09583338  -2.03913076
  -1.10397841  -2.04462349
  -1.10887394  -2.04772663
  -1.12145995  -2.05554871
  -1.12544393  -2.05802009
  -1.13466854  -2.06389200
  -1.14572783  -2.07079440
  -1.14745809  -2.07224079
  -1.16032441  -2.08034061
  -1.16516001  -2.08365194
  -1.17316870  -2.08848233
  -1.18537403  -2.09645021
  -1.18624317  -2.09716424
  -1.19887413  -2.10484342
  -1.20551124  -2.10939606
  -1.21217608  -2.11390443
  -1.22444293  -2.12133457
  -1.22682518  -2.12300121
  -1.23768897  -2.12969219
  -1.24648951  -2.13551033
  -1.25058368  -2.13865331
  -1.26351185  -2.14583527
  -1.26694311  -2.14804917
  -1.27655606  -2.15456228
  -1.28623956  -2.16101938
  -1.28934344  -2.16283539
  -1.30216258  -2.17102814
  -1.30708948  -2.17408618
  -1.31554602  -2.18004159
  -1.32702771  -2.18737206
  -1.32788325  -2.18811469
  -1.34114594  -2.19636479
  -1.34680135  -2.19972882
  -1.35402505  -2.20460602
  -1.36651178  -2.21248488
  -1.36737346  -2.21321576
  -1.37959381  -2.22033892
  -1.38786556  -2.22564820
  -1.39296442  -2.22932422
  -1.40550116  -2.23715199
  -1.40791046  -2.23878351
  -1.41875747  -2.24630302
  -1.42743870  -2.25144786
  -1.43140874  -2.25400343
  -1.44415723  -2.26150766
  -1.44902845  -2.26466788
  -1.45713655  -2.27026911
  -1.46784135  -2.27716392
  -1.47031231  -2.27869157
  -1.48316529  -2.28692616
  -1.48799133  -2.29017105
  -1.49589843  -2.29526018
  -1.50863863  -2.30281099
  -1.50951713  -2.30349962
  -1.52198329  -2.31175286
  -1.52915207  -2.31600369
  -1.53455236  -2.31957784
  -1.54759585  -2.32746341
  -1.55009808  -2.32891671
  -1.56066634  -2.33695743
  -1.56935064  -2.34207197
  -1.57335648  -2.34453821
  -1.58624400  -2.35265691
  -1.58956828  -2.35491253
  -1.59937116  -2.36121260
  -1.60973962  -2.36785739
  -1.61215533  -2.36948338
  -1.62512463  -2.37745270
  -1.63072523  -2.38077486
  -1.63782199  -2.38583251
  -1.64941078  -2.39346226
  -1.65101385  -2.39429061
  -1.66409529  -2.40293961
  -1.66967734  -2.40627793
  -1.67692161  -2.41120678
  -1.68946303  -2.41900009
  -1.69033252  -2.41971436
  -1.70278945  -2.42801114
  -1.71063686  -2.43244645
  -1.71544861  -2.43572014
  -1.72862082  -2.44415953
  -1.73021360  -2.44500530
  -1.74145455  -2.45242499
  -1.75098451  -2.45830570
  -1.75430502  -2.46057817
  -1.76742013  -2.46914693
  -1.77055726  -2.47089693
  -1.78003532  -2.47688545
  -1.79203472  -2.48434010
  -1.79291151  -2.48503498
  -1.80598751  -2.49366069
  -1.81086021  -2.49685458
  -1.81876690  -2.50194350
  -1.83099722  -2.50983327
  -1.83187599  -2.51052207
  -1.84455625  -2.51817524
  -1.85195918  -2.52279728
  -1.85779456  -2.52651455
  -1.87075392  -2.53455263
  -1.87162951  -2.53525131
  -1.88339538  -2.54305804
  -1.89232090  -2.54864849
  -1.89639110  -2.55101646
  -1.90936772  -2.55982234
  -1.91245833  -2.56164077
  -1.92209975  -2.56816653
  -1.93197001  -2.57432901
  -1.93537587  -2.57651850
  -1.94774359  -2.58378919
  -1.95357718  -2.58762260
  -1.96116072  -2.59271262
  -1.97245364  -2.60003105
  -1.97400618  -2.60093177
  -1.98668805  -2.60935733
  -1.99307347  -2.61351103
  -1.99973936  -2.61804452
  -2.01209877  -2.62567923
  -2.01299762  -2.62632488
  -2.02561968  -2.63413638
  -2.03295185  -2.63886476
  -2.03872579  -2.64274082
  -2.05128335  -2.65054549
  -2.05369403  -2.65217786
  -2.06436315  -2.65919380
  -2.07401670  -2.66490404
  -2.07735314  -2.66718374
  -2.09000971  -2.67484611
  -2.09482657  -2.67807067
  -2.10313851  -2.68421039
  -2.11373773  -2.69046698
  -2.11622751  -2.69195674
  -2.12899232  -2.70034663
  -2.13382443  -2.70359501
  -2.14203822  -2.70901358
  -2.15440470  -2.71629471
  -2.15524871  -2.71705165
  -2.16768081  -2.72469535
  -2.17491767  -2.72956903
  -2.18052254  -2.73367205
  -2.19335125  -2.74115690
  -2.19582807  -2.74267664
  -2.20631936  -2.74991502
  -2.21460690  -2.75523839
  -2.21951338  -2.75841873
  -2.23198026  -2.76557078
  -2.23613868  -2.76858703
  -2.24524178  -2.77472376
  -2.25564672  -2.78132530
  -2.25805213  -2.78294538
  -2.27105847  -2.79093331
  -2.27600862  -2.79398147
  -2.28410882  -2.79963070
  -2.29590813  -2.80734472
  -2.29677420  -2.80806853
  -2.30982833  -2.81597619
  -2.31562901  -2.81977132
  -2.32296666  -2.82450960
  -2.33552570  -2.83155346
  -2.33862108  -2.83328666
  -2.34879694  -2.84068499
  -2.35810153  -2.84611715
  -2.36139237  -2.84846956
  -2.37444728  -2.85637069
  -2.37778380  -2.85862429
  -2.38708884  -2.86479612
  -2.39607609  -2.87192068
  -2.40015771  -2.87584555
  -2.40826726  -2.88468129
  -2.41308636  -2.88957758
  -2.42116646  -2.89765546
  -2.42609385  -2.90321552
  -2.43176645  -2.91044929
  -2.43894519  -2.91784992
  -2.44460150  -2.92350462
  -2.45227897  -2.93198680
  -2.45565734  -2.93594415
  -2.46470857  -2.94536457
  -2.46803750  -2.94935454
  -2.47793704  -2.95965460
  -2.48036132  -2.96207816
  -2.49039658  -2.97472364
  -2.49115908  -2.97556852
  -2.50282244  -2.98806982
  -2.50359982  -2.98890432
  -2.51508380  -3.00089167
  -2.51673106  -3.00247395
  -2.52513180  -3.01350833
  -2.52986579  -3.01842611
  -2.53778941  -3.02666241
  -2.54236968  -3.03171761
  -2.54906183  -3.03963327
  -2.55572996  -3.04670268
  -2.56125012  -3.05249625
  -2.56817921  -3.06005489
  -2.57310787  -3.06568868
  -2.58159534  -3.07498022
  -2.58475139  -3.07830365
  -2.59441634  -3.08963844
  -2.59597135  -3.09130764
  -2.60725935  -3.10265274
  -2.60887589  -3.10426873
  -2.61870121  -3.11708470
  -2.62018857  -3.11879754
  -2.63029996  -3.12971990
  -2.63353320  -3.13295199
  -2.64232434  -3.14278299
  -2.64609269  -3.14704703
  -2.65414780  -3.15597994
  -2.65920051  -3.16143426
  -2.66631960  -3.16885799
  -2.67200389  -3.17529992
  -2.67765321  -3.18177201
  -2.68507085  -3.18971579
  -2.68979135  -3.19469013
  -2.69785515  -3.20359998
  -2.70184632  -3.20769529
  -2.71087924  -3.21887737
  -2.71239759  -3.22057232
  -2.72387917  -3.23254390
  -2.72468761  -3.23335203
  -2.73646277  -3.24579339
  -2.73724264  -3.24662653
  -2.74798749  -3.25935210
  -2.74955089  -3.26102976
  -2.75950122  -3.27210692
  -2.76269037  -3.27537436
  -2.77145171  -3.28519708
  -2.77521581  -3.28944254
  -2.78270426  -3.29820438
  -2.78849860  -3.30372556
  -2.79510104  -3.31088354
  -2.80130735  -3.31837118
  -2.80615502  -3.32406621
  -2.81429028  -3.33290110
  -2.81828463  -3.33699762
  -2.82742647  -3.34726737
  -2.82976745  -3.34977727
  -2.84015752  -3.36119992
  -2.84174598  -3.36284330
  -2.85290545  -3.37510135
  -2.85368550  -3.37593463
  -2.86521347  -3.38869387
  -2.86600774  -3.38951559
  -2.87599234  -3.40139045
  -2.87900407  -3.40479892
  -2.88861742  -3.41463504
  -2.89208261  -3.41842930
  -2.89947340  -3.42723897
  -2.90489582  -3.43309692
  -2.91149476  -3.44025351
  -2.91769367  -3.44694635
  -2.92324944  -3.45350892
  -2.93070488  -3.46147216
  -2.93482732  -3.46622791
  -2.94384904  -3.47582062
  -2.94708417  -3.47905423
  -2.95687352  -3.49030617
  -2.95842461  -3.49197998
  -2.96903838  -3.50483722
  -2.96980159  -3.50568269
  -2.98213589  -3.51755431
  -2.98293914  -3.51836797
  -2.99246705  -3.53072551
  -2.99554404  -3.53409218
  -3.00493499  -3.54408614
  -3.00824620  -3.54804487
  -3.01626423  -3.55701094
  -3.02099271  -3.56197287
  -3.02823789  -3.57007247
  -3.03420439  -3.57633891
  -3.03996307  -3.58266620
  -3.04709534  -3.59087194
  -3.05124228  -3.59566967
  -3.05997989  -3.60469764
  -3.06337780  -3.60860602
  -3.07332585  -3.61969005
  -3.07491284  -3.62133595
  -3.08570329  -3.63383571
  -3.08647362  -3.63467085
  -3.09875850  -3.64685637
  -3.09958096  -3.64765060
  -3.11013024  -3.66045402
  -3.11172329  -3.66217200
  -3.12224913  -3.67345213
  -3.12476822  -3.67657718
  -3.13316714  -3.68602559
  -3.13809861  -3.69161975
  -3.14513620  -3.69911258
  -3.15076664  -3.70482620
  -3.15669922  -3.71184359
  -3.16381931  -3.72006637
  -3.16857090  -3.72504194
  -3.17710966  -3.73512867
  -3.17944012  -3.73766523
  -3.18924683  -3.74716254
  -3.19254765  -3.75122036
  -3.20276367  -3.76284767
  -3.20357286  -3.76365642
  -3.21343104  -3.77648143
  -3.21585970  -3.77971598
  -3.22166510  -3.78935912
  -3.22644800  -3.80238811
  -3.22863958  -3.81134684
  -3.22942809  -3.81539319
  -3.23188577  -3.82832149
  -3.23280229  -3.84123805
  -3.23362517  -3.85417048
  -3.23444814  -3.86710304
  -3.23527118  -3.88003575
  -3.23609431  -3.89296860
  -3.23691753  -3.90590159
  -3.23739254  -3.91883230
  -3.23816166  -3.93179343
  -3.23898512  -3.94472685
  -3.23877577  -3.95758811
  -3.23494610  -3.97040558
  -3.22858152  -3.97899830
  -3.22383710  -3.98314373
  -3.21600054  -3.98903520
  -3.20631013  -3.99629768
  -3.20301673  -3.99853465
  -3.18994895  -4.00566755
  -3.18445499  -4.00912546
  -3.17755894  -4.01373469
  -3.16654187  -4.02177546
  -3.16412009  -4.02346978
  -3.15157569  -4.03123859
  -3.14594050  -4.03529709
  -3.13861669  -4.04006866
  -3.12708977  -4.04776765
  -3.12550998  -4.04863354
  -3.11262741  -4.05680658
  -3.10636046  -4.06109930
  -3.09997788  -4.06533168
  -3.08808071  -4.07329104
  -3.08649084  -4.07413333
  -3.07422534  -4.08151742
  -3.06749091  -4.08676718
  -3.06090505  -4.09136206
  -3.04804802  -4.09881069
  -3.04720772  -4.09957811
  -3.03526797  -4.10704981
  -3.02713147  -4.11260443
  -3.02233586  -4.11590427
  -3.00925392  -4.12455427
  -3.00772045  -4.12547553
  -2.99665160  -4.13231154
  -2.98745839  -4.13820955
  -2.98328023  -4.14127589
  -2.97066987  -4.14900208
  -2.96737838  -4.15132951
  -2.95756888  -4.15761271
  -2.94792678  -4.16413590
  -2.94488522  -4.16602858
  -2.93172242  -4.17451642
  -2.92771828  -4.17698880
  -2.91899979  -4.18289758
  -2.90781347  -4.19033026
  -2.90630770  -4.19133545
  -2.89313731  -4.19978463
  -2.88820535  -4.20286089
  -2.87990888  -4.20903310
  -2.86818934  -4.21605883
  -2.86732022  -4.21677266
  -2.85408301  -4.22597391
  -2.85007291  -4.22843474
  -2.84146292  -4.23365684
  -2.82905631  -4.24140653
  -2.82823107  -4.24219098
  -2.81581668  -4.25011568
  -2.80916480  -4.25464131
  -2.80254120  -4.25922003
  -2.78979471  -4.26673901
  -2.78820457  -4.26758899
  -2.77671414  -4.27542537
  -2.76952990  -4.28038121
  -2.76395995  -4.28367602
  -2.75073527  -4.29226957
  -2.74991645  -4.29306304
  -2.73832192  -4.30095225
  -2.73014439  -4.30643683
  -2.72521109  -4.30949378
  -2.71234876  -4.31690539
  -2.70920524  -4.31942637
  -2.69940079  -4.32652322
  -2.69068380  -4.33240038
  -2.68662008  -4.33478685
  -2.67340009  -4.34250415
  -2.67027118  -4.34503977
  -2.66081645  -4.35096760
  -2.65085844  -4.35779389
  -2.64751469  -4.36004650
  -2.63481275  -4.36766239
  -2.63068229  -4.37075479
  -2.62171435  -4.37621800
  -2.60914463  -4.38322932
  -2.60826656  -4.38391756
  -2.59620726  -4.38964243
  -2.58385659  -4.39641739
  -2.58300530  -4.39713531
  -2.57021168  -4.40302998
  -2.55747139  -4.40903623
  -2.55589225  -4.40990218
  -2.54437666  -4.41593321
  -2.53161948  -4.42190044
  -2.53073205  -4.42254588
  -2.51871118  -4.42837749
  -2.50651340  -4.43545074
  -2.50562598  -4.43609618
  -2.49270481  -4.44178180
  -2.48011226  -4.44803080
  -2.47922485  -4.44867625
  -2.46703009  -4.45493936
  -2.45411713  -4.46061088
  -2.45322973  -4.46125633
  -2.44104017  -4.46754715
  -2.42829473  -4.47355510
  -2.42741673  -4.47424337
  -2.41521680  -4.48040721
  -2.40290444  -4.48673001
  -2.40208040  -4.48751133
  -2.38936799  -4.49339721
  -2.37675472  -4.49962544
  -2.37511246  -4.50036223
  -2.36354135  -4.50625873
  -2.35079280  -4.51226762
  -2.34921383  -4.51313361
  -2.33801637  -4.51898971
  -2.32495323  -4.52513046
  -2.32406587  -4.52577594
  -2.31204010  -4.53160914
  -2.29928277  -4.53835820
  -2.29839541  -4.53900369
  -2.28603631  -4.54501435
  -2.27343198  -4.55124206
  -2.27178980  -4.55197888
  -2.26021392  -4.55787582
  -2.24745855  -4.56384363
  -2.24584410  -4.56465017
  -2.23440185  -4.56993915
  -2.22145512  -4.57565541
  -2.21899915  -4.57720641
  -2.20838044  -4.58627093
  -2.20447138  -4.59041924
         
