# shadow point cont 2D ind 393  size 1118
# norm -0.9984891 -0.0549502 -0.0000000
# angle  3.0866148
   1.93007544  -4.59014236
   1.93748558  -4.58221846
   1.94321294  -4.57732307
   1.95033697  -4.57385523
   1.96353505  -4.56785565
   1.97368375  -4.56408781
   1.97608184  -4.56324182
   1.98923145  -4.55621090
   1.99962944  -4.55128999
   2.00202110  -4.55042328
   2.01493327  -4.54396618
   2.02789236  -4.53909406
   2.02868504  -4.53837926
   2.04101622  -4.53156996
   2.05363024  -4.52612656
   2.05531680  -4.52529619
   2.06684754  -4.51946347
   2.07949867  -4.51410569
   2.08195132  -4.51255541
   2.09251498  -4.50705112
   2.10527205  -4.50130495
   2.10859135  -4.49958844
   2.11835765  -4.49493352
   2.13127315  -4.48928877
   2.13605873  -4.48676773
   2.14433537  -4.48236962
   2.15697730  -4.47698150
   2.16193410  -4.47398398
   2.17016624  -4.46946671
   2.18293242  -4.46428653
   2.18933833  -4.46096543
   2.19584299  -4.45784175
   2.20876301  -4.45218954
   2.21670557  -4.44798064
   2.22152818  -4.44552293
   2.23473660  -4.43961948
   2.24281742  -4.43559541
   2.24783707  -4.43267836
   2.26040906  -4.42641956
   2.26947063  -4.42273572
   2.27365302  -4.42059464
   2.28624807  -4.41511124
   2.29827934  -4.40937788
   2.29915730  -4.40868961
   2.31223403  -4.40252648
   2.32485773  -4.39709021
   2.32572352  -4.39640148
   2.33791230  -4.39011040
   2.34993978  -4.38349589
   2.35082715  -4.38285043
   2.36351924  -4.37682919
   2.37264096  -4.37082405
   2.37665428  -4.36836745
   2.38956908  -4.36029951
   2.39276222  -4.35785446
   2.40248583  -4.35064413
   2.40972871  -4.34495955
   2.41539753  -4.34095200
   2.42812500  -4.33259550
   2.42899393  -4.33188163
   2.44142173  -4.32185527
   2.44389145  -4.31951068
   2.45433002  -4.31217202
   2.46215067  -4.30618628
   2.46686349  -4.30279075
   2.48040282  -4.29461088
   2.48120209  -4.29382225
   2.49290512  -4.28370378
   2.49701241  -4.28056228
   2.50580120  -4.27398934
   2.51529210  -4.26727146
   2.51852069  -4.26485053
   2.53126896  -4.25507729
   2.53203331  -4.25435261
   2.54454346  -4.24574194
   2.55080793  -4.24144911
   2.55765088  -4.23550925
   2.56831593  -4.22835759
   2.56987912  -4.22749914
   2.58332370  -4.21672995
   2.58414508  -4.21595653
   2.59638228  -4.20726908
   2.60193508  -4.20307318
   2.60912775  -4.19733596
   2.62028316  -4.18985866
   2.62202118  -4.18843099
   2.63498844  -4.17799212
   2.63646574  -4.17702067
   2.64767022  -4.16882207
   2.65361474  -4.16437859
   2.66096664  -4.15884994
   2.67131688  -4.15136065
   2.67353697  -4.14954455
   2.68676990  -4.14029646
   2.68977088  -4.13832684
   2.69953569  -4.13035492
   2.70542213  -4.12580842
   2.71264779  -4.12011010
   2.72291972  -4.11257870
   2.72534163  -4.11096506
   2.73826240  -4.10209372
   2.74146219  -4.09962835
   2.75099621  -4.09296326
   2.75854927  -4.08688838
   2.76430819  -4.08218600
   2.77646071  -4.07407704
   2.77726742  -4.07326941
   2.79007083  -4.06364263
   2.79391561  -4.06086642
   2.80286524  -4.05369249
   2.81037459  -4.04837573
   2.81596753  -4.04426324
   2.82798734  -4.03530196
   2.82885646  -4.03458816
   2.84178134  -4.02571108
   2.84653966  -4.02230732
   2.85454642  -4.01577158
   2.86189275  -4.00948015
   2.86760618  -4.00553915
   2.88001882  -3.99681752
   2.88145098  -3.99582757
   2.89326042  -3.98670422
   2.89717528  -3.98329951
   2.90605429  -3.97442005
   2.90937125  -3.97043612
   2.91770833  -3.95730502
   2.91836880  -3.95644856
   2.92158745  -3.94444897
   2.92177140  -3.93156128
   2.92135504  -3.91865548
   2.92093221  -3.90575344
   2.91985640  -3.89279695
   2.91929527  -3.87988728
   2.91870767  -3.87421543
   2.91801825  -3.86693243
   2.91684410  -3.85402490
   2.91607163  -3.84107398
   2.91596320  -3.82818934
   2.91433361  -3.81525808
   2.91270412  -3.80232696
   2.91061402  -3.78935180
   2.90810144  -3.77644088
   2.90575720  -3.76914004
   2.90353234  -3.76340358
   2.89912423  -3.75060392
   2.89418940  -3.73772179
   2.89265823  -3.73443723
   2.88843278  -3.72488932
   2.88011739  -3.71206938
   2.87927835  -3.71047099
   2.87083677  -3.69887746
   2.86685883  -3.69397254
   2.86175107  -3.68605130
   2.85381715  -3.67383137
   2.85307294  -3.67297442
   2.84345502  -3.65998450
   2.84094773  -3.65598929
   2.83501857  -3.64728958
   2.82776612  -3.63758396
   2.82532286  -3.63433673
   2.81767391  -3.62154246
   2.81454968  -3.61754873
   2.80695209  -3.60830563
   2.80190331  -3.60117620
   2.79786653  -3.59547907
   2.78988366  -3.58249987
   2.78912420  -3.58165208
   2.77997891  -3.56972441
   2.77591075  -3.56403970
   2.77060982  -3.55653452
   2.76355684  -3.54657570
   2.76104669  -3.54346979
   2.75161868  -3.53090564
   2.74988107  -3.52774422
   2.74306786  -3.51775909
   2.73773015  -3.51101497
   2.73341142  -3.50480089
   2.72516372  -3.49197479
   2.72440437  -3.49112710
   2.71530679  -3.47913908
   2.71114001  -3.47276498
   2.70637759  -3.46624666
   2.69815972  -3.45502898
   2.69723905  -3.45344010
   2.68858153  -3.44038531
   2.68536090  -3.43634954
   2.67813137  -3.42738638
   2.67236129  -3.41692073
   2.67023696  -3.41433068
   2.66065390  -3.40130239
   2.65989892  -3.40045216
   2.65193565  -3.38883540
   2.64646356  -3.38141570
   2.64249319  -3.37571843
   2.63379682  -3.36345527
   2.63307407  -3.36258821
   2.62410792  -3.34970167
   2.62072439  -3.34496474
   2.61499134  -3.33693645
   2.60773671  -3.32723320
   2.60536668  -3.32393587
   2.59671851  -3.31079608
   2.59520799  -3.30913636
   2.58752251  -3.29812331
   2.58202449  -3.29073692
   2.57777725  -3.28524062
   2.56931057  -3.27252563
   2.56854042  -3.27169375
   2.55997567  -3.25939839
   2.55584026  -3.25379713
   2.55085595  -3.24659775
   2.54270083  -3.23453387
   2.54195709  -3.23368149
   2.53201114  -3.22037004
   2.53043354  -3.21793074
   2.52388145  -3.20746387
   2.51736697  -3.19860381
   2.51413334  -3.19456399
   2.50478157  -3.18193967
   2.50390013  -3.18036928
   2.49566123  -3.16865021
   2.49165267  -3.16290981
   2.48644355  -3.15593350
   2.47846245  -3.14455110
   2.47697530  -3.14283834
   2.46839073  -3.13025673
   2.46507424  -3.12550963
   2.45869063  -3.11733073
   2.45236529  -3.10835987
   2.44980973  -3.10438329
   2.44053790  -3.09118020
   2.43960665  -3.08965439
   2.43146193  -3.07838782
   2.42663983  -3.07190891
   2.42232101  -3.06561678
   2.41385574  -3.05321523
   2.41311227  -3.05235894
   2.40396212  -3.03962775
   2.40067651  -3.03480835
   2.39511162  -3.02666840
   2.38811437  -3.01752069
   2.38497441  -3.01353205
   2.37754588  -3.00066044
   2.37526527  -2.99810250
   2.36758915  -2.98792976
   2.36180223  -2.97994903
   2.35793321  -2.97497149
   2.34922043  -2.96273416
   2.34849812  -2.96186752
   2.34015241  -2.94912420
   2.33629280  -2.94413573
   2.32997058  -2.93600108
   2.32346081  -2.92551430
   2.32177985  -2.92311728
   2.31196339  -2.91029278
   2.31036744  -2.90785663
   2.30368827  -2.89751717
   2.29695391  -2.88882224
   2.29379555  -2.88471809
   2.28454218  -2.87228118
   2.28379890  -2.87142506
   2.27465128  -2.85869618
   2.27152576  -2.85536784
   2.26183126  -2.84567530
   2.25844207  -2.84178727
   2.24980783  -2.83268623
   2.24567279  -2.82790623
   2.23880519  -2.82023305
   2.23239890  -2.81368905
   2.22554568  -2.80685683
   2.21968989  -2.79976310
   2.21480437  -2.79414498
   2.20689470  -2.78590786
   2.20209739  -2.78102560
   2.19396941  -2.77217799
   2.19056365  -2.76830758
   2.18104438  -2.75844833
   2.17781332  -2.75521782
   2.16791783  -2.74492056
   2.16552044  -2.74246651
   2.15478458  -2.73057044
   2.15399234  -2.72974848
   2.14206906  -2.71746224
   2.14126134  -2.71665465
   2.12957687  -2.70399390
   2.12879881  -2.70316416
   2.11864320  -2.69081251
   2.11626030  -2.68834685
   2.10592202  -2.67768980
   2.10349899  -2.67526712
   2.09360461  -2.66497073
   2.09026981  -2.66100979
   2.08236167  -2.65198439
   2.07765218  -2.64700336
   2.07023609  -2.63907351
   2.06467571  -2.63331969
   2.05665373  -2.62600773
   2.05186633  -2.62112450
   2.04393369  -2.61288590
   2.03924367  -2.60858146
   2.02989440  -2.60026605
   2.02581266  -2.59628253
   2.01697242  -2.58734600
   2.01280080  -2.58346074
   2.00315199  -2.57452967
   2.00005051  -2.57196583
   1.98922230  -2.56181181
   1.98679966  -2.55938943
   1.97567857  -2.54871610
   1.97401346  -2.54715829
   1.96174986  -2.53602893
   1.96091569  -2.53525219
   1.94805126  -2.52389032
   1.94721311  -2.52311904
   1.93512154  -2.51255759
   1.93267595  -2.51021307
   1.92208960  -2.50150930
   1.91571288  -2.49737268
   1.90932512  -2.49322089
   1.89714489  -2.48449155
   1.89628754  -2.48376704
   1.88380345  -2.47738896
   1.87390460  -2.47130961
   1.87052803  -2.46913304
   1.85781440  -2.46231162
   1.85130023  -2.45838944
   1.84474213  -2.45446190
   1.83208677  -2.44676190
   1.82958402  -2.44530832
   1.81889091  -2.43916608
   1.80842169  -2.43270070
   1.80611895  -2.43168245
   1.79304261  -2.42387134
   1.78654927  -2.41985601
   1.78028699  -2.41634097
   1.76738984  -2.40904084
   1.76342333  -2.40652171
   1.75455366  -2.40078653
   1.74152965  -2.39455360
   1.74065666  -2.39384818
   1.72888896  -2.38689225
   1.72052447  -2.38087415
   1.71570980  -2.37839229
   1.70303712  -2.37156775
   1.69719690  -2.36779417
   1.68973084  -2.36328850
   1.67694487  -2.35582090
   1.67464799  -2.35479625
   1.66405533  -2.34851109
   1.65421869  -2.34220474
   1.65110657  -2.34050461
   1.63813481  -2.33329595
   1.63179803  -2.32908966
   1.62543945  -2.32564934
   1.61250174  -2.31850632
   1.60917604  -2.31620686
   1.59949970  -2.31054148
   1.58742301  -2.30320520
   1.58653491  -2.30255926
   1.57369343  -2.29598065
   1.56409457  -2.29018074
   1.56077322  -2.28791665
   1.54802400  -2.28037463
   1.54373802  -2.27757859
   1.53476532  -2.27286829
   1.52206160  -2.26524460
   1.52045870  -2.26441636
   1.50893495  -2.25754031
   1.49865453  -2.25155822
   1.49614025  -2.25008451
   1.48313468  -2.24295775
   1.47670892  -2.23889095
   1.47034730  -2.23549588
   1.45727776  -2.22768843
   1.45482372  -2.22611429
   1.44448886  -2.22021576
   1.43365010  -2.21347455
   1.43122864  -2.21186069
   1.41889774  -2.20530020
   1.41059330  -2.20003486
   1.40561239  -2.19705518
   1.39275031  -2.18968186
   1.38805345  -2.18703105
   1.38002520  -2.18213803
   1.36790200  -2.17404271
   1.36701405  -2.17339687
   1.35415004  -2.16686487
   1.34441885  -2.16128875
   1.34122621  -2.15961771
   1.32822031  -2.15170184
   1.32273126  -2.14823723
   1.31552910  -2.14401523
   1.30237203  -2.13641471
   1.30079981  -2.13554005
   1.28976045  -2.12944103
   1.27826201  -2.12252653
   1.27649684  -2.12118034
   1.26382607  -2.11433773
   1.25650181  -2.10956654
   1.25084784  -2.10634546
   1.23796098  -2.09905096
   1.23460623  -2.09684403
   1.22468088  -2.09081570
   1.21221157  -2.08440433
   1.21133326  -2.08371585
   1.19904279  -2.07595884
   1.19163386  -2.07128515
   1.18609492  -2.06798190
   1.17310541  -2.06076691
   1.16915511  -2.05826703
   1.16030190  -2.05338262
   1.14736409  -2.04619008
   1.14645523  -2.04548676
   1.13466047  -2.03854153
   1.12477099  -2.03246963
   1.12142334  -2.03020293
   1.10901125  -2.02370261
   1.10228638  -2.01934571
   1.09578597  -2.01538611
   1.08308757  -2.00780459
   1.07986303  -2.00611814
   1.07013152  -2.00058775
   1.05878833  -1.99339199
   1.05719628  -1.99254666
   1.04427559  -1.98529740
   1.03613774  -1.98058997
   1.03137790  -1.97802009
   1.01824604  -1.96948900
   1.01513676  -1.96771230
   1.00575587  -1.96314565
   0.99270888  -1.95530121
   0.99182367  -1.95464071
   0.97963022  -1.94755874
   0.96929153  -1.94159651
   0.96683265  -1.94009057
   0.95396902  -1.93278135
   0.94751466  -1.92874647
   0.94101503  -1.92475774
   0.92818312  -1.91742191
   0.92566910  -1.91590043
   0.91507320  -1.90965270
   0.90317176  -1.90283535
   0.90228936  -1.90216238
   0.88945878  -1.89482745
   0.88212637  -1.89005099
   0.87642828  -1.88688241
   0.86339700  -1.87986459
   0.85936069  -1.87744717
   0.85048342  -1.87180430
   0.83838529  -1.86453640
   0.83751633  -1.86382250
   0.82503942  -1.85659818
   0.81531347  -1.85108686
   0.81215447  -1.84931579
   0.79938098  -1.84196372
   0.79413745  -1.83846511
   0.78598254  -1.83381766
   0.77340738  -1.82677435
   0.77090872  -1.82529751
   0.76013319  -1.81853792
   0.75041121  -1.81296595
   0.74722019  -1.81128483
   0.73464596  -1.80439609
   0.72762205  -1.79923997
   0.72180425  -1.79567583
   0.70866313  -1.78930718
   0.70538563  -1.78690365
   0.69592126  -1.78156912
   0.68347812  -1.77419047
   0.68260005  -1.77350216
   0.67006698  -1.76650330
   0.66110894  -1.76083527
   0.65704080  -1.75853078
   0.64422068  -1.75119851
   0.63852346  -1.74792019
   0.63109585  -1.74344770
   0.61838737  -1.73578965
   0.61748915  -1.73515391
   0.60527536  -1.72812624
   0.59502057  -1.72214245
   0.59250521  -1.72060833
   0.57946854  -1.71278785
   0.57388993  -1.70945182
   0.56669127  -1.70527826
   0.55366072  -1.69742013
   0.55206037  -1.69658925
   0.54076169  -1.69018169
   0.52959163  -1.68352494
   0.52803028  -1.68263518
   0.51505813  -1.67462364
   0.50695256  -1.67055164
   0.50222104  -1.66810721
   0.48979306  -1.66029316
   0.48597177  -1.65772361
   0.47617159  -1.65233410
   0.46406277  -1.64509712
   0.46318477  -1.64440887
   0.45055460  -1.63748193
   0.44167585  -1.63195097
   0.43757131  -1.62948489
   0.42440994  -1.62190919
   0.42041317  -1.61943005
   0.41170652  -1.61421061
   0.39928582  -1.60670815
   0.39843882  -1.60603170
   0.38606991  -1.59951366
   0.37628798  -1.59325620
   0.37291994  -1.59101766
   0.36027340  -1.58416889
   0.35367830  -1.58027003
   0.34729341  -1.57697333
   0.33422982  -1.56920095
   0.33103973  -1.56749652
   0.32141465  -1.56185304
   0.31025190  -1.55393905
   0.30858282  -1.55328072
   0.29537851  -1.54683774
   0.28623825  -1.54128415
   0.28286450  -1.53947044
   0.26962565  -1.53299297
   0.26083370  -1.52879800
   0.25682657  -1.52707679
   0.24394605  -1.52140363
   0.23114838  -1.51571171
   0.23021905  -1.51539376
   0.21784160  -1.51072728
   0.20534384  -1.50564946
   0.19860938  -1.50308201
   0.19214939  -1.50079299
   0.17942416  -1.49557585
   0.16728744  -1.48978873
   0.16638416  -1.48929009
   0.15339395  -1.48473423
   0.14057080  -1.47975037
   0.13492471  -1.47725267
   0.12758202  -1.47424668
   0.11476005  -1.46926347
   0.10276169  -1.46395501
   0.10185285  -1.46347412
   0.08906032  -1.45929474
   0.07614536  -1.45365783
   0.07124691  -1.45138872
   0.06313423  -1.44814613
   0.05014672  -1.44359133
   0.04016325  -1.43913695
   0.03707548  -1.43751661
   0.02446768  -1.43275054
   0.01146412  -1.42739306
   0.00822163  -1.42585654
  -0.00131522  -1.42189600
  -0.01429304  -1.41763699
  -0.02621315  -1.41222094
  -0.02715280  -1.41176796
  -0.03998164  -1.40682801
  -0.05270078  -1.40146331
  -0.05774030  -1.39947535
  -0.06586687  -1.39643154
  -0.07888240  -1.39175119
  -0.09188075  -1.38878986
  -0.10475221  -1.38836144
  -0.11766060  -1.39146790
  -0.13041315  -1.39588114
  -0.14329137  -1.40013981
  -0.14411614  -1.40088774
  -0.15637976  -1.40598933
  -0.16906167  -1.41045227
  -0.17707441  -1.41378767
  -0.18203456  -1.41619245
  -0.19509876  -1.42131753
  -0.20796285  -1.42555561
  -0.20957025  -1.42626812
  -0.22102162  -1.43154445
  -0.23373681  -1.43611607
  -0.24267187  -1.43913147
  -0.24685684  -1.44113287
  -0.25976336  -1.44597352
  -0.27250674  -1.45042889
  -0.27718111  -1.45231759
  -0.28523261  -1.45576702
  -0.29821045  -1.46121329
  -0.31025468  -1.46540653
  -0.31112465  -1.46604371
  -0.32416346  -1.47133739
  -0.33689477  -1.47578063
  -0.34252807  -1.47821627
  -0.34988907  -1.48130047
  -0.36288341  -1.48585979
  -0.37559470  -1.49035216
  -0.37722885  -1.49111024
  -0.38860821  -1.49582264
  -0.40172473  -1.50089926
  -0.40959699  -1.50376209
  -0.41443705  -1.50618251
  -0.42734388  -1.51263695
  -0.43541067  -1.51667100
  -0.44020680  -1.51915674
  -0.45295064  -1.52590780
  -0.46096683  -1.53001786
  -0.46595482  -1.53307248
  -0.47888141  -1.53938564
  -0.48510560  -1.54288262
  -0.49171326  -1.54699364
  -0.50484984  -1.55366433
  -0.50794026  -1.55547480
  -0.51745105  -1.56143266
  -0.53034775  -1.56808476
  -0.53117425  -1.56884581
  -0.54331624  -1.57511183
  -0.55460655  -1.58155067
  -0.55619845  -1.58239584
  -0.56912011  -1.58964434
  -0.57794723  -1.59452525
  -0.58218485  -1.59741908
  -0.59491253  -1.60418720
  -0.60057286  -1.60740264
  -0.60787893  -1.61139113
  -0.62070327  -1.61792435
  -0.62478264  -1.62030454
  -0.63385434  -1.62559145
  -0.64665758  -1.63221081
  -0.64753342  -1.63290502
  -0.65948104  -1.63965928
  -0.67077272  -1.64609904
  -0.67236465  -1.64694425
  -0.68528605  -1.65419267
  -0.69646009  -1.65930886
  -0.69807327  -1.66011627
  -0.71139815  -1.66900111
  -0.71686443  -1.67174369
  -0.72399527  -1.67518519
  -0.73687258  -1.68247515
  -0.74167840  -1.68499863
  -0.74985943  -1.68965649
  -0.76263406  -1.69623660
  -0.76509632  -1.69781733
  -0.77571941  -1.70411986
  -0.78791123  -1.71036104
  -0.78878903  -1.71104916
  -0.80146112  -1.71793137
  -0.81048130  -1.72329970
  -0.81452250  -1.72571335
  -0.82733790  -1.73237824
  -0.83540361  -1.73636091
  -0.84016685  -1.73893106
  -0.85328269  -1.74662340
  -0.85809315  -1.74910495
  -0.86602964  -1.75340172
  -0.87909890  -1.76034122
  -0.88230324  -1.76200512
  -0.89190484  -1.76777594
  -0.90460214  -1.77476400
  -0.90543433  -1.77551235
  -0.91780559  -1.78216688
  -0.92964331  -1.78828872
  -0.93052537  -1.78896145
  -0.94347883  -1.79616919
  -0.95316027  -1.80101106
  -0.95651482  -1.80318020
  -0.96920458  -1.80999075
  -0.97636672  -1.81418447
  -0.98205733  -1.81744440
  -0.99504138  -1.82449803
  -0.99904803  -1.82694552
  -1.00787164  -1.83197544
  -1.02100032  -1.83878783
  -1.02187627  -1.83948213
  -1.03381635  -1.84623156
  -1.04586046  -1.85281823
  -1.04674779  -1.85346370
  -1.05965691  -1.85991986
  -1.06998338  -1.86564411
  -1.07252346  -1.86723898
  -1.08543758  -1.87449613
  -1.09198029  -1.87837063
  -1.09834209  -1.88176516
  -1.11129318  -1.88897169
  -1.11540790  -1.89123126
  -1.12450536  -1.89648523
  -1.13685471  -1.90223411
  -1.14095369  -1.90465307
  -1.15002137  -1.90995434
  -1.16228117  -1.91691365
  -1.16316606  -1.91757395
  -1.17596759  -1.92424157
  -1.18711780  -1.93014943
  -1.18871003  -1.93099483
  -1.20177221  -1.93879959
  -1.20961634  -1.94318153
  -1.21445719  -1.94573831
  -1.22757889  -1.95254629
  -1.23315921  -1.95588341
  -1.24042451  -1.95992640
  -1.25337572  -1.96630852
  -1.25733309  -1.96884195
  -1.26604864  -1.97403432
  -1.27902190  -1.98115373
  -1.27990684  -1.98181406
  -1.29215987  -1.98880769
  -1.30331042  -1.99471575
  -1.30490273  -1.99556121
  -1.31774318  -2.00222534
  -1.32623004  -2.00689778
  -1.33131525  -2.00993623
  -1.34363962  -2.01654020
  -1.35079622  -2.02069801
  -1.35642207  -2.02407421
  -1.36949417  -2.03101544
  -1.37357505  -2.03335028
  -1.38236847  -2.03833881
  -1.39515500  -2.04505966
  -1.39692999  -2.04635080
  -1.40852347  -2.05311303
  -1.42087658  -2.05898323
  -1.42171509  -2.05972688
  -1.43419651  -2.06706109
  -1.44516126  -2.07250802
  -1.44675370  -2.07335355
  -1.45998000  -2.08168839
  -1.46625485  -2.08520751
  -1.47266651  -2.08859482
  -1.48559644  -2.09492678
  -1.49118118  -2.09828053
  -1.49860779  -2.10285181
  -1.51142126  -2.10945663
  -1.51387484  -2.11103055
  -1.52431302  -2.11684602
  -1.53669445  -2.12357684
  -1.53757257  -2.12426519
  -1.55011782  -2.13059334
  -1.56154274  -2.13677728
  -1.56313529  -2.13762287
  -1.57598526  -2.14497548
  -1.58472192  -2.15008720
  -1.58883227  -2.15241458
  -1.60174507  -2.15887281
  -1.60829388  -2.16270229
  -1.61481893  -2.16662191
  -1.62767858  -2.17317564
  -1.63238335  -2.17581107
  -1.64064475  -2.18115227
  -1.65353249  -2.18766100
  -1.65440504  -2.18836610
  -1.66633147  -2.19517189
  -1.67849681  -2.20149579
  -1.67938448  -2.20214146
  -1.69222544  -2.20872744
  -1.70182507  -2.21452539
  -1.70523715  -2.21660419
  -1.71846621  -2.22338093
  -1.72471854  -2.22703268
  -1.73087771  -2.23071966
  -1.74408049  -2.23826969
  -1.74791789  -2.24021280
  -1.75670561  -2.24525115
  -1.76977158  -2.25222189
  -1.77136109  -2.25307274
  -1.78251285  -2.25900167
  -1.79530602  -2.26572066
  -1.79617511  -2.26640371
  -1.80867523  -2.27371880
  -1.81756578  -2.27861836
  -1.82155843  -2.28108813
  -1.83424883  -2.28795217
  -1.84097242  -2.29143128
  -1.84761295  -2.29526235
  -1.86006331  -2.30170449
  -1.86580941  -2.30472942
  -1.87307099  -2.30877315
  -1.88601420  -2.31597606
  -1.88850030  -2.31749856
  -1.89909080  -2.32372664
  -1.91120562  -2.33025202
  -1.91210144  -2.33091142
  -1.92489918  -2.33836551
  -1.93577213  -2.34407084
  -1.93740193  -2.34484327
  -1.95072581  -2.35211235
  -1.95926888  -2.35669124
  -1.96334747  -2.35909216
  -1.97639470  -2.36610930
  -1.98268054  -2.36961095
  -1.98918005  -2.37362612
  -2.00209665  -2.38008630
  -2.00686167  -2.38262209
  -2.01517452  -2.38783755
  -2.02797752  -2.39451725
  -2.02885598  -2.39520579
  -2.04086494  -2.40185967
  -2.05159692  -2.40787879
  -2.05407275  -2.40939781
  -2.06668138  -2.41561593
  -2.07641018  -2.42117049
  -2.07973551  -2.42343263
  -2.09267749  -2.43063518
  -2.09838941  -2.43380839
  -2.10557111  -2.43796811
  -2.11839962  -2.44459582
  -2.12324802  -2.44700429
  -2.13140737  -2.45169697
  -2.14409171  -2.45858897
  -2.14658086  -2.46007822
  -2.15725564  -2.46620316
  -2.16925980  -2.47286270
  -2.17013519  -2.47356117
  -2.18300917  -2.48171210
  -2.18728777  -2.48551488
  -2.19617040  -2.49439558
  -2.20020798  -2.49843228
  -2.20868737  -2.50610294
  -2.21365366  -2.51163039
  -2.22167056  -2.52136495
  -2.22483822  -2.52467071
  -2.23473051  -2.53496415
  -2.23709325  -2.53744843
  -2.24724818  -2.54828575
  -2.24972585  -2.55067357
  -2.26077917  -2.56224604
  -2.26155606  -2.56308008
  -2.27288838  -2.57593690
  -2.27369597  -2.57674430
  -2.28523677  -2.58875200
  -2.28668834  -2.59048981
  -2.29671341  -2.60217657
  -2.29913627  -2.60459881
  -2.30891598  -2.61500285
  -2.31215162  -2.61903673
  -2.32004695  -2.62807399
  -2.32491454  -2.63371243
  -2.33079375  -2.64077800
  -2.33821503  -2.64953072
  -2.34147082  -2.65358100
  -2.35079925  -2.66515696
  -2.35175893  -2.66664788
  -2.36174090  -2.67933469
  -2.36421341  -2.68252473
  -2.37267701  -2.69254652
  -2.37646648  -2.69756727
  -2.38168574  -2.70536214
  -2.38969448  -2.71430746
  -2.39294189  -2.71833275
  -2.40269457  -2.73039489
  -2.40345679  -2.73123947
  -2.41380261  -2.74428246
  -2.41531132  -2.74598161
  -2.42366233  -2.75706724
  -2.42864120  -2.76342347
  -2.43471020  -2.77019905
  -2.44089502  -2.77762781
  -2.44497092  -2.78331172
  -2.45395618  -2.79454103
  -2.45548075  -2.79623028
  -2.46424588  -2.80863112
  -2.46739303  -2.81270491
  -2.47583166  -2.82199081
  -2.47987419  -2.82675923
  -2.48557037  -2.83481543
  -2.49254612  -2.84311285
  -2.49597599  -2.84786145
  -2.50582462  -2.86000645
  -2.50652840  -2.86089229
  -2.51662996  -2.87326541
  -2.51885940  -2.87587532
  -2.52685150  -2.88645166
  -2.53184096  -2.89279278
  -2.53669982  -2.89924834
  -2.54466684  -2.91062773
  -2.54554761  -2.91219709
  -2.55418356  -2.92528562
  -2.55753458  -2.93085060
  -2.56176360  -2.93799655
  -2.57002624  -2.95084100
  -2.57083461  -2.95245582
  -2.57754618  -2.96406805
  -2.58315048  -2.97304052
  -2.58566673  -2.97697644
  -2.59372638  -2.98990357
  -2.59618379  -2.99393032
  -2.60129773  -3.00264476
  -2.60845856  -3.01512874
  -2.61001633  -3.01758812
  -2.61693373  -3.02833115
  -2.62233793  -3.03735454
  -2.62471339  -3.04142059
  -2.63264624  -3.05445169
  -2.63511026  -3.05844379
  -2.64009689  -3.06724599
  -2.64765437  -3.08000910
  -2.64832846  -3.08089248
  -2.65545600  -3.09308726
  -2.66087404  -3.10132027
  -2.66401683  -3.10619758
  -2.67089590  -3.11886000
  -2.67436742  -3.12436559
  -2.67918568  -3.13168861
  -2.68663553  -3.14337376
  -2.68751660  -3.14494339
  -2.69508303  -3.15768278
  -2.69982465  -3.16501966
  -2.70312907  -3.17063186
  -2.71046691  -3.18350669
  -2.71267091  -3.18687196
  -2.71829175  -3.19660571
  -2.72554788  -3.20711513
  -2.72701882  -3.20958554
  -2.73363379  -3.22245906
  -2.73851982  -3.22971006
  -2.74244013  -3.23541577
  -2.74980394  -3.24830420
  -2.75148193  -3.25148355
  -2.75702794  -3.26124904
  -2.76425297  -3.27259414
  -2.76513422  -3.27416393
  -2.77270214  -3.28690471
  -2.77731534  -3.29430961
  -2.78054561  -3.29998689
  -2.78930427  -3.31297571
  -2.78998233  -3.31385835
  -2.79620094  -3.32562500
  -2.80347545  -3.33615149
  -2.80497183  -3.33865405
  -2.81151754  -3.35152117
  -2.81626054  -3.35885933
  -2.82012221  -3.36462763
  -2.82778563  -3.37733292
  -2.82944536  -3.38054125
  -2.83499064  -3.39027294
  -2.84243268  -3.40144403
  -2.84333001  -3.40307395
  -2.85111632  -3.41616739
  -2.85501408  -3.42271335
  -2.85842453  -3.42906626
  -2.86694453  -3.44221642
  -2.86762272  -3.44309918
  -2.87434048  -3.45508260
  -2.88100013  -3.46627667
  -2.88184748  -3.46787055
  -2.88967843  -3.48094806
  -2.89354084  -3.48671706
  -2.89776686  -3.49387372
  -2.90578690  -3.50684549
  -2.90667751  -3.50840850
  -2.91391265  -3.51973996
  -2.91966834  -3.53018477
  -2.92126843  -3.53262683
  -2.92959234  -3.54540772
  -2.93256146  -3.55040439
  -2.93711344  -3.55868530
  -2.94478521  -3.57136707
  -2.94547521  -3.57224665
  -2.95223661  -3.58419416
  -2.95851770  -3.59400060
  -2.96081766  -3.59730489
  -2.96817462  -3.61019359
  -2.97136404  -3.61506659
  -2.97669187  -3.62333236
  -2.98310783  -3.63582209
  -2.98466650  -3.63828180
  -2.99161689  -3.64898697
  -2.99707623  -3.65718799
  -2.99969977  -3.66191913
  -3.00721039  -3.67472523
  -3.01002259  -3.67900333
  -3.01502858  -3.68779667
  -3.02226272  -3.70074311
  -3.02323415  -3.70308551
  -3.02821560  -3.71353514
  -3.03345242  -3.72626174
  -3.03648467  -3.73369039
  -3.03874298  -3.73938674
  -3.04395712  -3.75214799
  -3.04925232  -3.76507019
  -3.04961221  -3.76599161
  -3.05318932  -3.77822886
  -3.05596447  -3.79109087
  -3.05876613  -3.80409583
  -3.06066392  -3.81690455
  -3.06234689  -3.82911119
  -3.06277867  -3.82994396
  -3.06314218  -3.84285923
  -3.06320781  -3.85576189
  -3.06402947  -3.86868489
  -3.06479986  -3.88162837
  -3.06481381  -3.89455092
  -3.06482784  -3.90747357
  -3.06462940  -3.92041681
  -3.06259315  -3.92697070
  -3.05933581  -3.93369076
  -3.04935678  -3.94556520
  -3.04854955  -3.94637240
  -3.03650638  -3.95715634
  -3.03394814  -3.95923710
  -3.02336529  -3.96800872
  -3.01855515  -3.97208829
  -3.01064853  -3.97795105
  -3.00153279  -3.98491452
  -2.99737091  -3.98795627
  -2.98537932  -3.99798530
  -2.98451475  -3.99872385
  -2.97156028  -4.00734355
  -2.96758275  -4.01070084
  -2.95894692  -4.01822794
  -2.95236086  -4.02379256
  -2.94570630  -4.02831900
  -2.93525202  -4.03648095
  -2.93273081  -4.03878344
  -2.92022664  -4.04823962
  -2.91850881  -4.04967081
  -2.90730141  -4.05787001
  -2.90146737  -4.06246665
  -2.89418568  -4.06809658
  -2.88394515  -4.07563812
  -2.88171617  -4.07747260
  -2.86821321  -4.08726233
  -2.86729677  -4.08797878
  -2.85561216  -4.09734218
  -2.85138606  -4.10118276
  -2.84251714  -4.10765647
  -2.83365085  -4.11412334
  -2.82959227  -4.11732378
  -2.81816819  -4.12685363
  -2.81647483  -4.12836962
  -2.80357841  -4.13726347
  -2.80105544  -4.13956937
  -2.79063873  -4.14773873
  -2.78356072  -4.15283175
  -2.77792627  -4.15689091
  -2.76699159  -4.16517827
  -2.76461783  -4.16685685
  -2.75230646  -4.17679212
  -2.74900551  -4.17890567
  -2.73879844  -4.18703028
  -2.73326137  -4.19126585
  -2.72643450  -4.19659018
  -2.71590260  -4.20469441
  -2.71333537  -4.20692235
  -2.70018408  -4.21631432
  -2.69872234  -4.21729692
  -2.68729699  -4.22683116
  -2.68273161  -4.23038502
  -2.67511877  -4.23657080
  -2.66640604  -4.24313555
  -2.66148983  -4.24624466
  -2.64930609  -4.25602894
  -2.64790137  -4.25709812
  -2.63564445  -4.26640381
  -2.63231885  -4.26869833
  -2.62271524  -4.27606941
  -2.61487688  -4.28201184
  -2.61023691  -4.28549483
  -2.59857341  -4.29472935
  -2.59707688  -4.29568387
  -2.58412121  -4.30612805
  -2.58178920  -4.30787830
  -2.57183717  -4.31505878
  -2.56305966  -4.32062223
  -2.55796578  -4.32424225
  -2.54625604  -4.33366755
  -2.54540944  -4.33442562
  -2.53249210  -4.34335612
  -2.52834233  -4.34645159
  -2.51956684  -4.35147093
  -2.50661384  -4.35886806
  -2.50501854  -4.35960018
  -2.49371409  -4.36525039
  -2.48062647  -4.37137130
  -2.47901134  -4.37217803
  -2.46770544  -4.37782520
  -2.45476368  -4.38416152
  -2.45244238  -4.38524695
  -2.44230380  -4.38999954
  -2.42907391  -4.39651528
  -2.42652464  -4.39807591
  -2.41587598  -4.40251690
  -2.40293866  -4.40896360
  -2.39980517  -4.41076470
  -2.39018201  -4.41573123
  -2.37693609  -4.42235655
  -2.37459408  -4.42332441
  -2.36433793  -4.42784156
  -2.35125616  -4.43478044
  -2.34802603  -4.43639402
  -2.33849689  -4.44075015
  -2.32557643  -4.44720451
  -2.32077900  -4.44974594
  -2.31265194  -4.45366926
  -2.29973567  -4.46011337
  -2.29567332  -4.46250057
  -2.28681084  -4.46657825
  -2.27373712  -4.47270246
  -2.26827287  -4.47547847
  -2.26118525  -4.47903951
  -2.24804388  -4.48514304
  -2.24159399  -4.48835081
  -2.23513392  -4.49157815
  -2.22222293  -4.49882143
  -2.21726806  -4.50106852
  -2.20913366  -4.50497454
  -2.19658407  -4.51055602
  -2.18995398  -4.51428464
  -2.18344650  -4.51740951
  -2.17037261  -4.52353254
  -2.16330456  -4.52712131
  -2.15784542  -4.52989578
  -2.14453198  -4.53644257
  -2.13896077  -4.53982868
  -2.13177399  -4.54321734
  -2.11883950  -4.54888407
  -2.11029034  -4.55345261
  -2.10617603  -4.55573244
  -2.09298097  -4.56100530
  -2.08222219  -4.56669322
  -2.08064171  -4.56756208
  -2.06700695  -4.57356131
  -2.05516256  -4.57891986
  -2.05425373  -4.57952430
  -2.04117273  -4.58646439
  -2.03585263  -4.59174139
  -2.03073681  -4.60372874
         
