# shadow cont 3D ind 23  size 17
# norm  0.9837286 -0.1796607  0.0000000
# angle  0.1806416
   0.3720996035   2.0374235087  -4.5889129538
   0.4735858379   2.5931092389  -4.3580088442
      
      
   0.4735858379   2.5931092389  -4.3580088442
   0.4803123551   2.6299401411  -4.3355677646
      
      
   0.4803123551   2.6299401411  -4.3355677646
   0.5718364296   3.1310782754  -3.9578361920
      
      
   0.5718364296   3.1310782754  -3.9578361920
   0.5708775540   3.1258279722  -3.7985623927
      
      
   0.5708775540   3.1258279722  -3.7985623927
   0.5681814918   3.1110657407  -3.7033985499
      
      
   0.5681814918   3.1110657407  -3.7033985499
   0.4737802841   2.5941739247  -2.9088514180
      
      
   0.4737802841   2.5941739247  -2.9088514180
   0.4070704207   2.2289054784  -2.6077306384
      
      
   0.4070704207   2.2289054784  -2.6077306384
   0.0654394626   0.3583123932  -1.5099240283
      
      
   0.0654394626   0.3583123932  -1.5099240283
   0.0095247034   0.0521523121  -1.3836737143
      
      
   0.0095247034   0.0521523121  -1.3836737143
  -0.0537044798  -0.2940577435  -1.5332351943
      
      
  -0.0537044798  -0.2940577435  -1.5332351943
  -0.3764476765  -2.0612312905  -2.6254532289
      
      
  -0.3764476765  -2.0612312905  -2.6254532289
  -0.4353563426  -2.3837844459  -2.8602256670
      
      
  -0.4353563426  -2.3837844459  -2.8602256670
  -0.4400759596  -2.4096266090  -2.8859172932
      
      
  -0.4400759596  -2.4096266090  -2.8859172932
  -0.5594756391  -3.0633970288  -3.7467277509
      
      
  -0.5594756391  -3.0633970288  -3.7467277509
  -0.5615511328  -3.0747613504  -3.9776138833
      
      
  -0.5615511328  -3.0747613504  -3.9776138833
  -0.4633958578  -2.5373142181  -4.3773013915
      
      
  -0.4633958578  -2.5373142181  -4.3773013915
  -0.3678115637  -2.0139444374  -4.5863309931
      
      
  -0.4633958578  -2.5373142181  -4.3773013915
   0.5203327712  -2.7169749667  -4.3773013915
      
      
