# shadow cont 2D ind 302  size 17
# norm -0.7181263 -0.6959128  0.0000000
# angle  2.3719025
#  0 type   0
   2.03509604  -4.57917817
   2.47700003  -4.36007951
      
#  1 type   0
   2.47700003  -4.36007951
   3.01862239  -3.95076500
      
#  2 type   0
   3.01862239  -3.95076500
   3.01637128  -3.82994340
      
#  3 type   0
   3.01637128  -3.82994340
   2.99852167  -3.77347649
      
#  4 type   0
   2.99852167  -3.77347649
   2.36489292  -2.97431932
      
#  5 type   0
   2.36489292  -2.97431932
   2.33002155  -2.93790843
      
#  6 type   0
   2.33002155  -2.93790843
   0.09785014  -1.52448269
      
#  7 type   0
   0.09785014  -1.52448269
  -0.19473358  -1.38436488
      
#  8 type   0
  -0.19473358  -1.38436488
  -0.46612065  -1.51304300
      
#  9 type   0
  -0.46612065  -1.51304300
  -2.67624244  -2.85827943
      
# 10 type   0
  -2.67624244  -2.85827943
  -3.29980250  -3.71172789
      
# 11 type   0
  -3.29980250  -3.71172789
  -3.32349453  -3.77933561
      
# 12 type   0
  -3.32349453  -3.77933561
  -3.32841069  -3.90528511
      
# 13 type   0
  -3.32841069  -3.90528511
  -3.29934529  -3.94903640
      
# 14 type   0
  -3.29934529  -3.94903640
  -2.73605168  -4.33221190
      
# 15 type   0
  -2.73605168  -4.33221190
  -2.72540636  -4.33828537
      
# 16 type   0
  -2.72540636  -4.33828537
  -2.24242329  -4.59322326
      
