# shadow cont 3D ind 83  size 13
# norm  0.7949444 -0.6066824  0.0000000
# angle  0.6518805
   1.2527350233   1.6414761884  -4.5930193395
   1.8872893614   2.4729415955  -3.9749209830
      
      
   1.8872893614   2.4729415955  -3.9749209830
   1.9037498355   2.4945099845  -3.9464462503
      
      
   1.9037498355   2.4945099845  -3.9464462503
   1.8993875629   2.4887940378  -3.7527706938
      
      
   1.8993875629   2.4887940378  -3.7527706938
   1.4466581301   1.8955763423  -2.9042517623
      
      
   1.4466581301   1.8955763423  -2.9042517623
   0.1147490665   0.1503573036  -1.5110841796
      
      
   0.1147490665   0.1503573036  -1.5110841796
  -0.0264282408  -0.0346292929  -1.3834784106
      
      
  -0.0264282408  -0.0346292929  -1.3834784106
  -0.1793087758  -0.2349507919  -1.5310849553
      
      
  -0.1793087758  -0.2349507919  -1.5310849553
  -0.2813688151  -0.3686814861  -1.6384990962
      
      
  -0.2813688151  -0.3686814861  -1.6384990962
  -1.3927030696  -1.8248782733  -2.8253911178
      
      
  -1.3927030696  -1.8248782733  -2.8253911178
  -1.9508650943  -2.5562457657  -3.7835802602
      
      
  -1.9508650943  -2.5562457657  -3.7835802602
  -1.9589275115  -2.5668100636  -3.9775641192
      
      
  -1.9589275115  -2.5668100636  -3.9775641192
  -1.5593079260  -2.0431829424  -4.3817891567
      
      
  -1.5593079260  -2.0431829424  -4.3817891567
  -1.3305139483  -1.7433909995  -4.5868861607
      
      
  -1.5593079260  -2.0431829424  -4.3817891567
  -0.7643635727  -2.6498652934  -4.3817891567
      
      
