# shadow cont 3D ind 335  size 16
# norm -0.8724960 -0.4886212  0.0000000
# angle  2.6310838
   0.9695212415  -1.7312047454  -4.5789841539
   1.2178185382  -2.1745714710  -4.3643840657
      
      
   1.2178185382  -2.1745714710  -4.3643840657
   1.4616002801  -2.6098750935  -3.9865538145
      
      
   1.4616002801  -2.6098750935  -3.9865538145
   1.4612232046  -2.6092017767  -3.7968507022
      
      
   1.4612232046  -2.6092017767  -3.7968507022
   1.1743713087  -2.0969908605  -2.9485968407
      
      
   1.1743713087  -2.0969908605  -2.9485968407
   1.1511662398  -2.0555552285  -2.9101114651
      
      
   1.1511662398  -2.0555552285  -2.9101114651
   0.9658985401  -1.7247359467  -2.6245175262
      
      
   0.9658985401  -1.7247359467  -2.6245175262
   0.0871275154  -0.1555773733  -1.5311541022
      
      
   0.0871275154  -0.1555773733  -1.5311541022
  -0.0817161616   0.1459147059  -1.3834636354
      
      
  -0.0817161616   0.1459147059  -1.3834636354
  -0.2356570292   0.4207959040  -1.5131146170
      
      
  -0.2356570292   0.4207959040  -1.5131146170
  -1.1445858034   2.0438050139  -2.5868336366
      
      
  -1.1445858034   2.0438050139  -2.5868336366
  -1.3218798315   2.3603862806  -2.8579456513
      
      
  -1.3218798315   2.3603862806  -2.8579456513
  -1.5866795087   2.8332201270  -3.7160987640
      
      
  -1.5866795087   2.8332201270  -3.7160987640
  -1.5902061487   2.8395173957  -3.9318185615
      
      
  -1.5902061487   2.8395173957  -3.9318185615
  -1.3636482153   2.4349690964  -4.2872482871
      
      
  -1.3636482153   2.4349690964  -4.2872482871
  -1.3327967589   2.3798798570  -4.3341837343
      
      
  -1.3327967589   2.3798798570  -4.3341837343
  -1.0548652624   1.8835974602  -4.5939179474
      
      
  -1.3327967589   2.3798798570  -4.3341837343
  -2.2052927659   1.8912586155  -4.3341837343
      
      
