# shadow cont 3D ind 374  size 17
# norm -0.9792228 -0.2027873  0.0000000
# angle  2.9373891
   0.3888386047  -1.8776306015  -4.5779167120
   0.4687160157  -2.2633440298  -4.3601660822
      
      
   0.4687160157  -2.2633440298  -4.3601660822
   0.5802877552  -2.8021035815  -3.9641310471
      
      
   0.5802877552  -2.8021035815  -3.9641310471
   0.5794519859  -2.7980678042  -3.8421411915
      
      
   0.5794519859  -2.7980678042  -3.8421411915
   0.4595857063  -2.2192554333  -2.9412411808
      
      
   0.4595857063  -2.2192554333  -2.9412411808
   0.3880376407  -1.8737628928  -2.5045110075
      
      
   0.3880376407  -1.8737628928  -2.5045110075
   0.0499517671  -0.2412079596  -1.5318713463
      
      
   0.0499517671  -0.2412079596  -1.5318713463
  -0.0248745729   0.1201147690  -1.3835470628
      
      
  -0.0248745729   0.1201147690  -1.3835470628
  -0.0915921943   0.4422819770  -1.5096072605
      
      
  -0.0915921943   0.4422819770  -1.5096072605
  -0.4481600165   2.1640828642  -2.4798940238
      
      
  -0.4481600165   2.1640828642  -2.4798940238
  -0.4666390533   2.2533147577  -2.5827444285
      
      
  -0.4666390533   2.2533147577  -2.5827444285
  -0.5056692199   2.4417843038  -2.8419960278
      
      
  -0.5056692199   2.4417843038  -2.8419960278
  -0.5134489650   2.4793512716  -2.8991249523
      
      
  -0.5134489650   2.4793512716  -2.8991249523
  -0.6182273745   2.9853070734  -3.8093434330
      
      
  -0.6182273745   2.9853070734  -3.8093434330
  -0.6189864260   2.9889723945  -3.9404517766
      
      
  -0.6189864260   2.9889723945  -3.9404517766
  -0.5167227962   2.4951600048  -4.2949918672
      
      
  -0.5167227962   2.4951600048  -4.2949918672
  -0.5057448045   2.4421492876  -4.3312145519
      
      
  -0.5057448045   2.4421492876  -4.3312145519
  -0.4131985196   1.9952601812  -4.5966592515
      
      
  -0.5057448045   2.4421492876  -4.3312145519
  -1.4849676151   2.2393619923  -4.3312145519
      
      
