# shadow cont 3D ind 246  size 17
# norm -0.3534748 -0.9354440 -0.0000000
# angle  1.9320795
   1.7160028928  -0.6484234593  -4.5802337459
   2.1270396332  -0.8037413007  -4.3651998851
      
      
   2.1270396332  -0.8037413007  -4.3651998851
   2.1633302899  -0.8174543971  -4.3384010060
      
      
   2.1633302899  -0.8174543971  -4.3384010060
   2.6114022915  -0.9867666975  -3.9668545805
      
      
   2.6114022915  -0.9867666975  -3.9668545805
   2.6239851620  -0.9915213681  -3.9330576631
      
      
   2.6239851620  -0.9915213681  -3.9330576631
   2.6194599309  -0.9898114257  -3.8010563283
      
      
   2.6194599309  -0.9898114257  -3.8010563283
   2.0014750010  -0.7562943800  -3.0012407469
      
      
   2.0014750010  -0.7562943800  -3.0012407469
   1.9692726227  -0.7441261152  -2.9732288155
      
      
   1.9692726227  -0.7441261152  -2.9732288155
   0.0590269205  -0.0223044146  -1.5510895273
      
      
   0.0590269205  -0.0223044146  -1.5510895273
  -0.1929571945   0.0729124479  -1.3831778903
      
      
  -0.1929571945   0.0729124479  -1.3831778903
  -0.4515006300   0.1706078711  -1.5507613361
      
      
  -0.4515006300   0.1706078711  -1.5507613361
  -2.3673428222   0.8945443091  -2.9701571615
      
      
  -2.3673428222   0.8945443091  -2.9701571615
  -2.4034076347   0.9081720661  -3.0142705550
      
      
  -2.4034076347   0.9081720661  -3.0142705550
  -2.9358580983   1.1093683304  -3.7464229731
      
      
  -2.9358580983   1.1093683304  -3.7464229731
  -2.9442475887   1.1125384547  -3.9330014559
      
      
  -2.9442475887   1.1125384547  -3.9330014559
  -2.4289699001   0.9178312413  -4.3515485548
      
      
  -2.4289699001   0.9178312413  -4.3515485548
  -2.4048604754   0.9087210489  -4.3662051919
      
      
  -2.4048604754   0.9087210489  -4.3662051919
  -1.9444304919   0.7347390562  -4.5918799040
      
      
  -2.4048604754   0.9087210489  -4.3662051919
  -2.7583353191  -0.0267229820  -4.3662051919
      
      
