# shadow cont 3D ind 127  size 12
# norm  0.5424415 -0.8400936  0.0000000
# angle  0.9974557
   1.5301301009   0.9879924913  -4.5801716709
   1.9578363865   1.2641589417  -4.3511613464
      
      
   1.9578363865   1.2641589417  -4.3511613464
   2.3826745902   1.5384734951  -3.9235614721
      
      
   2.3826745902   1.5384734951  -3.9235614721
   2.3808880893   1.5373199661  -3.8181167762
      
      
   2.3808880893   1.5373199661  -3.8181167762
   1.9205539695   1.2400859900  -3.0092808732
      
      
   1.9205539695   1.2400859900  -3.0092808732
   0.1482576913   0.0957287787  -1.5489316823
      
      
   0.1482576913   0.0957287787  -1.5489316823
  -0.0920223827  -0.0594180998  -1.3835834152
      
      
  -0.0920223827  -0.0594180998  -1.3835834152
  -0.3394888151  -0.2192051513  -1.5493150801
      
      
  -0.3394888151  -0.2192051513  -1.5493150801
  -1.9941870999  -1.2876303000  -2.9337726139
      
      
  -1.9941870999  -1.2876303000  -2.9337726139
  -2.5326965363  -1.6353414387  -3.8035382853
      
      
  -2.5326965363  -1.6353414387  -3.8035382853
  -2.5455057259  -1.6436122276  -3.9370710405
      
      
  -2.5455057259  -1.6436122276  -3.9370710405
  -2.0922632138  -1.3509572446  -4.3633480817
      
      
  -2.0922632138  -1.3509572446  -4.3633480817
  -1.6902894426  -1.0914060683  -4.5873874595
      
      
  -2.0922632138  -1.3509572446  -4.3633480817
  -1.5498216772  -2.1910507985  -4.3633480817
      
      
