# shadow cont 2D ind 289  size 15
# norm -0.6434559 -0.7654832  0.0000000
# angle  2.2698007
#  0 type   0
   2.01454986  -4.58090563
   2.41736782  -4.36233029
      
#  1 type   0
   2.41736782  -4.36233029
   2.99891177  -3.97087026
      
#  2 type   0
   2.99891177  -3.97087026
   2.99906606  -3.77381668
      
#  3 type   0
   2.99906606  -3.77381668
   2.28515662  -2.95731204
      
#  4 type   0
   2.28515662  -2.95731204
   2.26063041  -2.93671673
      
#  5 type   0
   2.26063041  -2.93671673
   0.06604664  -1.52308496
      
#  6 type   0
   0.06604664  -1.52308496
  -0.20105538  -1.38399302
      
#  7 type   0
  -0.20105538  -1.38399302
  -0.44952974  -1.51253863
      
#  8 type   0
  -0.44952974  -1.51253863
  -2.61555910  -2.85946105
      
#  9 type   0
  -2.61555910  -2.85946105
  -3.31553946  -3.71514366
      
# 10 type   0
  -3.31553946  -3.71514366
  -3.32323203  -3.92084662
      
# 11 type   0
  -3.32323203  -3.92084662
  -3.30926414  -3.95443562
      
# 12 type   0
  -3.30926414  -3.95443562
  -2.68716654  -4.33392936
      
# 13 type   3
  -2.68716654  -4.33392936
  -2.67470883  -4.34027926
      
# 14 type   0
  -2.67470883  -4.34027926
  -2.23680367  -4.59455283
      
