# shadow cont 3D ind 13  size 15
# norm  0.9947921 -0.1019245  0.0000000
# angle  0.1021018
   0.2080822564   2.0309021218  -4.5852349663
   0.2671943213   2.6078413578  -4.3534242499
      
      
   0.2671943213   2.6078413578  -4.3534242499
   0.3207270669   3.1303259190  -3.9634892696
      
      
   0.3207270669   3.1303259190  -3.9634892696
   0.3195509553   3.1188469615  -3.7021406140
      
      
   0.3195509553   3.1188469615  -3.7021406140
   0.2673625054   2.6094828501  -2.9094750691
      
      
   0.2673625054   2.6094828501  -2.9094750691
   0.2352106071   2.2956773403  -2.6212394757
      
      
   0.2352106071   2.2956773403  -2.6212394757
   0.2144269397   2.0928268188  -2.4820662739
      
      
   0.2144269397   2.0928268188  -2.4820662739
   0.0388751288   0.3794248631  -1.5078073541
      
      
   0.0388751288   0.3794248631  -1.5078073541
   0.0069098338   0.0674406185  -1.3833801668
      
      
   0.0069098338   0.0674406185  -1.3833801668
  -0.0305583925  -0.2982527447  -1.5365918911
      
      
  -0.0305583925  -0.2982527447  -1.5365918911
  -0.2107414384  -2.0568559840  -2.6032007605
      
      
  -0.2107414384  -2.0568559840  -2.6032007605
  -0.2446684842  -2.3879870984  -2.8693016337
      
      
  -0.2446684842  -2.3879870984  -2.8693016337
  -0.3111156377  -3.0365174788  -3.7309755939
      
      
  -0.3111156377  -3.0365174788  -3.7309755939
  -0.3128117006  -3.0530712104  -3.9785089098
      
      
  -0.3128117006  -3.0530712104  -3.9785089098
  -0.2570971849  -2.5092923701  -4.3786365633
      
      
  -0.2570971849  -2.5092923701  -4.3786365633
  -0.2015710998  -1.9673526291  -4.5870582259
      
      
  -0.2570971849  -2.5092923701  -4.3786365633
   0.7376949568  -2.6112168259  -4.3786365633
      
      
