# shadow cont 3D ind 78  size 14
# norm  0.8181497 -0.5750053  0.0000000
# angle  0.6126106
   1.1951651268   1.7005479643  -4.5898727621
   1.4332927626   2.0393693181  -4.3627035883
      
      
   1.4332927626   2.0393693181  -4.3627035883
   1.4638163783   2.0828000302  -4.3318065710
      
      
   1.4638163783   2.0828000302  -4.3318065710
   1.8165606446   2.5847043532  -3.9506427227
      
      
   1.8165606446   2.5847043532  -3.9506427227
   1.8137806107   2.5807487651  -3.8029967994
      
      
   1.8137806107   2.5807487651  -3.8029967994
   1.8063193256   2.5701324302  -3.7465307367
      
      
   1.8063193256   2.5701324302  -3.7465307367
   1.3963284718   1.9867744522  -2.9073266654
      
      
   1.3963284718   1.9867744522  -2.9073266654
   0.1141667933   0.1624429157  -1.5072333931
      
      
   0.1141667933   0.1624429157  -1.5072333931
  -0.0205882092  -0.0292940586  -1.3832908915
      
      
  -0.0205882092  -0.0292940586  -1.3832908915
  -0.1842373738  -0.2621432670  -1.5440065063
      
      
  -0.1842373738  -0.2621432670  -1.5440065063
  -1.3532188880  -1.9254357189  -2.8559763780
      
      
  -1.3532188880  -1.9254357189  -2.8559763780
  -1.8530977983  -2.6366914644  -3.7851838680
      
      
  -1.8530977983  -2.6366914644  -3.7851838680
  -1.8613878595  -2.6484870284  -3.9751094449
      
      
  -1.8613878595  -2.6484870284  -3.9751094449
  -1.4956158788  -2.1280461426  -4.3765880506
      
      
  -1.4956158788  -2.1280461426  -4.3765880506
  -1.2650762425  -1.8000214200  -4.5867068724
      
      
  -1.4956158788  -2.1280461426  -4.3765880506
  -0.6774661614  -2.7030513947  -4.3765880506
      
      
