# shadow cont 3D ind 210  size 15
# norm -0.0784591 -0.9969173 -0.0000000
# angle  1.6493361
   1.5195461623  -0.1195908766  -4.5824493895
   2.0447624729  -0.1609262967  -4.3626563333
      
      
   2.0447624729  -0.1609262967  -4.3626563333
   2.5273409067  -0.1989060431  -3.9784537731
      
      
   2.5273409067  -0.1989060431  -3.9784537731
   2.5159309627  -0.1980080610  -3.7395741401
      
      
   2.5159309627  -0.1980080610  -3.7395741401
   2.0023006568  -0.1575844793  -2.9919161210
      
      
   2.0023006568  -0.1575844793  -2.9919161210
   1.6627355109  -0.1308601227  -2.6920934956
      
      
   1.6627355109  -0.1308601227  -2.6920934956
   0.1065637505  -0.0083867491  -1.5496914394
      
      
   0.1065637505  -0.0083867491  -1.5496914394
  -0.1931473202   0.0152010238  -1.3834002500
      
      
  -0.1931473202   0.0152010238  -1.3834002500
  -0.4935657174   0.0388444644  -1.5452676462
      
      
  -0.4935657174   0.0388444644  -1.5452676462
  -1.9234824386   0.1513813510  -2.6059074952
      
      
  -1.9234824386   0.1513813510  -2.6059074952
  -2.3508812134   0.1850183640  -2.9767052336
      
      
  -2.3508812134   0.1850183640  -2.9767052336
  -2.8270781528   0.2224958760  -3.7101673611
      
      
  -2.8270781528   0.2224958760  -3.7101673611
  -2.8423304592   0.2236962585  -3.9589300819
      
      
  -2.8423304592   0.2236962585  -3.9589300819
  -2.3314279158   0.1834873563  -4.3560634385
      
      
  -2.3314279158   0.1834873563  -4.3560634385
  -2.3036714926   0.1813028784  -4.3708541685
      
      
  -2.3036714926   0.1813028784  -4.3708541685
  -1.7637011392   0.1388062900  -4.5900601034
      
      
  -2.3036714926   0.1813028784  -4.3708541685
  -2.3821305883  -0.8156144553  -4.3708541685
      
      
