# shadow cont 3D ind 203  size 16
# norm -0.0235598 -0.9997224  0.0000000
# angle  1.5943583
   1.4599486311  -0.0344055964  -4.5799085895
   1.9872150426  -0.0468313180  -4.3637036551
      
      
   1.9872150426  -0.0468313180  -4.3637036551
   2.4844401225  -0.0585490765  -3.9673067629
      
      
   2.4844401225  -0.0585490765  -3.9673067629
   2.4783755092  -0.0584061560  -3.8099653302
      
      
   2.4783755092  -0.0584061560  -3.8099653302
   2.4605552966  -0.0579861994  -3.7334631106
      
      
   2.4605552966  -0.0579861994  -3.7334631106
   1.9646855619  -0.0463003814  -2.9911065264
      
      
   1.9646855619  -0.0463003814  -2.9911065264
   1.6584115212  -0.0390826336  -2.6873954598
      
      
   1.6584115212  -0.0390826336  -2.6873954598
   0.1208875604  -0.0028488733  -1.5530936065
      
      
   0.1208875604  -0.0028488733  -1.5530936065
  -0.1891375294   0.0044572729  -1.3836769652
      
      
  -0.1891375294   0.0044572729  -1.3836769652
  -0.4977893343   0.0117310558  -1.5467983691
      
      
  -0.4977893343   0.0117310558  -1.5467983691
  -1.9059624373   0.0449164943  -2.6005491860
      
      
  -1.9059624373   0.0449164943  -2.6005491860
  -2.2999667978   0.0542017216  -2.9759972198
      
      
  -2.2999667978   0.0542017216  -2.9759972198
  -2.7637298784   0.0651309044  -3.7077027126
      
      
  -2.7637298784   0.0651309044  -3.7077027126
  -2.7790099329   0.0654909988  -3.7817589819
      
      
  -2.7790099329   0.0654909988  -3.7817589819
  -2.7880874149   0.0657049215  -3.9527083029
      
      
  -2.7880874149   0.0657049215  -3.9527083029
  -2.2521187929   0.0530741209  -4.3679477617
      
      
  -2.2521187929   0.0530741209  -4.3679477617
  -1.7005666637   0.0400760746  -4.5895883447
      
      
  -2.2521187929   0.0530741209  -4.3679477617
  -2.2756785577  -0.9466483093  -4.3679477617
      
      
