# shadow cont 2D ind 26  size 17
# norm  0.9792228 -0.2027873  0.0000000
# angle  0.2042035
#  0 type   0
   2.08310716  -4.58873301
   2.63514179  -4.36034895
      
#  1 type   0
   2.63514179  -4.36034895
   2.66464555  -4.34568001
      
#  2 type   0
   2.66464555  -4.34568001
   3.19085767  -3.95621847
      
#  3 type   0
   3.19085767  -3.95621847
   3.18524239  -3.78843574
      
#  4 type   0
   3.18524239  -3.78843574
   3.16430435  -3.69943070
      
#  5 type   0
   3.16430435  -3.69943070
   2.63836082  -2.90878331
      
#  6 type   0
   2.63836082  -2.90878331
   2.26625961  -2.61622259
      
#  7 type   0
   2.26625961  -2.61622259
   0.35006222  -1.50613655
      
#  8 type   0
   0.35006222  -1.50613655
   0.04604787  -1.38423763
      
#  9 type   0
   0.04604787  -1.38423763
  -0.29791962  -1.53199800
      
# 10 type   0
  -0.29791962  -1.53199800
  -2.09170872  -2.62485709
      
# 11 type   0
  -2.09170872  -2.62485709
  -2.44175510  -2.86818892
      
# 12 type   0
  -2.44175510  -2.86818892
  -2.54794658  -3.00224612
      
# 13 type   0
  -2.54794658  -3.00224612
  -3.12781817  -3.75167803
      
# 14 type   0
  -3.12781817  -3.75167803
  -3.13931061  -3.97705701
      
# 15 type   0
  -3.13931061  -3.97705701
  -2.59174965  -4.37776072
      
# 16 type   0
  -2.59174965  -4.37776072
  -2.06634470  -4.58593873
      
