# shadow cont 3D ind 54  size 12
# norm  0.9114033 -0.4115144  0.0000000
# angle  0.4241150
   0.8826407134   1.9548324900  -4.5796456034
   1.0837710146   2.4002867291  -4.3514730583
      
      
   1.0837710146   2.4002867291  -4.3514730583
   1.3194041212   2.9221562119  -3.9309663035
      
      
   1.3194041212   2.9221562119  -3.9309663035
   1.3188679655   2.9209687587  -3.8177243900
      
      
   1.3188679655   2.9209687587  -3.8177243900
   1.0600794398   2.3478157073  -2.9010719858
      
      
   1.0600794398   2.3478157073  -2.9010719858
   0.1185596373   0.2625804899  -1.5138725044
      
      
   0.1185596373   0.2625804899  -1.5138725044
   0.0011967781   0.0026505698  -1.3832987055
      
      
   0.0011967781   0.0026505698  -1.3832987055
  -0.1253432795  -0.2776045919  -1.5318042620
      
      
  -0.1253432795  -0.2776045919  -1.5318042620
  -1.0110634223  -2.2392572621  -2.8736929556
      
      
  -1.0110634223  -2.2392572621  -2.8736929556
  -1.3256802712  -2.9360563433  -3.8291284075
      
      
  -1.3256802712  -2.9360563433  -3.8291284075
  -1.3286914123  -2.9427252816  -3.9509145614
      
      
  -1.3286914123  -2.9427252816  -3.9509145614
  -1.0926097094  -2.4198622684  -4.3756263069
      
      
  -1.0926097094  -2.4198622684  -4.3756263069
  -0.8984921732  -1.9899395818  -4.5865050541
      
      
  -1.0926097094  -2.4198622684  -4.3756263069
  -0.1812064328  -2.8313766270  -4.3756263069
      
      
