# shadow cont 3D ind 195  size 17
# norm  0.0392598 -0.9992290  0.0000000
# angle  1.5315264
   1.4214501765   0.0558489295  -4.5805180632
   1.9114969335   0.0751029191  -4.3610745854
      
      
   1.9114969335   0.0751029191  -4.3610745854
   2.4248779399   0.0952737137  -3.9538837982
      
      
   2.4248779399   0.0952737137  -3.9538837982
   2.4186752533   0.0950300095  -3.8178315488
      
      
   2.4186752533   0.0950300095  -3.8178315488
   2.3860525439   0.0937482598  -3.7370340642
      
      
   2.3860525439   0.0937482598  -3.7370340642
   1.9045477812   0.0748298861  -2.9869089212
      
      
   1.9045477812   0.0748298861  -2.9869089212
   1.6153060247   0.0634655466  -2.6507492363
      
      
   1.6153060247   0.0634655466  -2.6507492363
   0.1328455777   0.0052195170  -1.5547146134
      
      
   0.1328455777   0.0052195170  -1.5547146134
  -0.1835546637  -0.0072118824  -1.3838812740
      
      
  -0.1835546637  -0.0072118824  -1.3838812740
  -0.5029520261  -0.0197610389  -1.5509025099
      
      
  -0.5029520261  -0.0197610389  -1.5509025099
  -1.8439775482  -0.0724500752  -2.5623624265
      
      
  -1.8439775482  -0.0724500752  -2.5623624265
  -2.2203384377  -0.0872373348  -2.9707600307
      
      
  -2.2203384377  -0.0872373348  -2.9707600307
  -2.3044260681  -0.0905411468  -3.1054185816
      
      
  -2.3044260681  -0.0905411468  -3.1054185816
  -2.7000876006  -0.1060867308  -3.7575488599
      
      
  -2.7000876006  -0.1060867308  -3.7575488599
  -2.7175249685  -0.1067718468  -3.9360465149
      
      
  -2.7175249685  -0.1067718468  -3.9360465149
  -2.2074973035  -0.0867328053  -4.3342613633
      
      
  -2.2074973035  -0.0867328053  -4.3342613633
  -2.1557983416  -0.0847015475  -4.3690936194
      
      
  -2.1557983416  -0.0847015475  -4.3690936194
  -1.6680830263  -0.0655391606  -4.5916003617
      
      
  -2.1557983416  -0.0847015475  -4.3690936194
  -2.1165385258  -1.0839305838  -4.3690936194
      
      
