# shadow cont 2D ind 16  size 18
# norm  0.9921147 -0.1253332  0.0000000
# angle  0.1256637
#  0 type   0
   2.03929676  -4.59071005
   2.62329975  -4.35632331
      
#  1 type   0
   2.62329975  -4.35632331
   2.65862452  -4.33378745
      
#  2 type   0
   2.65862452  -4.33378745
   3.16064631  -3.96010695
      
#  3 type   0
   3.16064631  -3.96010695
   3.14495117  -3.70136467
      
#  4 type   0
   3.14495117  -3.70136467
   2.62851940  -2.90893200
      
#  5 type   0
   2.62851940  -2.90893200
   2.30075992  -2.62034035
      
#  6 type   0
   2.30075992  -2.62034035
   2.09026743  -2.48390274
      
#  7 type   0
   2.09026743  -2.48390274
   0.37667742  -1.50852133
      
#  8 type   0
   0.37667742  -1.50852133
   0.06338389  -1.38345601
      
#  9 type   0
   0.06338389  -1.38345601
  -0.29959934  -1.53554671
      
# 10 type   0
  -0.29959934  -1.53554671
  -2.08026460  -2.61274194
      
# 11 type   0
  -2.08026460  -2.61274194
  -2.41259542  -2.86971749
      
# 12 type   0
  -2.41259542  -2.86971749
  -3.06047006  -3.71851403
      
# 13 type   0
  -3.06047006  -3.71851403
  -3.07646127  -3.78148339
      
# 14 type   0
  -3.07646127  -3.78148339
  -3.08723989  -3.97927242
      
# 15 type   0
  -3.08723989  -3.97927242
  -2.55044230  -4.37109516
      
# 16 type   0
  -2.55044230  -4.37109516
  -2.53192907  -4.38104358
      
# 17 type   0
  -2.53192907  -4.38104358
  -1.99410968  -4.58951123
      
