# shadow cont 3D ind 56  size 12
# norm  0.9048271 -0.4257793  0.0000000
# angle  0.4398230
   0.9038687028   1.9208187678  -4.5894473389
   1.1183145782   2.3765394502  -4.3519924914
      
      
   1.1183145782   2.3765394502  -4.3519924914
   1.3649280196   2.9006196903  -3.9317779844
      
      
   1.3649280196   2.9006196903  -3.9317779844
   1.3640749762   2.8988068808  -3.8152314191
      
      
   1.3640749762   2.8988068808  -3.8152314191
   1.0934839657   2.3237717128  -2.9035376202
      
      
   1.0934839657   2.3237717128  -2.9035376202
   0.1191782520   0.2532666774  -1.5127193327
      
      
   0.1191782520   0.2532666774  -1.5127193327
   0.0009021672   0.0019172030  -1.3842707957
      
      
   0.0009021672   0.0019172030  -1.3842707957
  -0.1263390185  -0.2684840809  -1.5270530142
      
      
  -0.1263390185  -0.2684840809  -1.5270530142
  -1.0439825594  -2.2185758697  -2.8728947025
      
      
  -1.0439825594  -2.2185758697  -2.8728947025
  -1.3734279856  -2.9186830374  -3.8297378670
      
      
  -1.3734279856  -2.9186830374  -3.8297378670
  -1.3759624273  -2.9240690003  -3.9542609614
      
      
  -1.3759624273  -2.9240690003  -3.9542609614
  -1.1287089405  -2.3986285946  -4.3774874264
      
      
  -1.1287089405  -2.3986285946  -4.3774874264
  -0.9313615485  -1.9792440389  -4.5860718118
      
      
  -1.1287089405  -2.3986285946  -4.3774874264
  -0.2238818880  -2.8244078861  -4.3774874264
      
      
