# shadow cont 3D ind 167  size 17
# norm  0.2562894 -0.9666001  0.0000000
# angle  1.3116149
   1.3863777775   0.3675914070  -4.5809922336
   1.9042157162   0.5048936486  -4.3586966704
      
      
   1.9042157162   0.5048936486  -4.3586966704
   2.3861590806   0.6326786162  -3.9521906305
      
      
   2.3861590806   0.6326786162  -3.9521906305
   2.3690109827   0.6281318804  -3.7374258590
      
      
   2.3690109827   0.6281318804  -3.7374258590
   1.9429180665   0.5151553908  -3.0065557669
      
      
   1.9429180665   0.5151553908  -3.0065557669
   1.6314301384   0.4325658632  -2.6785769443
      
      
   1.6314301384   0.4325658632  -2.6785769443
   0.1527325262   0.0404962955  -1.5534290893
      
      
   0.1527325262   0.0404962955  -1.5534290893
  -0.1534710977  -0.0406921242  -1.3835415993
      
      
  -0.1534710977  -0.0406921242  -1.3835415993
  -0.4488181993  -0.1190019893  -1.5431079644
      
      
  -0.4488181993  -0.1190019893  -1.5431079644
  -0.5003209878  -0.1326577062  -1.5783891018
      
      
  -0.5003209878  -0.1326577062  -1.5783891018
  -1.7324121914  -0.4593407694  -2.5402680049
      
      
  -1.7324121914  -0.4593407694  -2.5402680049
  -2.0653114681  -0.5476074132  -2.9297041286
      
      
  -2.0653114681  -0.5476074132  -2.9297041286
  -2.5934276292  -0.6876348761  -3.7443477158
      
      
  -2.5934276292  -0.6876348761  -3.7443477158
  -2.6136412655  -0.6929944246  -3.8156946555
      
      
  -2.6136412655  -0.6929944246  -3.8156946555
  -2.6216266067  -0.6951116995  -3.9459228913
      
      
  -2.6216266067  -0.6951116995  -3.9459228913
  -2.1233613755  -0.5629990673  -4.3563189293
      
      
  -2.1233613755  -0.5629990673  -4.3563189293
  -2.0862209617  -0.5531514650  -4.3800677975
      
      
  -2.0862209617  -0.5531514650  -4.3800677975
  -1.5986983574  -0.4238871887  -4.5930209275
      
      
  -2.0862209617  -0.5531514650  -4.3800677975
  -1.8299315885  -1.5197515670  -4.3800677975
      
      
