# shadow cont 2D ind 309  size 14
# norm -0.7552818 -0.6554002  0.0000000
# angle  2.4268803
#  0 type   0
   2.03663509  -4.57830677
   2.49717058  -4.35987484
      
#  1 type   0
   2.49717058  -4.35987484
   3.02239309  -3.94650006
      
#  2 type   0
   3.02239309  -3.94650006
   3.01517300  -3.81169513
      
#  3 type   0
   3.01517300  -3.81169513
   2.36429260  -2.94204489
      
#  4 type   0
   2.36429260  -2.94204489
   0.12235159  -1.52937819
      
#  5 type   0
   0.12235159  -1.52937819
  -0.19003209  -1.38375379
      
#  6 type   0
  -0.19003209  -1.38375379
  -0.48395529  -1.51895624
      
#  7 type   0
  -0.48395529  -1.51895624
  -2.69622956  -2.85496457
      
#  8 type   0
  -2.69622956  -2.85496457
  -3.31394243  -3.76573952
      
#  9 type   0
  -3.31394243  -3.76573952
  -3.32097483  -3.89504534
      
# 10 type   0
  -3.32097483  -3.89504534
  -3.29153115  -3.93566648
      
# 11 type   0
  -3.29153115  -3.93566648
  -2.80402798  -4.29375112
      
# 12 type   0
  -2.80402798  -4.29375112
  -2.74653446  -4.33398941
      
# 13 type   0
  -2.74653446  -4.33398941
  -2.23853457  -4.59362896
      
