# shadow cont 3D ind 339  size 16
# norm -0.8874134 -0.4609744  0.0000000
# angle  2.6624998
   0.9050570199  -1.7423089312  -4.5812715608
   1.1441720411  -2.2026249421  -4.3652052441
      
      
   1.1441720411  -2.2026249421  -4.3652052441
   1.3749170034  -2.6468279037  -3.9877388707
      
      
   1.3749170034  -2.6468279037  -3.9877388707
   1.3725094476  -2.6421931615  -3.7839191567
      
      
   1.3725094476  -2.6421931615  -3.7839191567
   1.1037310974  -2.1247728113  -2.9413048961
      
      
   1.1037310974  -2.1247728113  -2.9413048961
   0.9147203221  -1.7609115799  -2.6212988373
      
      
   0.9147203221  -1.7609115799  -2.6212988373
   0.0868809034  -0.1672528588  -1.5322522848
      
      
   0.0868809034  -0.1672528588  -1.5322522848
  -0.0754990607   0.1453418788  -1.3836608480
      
      
  -0.0754990607   0.1453418788  -1.3836608480
  -0.2222516138   0.4278525698  -1.5128986809
      
      
  -0.2222516138   0.4278525698  -1.5128986809
  -1.0830288674   2.0849193222  -2.5872839447
      
      
  -1.0830288674   2.0849193222  -2.5872839447
  -1.2366418047   2.3806368147  -2.8473254073
      
      
  -1.2366418047   2.3806368147  -2.8473254073
  -1.2476638717   2.4018551970  -2.8736459475
      
      
  -1.2476638717   2.4018551970  -2.8736459475
  -1.4902209455   2.8687974412  -3.7121773840
      
      
  -1.4902209455   2.8687974412  -3.7121773840
  -1.4932263524   2.8745830957  -3.9350160448
      
      
  -1.4932263524   2.8745830957  -3.9350160448
  -1.2629031820   2.4311921181  -4.3162871910
      
      
  -1.2629031820   2.4311921181  -4.3162871910
  -1.2508822178   2.4080507769  -4.3345636811
      
      
  -1.2508822178   2.4080507769  -4.3345636811
  -0.9856967411   1.8975470028  -4.5943761345
      
      
  -1.2508822178   2.4080507769  -4.3345636811
  -2.1382956648   1.9470764024  -4.3345636811
      
      
