# shadow cont 2D ind 372  size 18
# norm -0.9759168 -0.2181432  0.0000000
# angle  2.9216812
#  0 type   0
   1.91086984  -4.57992496
   2.32923246  -4.35932934
      
#  1 type   0
   2.32923246  -4.35932934
   2.86234020  -3.96214947
      
#  2 type   0
   2.86234020  -3.96214947
   2.85862625  -3.84010545
      
#  3 type   0
   2.85862625  -3.84010545
   2.28645128  -2.95234679
      
#  4 type   0
   2.28645128  -2.95234679
   2.00956139  -2.61672272
      
#  5 type   0
   2.00956139  -2.61672272
   1.89776714  -2.49795878
      
#  6 type   0
   1.89776714  -2.49795878
   0.24450395  -1.53250609
      
#  7 type   0
   0.24450395  -1.53250609
  -0.12631619  -1.38334622
      
#  8 type   0
  -0.12631619  -1.38334622
  -0.45829847  -1.51185819
      
#  9 type   0
  -0.45829847  -1.51185819
  -2.20946161  -2.47965620
      
# 10 type   0
  -2.20946161  -2.47965620
  -2.31148574  -2.58634148
      
# 11 type   0
  -2.31148574  -2.58634148
  -2.51962039  -2.85480704
      
# 12 type   0
  -2.51962039  -2.85480704
  -2.54787901  -2.89928359
      
# 13 type   0
  -2.54787901  -2.89928359
  -3.05073296  -3.77755187
      
# 14 type   0
  -3.05073296  -3.77755187
  -3.05958967  -3.93419076
      
# 15 type   0
  -3.05958967  -3.93419076
  -2.57231963  -4.28950423
      
# 16 type   0
  -2.57231963  -4.28950423
  -2.50685086  -4.33530628
      
# 17 type   0
  -2.50685086  -4.33530628
  -2.03787303  -4.59502659
      
