# shadow cont 3D ind 343  size 17
# norm -0.9014551 -0.4328726  0.0000000
# angle  2.6939157
   0.8437439028  -1.7570927132  -4.5797054516
   1.0700497504  -2.2283735774  -4.3648316213
      
      
   1.0700497504  -2.2283735774  -4.3648316213
   1.2860855017  -2.6782670144  -3.9880335752
      
      
   1.2860855017  -2.6782670144  -3.9880335752
   1.2843297632  -2.6746106974  -3.7829564602
      
      
   1.2843297632  -2.6746106974  -3.7829564602
   1.0408573442  -2.1675805286  -2.9633768024
      
      
   1.0408573442  -2.1675805286  -2.9633768024
   1.0316751531  -2.1484586589  -2.9373424914
      
      
   1.0316751531  -2.1484586589  -2.9373424914
   0.8611391197  -1.7933181706  -2.6163342974
      
      
   0.8611391197  -1.7933181706  -2.6163342974
   0.0868169429  -0.1807958756  -1.5344496115
      
      
   0.0868169429  -0.1807958756  -1.5344496115
  -0.0692041611   0.1441173404  -1.3831983761
      
      
  -0.0692041611   0.1441173404  -1.3831983761
  -0.2100498459   0.4374278171  -1.5145662515
      
      
  -0.2100498459   0.4374278171  -1.5145662515
  -1.0179666806   2.1199108293  -2.5857713385
      
      
  -1.0179666806   2.1199108293  -2.5857713385
  -1.1564258794   2.4082514602  -2.8472317179
      
      
  -1.1564258794   2.4082514602  -2.8472317179
  -1.1678498982   2.4320419257  -2.8784525347
      
      
  -1.1678498982   2.4320419257  -2.8784525347
  -1.3912579329   2.8972881083  -3.7061412878
      
      
  -1.3912579329   2.8972881083  -3.7061412878
  -1.3946143886   2.9042779114  -3.9358229224
      
      
  -1.3946143886   2.9042779114  -3.9358229224
  -1.2803869578   2.6663998235  -4.1376162168
      
      
  -1.2803869578   2.6663998235  -4.1376162168
  -1.1686617475   2.4337325980  -4.3344244017
      
      
  -1.1686617475   2.4337325980  -4.3344244017
  -0.9161424156   1.9078622759  -4.5930393152
      
      
  -1.1686617475   2.4337325980  -4.3344244017
  -2.0701168646   2.0008600165  -4.3344244017
      
      
