# shadow cont 2D ind 358  size 18
# norm -0.9460854 -0.3239174  0.0000000
# angle  2.8117254
#  0 type   0
   1.89284118  -4.57919406
   2.35101806  -4.39045187
      
#  1 type   0
   2.35101806  -4.39045187
   2.41771922  -4.35804132
      
#  2 type   0
   2.41771922  -4.35804132
   2.91170257  -3.98216082
      
#  3 type   0
   2.91170257  -3.98216082
   2.90664933  -3.77993052
      
#  4 type   0
   2.90664933  -3.77993052
   2.34585590  -2.94085197
      
#  5 type   0
   2.34585590  -2.94085197
   2.01538625  -2.61922164
      
#  6 type   0
   2.01538625  -2.61922164
   1.85633874  -2.49896689
      
#  7 type   0
   1.85633874  -2.49896689
   0.21736987  -1.52938415
      
#  8 type   0
   0.21736987  -1.52938415
  -0.14553081  -1.38426138
      
#  9 type   0
  -0.14553081  -1.38426138
  -0.47449363  -1.51326388
      
# 10 type   0
  -0.47449363  -1.51326388
  -2.19326216  -2.47916642
      
# 11 type   0
  -2.19326216  -2.47916642
  -2.34741155  -2.58749274
      
# 12 type   0
  -2.34741155  -2.58749274
  -2.60650181  -2.84716797
      
# 13 type   0
  -2.60650181  -2.84716797
  -2.62760026  -2.87372365
      
# 14 type   0
  -2.62760026  -2.87372365
  -3.12537668  -3.70020645
      
# 15 type   0
  -3.12537668  -3.70020645
  -3.13367674  -3.93727115
      
# 16 type   0
  -3.13367674  -3.93727115
  -2.61549112  -4.33648141
      
# 17 type   0
  -2.61549112  -4.33648141
  -2.03507484  -4.59621537
      
