# shadow cont 2D ind 53  size 13
# norm  0.9146072 -0.4043436  0.0000000
# angle  0.4162610
#  0 type   0
   2.12379171  -4.58963861
   2.63793905  -4.35082036
      
#  1 type   0
   2.63793905  -4.35082036
   3.20657566  -3.93088014
      
#  2 type   0
   3.20657566  -3.93088014
   3.20544920  -3.81740289
      
#  3 type   0
   3.20544920  -3.81740289
   2.58117084  -2.90086358
      
#  4 type   0
   2.58117084  -2.90086358
   0.48988664  -1.63364406
      
#  5 type   0
   0.48988664  -1.63364406
   0.26956342  -1.50384617
      
#  6 type   0
   0.26956342  -1.50384617
   0.00422211  -1.38316724
      
#  7 type   0
   0.00422211  -1.38316724
  -0.30616086  -1.53293033
      
#  8 type   0
  -0.30616086  -1.53293033
  -2.45806181  -2.87294807
      
#  9 type   0
  -2.45806181  -2.87294807
  -3.21992920  -3.82861677
      
# 10 type   0
  -3.21992920  -3.82861677
  -3.22627603  -3.95023703
      
# 11 type   0
  -3.22627603  -3.95023703
  -2.65596719  -4.37511862
      
# 12 type   0
  -2.65596719  -4.37511862
  -2.18024998  -4.58691086
      
