# shadow cont 3D ind 325  size 17
# norm -0.8314696 -0.5555702  0.0000000
# angle  2.5525440
   1.1185492588  -1.6740272666  -4.5789538072
   1.3856801562  -2.0738169070  -4.3682970598
      
      
   1.3856801562  -2.0738169070  -4.3682970598
   1.4143320753  -2.1166975342  -4.3323318643
      
      
   1.4143320753  -2.1166975342  -4.3323318643
   1.6729071932  -2.5036825458  -3.9742277020
      
      
   1.6729071932  -2.5036825458  -3.9742277020
   1.6711919725  -2.5011155366  -3.8207126640
      
      
   1.6711919725  -2.5011155366  -3.8207126640
   1.3354614981  -1.9986593739  -2.9511326415
      
      
   1.3354614981  -1.9986593739  -2.9511326415
   1.3179204135  -1.9724072855  -2.9251153732
      
      
   1.3179204135  -1.9724072855  -2.9251153732
   1.0719703703  -1.6043170336  -2.6199167441
      
      
   1.0719703703  -1.6043170336  -2.6199167441
   0.0862560074  -0.1290912377  -1.5295359970
      
      
   0.0862560074  -0.1290912377  -1.5295359970
  -0.0981802051   0.1469370608  -1.3832740500
      
      
  -0.0981802051   0.1469370608  -1.3832740500
  -0.2674162211   0.4002166575  -1.5135119081
      
      
  -0.2674162211   0.4002166575  -1.5135119081
  -1.2866366787   1.9255878678  -2.5864054254
      
      
  -1.2866366787   1.9255878678  -2.5864054254
  -1.5086619834   2.2578722183  -2.8577382375
      
      
  -1.5086619834   2.2578722183  -2.8577382375
  -1.8188320642   2.7220745486  -3.7326819774
      
      
  -1.8188320642   2.7220745486  -3.7326819774
  -1.8261237372   2.7329873085  -3.9183459704
      
      
  -1.8261237372   2.7329873085  -3.9183459704
  -1.5386017014   2.3026801728  -4.3198093501
      
      
  -1.5386017014   2.3026801728  -4.3198093501
  -1.5212025681   2.2766405296  -4.3388857071
      
      
  -1.5212025681   2.2766405296  -4.3388857071
  -1.2224420172   1.8295137674  -4.5938305425
      
      
  -1.5212025681   2.2766405296  -4.3388857071
  -2.3526721804   1.7210702966  -4.3388857071
      
      
