# shadow cont 2D ind 39  size 16
# norm  0.9534542 -0.3015380  0.0000000
# angle  0.3063053
#  0 type   0
   2.11392825  -4.58952647
   2.66139028  -4.35155153
      
#  1 type   0
   2.66139028  -4.35155153
   3.20910818  -3.94522677
      
#  2 type   0
   3.20910818  -3.94522677
   3.20447776  -3.79498288
      
#  3 type   0
   3.20447776  -3.79498288
   3.16246194  -3.69977790
      
#  4 type   0
   3.16246194  -3.69977790
   2.62778482  -2.90974730
      
#  5 type   0
   2.62778482  -2.90974730
   2.21676505  -2.62361263
      
#  6 type   0
   2.21676505  -2.62361263
   0.31508016  -1.50649789
      
#  7 type   0
   0.31508016  -1.50649789
   0.02703950  -1.38336084
      
#  8 type   0
   0.02703950  -1.38336084
  -0.30992560  -1.53518483
      
#  9 type   0
  -0.30992560  -1.53518483
  -2.45961489  -2.86522761
      
# 10 type   0
  -2.45961489  -2.86522761
  -3.16186555  -3.75354518
      
# 11 type   0
  -3.16186555  -3.75354518
  -3.18146296  -3.82335923
      
# 12 type   0
  -3.18146296  -3.82335923
  -3.18812157  -3.96446928
      
# 13 type   0
  -3.18812157  -3.96446928
  -2.66078022  -4.35921796
      
# 14 type   0
  -2.66078022  -4.35921796
  -2.62336529  -4.38245529
      
# 15 type   0
  -2.62336529  -4.38245529
  -2.13389595  -4.58599921
      
