# shadow cont 2D ind 251  size 14
# norm -0.3899277 -0.9208455 -0.0000000
# angle  1.9713494
#  0 type   0
   1.85963460  -4.58298653
   2.30058954  -4.36043526
      
#  1 type   0
   2.30058954  -4.36043526
   2.83689271  -3.96514086
      
#  2 type   0
   2.83689271  -3.96514086
   2.83192227  -3.78833133
      
#  3 type   0
   2.83192227  -3.78833133
   2.14194667  -2.99987430
      
#  4 type   0
   2.14194667  -2.99987430
   2.02717598  -2.91141922
      
#  5 type   0
   2.02717598  -2.91141922
  -0.05023739  -1.47931095
      
#  6 type   0
  -0.05023739  -1.47931095
  -0.21029502  -1.38546604
      
#  7 type   0
  -0.21029502  -1.38546604
  -0.49301448  -1.56088299
      
#  8 type   0
  -0.49301448  -1.56088299
  -2.25929358  -2.77065715
      
#  9 type   0
  -2.25929358  -2.77065715
  -2.54737518  -2.97519446
      
# 10 type   0
  -2.54737518  -2.97519446
  -3.17137390  -3.73442296
      
# 11 type   0
  -3.17137390  -3.73442296
  -3.17935901  -3.94052199
      
# 12 type   0
  -3.17935901  -3.94052199
  -2.60168596  -4.36080504
      
# 13 type   0
  -2.60168596  -4.36080504
  -2.11479134  -4.58855183
      
