# shadow point cont 3D ind 374  size 1356
# norm -0.9792228 -0.2027873  0.0000000
# angle  2.9373891
   0.34692969180354   -1.67526011577180   -4.59069089894784
   0.34843414671081   -1.68252485373364   -4.58453560085488
   0.35026866332732   -1.69138339940431   -4.57834454136219
   0.35104330142921   -1.69512398531238   -4.57651749942400
   0.35360234564557   -1.70748114242941   -4.57180884438248
   0.35623039958280   -1.72017153488400   -4.56853971427695
   0.35877024362176   -1.73243597785116   -4.56470103012158
   0.35913039929746   -1.73417510382748   -4.56384136671823
   0.36144171902568   -1.74533604463759   -4.55931761887992
   0.36406081649590   -1.75798318794885   -4.55528738102955
   0.36649552160485   -1.76973993422646   -4.55109819538845
   0.36667337599637   -1.77059876059839   -4.55047924832390
   0.36932190144317   -1.78338800623359   -4.54597942594371
   0.37194102689547   -1.79603528466524   -4.54194932753647
   0.37447550641663   -1.80827382335581   -4.53880861038774
   0.37483774968090   -1.81002302991601   -4.53793518375503
   0.37715582557966   -1.82121659503964   -4.53271326473598
   0.37980121964399   -1.83399071980089   -4.52903588429845
   0.38127000180850   -1.84108320060344   -4.52589831208974
   0.38241239305573   -1.84659959928107   -4.52344140344945
   0.38500689258451   -1.85912796362587   -4.51903828282683
   0.38761601598037   -1.87172694395382   -4.51552813009650
   0.38911144660392   -1.87894810529783   -4.51269089449032
   0.39027353582133   -1.88455962187565   -4.51051394238445
   0.39289110185579   -1.89719937016337   -4.50568771227477
   0.39547307004491   -1.90966722295778   -4.50262519379282
   0.39696556015518   -1.91687418510027   -4.49965012018751
   0.39813287827952   -1.92251095111462   -4.49760430646655
   0.40069304560045   -1.93487353149840   -4.49300402229356
   0.40335363235275   -1.94772101897492   -4.48915541879491
   0.40447878313361   -1.95315416658940   -4.48677498199777
   0.40593233970626   -1.96017312578978   -4.48412880393972
   0.40856807754054   -1.97290062237978   -4.48004351636938
   0.41119092607723   -1.98556587890596   -4.47537443532322
   0.41184015795685   -1.98870090107184   -4.47372075693921
   0.41381785469918   -1.99825083741857   -4.46986607155515
   0.41640639591754   -2.01075043017066   -4.46623565741007
   0.41906827682110   -2.02360416686723   -4.46174669273171
   0.41938324218019   -2.02512507705857   -4.46107618014481
   0.42164572791301   -2.03605020742431   -4.45671378263877
   0.42430666343560   -2.04889937904884   -4.45288007985639
   0.42688910443756   -2.06136951497011   -4.44863279966067
   0.42723293100865   -2.06302979068277   -4.44784823910712
   0.42953901157166   -2.07416543252094   -4.44404334072041
   0.43218145994823   -2.08692533309402   -4.43957449466677
   0.43446574938341   -2.09795574955604   -4.43549974955965
   0.43479874680865   -2.09956373330127   -4.43476285655837
   0.43736095173408   -2.11193615290506   -4.43010355918796
   0.44002214310899   -2.12478655999372   -4.42628119797801
   0.44226977377408   -2.13563995795066   -4.42202725613647
   0.44259864092175   -2.13722799733988   -4.42123736177164
   0.44525474890663   -2.15005385766656   -4.41663761693991
   0.44784601791480   -2.16256662241741   -4.41233248566691
   0.44980398594911   -2.17202129243654   -4.40904477100786
   0.45046390280406   -2.17520791039673   -4.40749830869619
   0.45311865095637   -2.18802720434029   -4.40371257695770
   0.45572769204684   -2.20062578723053   -4.39893891205708
   0.45734536953242   -2.20843725634314   -4.39628329612841
   0.45832197203862   -2.21315309147129   -4.39459798505578
   0.46099427535164   -2.22605715607952   -4.38960141876965
   0.46359081321260   -2.23859536315817   -4.38601246395209
   0.46472489600809   -2.24407164183982   -4.38360600698502
   0.46620245215691   -2.25120649061009   -4.38042935912558
   0.46882957719218   -2.26389239756681   -4.37633942677317
   0.47142568167468   -2.27642851194000   -4.37199553909496
   0.47239930804403   -2.28112997584688   -4.37036377385258
   0.47403932154622   -2.28904930150408   -4.36717718763090
   0.47671239298419   -2.30195707524738   -4.36298696464562
   0.47925035064539   -2.31421240924091   -4.35904566273106
   0.47993920188786   -2.31753874607365   -4.35743208188054
   0.48192721789860   -2.32713851228274   -4.35377324593986
   0.48452593856420   -2.33968725972631   -4.35021690336315
   0.48716522981383   -2.35243191511000   -4.34572742342149
   0.48749071406892   -2.35400361912883   -4.34501914266662
   0.48974916371899   -2.36490925998814   -4.34060775420365
   0.49238431513232   -2.37763392485851   -4.33650941850790
   0.49498411805653   -2.39018789833119   -4.33260066859651
   0.49533859322738   -2.39189959418713   -4.33178710647250
   0.49766834844566   -2.40314955661149   -4.32754790214985
   0.50023477119677   -2.41554234332515   -4.32364129739565
   0.50257130126456   -2.42682502026039   -4.31932143573423
   0.50290793794270   -2.42845057729320   -4.31867507999091
   0.50546803729347   -2.44081282946153   -4.31401513895990
   0.50812403834791   -2.45363817344065   -4.30945129801244
   0.51004627669185   -2.46292031131090   -4.30591385405645
   0.51070625137930   -2.46610720853366   -4.30435669315938
   0.51336794589662   -2.47896004520517   -4.30055475411008
   0.51598356115089   -2.49159037353161   -4.29655930029221
   0.51776086174832   -2.50017263349655   -4.29327460773506
   0.51856319321811   -2.50404694562011   -4.29150068150316
   0.52122303806686   -2.51689085057987   -4.28688755131357
   0.52386631560906   -2.52965475504233   -4.28320717557989
   0.52546624297788   -2.53738051208310   -4.28042852429067
   0.52645695785857   -2.54216449329005   -4.27810056126575
   0.52907956614125   -2.55482858967347   -4.27322186122381
   0.53167030767201   -2.56733880733228   -4.26805120630920
   0.53199847624407   -2.56892347342749   -4.26731660609194
   0.53427008342960   -2.57989264962231   -4.26305094695170
   0.53691220368706   -2.59265096576815   -4.25755246970685
   0.53823015598844   -2.59901511671038   -4.25451500192293
   0.53955685923658   -2.60542152437625   -4.25148444575443
   0.54217855270965   -2.61808120331111   -4.24661979871274
   0.54461617634779   -2.62985204263307   -4.24161733192838
   0.54479671067581   -2.63072380992891   -4.24100533871313
   0.54736043052538   -2.64310354482467   -4.23566239035264
   0.55006331329155   -2.65615527202690   -4.23080993035455
   0.55084957783163   -2.65995199988144   -4.22892712902232
   0.55265510409318   -2.66867055642303   -4.22412977825985
   0.55525119801454   -2.68120661979844   -4.21966391185781
   0.55720481769937   -2.69064029243213   -4.21563468796097
   0.55786535711336   -2.69382991661622   -4.21408278334417
   0.56048637942418   -2.70648635463118   -4.20842605125957
   0.56307540076279   -2.71898826579624   -4.20325385137139
   0.56340378920689   -2.72057399361341   -4.20245761854830
   0.56573682899226   -2.73183981661233   -4.19785027933755
   0.56831708545661   -2.74429940380050   -4.19283665125534
   0.56965834948188   -2.75077612279960   -4.18965535358394
   0.57099989722379   -2.75725421181454   -4.18693189038241
   0.57358699488190   -2.76974683387783   -4.18182536101600
   0.57569940479503   -2.77994727552130   -4.17697540375412
   0.57620213260246   -2.78237485628122   -4.17546483019799
   0.57883136765611   -2.79507095213128   -4.17049000987171
   0.58144471647051   -2.80769033623361   -4.16575203407048
   0.58209972028553   -2.81085323002134   -4.16413923742547
   0.58403828332503   -2.82021419686479   -4.15984509083386
   0.58671855724569   -2.83315675008150   -4.15391491822459
   0.58816783395855   -2.84015504262069   -4.15128808312716
   0.58930702817798   -2.84565600343500   -4.14879276075021
   0.59192844611062   -2.85831435183548   -4.14313093617697
   0.59451404693283   -2.87079974595157   -4.13872219377685
   0.59468317132498   -2.87161641675107   -4.13797600810751
   0.59717291501496   -2.88363893428378   -4.13260388946937
   0.59982150770426   -2.89642850462076   -4.12808861792605
   0.60092613569785   -2.90176255144392   -4.12540940332337
   0.60240670470705   -2.90891194876664   -4.12143965174890
   0.60503028051628   -2.92158071715908   -4.11572345617237
   0.60650051625198   -2.92868021699144   -4.11239983695989
   0.60768053432690   -2.93437830874750   -4.10959185473433
   0.61026870368657   -2.94687610586191   -4.10367734868311
   0.61175087307076   -2.95403323110315   -4.09969228452159
   0.61289016699895   -2.95953467339287   -4.09719702272705
   0.61554163498335   -2.97233812800469   -4.09184132677008
   0.61749216488567   -2.98175688064301   -4.08698063204634
   0.61812888881018   -2.98483150417822   -4.08522238359651
   0.62071958718017   -2.99734151342155   -4.07918376102687
   0.62319194521517   -3.00928007880177   -4.07361558285163
   0.62337246442335   -3.01015177308664   -4.07299603466410
   0.62596003664276   -3.02264668671979   -4.06708388248630
   0.62825608649725   -3.03373389209865   -4.06081392792314
   0.62857446210658   -3.03527126976548   -4.05993480606405
   0.63120012737054   -3.04795012775314   -4.05336782166158
   0.63286272605258   -3.05597851311872   -4.04808193488737
   0.63385200308755   -3.06075555123130   -4.04490713604678
   0.63644654209409   -3.07328410620701   -4.03961151939035
   0.63806342168477   -3.08109172243090   -4.03483950320627
   0.63905655967480   -3.08588740439030   -4.03169742764515
   0.64159533239852   -3.09814667417188   -4.02347682218999
   0.64192262320562   -3.09972710170040   -4.02186161494752
   0.64416525312780   -3.11055635198315   -4.00945401103741
   0.64433695117810   -3.11138545050778   -4.00869614416106
   0.64685334929234   -3.12353667738685   -4.00004388930617
   0.64786385609268   -3.12841623015886   -3.99592928912226
   0.64953526289183   -3.13648714831318   -3.98974255861037
   0.65117185835715   -3.14438996889460   -3.98342603606976
   0.65215797969674   -3.14915176873060   -3.97941276370531
   0.65458162774607   -3.16085512248681   -3.97045428170874
   0.65474535123805   -3.16164571332586   -3.96964702348643
   0.65683245115180   -3.17172393760514   -3.95771724242922
   0.65730966666255   -3.17402832414418   -3.95283948300567
   0.65798335228611   -3.17728142897314   -3.94512311969018
   0.65823918780301   -3.17851681195643   -3.93193848088200
   0.65891231387595   -3.18176721481766   -3.91886461363781
   0.65993349643708   -3.18669831888859   -3.90667256931709
   0.66008651960039   -3.18743723979490   -3.90582996487180
   0.66194499717758   -3.19641148856830   -3.89307241113380
   0.66254659201888   -3.19931648017696   -3.88965157813763
   0.66384371730356   -3.20558006125956   -3.87999696946364
   0.66515550736510   -3.21191445587117   -3.86950617205342
   0.66549647498195   -3.21356092621596   -3.86703933336563
   0.66760500159815   -3.22374261612782   -3.85402603149864
   0.66776464334274   -3.22451349695423   -3.85320298382015
   0.66923590026356   -3.23161792790303   -3.84145575138566
   0.67015730053352   -3.23606720151495   -3.82891251294624
   0.66968956965450   -3.23380861453014   -3.81608020695138
   0.66881657913494   -3.22959310276099   -3.80309981157407
   0.66787198764919   -3.22503184300386   -3.79046530507969
   0.66773890115758   -3.22438919264386   -3.78982822236713
   0.66549284791076   -3.21354341175168   -3.77760677216233
   0.66516462506608   -3.21195848358390   -3.77598917561551
   0.66300859801129   -3.20154742272989   -3.76477707990592
   0.66251863660160   -3.19918148857292   -3.76238686647665
   0.66007753288326   -3.18739384457927   -3.75172519666747
   0.65991519744233   -3.18660995638521   -3.75095084121706
   0.65732918921426   -3.17412259498062   -3.73939086432738
   0.65716509010561   -3.17333019035731   -3.73858211743642
   0.65474477990124   -3.16164295444474   -3.72705736366360
   0.65441385533189   -3.16004498014200   -3.72548573923965
   0.65211974347100   -3.14896713298025   -3.71573412484661
   0.65146338048552   -3.14579767600662   -3.71249927449026
   0.64952509326822   -3.13643804105818   -3.70345467917843
   0.64867069072553   -3.13231228723429   -3.69962111738158
   0.64678734566256   -3.12321795791405   -3.69106762959722
   0.64584399011856   -3.11866266629389   -3.68682183895943
   0.64427297563912   -3.11107652431505   -3.68001442076069
   0.64289526979695   -3.10442383443818   -3.67392911620197
   0.64153747624645   -3.09786729738081   -3.66761468601388
   0.63997900672307   -3.09034173270346   -3.66074075915046
   0.63903570854115   -3.08578671807430   -3.65649518987576
   0.63721829184133   -3.07701074477805   -3.64766726717185
   0.63635800747311   -3.07285658869299   -3.64387028541160
   0.63419634133517   -3.06241829773645   -3.63506505128069
   0.63370414956644   -3.06004159358298   -3.63263923327557
   0.63144841401456   -3.04914905860811   -3.62192511596498
   0.63111260070747   -3.04752747748374   -3.62037346763687
   0.62874165236341   -3.03607860097880   -3.60939148220394
   0.62841184427569   -3.03448601796191   -3.60786967231021
   0.62594120813262   -3.02255576728330   -3.59671634874649
   0.62577402331303   -3.02174846232543   -3.59592836422910
   0.62324677052687   -3.00954482021827   -3.58553709928926
   0.62275272642370   -3.00715917148013   -3.58313548264170
   0.62058111855529   -2.99667287372298   -3.57280238292431
   0.62009078392015   -2.99430513732843   -3.57040224455576
   0.61794820198504   -2.98395900050169   -3.56078120882320
   0.61713666215078   -2.98004022286802   -3.55743958960106
   0.61536545342968   -2.97148737946120   -3.54921804808587
   0.61435080727403   -2.96658783849846   -3.54453855116628
   0.61269768149575   -2.95860519605494   -3.53736655333406
   0.61136737545098   -2.95218139114223   -3.53181664364449
   0.61005962992496   -2.94586652685396   -3.52513324597043
   0.60880921167151   -2.93982848549418   -3.51847240415507
   0.60752632349909   -2.93363365282627   -3.51345673272462
   0.60579476172426   -2.92527225728161   -3.50595741988823
   0.60479452448076   -2.92044229432388   -3.50104608136002
   0.60290852017157   -2.91133512398934   -3.49255721890405
   0.60228872366205   -2.90834223984935   -3.48995079384716
   0.60012044723299   -2.89787202900436   -3.47962209601594
   0.59962396349961   -2.89547459973754   -3.47723039468744
   0.59720429148547   -2.88379044552904   -3.46650249925502
   0.59703276788287   -2.88296218938047   -3.46573969025178
   0.59438192088499   -2.87016173339908   -3.45456524225167
   0.59421499936100   -2.86935569984763   -3.45377234696675
   0.59171591319494   -2.85728806920431   -3.44182802420838
   0.59155483906652   -2.85651027165803   -3.44106404687707
   0.58908210035234   -2.84456986804755   -3.43063786971879
   0.58843553693940   -2.84144773141984   -3.42805843907066
   0.58649854457498   -2.83209434907946   -3.41827422725837
   0.58581665226081   -2.82880161564050   -3.41520993293496
   0.58381477131491   -2.81913489819189   -3.40634748269720
   0.58289903050107   -2.81471295305992   -3.40204864123285
   0.58124547890738   -2.80672825443157   -3.39490371636153
   0.58003112544098   -2.80086436334129   -3.38969583599959
   0.57856441758183   -2.79378189898043   -3.38293707906937
   0.57728599418038   -2.78760862587608   -3.37635096828630
   0.57600410827444   -2.78141863296994   -3.37058236489751
   0.57433474036815   -2.77335756025686   -3.36341775759695
   0.57338227808334   -2.76875829384864   -3.35925116052508
   0.57138355790553   -2.75910683917186   -3.35048480727553
   0.57076876435825   -2.75613811342275   -3.34785785880789
   0.56851427621557   -2.74525160195905   -3.33714852006939
   0.56818154924206   -2.74364492417584   -3.33555180582716
   0.56571897521458   -2.73175360398088   -3.32424297854225
   0.56554518354067   -2.73091439573025   -3.32349932528767
   0.56309084351726   -2.71906283603700   -3.31189320107804
   0.56279188469642   -2.71761921849534   -3.31044670114913
   0.56027592977119   -2.70547013169506   -3.30017092874775
   0.55994356089786   -2.70386518311221   -3.29860213462543
   0.55761190617238   -2.69260604831449   -3.28824956319129
   0.55699440282691   -2.68962423744482   -3.28564966651156
   0.55498885480515   -2.67993981235668   -3.27612661900338
   0.55433427313524   -2.67677895703062   -3.27292254400384
   0.55240694536530   -2.66747224325178   -3.26460988771258
   0.55141983465545   -2.66270566592749   -3.25979429839339
   0.54978400698642   -2.65480655289408   -3.25248736095335
   0.54863253355605   -2.64924629801292   -3.24686831057846
   0.54716112555496   -2.64214113752512   -3.24036504508493
   0.54584962286249   -2.63580813056627   -3.23390008387799
   0.54456061905276   -2.62958376660278   -3.22813273706597
   0.54286246231353   -2.62138367787366   -3.22124680342396
   0.54184853120467   -2.61648758974128   -3.21638409452411
   0.54000646090575   -2.60759256871790   -3.20771010615251
   0.53936368432418   -2.60448871800721   -3.20522677689293
   0.53728494975457   -2.59445088844687   -3.19531193475879
   0.53666536547178   -2.59145902911101   -3.19271928529591
   0.53424824378944   -2.57978718998893   -3.18198948269234
   0.53407925050568   -2.57897115228795   -3.18120999275435
   0.53154957338784   -2.56675580352588   -3.16949172232391
   0.53138025268226   -2.56593818476468   -3.16871440288249
   0.52876193314737   -2.55329479796101   -3.15733184665904
   0.52859863300716   -2.55250625141033   -3.15654560716820
   0.52613949730147   -2.54063153424332   -3.14521116351715
   0.52581167718331   -2.53904855076836   -3.14359512940329
   0.52358355752867   -2.52828936791727   -3.13356422046993
   0.52289649800806   -2.52497168298217   -3.13052233427205
   0.52088589256665   -2.51526283653828   -3.12187132887794
   0.51991154811037   -2.51055790512077   -3.11770562317412
   0.51835465177124   -2.50303993706282   -3.11006214229761
   0.51719862067700   -2.49745767405525   -3.10444102781602
   0.51571666981295   -2.49030160400782   -3.09801164696484
   0.51421660881727   -2.48305808344253   -3.09168001033571
   0.51306935282443   -2.47751819379693   -3.08602431443827
   0.51145824695461   -2.46973845781650   -3.07860631740365
   0.51044077769241   -2.46482528458788   -3.07394748300543
   0.50864461717991   -2.45615195353782   -3.06582516192144
   0.50786011469186   -2.45236373431068   -3.06241443404580
   0.50585871262646   -2.44269932928854   -3.05289807140876
   0.50519287885448   -2.43948413961671   -3.04973779828162
   0.50303195435469   -2.42904942989538   -3.04017295746325
   0.50257164955102   -2.42682670207208   -3.03842152195729
   0.50021188932271   -2.41543185093462   -3.02748457668296
   0.49987333052599   -2.41379701234227   -3.02593023613430
   0.49733791123221   -2.40155393566139   -3.01573306961570
   0.49701016636163   -2.39997131554323   -3.01411731234734
   0.49480909395669   -2.38934273892084   -3.00165405495998
   0.49463670000637   -2.38851028002214   -3.00089964410902
   0.49208133997730   -2.37617091317267   -2.99158837545411
   0.49127518300866   -2.37227812841388   -2.98826486835902
   0.48947268103945   -2.36357417562760   -2.97937855879491
   0.48853055979810   -2.35902484422951   -2.97513735716181
   0.48688011159276   -2.35105513129668   -2.96710518010723
   0.48573586896511   -2.34552979264114   -2.96224632277398
   0.48427050295073   -2.33845380780360   -2.95574898931808
   0.48308246748020   -2.33271700150848   -2.94948846132658
   0.48166519198784   -2.32587323701815   -2.94347067880945
   0.47996966642508   -2.31768585375959   -2.93656284672359
   0.47899485552654   -2.31297866997762   -2.93167311047936
   0.47726619230426   -2.30463127101378   -2.92323445539488
   0.47646581237262   -2.30076638251151   -2.91978070689367
   0.47424848549570   -2.29005931601279   -2.91064634263574
   0.47375030321512   -2.28765368477175   -2.90825598748345
   0.47165484638355   -2.27753510646269   -2.89758700123564
   0.47115197940862   -2.27510685368830   -2.89520612061167
   0.46869746802063   -2.26325446650685   -2.88468063509381
   0.46852611683898   -2.26242704294755   -2.88391845038112
   0.46596488304124   -2.25005931274201   -2.87236312224272
   0.46579813342528   -2.24925410930297   -2.87157086068460
   0.46321792139746   -2.23679473669072   -2.86002572801330
   0.46305402781966   -2.23600332453830   -2.85923940602696
   0.46062146469072   -2.22425692149101   -2.84862863971981
   0.46010583963316   -2.22176706226583   -2.84634728485727
   0.45795005382455   -2.21135716634560   -2.83667483012566
   0.45732043604380   -2.20831685708069   -2.83339872110052
   0.45539581679897   -2.19902322227485   -2.82509158550047
   0.45440799326166   -2.19425320283700   -2.82027817045337
   0.45276538489191   -2.18632134703829   -2.81303384891282
   0.45146440739134   -2.18003916430872   -2.80732220702301
   0.45019491459753   -2.17390901547750   -2.80146659924051
   0.44870797290952   -2.16672884565275   -2.79424317312448
   0.44755925391233   -2.16118189142630   -2.78940623069742
   0.44585408291804   -2.15294793214064   -2.78167841464367
   0.44487122757901   -2.14820190322481   -2.77683253770276
   0.44296527231090   -2.13899839335368   -2.76844341471161
   0.44228524498611   -2.13571466560775   -2.76535911092857
   0.44016211247431   -2.12546244649377   -2.75563178435609
   0.43969489174041   -2.12320632290659   -2.75387765975275
   0.43729577016275   -2.11162140300237   -2.74311314739055
   0.43696817071807   -2.11003948511933   -2.74149792339462
   0.43446384236778   -2.09794654092586   -2.73040432264399
   0.43429464223450   -2.09712950438632   -2.72962743529795
   0.43176792272925   -2.08492843739524   -2.71787529011892
   0.43160373534947   -2.08413560652671   -2.71708868140910
   0.42913105785985   -2.07219549855849   -2.70591787887233
   0.42877615400890   -2.07048173268464   -2.70432467949821
   0.42660876882387   -2.06001582549429   -2.69405159510961
   0.42593832660574   -2.05677838247777   -2.69087547401413
   0.42394737874290   -2.04716445889035   -2.68213970888743
   0.42298722570312   -2.04252805523108   -2.67796781658194
   0.42128603420382   -2.03431331219989   -2.67022798493591
   0.42018058214401   -2.02897528611145   -2.66518086003144
   0.41872898579930   -2.02196579249375   -2.65858627906905
   0.41735477450228   -2.01532997713710   -2.65250906398738
   0.41604541039097   -2.00900729699607   -2.64680899006155
   0.41444867087021   -2.00129693349130   -2.63933944104019
   0.41349266600979   -1.99668056063252   -2.63514873957641
   0.41162371563564   -1.98765574063543   -2.62662078628454
   0.41080485987466   -1.98370163572788   -2.62258325495308
   0.40875788175724   -1.97381715227492   -2.61329707304189
   0.40825404233981   -1.97138420375329   -2.61091551593434
   0.40593302812117   -1.96017645001964   -2.60057878475491
   0.40560549757131   -1.95859486481710   -2.59896381475392
   0.40331082569939   -1.94751431346443   -2.58767099773718
   0.40296827193263   -1.94586018389143   -2.58614715274753
   0.40036381741030   -1.93328374870097   -2.57555523073100
   0.40019427781891   -1.93246507298019   -2.57478098111982
   0.39774544919942   -1.92064012684985   -2.56424201077159
   0.39724982388689   -1.91824684274053   -2.56184253562300
   0.39508444569464   -1.90779062695175   -2.55152452571919
   0.39459228585565   -1.90541407698115   -2.54912637911089
   0.39253274314934   -1.89546892142334   -2.54066792033007
   0.39151720583945   -1.89056507723958   -2.53601238128627
   0.38983453243864   -1.88243975472364   -2.52818843453654
   0.38869852826355   -1.87695419805084   -2.52326395906131
   0.38727753236789   -1.87009246841248   -2.51655315154850
   0.38598462187511   -1.86384923979009   -2.50997904303790
   0.38462888853143   -1.85730265109520   -2.50378272879258
   0.38299795873706   -1.84942718900391   -2.49728583805462
   0.38199405009561   -1.84457949753608   -2.49252743142993
   0.38037802130627   -1.83677598967645   -2.48436742543351
   0.37939288565349   -1.83201894954207   -2.48034370175281
   0.37740077011294   -1.82239938745228   -2.47158993776519
   0.37673952472586   -1.81920635425308   -2.46840629034077
   0.37449462530786   -1.80836614498953   -2.45847010995988
   0.37416715852139   -1.80678486768877   -2.45685537691199
   0.37174095305493   -1.79506916463230   -2.44536510787761
   0.37156970790790   -1.79424225309488   -2.44460329798384
   0.36892693000141   -1.78148076128199   -2.43344506640790
   0.36876028570629   -1.78067606641810   -2.43265318712011
   0.36634947511075   -1.76903470238151   -2.42193713929043
   0.36585829850777   -1.76666290027803   -2.41951512921262
   0.36372988236851   -1.75638516749211   -2.40901981859282
   0.36321528203871   -1.75390025649010   -2.40667587094497
   0.36102858633513   -1.74334110233272   -2.39731324469075
   0.36011822361050   -1.73894512701124   -2.39370835448543
   0.35846623926536   -1.73096799633984   -2.38574723624569
   0.35749868440309   -1.72629585063174   -2.38079130166731
   0.35584886609785   -1.71832917937139   -2.37357141270069
   0.35452110842070   -1.71191768006048   -2.36804822036698
   0.35321139543194   -1.70559331525399   -2.36158987393083
   0.35177897029232   -1.69867639588405   -2.35492982815173
   0.35065445302010   -1.69324630736710   -2.34990100881504
   0.34895504955011   -1.68504019840285   -2.34221493639496
   0.34795751366661   -1.68022327981917   -2.33745045253944
   0.34600845211166   -1.67081161756216   -2.32929847118429
   0.34534646855181   -1.66761501986145   -2.32610303159146
   0.34322552931943   -1.65737339169319   -2.31638222752472
   0.34272771250587   -1.65496952522568   -2.31399161396300
   0.34043892450716   -1.64391738602203   -2.30347444656100
   0.34009649233454   -1.64226384360491   -2.30195103598303
   0.33749758848362   -1.62971421159294   -2.29135552050805
   0.33733680596112   -1.62893782215833   -2.29053487473837
   0.33490486665034   -1.61719443141497   -2.27825350867790
   0.33473318056703   -1.61636539067673   -2.27749545418213
   0.33225808497018   -1.60441360611036   -2.26714037021334
   0.33163563496347   -1.60140790871705   -2.26453876452860
   0.32966240451469   -1.59187953928614   -2.25568696164195
   0.32882066177385   -1.58781491733305   -2.25180320125684
   0.32702005761919   -1.57912012874663   -2.24292393425277
   0.32606839699000   -1.57452473338699   -2.23871279988059
   0.32448305693039   -1.56686941579802   -2.23202691391580
   0.32315702022535   -1.56046622674708   -2.22560066445823
   0.32181138725135   -1.55396841089252   -2.21934336505004
   0.32033480040425   -1.54683824270326   -2.21289626128905
   0.31920432107398   -1.54137936449693   -2.20801290509828
   0.31741947843911   -1.53276068541077   -2.19979129259244
   0.31660934708421   -1.52884870906667   -2.19652121080644
   0.31458044039948   -1.51905148926144   -2.18722805987163
   0.31391826246380   -1.51585395295541   -2.18403208849457
   0.31204336328531   -1.50680040726869   -2.17471684194038
   0.31121817914958   -1.50281574379534   -2.17073912149224
   0.30901252002544   -1.49216501874366   -2.16140234236390
   0.30867502455187   -1.49053531474458   -2.15984513834110
   0.30619219695910   -1.47854619378214   -2.14868642613965
   0.30602852350098   -1.47775584454746   -2.14787928887593
   0.30347764999830   -1.46543814231446   -2.13618704114757
   0.30330598977735   -1.46460922646088   -2.13542908160183
   0.30083219507354   -1.45266372366935   -2.12507796792067
   0.30034118728918   -1.45029273676017   -2.12265660672790
   0.29825447168502   -1.44021636824171   -2.11276955265747
   0.29758139163560   -1.43696618761964   -2.10958815059967
   0.29559495647046   -1.42737405502522   -2.10086455294001
   0.29477663075220   -1.42342250959715   -2.09682903373550
   0.29302850263867   -1.41498111822865   -2.08918548545007
   0.29169431679288   -1.40853857846546   -2.08374638868199
   0.29033032897228   -1.40195213040919   -2.07678502051768
   0.28894756121486   -1.39527499746808   -2.07063292372846
   0.28781002088604   -1.38978202298946   -2.06575984992430
   0.28638521023133   -1.38290187257641   -2.05832990663509
   0.28507106276116   -1.37655609446914   -2.05269580426637
   0.28319804366794   -1.36751162737077   -2.04497390168973
   0.28253493562438   -1.36430959974366   -2.04176376438800
   0.28053864599593   -1.35466988174580   -2.03226250501986
   0.27986947885836   -1.35143859586042   -2.02909740258818
   0.27771568090215   -1.34103829891634   -2.01955124206645
   0.27726568945523   -1.33886537240912   -2.01773550754429
   0.27484286661054   -1.32716600341539   -2.00623818655994
   0.27467414428535   -1.32635127412380   -2.00545968249818
   0.27214664479835   -1.31414644074333   -1.99377312231269
   0.27197500764894   -1.31331763629796   -1.99301525009517
   0.26936981790471   -1.30073765085525   -1.98242740947577
   0.26891984108614   -1.29856479498567   -1.98061173231101
   0.26683340910050   -1.28848979600924   -1.97072580974605
   0.26615966778735   -1.28523642226540   -1.96754213678458
   0.26411785885265   -1.27537689985168   -1.95831482595109
   0.26331511743612   -1.27150060817019   -1.95498874312335
   0.26158266547914   -1.26313491409850   -1.94735306139669
   0.26041057710075   -1.25747511339864   -1.94187501246799
   0.25892537599125   -1.25030334850959   -1.93466203052071
   0.25761849527409   -1.24399266022534   -1.92899649730710
   0.25626871458909   -1.23747481583195   -1.92276769305699
   0.25480603939960   -1.23041182449632   -1.91625277843562
   0.25369216926624   -1.22503314906824   -1.91124532021204
   0.25190159330795   -1.21638678481042   -1.90313943243083
   0.25107474509610   -1.21239408581740   -1.89913745723380
   0.24909544146291   -1.20283639008822   -1.89032687568499
   0.24837611144373   -1.19936287680963   -1.88665203694730
   0.24605188420906   -1.18813960800843   -1.87711475222961
   0.24588825256067   -1.18734946066530   -1.87630778520792
   0.24367913818768   -1.17668205084802   -1.86460651381311
   0.24321493312428   -1.17444048938292   -1.86284712312684
   0.24064720879123   -1.16204141756787   -1.85209859365198
   0.24048085793673   -1.16123813967506   -1.85130600220803
   0.23803418397471   -1.14942359799211   -1.83999486899884
   0.23756110001393   -1.14713916195326   -1.83821595619900
   0.23541625357910   -1.13678209027097   -1.82869775446553
   0.23476175285779   -1.13362162583088   -1.82546999885611
   0.23281409199372   -1.12421672725426   -1.81640057685471
   0.23198018471542   -1.12018994131870   -1.81255909329757
   0.23020060372999   -1.11159666977663   -1.80429286428761
   0.22917440697341   -1.10664135307168   -1.79970059204270
   0.22748061000957   -1.09846231690160   -1.79198232591050
   0.22625354915669   -1.09253706416302   -1.78673767640549
   0.22501451837006   -1.08655401080064   -1.78136778947341
   0.22318581512353   -1.07772353683178   -1.77362560124590
   0.22231598682000   -1.07352329482627   -1.76900456131823
   0.22064968761904   -1.06547704033075   -1.76111828152323
   0.21970893652020   -1.06093432510055   -1.75688220806239
   0.21775294783090   -1.05148921297700   -1.74786055680773
   0.21706653306892   -1.04817464146352   -1.74482960389437
   0.21488235172926   -1.03762762871023   -1.73549938498868
   0.21439978496770   -1.03529740195843   -1.73304083683045
   0.21218278266169   -1.02459190275330   -1.72218603035554
   0.21188847024762   -1.02317072186131   -1.72117640840366
   0.20937987723771   -1.01105718440547   -1.70928018894234
   0.20920643977150   -1.01021968655911   -1.70853780801728
   0.20653829643045   -0.99733570969568   -1.69757627576779
   0.20637468666993   -0.99654566804511   -1.69676940554373
   0.20401020599206   -0.98512802271888   -1.68649369786165
   0.20332740614655   -0.98183090697679   -1.68349469650883
   0.20134387992090   -0.97225282111987   -1.67478272363288
   0.20052584440450   -0.96830267702357   -1.67074843458558
   0.19876711853115   -0.95981011100855   -1.66247834391691
   0.19777326501726   -0.95501097391515   -1.65765677077287
   0.19613404835693   -0.94709549606177   -1.65040132072053
   0.19496332678801   -0.94144229543516   -1.64492936042455
   0.19351814948802   -0.93446379821197   -1.63829500860236
   0.19191273227239   -0.92671153170365   -1.63164933015197
   0.19091425757358   -0.92189007975231   -1.62697749549607
   0.18915861411161   -0.91341239813888   -1.61869266709181
   0.18836419271640   -0.90957628232072   -1.61511819480059
   0.18629257869853   -0.89957283660420   -1.60620166465137
   0.18563817793765   -0.89641285485475   -1.60297436483425
   0.18343346697909   -0.88576670832149   -1.59287072467786
   0.18309522373404   -0.88413339347054   -1.59126455867564
   0.18072509547123   -0.87268847698815   -1.58037761884530
   0.18038775669730   -0.87105952966307   -1.57882105827396
   0.17783696740475   -0.85874223406541   -1.56809146851449
   0.17767916536045   -0.85798023681569   -1.56725969938151
   0.17527376305836   -0.84636498844034   -1.55459408136282
   0.17509435822198   -0.84549867525333   -1.55389108302570
   0.17259153277056   -0.83341298828403   -1.54387617296211
   0.17208110339554   -0.83094821806087   -1.54148684059661
   0.16993315107793   -0.82057614863789   -1.53197595062944
   0.16927877753527   -0.81741629832031   -1.52874878650755
   0.16737592971899   -0.80822779376645   -1.52027246926401
   0.16634903122867   -0.80326908851746   -1.51568277925344
   0.16465734463855   -0.79510024295661   -1.50797414221745
   0.16355314407555   -0.78976826011769   -1.50293194967432
   0.16210762515081   -0.78278811325098   -1.49629571028051
   0.16075998991010   -0.77628062881621   -1.49004822031037
   0.15946344639169   -0.77001985697664   -1.48437631107977
   0.15786849121580   -0.76231810974735   -1.47691387810848
   0.15690730787808   -0.75767673096750   -1.47266439920653
   0.15492395758883   -0.74809949467532   -1.46400582811148
   0.15426960638254   -0.74493975221598   -1.46077878108976
   0.15230655838769   -0.73546055199525   -1.45109767159535
   0.15164243594298   -0.73225362601026   -1.44788243406442
   0.14947996604837   -0.72181145385957   -1.43828339529776
   0.14898558550997   -0.71942418053716   -1.43599474262217
   0.14656996253337   -0.70775957839139   -1.42527464045254
   0.14640130614604   -0.70694516750169   -1.42449642506850
   0.14387909416671   -0.69476586652999   -1.41278581250489
   0.14371278782790   -0.69396280359538   -1.41199342904446
   0.14123366901908   -0.68199159167320   -1.40163692647577
   0.14070974764304   -0.67946167104140   -1.39928265826022
   0.13852473011617   -0.66891062049278   -1.38918065568385
   0.13790057988353   -0.66589671301904   -1.38657110484599
   0.13599989085543   -0.65671863285905   -1.37823814404372
   0.13497558982434   -0.65177247026622   -1.37348676485704
   0.13332802192191   -0.64381666579006   -1.36700217341501
   0.13180314207085   -0.63645329950525   -1.36097228163672
   0.13067300966086   -0.63099609651361   -1.35610565586965
   0.12888745972323   -0.62237400199157   -1.34787545002315
   0.12807768060151   -0.61846372651719   -1.34463369871525
   0.12580663239773   -0.60749724954312   -1.33492990652464
   0.12544497378455   -0.60575086615622   -1.33337038922948
   0.12277746792676   -0.59286996758302   -1.32319581025481
   0.12261339811029   -0.59207770440628   -1.32243491178438
   0.12021779874474   -0.58050979262102   -1.31237988392289
   0.11940254970521   -0.57657310391257   -1.30914806464399
   0.11758703360716   -0.56780630827514   -1.30125080643030
   0.11646815883456   -0.56240346635828   -1.29622479350871
   0.11504600893109   -0.55553616422697   -1.29030078379444
   0.11336239822348   -0.54740631562772   -1.28317618663261
   0.11233240292516   -0.54243265645851   -1.27872134656059
   0.11051248219237   -0.53364459164443   -1.27079864942100
   0.10971796889526   -0.52980803204877   -1.26741847593471
   0.10732289426205   -0.51824265410013   -1.25748897082578
   0.10715931984416   -0.51745278311266   -1.25668228824680
   0.10466503245102   -0.50540832486728   -1.24457566406500
   0.10448765555958   -0.50455180425604   -1.24387767552048
   0.10186192570000   -0.49187263434794   -1.23516627381626
   0.10105720320441   -0.48798677639754   -1.23188884663025
   0.09925044565324   -0.47926227418322   -1.22385439498215
   0.09798243925334   -0.47313930287670   -1.21878612173503
   0.09663668836973   -0.46664091765818   -1.21255103595324
   0.09503210709316   -0.45889268774691   -1.20588799392248
   0.09406258188967   -0.45421102762088   -1.20183922530253
   0.09211091793427   -0.44478679884740   -1.19295680446045
   0.09147740172222   -0.44172766476978   -1.19026857289131
   0.08898436189167   -0.42968923077629   -1.18003398551669
   0.08881327844104   -0.42886310004122   -1.17927284233309
   0.08622249997188   -0.41635270401367   -1.16875784062889
   0.08587560954005   -0.41467763347710   -1.16716315257359
   0.08355632978905   -0.40347825517090   -1.15754157172010
   0.08272734759457   -0.39947525156552   -1.15446621272630
   0.08092474736022   -0.39077082427484   -1.14651843947290
   0.07981158724332   -0.38539557738657   -1.14136886107753
   0.07841356934320   -0.37864480429179   -1.13619724327158
   0.07671219298851   -0.37042916862767   -1.12844881435252
   0.07573269191752   -0.36569933685958   -1.12441297307104
   0.07352561994996   -0.35504178944508   -1.11521884287437
   0.07324061424043   -0.35366554892945   -1.11403624408875
   0.07066448881078   -0.34122590975332   -1.10259526642539
   0.07049340824677   -0.34039979295723   -1.10183414590594
   0.06781541629570   -0.32746825895485   -1.09086698332528
   0.06752013499167   -0.32604239947018   -1.08992636379784
   0.06526241690539   -0.31514029119876   -1.08085725088968
   0.06441780720648   -0.31106182522884   -1.07701326275874
   0.06259707520926   -0.30226984296698   -1.06902177308000
   0.06143461319004   -0.29665652619729   -1.06431186002060
   0.05991724358948   -0.28932942554045   -1.05730818815108
   0.05815314973739   -0.28081093853656   -1.05067774353380
   0.05750904865574   -0.27770069205693   -1.04785468296548
   0.05508368326132   -0.26598904555495   -1.03824996037720
   0.05473265890263   -0.26429401304067   -1.03680776986508
   0.05215037282841   -0.25182462523713   -1.02847608791818
   0.05117448703470   -0.24711225098272   -1.02523688341217
   0.04950768496774   -0.23906356823912   -1.01902579649879
   0.04771828334348   -0.23042287462586   -1.01250842605568
   0.04689870840537   -0.22646529694330   -1.00997441207313
   0.04429919325307   -0.21391271306856   -1.00266446147989
   0.04347119297884   -0.20991445097676   -0.99959370055780
   0.04165958037650   -0.20116650460714   -0.99305255103535
   0.03978779196638   -0.19212798025270   -0.98726914597504
   0.03900033004720   -0.18832547047317   -0.98460037609007
   0.03651520598234   -0.17632526026640   -0.97647502194996
   0.03563676726956   -0.17208344016732   -0.97348935861479
   0.03379698137820   -0.16319945013079   -0.96743670093705
   0.03184298091198   -0.15376393877331   -0.96090698666885
   0.03116999215050   -0.15051419896406   -0.95860857977288
   0.02859688279551   -0.13808912386161   -0.95104189335070
   0.02762114788122   -0.13337747817633   -0.94780347136207
   0.02597574187452   -0.12543211309975   -0.94217890458027
   0.02380835030368   -0.11496617507347   -0.93515805349980
   0.02332813339065   -0.11264729531103   -0.93356290500167
   0.02074574109420   -0.10017739457975   -0.92523092927141
   0.01990669526294   -0.09612579551052   -0.92218210078745
   0.01812456424034   -0.08752021030471   -0.91636784389654
   0.01573695731461   -0.07599089255149   -0.90857245258804
   0.01555117189491   -0.07509376869308   -0.90794092618959
   0.01289460126357   -0.06226567433111   -0.89942016367577
   0.01191896456159   -0.05755450289517   -0.89618226265651
   0.01033467290620   -0.04990424785870   -0.89097058177562
   0.00800490047436   -0.03865420231317   -0.88302358853224
   0.00764211136653   -0.03690235997407   -0.88172244769109
   0.00501302000916   -0.02420695800714   -0.87386083574759
   0.00403688908129   -0.01949340004459   -0.87056937094634
   0.00242642662154   -0.01171677097392   -0.86554390415600
   0.00027119330386   -0.00130954293146   -0.85782890705969
  -0.00024418133695    0.00117910707697   -0.85621758548688
  -0.00284542982863    0.01374006093094   -0.84888503046149
  -0.00429676835442    0.02074830958816   -0.84461455096143
  -0.00549387042889    0.02652889685773   -0.84165261150799
  -0.00813346382332    0.03927501124349   -0.83816899008990
  -0.01074941321303    0.05190695304895   -0.83762265023023
  -0.01336643418204    0.06454406931518   -0.83868856965316
  -0.01593228767352    0.07693410717803   -0.84051328666062
  -0.01840595401954    0.08887899015320   -0.84545242897171
  -0.01858395066418    0.08973850343947   -0.84614038801765
  -0.02112614354383    0.10201428852938   -0.85310981568656
  -0.02260974923720    0.10917834944533   -0.85859108598749
  -0.02376745585256    0.11476870323830   -0.86272828340337
  -0.02640428584515    0.12750147366132   -0.87056505932897
  -0.02657868230637    0.12834360231941   -0.87128288842334
  -0.02896513065680    0.13986732552406   -0.87894589585921
  -0.03074396609145    0.14845699693761   -0.88479058303535
  -0.03158982404654    0.15254149050867   -0.88799295922723
  -0.03427995735207    0.16553165289412   -0.89624557137926
  -0.03458514415722    0.16700534423445   -0.89711472343947
  -0.03679513862938    0.17767700388987   -0.90421988288519
  -0.03877532829768    0.18723897812080   -0.91067097876209
  -0.03947109566010    0.19059871163356   -0.91354731179202
  -0.04205218466967    0.20306231903051   -0.92026667386529
  -0.04287828943928    0.20705142807675   -0.92330031337179
  -0.04472559508365    0.21597172962710   -0.93025904997960
  -0.04677885999503    0.22588657085978   -0.93635723669533
  -0.04728247789050    0.22831844969234   -0.93801591260916
  -0.04990869097728    0.24099995301630   -0.94670143630466
  -0.05057688336743    0.24422653202447   -0.94909219957173
  -0.05255598616399    0.25378325795029   -0.95549896419319
  -0.05483590812673    0.26479258468561   -0.96189990816710
  -0.05514346626271    0.26627772674944   -0.96283576923301
  -0.05774055008980    0.27881857019876   -0.97121400972840
  -0.05873760070809    0.28363314552538   -0.97507572936049
  -0.06043304950860    0.29182015811305   -0.98106386556509
  -0.06281530710652    0.30332364493929   -0.98808946707889
  -0.06298465828446    0.30414141084593   -0.98885047887899
  -0.06562659928392    0.31689886138759   -0.99749388802017
  -0.06674140548823    0.32228205693128   -1.00090900913473
  -0.06823970484903    0.32951707088350   -1.00637800149277
  -0.07052076917047    0.34053191386036   -1.01384254362391
  -0.07084517025896    0.34209838746552   -1.01467357309362
  -0.07350952041562    0.35496404773433   -1.02306010219054
  -0.07448529108861    0.35967586609181   -1.02634894601818
  -0.07610967257416    0.36751970759583   -1.03199720952671
  -0.07830246092090    0.37810828201423   -1.03968377278231
  -0.07864964717675    0.37978478103093   -1.04136266840714
  -0.08087136474492    0.39051304937579   -1.05202262183427
  -0.08134734763038    0.39281148379242   -1.05376844276800
  -0.08390042304144    0.40513981863884   -1.06238077193488
  -0.08453984093010    0.40822745083487   -1.06544907619086
  -0.08651471454319    0.41776375480616   -1.07435672104817
  -0.08749709786105    0.42250750441794   -1.07836878901380
  -0.08915006517670    0.43048938167434   -1.08548675129583
  -0.09045874574980    0.43680876113422   -1.09113375172905
  -0.09174655932066    0.44302737765159   -1.09613893557767
  -0.09354950378764    0.45173346717880   -1.10405767193766
  -0.09438903449387    0.45578740762071   -1.10806895370768
  -0.09640499710667    0.46552212286676   -1.11669757323305
  -0.09709143459438    0.46883680411861   -1.11967548313601
  -0.09962274254096    0.48106002785484   -1.12908167066000
  -0.09979430031565    0.48188844901417   -1.12983916508243
  -0.10238193608911    0.49438366953816   -1.14105341724545
  -0.10269654102525    0.49590283931289   -1.14195330551109
  -0.10483713277600    0.50623936590290   -1.15165574766953
  -0.10568059695339    0.51031230035863   -1.15565886489381
  -0.10748613504424    0.51903091402176   -1.16290802044303
  -0.10880415849327    0.52539540852304   -1.16839577701323
  -0.11012619753912    0.53177929360791   -1.17481511462538
  -0.11173103343552    0.53952875303188   -1.18147796629381
  -0.11272762008113    0.54434108791914   -1.18548107033729
  -0.11502716456024    0.55544516820204   -1.19422399519085
  -0.11536446418638    0.55707392648961   -1.19578030823023
  -0.11793716676389    0.56949703733793   -1.20652556882209
  -0.11810614732181    0.57031301358820   -1.20730157053778
  -0.12054196525979    0.58207513351390   -1.21718152464456
  -0.12120731761580    0.58528799851590   -1.22021927782984
  -0.12315926193450    0.59471358111256   -1.22910485619741
  -0.12413557282320    0.59942800807307   -1.23328854184380
  -0.12577264753946    0.60733314286975   -1.23977042248549
  -0.12738499402936    0.61511886957794   -1.24618396407104
  -0.12840755851173    0.62005664669413   -1.25167962862695
  -0.13021620747381    0.62879028218628   -1.25905113574120
  -0.13103929468545    0.63276481999622   -1.26214320859457
  -0.13347733034235    0.64453764888149   -1.27187241110775
  -0.13364598293568    0.64535204145066   -1.27265058697507
  -0.13623479200460    0.65785292760417   -1.28336194617665
  -0.13656944228108    0.65946889266615   -1.28492928315481
  -0.13890506939328    0.67074720939380   -1.29505914612618
  -0.13952953381414    0.67376263402508   -1.29766887783242
  -0.14148321230566    0.68319659062552   -1.30594283500563
  -0.14265740591182    0.68886655708579   -1.31054159947269
  -0.14414010683426    0.69602624902818   -1.31684261668994
  -0.14572168971606    0.70366342389177   -1.32366057892029
  -0.14670304544210    0.70840221145032   -1.32771469059571
  -0.14867989424506    0.71794805325274   -1.33640748573248
  -0.14932402085686    0.72105842301281   -1.33901627107435
  -0.15192356310798    0.73361113774279   -1.34879648671243
  -0.15208978524470    0.73441379408089   -1.34958724775729
  -0.15461716634374    0.74661805578753   -1.36122545776883
  -0.15478652914758    0.74743587783351   -1.36199899350114
  -0.15715490898372    0.75887235148288   -1.37125860782443
  -0.15815405548874    0.76369704746366   -1.37539290238185
  -0.15982092360605    0.77174604915235   -1.38237285719262
  -0.16111330920722    0.77798674316901   -1.38804344584789
  -0.16240995750637    0.78424802097565   -1.39388687453611
  -0.16393534631605    0.79161384492870   -1.40075049094720
  -0.16509206045095    0.79719940621480   -1.40636321424607
  -0.16683923720453    0.80563620363984   -1.41386123489048
  -0.16763164268493    0.80946258497355   -1.41726973018473
  -0.16962040931278    0.81906597577559   -1.42677012541462
  -0.17029345365403    0.82231598396942   -1.42996883929309
  -0.17256521293178    0.83328589458982   -1.43967926777236
  -0.17291715948231    0.83498538020005   -1.44125107713736
  -0.17549917663054    0.84745346940912   -1.45177044010535
  -0.17565698838656    0.84821551355496   -1.45260225308692
  -0.17809474196686    0.85998698034386   -1.46499747228709
  -0.17826109908410    0.86079028847825   -1.46578748599175
  -0.18074526012505    0.87278584841843   -1.47679306808739
  -0.18119321291540    0.87494893062543   -1.47857364433622
  -0.18333462521162    0.88528941947963   -1.48925176218468
  -0.18398984980731    0.88845337937686   -1.49166675152358
  -0.18602142486995    0.89826348429163   -1.50079615822933
  -0.18667583243662    0.90142349890499   -1.50402343148506
  -0.18857950807199    0.91061600084602   -1.51249455886753
  -0.18957982895692    0.91544636769289   -1.51713468934471
  -0.19121585986772    0.92334646214369   -1.52520293043954
  -0.19248325436265    0.92946647867288   -1.53032113195919
  -0.19380888256904    0.93586769515846   -1.53670144360149
  -0.19515822022652    0.94238340025289   -1.54292747277503
  -0.19646379888957    0.94868780115564   -1.54858174508018
  -0.19821319649449    0.95713532266621   -1.55604975917887
  -0.19908030038754    0.96132240899110   -1.56068647231044
  -0.20086864666845    0.96995800654408   -1.56877288830248
  -0.20165642432022    0.97376204093865   -1.57220284173991
  -0.20377511780578    0.98399282480568   -1.58187266442628
  -0.20429014225954    0.98647978382480   -1.58429908958266
  -0.20651311244605    0.99721410083483   -1.59418883814472
  -0.20701884155929    0.99965617435234   -1.59652876131106
  -0.20954542526959    1.01185658561442   -1.60669739555322
  -0.20971175250564    1.01265974945800   -1.60748986602408
  -0.21215775184526    1.02447103351262   -1.61879890523697
  -0.21250282896553    1.02613734789881   -1.62037995483421
  -0.21485730110603    1.03750666382610   -1.63130517971178
  -0.21518452340743    1.03908676055313   -1.63291890140766
  -0.21739334444795    1.04975275392148   -1.64300514265028
  -0.21806863055887    1.05301358721160   -1.64619200430805
  -0.22005205325745    1.06259117315523   -1.65490662678542
  -0.22099286097124    1.06713416176865   -1.65914292100284
  -0.22262899754984    1.07503476646996   -1.66721163792558
  -0.22361068250115    1.07977514379723   -1.67205288150218
  -0.22521326894470    1.08751374102421   -1.67886435650514
  -0.22657109748075    1.09407044702040   -1.68493466536357
  -0.22790560359279    1.10051453329083   -1.69121666434555
  -0.22946002206282    1.10802053617149   -1.69807563282227
  -0.23044043044161    1.11275474916320   -1.70225162776342
  -0.23215967715726    1.12105667753644   -1.71058235238698
  -0.23311052450646    1.12564814571553   -1.71480082347284
  -0.23506395074464    1.13508088423071   -1.72369479144572
  -0.23572762549549    1.13828564838380   -1.72690590130436
  -0.23788739323572    1.14871477232453   -1.73649024581535
  -0.23834430262191    1.15092110429697   -1.73820528443714
  -0.24080616043820    1.16280896603888   -1.74951152956848
  -0.24097728148736    1.16363527833043   -1.75027284911525
  -0.24361086575611    1.17635237574579   -1.76141718705650
  -0.24377157579343    1.17712841516269   -1.76223751962734
  -0.24620669773903    1.18888717426830   -1.77452453994283
  -0.24637829480845    1.18971578517469   -1.77528223311749
  -0.24889006189108    1.20184464964797   -1.78623132864287
  -0.24934635270723    1.20404799465865   -1.78802913866303
  -0.25142633268094    1.21409183804790   -1.79712545840336
  -0.25224446313676    1.21804244058935   -1.80116007284456
  -0.25402415798637    1.22663626196075   -1.80942336767491
  -0.25516497086082    1.23214503896450   -1.81424839425744
  -0.25667723968448    1.23944750890135   -1.82130275530359
  -0.25784872228202    1.24510438439613   -1.82678053048688
  -0.25928050870759    1.25201821953255   -1.83343798870434
  -0.26073246950945    1.25902947304729   -1.84006240024200
  -0.26188023517723    1.26457182382013   -1.84492680839363
  -0.26372247927174    1.27346768407065   -1.85274775677572
  -0.26455762925933    1.27750047082244   -1.85663827656132
  -0.26648034216772    1.28678490027775   -1.86571668856052
  -0.26713487489490    1.28994551926834   -1.86894449144142
  -0.26912839145342    1.29957184661798   -1.87854886552953
  -0.26980201605005    1.30282465675908   -1.88162253363813
  -0.27229689175622    1.31487195586061   -1.89115155240640
  -0.27246133993823    1.31566604609544   -1.89195420628615
  -0.27494111644692    1.32764043393015   -1.90401828640978
  -0.27510804152184    1.32844648462841   -1.90480524557786
  -0.27765074518879    1.34072473621688   -1.91635387575310
  -0.27781729510560    1.34152897534519   -1.91714536579788
  -0.28022589765100    1.35315967711094   -1.92785460855928
  -0.28083957834454    1.35612302909260   -1.93047753648662
  -0.28280326895441    1.36560533238388   -1.94016129763454
  -0.28349536469407    1.36894733630095   -1.94331003899999
  -0.28554422020397    1.37884088533930   -1.95246782954780
  -0.28631473141926    1.38256154326574   -1.95591641172739
  -0.28804184157597    1.39090144275962   -1.96376439495932
  -0.28936646940750    1.39729782861768   -1.96918366727180
  -0.29078086056596    1.40412766518647   -1.97667814226801
  -0.29190309357905    1.40954672343324   -1.98164823328566
  -0.29335834298966    1.41657385703896   -1.98737168938812
  -0.29493665438529    1.42419523449338   -1.99486358818055
  -0.29591655175004    1.42892697989164   -1.99986670773584
  -0.29775888454943    1.43782326848184   -2.00768807265808
  -0.29856281666139    1.44170530981407   -2.01095829087375
  -0.30055893948017    1.45134422231848   -2.02045995409802
  -0.30122136212159    1.45454294026385   -2.02365535392597
  -0.30346380391992    1.46537128213093   -2.03357459697282
  -0.30379847971881    1.46698737043595   -2.03517211460883
  -0.30625482903337    1.47884863262916   -2.04648159295966
  -0.30642354715772    1.47966334163567   -2.04726005028991
  -0.30900280477488    1.49211810557315   -2.05801965415619
  -0.30934606565784    1.49377564968116   -2.05953529281140
  -0.31176928407827    1.50547692883789   -2.07090079379727
  -0.31205351194021    1.50684941326959   -2.07192746940847
  -0.31422427300796    1.51733162198098   -2.08220023085901
  -0.31476455263791    1.51994053363315   -2.08520658332367
  -0.31686619148870    1.53008896378385   -2.09428765293236
  -0.31783864970343    1.53478478688545   -2.09831684201724
  -0.31951809805404    1.54289453622296   -2.10616945257982
  -0.32064798784099    1.54835056763229   -2.11105335840888
  -0.32209413659717    1.55533375583998   -2.11770345277042
  -0.32343029030261    1.56178579803799   -2.12396671555664
  -0.32472184340349    1.56802247206281   -2.12979891987081
  -0.32637629506151    1.57601151693741   -2.13688047137405
  -0.32740882835516    1.58099743162251   -2.14228432508925
  -0.32891310112648    1.58826129008306   -2.14938995262579
  -0.32997700716705    1.59339869803287   -2.15382946941813
  -0.33193104102230    1.60283437061987   -2.16284033437332
  -0.33265164200666    1.60631402115718   -2.16646822795364
  -0.33500994104520    1.61770181647614   -2.17582388035740
  -0.33517361421410    1.61849216431422   -2.17663097782824
  -0.33754976906224    1.62996618207641   -2.18832796818366
  -0.33788724600362    1.63159579658690   -2.18988502864323
  -0.34045211411551    1.64398107623169   -2.20064295151057
  -0.34061579103093    1.64477144216103   -2.20145006227847
  -0.34307980322356    1.65666970699281   -2.21354821911271
  -0.34324887596418    1.65748612837651   -2.21432460550419
  -0.34571682432312    1.66940340023646   -2.22476921620078
  -0.34622700365137    1.67186696302946   -2.22705460800372
  -0.34830873963952    1.68191928589170   -2.23615748019143
  -0.34912715309884    1.68587125500533   -2.24019313660081
  -0.35090516378125    1.69445694384092   -2.24845076407450
  -0.35204735968706    1.69997239925053   -2.25328020159406
  -0.35354663657332    1.70721213349464   -2.26037221670889
  -0.35483167203175    1.71341733501447   -2.26619073233323
  -0.35614692496815    1.71976845121631   -2.27185280666052
  -0.35778634702878    1.72768492091023   -2.27896932540078
  -0.35879505596577    1.73255579212850   -2.28455874079290
  -0.36043904484086    1.74049431413535   -2.29179938303652
  -0.36141231937944    1.74519407911566   -2.29586490829408
  -0.36349081385062    1.75523074928455   -2.30496952001151
  -0.36398189530035    1.75760209191032   -2.30739103069653
  -0.36601333385890    1.76741153767177   -2.31759256060095
  -0.36665571444621    1.77051347619851   -2.32006356572415
  -0.36897455975431    1.78171075665930   -2.33039598259139
  -0.36930195574443    1.78329169209744   -2.33201035203712
  -0.37172430822884    1.79498878980725   -2.34350393403519
  -0.37189307198172    1.79580371914558   -2.34428255261613
  -0.37450770957856    1.80842932654290   -2.35561156582346
  -0.37467680597767    1.80924586216913   -2.35638803454402
  -0.37710521565546    1.82097220895947   -2.36628402937270
  -0.37765069943452    1.82360625049715   -2.36914308106613
  -0.37975846291737    1.83378425537743   -2.37896398775770
  -0.38055649556049    1.83763780925215   -2.38226092860486
  -0.38239818397374    1.84653098621941   -2.39174543951669
  -0.38305827137646    1.84971842772363   -2.39494878505653
  -0.38495064641302    1.85885636113699   -2.40262990907551
  -0.38624540351889    1.86510850671669   -2.40829491650867
  -0.38756802254954    1.87149519244223   -2.41474115974928
  -0.38879000216348    1.87739590880609   -2.42077016176194
  -0.39025631623938    1.88447647165955   -2.42726508904163
  -0.39168885131749    1.89139392190233   -2.43392518841100
  -0.39282077360748    1.89685976789759   -2.43893562270780
  -0.39455604181855    1.90523906114593   -2.44636246067967
  -0.39556872969641    1.91012914594286   -2.45114733867198
  -0.39741897405968    1.91906363803001   -2.45975848514566
  -0.39804760864042    1.92209919960168   -2.46236781188491
  -0.40050547852245    1.93396780433746   -2.47290650556043
  -0.40067901134035    1.93480576261972   -2.47364920963280
  -0.40335284543918    1.94771721911304   -2.48458801606357
  -0.40351365902735    1.94849375855806   -2.48540872204079
  -0.40585213518651    1.95978583281310   -2.49806734655432
  -0.40602125805222    1.96060249624170   -2.49884390630341
  -0.40859316011703    1.97302174156040   -2.50961039619857
  -0.40892480238044    1.97462318147667   -2.51120307068879
  -0.41121285793779    1.98567178385476   -2.52172031317982
  -0.41170405820773    1.98804370024165   -2.52414223537572
  -0.41377126700174    1.99802587393680   -2.53340162220639
  -0.41462803464697    2.00216304840889   -2.53719996592775
  -0.41649326262457    2.01116989363290   -2.54573874445479
  -0.41744066576373    2.01574473035078   -2.54994451316505
  -0.41904190324113    2.02347681366666   -2.55660424218757
  -0.42038206892894    2.02994822899478   -2.56289560833453
  -0.42166063269466    2.03612217989257   -2.56871850669445
  -0.42359742254345    2.04547458432192   -2.57625024609080
  -0.42429012973329    2.04881954082024   -2.57917564487429
  -0.42671950393536    2.06055054512217   -2.58894215920085
  -0.42687702659429    2.06131119327097   -2.58977615492798
  -0.42889676088345    2.07106412125325   -2.60164994817456
  -0.42955835779881    2.07425885191834   -2.60484329067578
  -0.43168050504921    2.08450631338496   -2.61456823182934
  -0.43217176237422    2.08687850528034   -2.61699035027866
  -0.43442339590126    2.09775123232650   -2.62768845773954
  -0.43476858303692    2.09941807795694   -2.62923816254444
  -0.43728957963533    2.11159151007614   -2.64018466795315
  -0.43745605583150    2.11239539322096   -2.64097767802591
  -0.44002197512826    2.12478574884546   -2.65177245809461
  -0.44035559884712    2.12639675684820   -2.65334429416448
  -0.44265340967168    2.13749246562992   -2.66542413348221
  -0.44282294319339    2.13831111204133   -2.66619830576491
  -0.44528990921770    2.15022364038675   -2.67662495509762
  -0.44580513344904    2.15271156409534   -2.67893443974023
  -0.44785164357203    2.16259378768869   -2.68743970040269
  -0.44895709937114    2.16793183183348   -2.69248649618302
  -0.45048506661776    2.17531010658753   -2.70031138859276
  -0.45150582661898    2.18023917019388   -2.70492640431871
  -0.45317407744865    2.18829484874799   -2.71206705516058
  -0.45444334374311    2.19442390385523   -2.71792142334639
  -0.45572920895350    2.20063311209576   -2.72371250479743
  -0.45740049089807    2.20870342735009   -2.73077520844227
  -0.45845575630284    2.21379911124783   -2.73608977732760
  -0.46018664749879    2.22215726868958   -2.74367461399416
  -0.46103528140820    2.22625516683700   -2.74759703030931
  -0.46295974241998    2.23554803756428   -2.75668152704875
  -0.46362114657232    2.23874183741191   -2.75987483537658
  -0.46576111240940    2.24907534157914   -2.76938873115079
  -0.46628677735580    2.25161368159373   -2.77172818037157
  -0.46881819280303    2.26383742443090   -2.78191199444305
  -0.46898470116290    2.26464146288834   -2.78270511496164
  -0.47150267623069    2.27680030458808   -2.79441820431296
  -0.47168068876501    2.27765989460273   -2.79526235292426
  -0.47405633099236    2.28913143701272   -2.80695113783264
  -0.47439019972902    2.29074362816168   -2.80854434888794
  -0.47665974924926    2.30170286826666   -2.81842030353149
  -0.47734689136688    2.30502095204768   -2.82143011757102
  -0.47942054021055    2.31503422356633   -2.83137966519133
  -0.48003496367328    2.31800116224476   -2.83397508092005
  -0.48191853516157    2.32709658493153   -2.84167755643203
  -0.48306516672399    2.33263345931668   -2.84733042937485
  -0.48455028805194    2.33980483895521   -2.85455742842555
  -0.48586068945266    2.34613252797735   -2.86021083706492
  -0.48720121592640    2.35260568547482   -2.86651062978905
  -0.48864692222794    2.35958673714987   -2.87312553162961
  -0.48978121698984    2.36506403937861   -2.87801949669682
  -0.49156395171985    2.37367253977724   -2.88623662133950
  -0.49238083465397    2.37761711826426   -2.88949761512678
  -0.49444976539106    2.38760760690800   -2.89861421991892
  -0.49509050473407    2.39070162016575   -2.90194461648803
  -0.49714464402595    2.40062068362222   -2.91203803018463
  -0.49767059280668    2.40316039422094   -2.91423418373850
  -0.49996967593968    2.41426224674770   -2.92413280292954
  -0.50043631296299    2.41651555170304   -2.92644188441704
  -0.50289230015798    2.42837506528699   -2.93624172620698
  -0.50321414351279    2.42992918806337   -2.93778652988714
  -0.50550775359877    2.44100461224571   -2.94909349205877
  -0.50597656694760    2.44326842627948   -2.95086048895568
  -0.50816992502681    2.45385975183193   -2.96100694675314
  -0.50866142725769    2.45623312633309   -2.96342991767671
  -0.51070939326313    2.46612238011683   -2.97271889912482
  -0.51168010278668    2.47080975910810   -2.97689496066979
  -0.51337166138610    2.47897798662523   -2.98463268646688
  -0.51436298185297    2.48376489209725   -2.98944664542453
  -0.51605110002783    2.49191650643253   -2.99722166115630
  -0.51733877499077    2.49813445363760   -3.00223707050851
  -0.51862368130104    2.50433903152453   -3.00882822981685
  -0.51984255233265    2.51022473711206   -3.01487833674532
  -0.52132497933318    2.51738310633560   -3.02131683121559
  -0.52291541256057    2.52506301790154   -3.02804871107856
  -0.52386435644805    2.52964529461166   -3.03226339822510
  -0.52557796422676    2.53791999358831   -3.04077047330876
  -0.52657174120883    2.54271876112355   -3.04550684146315
  -0.52865017672457    2.55275514660738   -3.05389776157030
  -0.52915604715614    2.55519790252530   -3.05621281304117
  -0.53152273721996    2.56662621657272   -3.06645843456780
  -0.53183888499359    2.56815283642789   -3.06812397005936
  -0.53419055896334    2.57950864049971   -3.07991767001205
  -0.53436423640929    2.58034729716443   -3.08066086726729
  -0.53704790281566    2.59330623207501   -3.09166300588539
  -0.53721177177893    2.59409752536829   -3.09247078677370
  -0.53960763651468    2.60566671857779   -3.10328101776172
  -0.54024995059996    2.60876833597839   -3.10577443950771
  -0.54233265915826    2.61882535520423   -3.11650332835553
  -0.54278273285389    2.62099867887549   -3.11829422189818
  -0.54483174362698    2.63089297765142   -3.12680491961923
  -0.54582288449232    2.63567901586041   -3.13161956803403
  -0.54750418226469    2.64379769571784   -3.13945996763819
  -0.54864621567167    2.64931236645025   -3.14433612030282
  -0.55015771866396    2.65661113832732   -3.15144451879963
  -0.55130355009736    2.66214414903560   -3.15705582347062
  -0.55273888463008    2.66907511733342   -3.16295742608422
  -0.55433681640037    2.67679123799342   -3.17043059130296
  -0.55532016667219    2.68153965684925   -3.17527777245556
  -0.55697195554744    2.68951584363221   -3.18329845780705
  -0.55799865454570    2.69447358557047   -3.18787548382072
  -0.55998857484493    2.70408254724088   -3.19599265691831
  -0.56062296820156    2.70714591688950   -3.19916152471453
  -0.56287108985379    2.71800168573364   -3.20834348362944
  -0.56334869170838    2.72030793785650   -3.21092554581395
  -0.56564992250488    2.73142016105805   -3.22212562222886
  -0.56581889391555    2.73223609313792   -3.22290496260738
  -0.56843647341865    2.74487590646323   -3.23424469531733
  -0.56860577914740    2.74569345290406   -3.23502189158740
  -0.57113616614401    2.75791222954105   -3.24678189593162
  -0.57129934053426    2.75870016886812   -3.24756700220817
  -0.57367677953083    2.77018038754852   -3.25769086960315
  -0.57433869632353    2.77337666284281   -3.26089632517937
  -0.57632034703787    2.78294569219822   -3.26969778866490
  -0.57719952583527    2.78719108603080   -3.27341363948106
  -0.57904487361250    2.79610193339831   -3.28213296870935
  -0.57986982107732    2.80008545403108   -3.28620820162434
  -0.58155407850885    2.80821842554201   -3.29401029089366
  -0.58287442001091    2.81459411349796   -3.29961327780737
  -0.58425576079325    2.82126435583703   -3.30570137872753
  -0.58572533271499    2.82836065023304   -3.31228595820152
  -0.58679705895528    2.83353582049893   -3.31745698307449
  -0.58834769548064    2.84102356105954   -3.32516182030665
  -0.58946866702906    2.84643652792387   -3.33008663046764
  -0.59133934386327    2.85546968468122   -3.33788992158837
  -0.59215905213945    2.85942790622901   -3.34193015977141
  -0.59420834374436    2.86932356109048   -3.35122387950893
  -0.59466402197632    2.87152394804400   -3.35302189953460
  -0.59712428681493    2.88340411758767   -3.36433545195561
  -0.59729574055349    2.88423203637550   -3.36509794344731
  -0.59986426044167    2.89663494978102   -3.37667996004043
  -0.60002821370773    2.89742665015713   -3.37748805125694
  -0.60252851864780    2.90950016603750   -3.38860106423249
  -0.60286663681712    2.91113287692058   -3.39016918574234
  -0.60523367487114    2.92256287134915   -3.40112712118256
  -0.60556043013446    2.92414071283459   -3.40271867790835
  -0.60774646057836    2.93469665457452   -3.41141195075086
  -0.60875173299179    2.93955093144817   -3.41610581057435
  -0.61045051480276    2.94775403853456   -3.42548068811259
  -0.61126574446893    2.95169063369259   -3.42870091945025
  -0.61314461753902    2.96076336857602   -3.43648637031764
  -0.61412845493101    2.96551413964618   -3.44133536785039
  -0.61568620336924    2.97303622233507   -3.44820598792294
  -0.61699801857062    2.97937073834234   -3.45467144141071
  -0.61828145034795    2.98556819597909   -3.46046783453032
  -0.61982649291495    2.99302892433649   -3.46740140062641
  -0.62097984886895    2.99859826958041   -3.47299768583295
  -0.62273711012780    3.00708376323952   -3.48053614321804
  -0.62356975408622    3.01110444883409   -3.48446184154879
  -0.62559336523981    3.02087609748664   -3.49300855642278
  -0.62626259893046    3.02410770474475   -3.49629769229086
  -0.62847455223504    3.03478882324413   -3.50639136449940
  -0.62877202946945    3.03622528647555   -3.50737186628631
  -0.63130524850821    3.04845773852679   -3.51913296514656
  -0.63146924772568    3.04924966079387   -3.51994123288144
  -0.63392476902473    3.06110692465139   -3.53200447332811
  -0.63409675180293    3.06193739807507   -3.53276353343018
  -0.63667603672259    3.07439229385138   -3.54277819318951
  -0.63717014435347    3.07677824935322   -3.54517782711327
  -0.63934109264371    3.08726136212784   -3.55550920777023
  -0.63982908171692    3.08961777223222   -3.55787918438598
  -0.64200610971375    3.10013024279952   -3.56743295474502
  -0.64278642526246    3.10389824406135   -3.57089927526778
  -0.64452379290495    3.11228767508050   -3.57926404759206
  -0.64570126045982    3.11797345084113   -3.58392121823448
  -0.64724643838087    3.12543483279851   -3.59096902114185
  -0.64848467026009    3.13141402838295   -3.59694061065714
  -0.64976248122517    3.13758434414393   -3.60277026614994
  -0.65127302615236    3.14487848969960   -3.60987549739430
  -0.65239845779703    3.15031299355411   -3.61481879091351
  -0.65428560614220    3.15942568822941   -3.62233091700543
  -0.65512202598018    3.16346460685677   -3.62651462347295
  -0.65688013611074    3.17195419956230   -3.63544143829030
  -0.65771511876761    3.17598617830458   -3.63873067137955
  -0.65996638747655    3.18685714371074   -3.64868358465763
  -0.66030224213998    3.18847892453733   -3.65023319787771
  -0.66279595269535    3.20052059733843   -3.66141773734035
  -0.66296000023400    3.20131275293966   -3.66222619702519
  -0.66550592971118    3.21360658137652   -3.67393753772942
  -0.66567537919379    3.21442482197848   -3.67471527727507
  -0.66820942461476    3.22666126447851   -3.68648224720472
  -0.66837189698944    3.22744581390059   -3.68726846464661
  -0.67075217071367    3.23893972096315   -3.69739922955023
  -0.67141374937536    3.24213436348453   -3.70060754444748
  -0.67337704361897    3.25161475279555   -3.70952789872596
  -0.67420885019083    3.25563139480342   -3.71350839880519
  -0.67605046647077    3.26452422345206   -3.72138790776854
  -0.67719125845324    3.27003289957228   -3.72630710843858
  -0.67870893814773    3.27736149761608   -3.73418986884909
  -0.67969040333733    3.28210081375418   -3.73900475562573
  -0.68133986512903    3.29006576347573   -3.74624574720975
  -0.68264651053132    3.29637531546746   -3.75198036002189
  -0.68395915178060    3.30271382030920   -3.75844911098164
  -0.68539485273526    3.30964655799163   -3.76512077828561
  -0.68655621911181    3.31525458410298   -3.77064696635342
  -0.68824865168936    3.32342703190086   -3.77759386001510
  -0.68925594339940    3.32829105958900   -3.78243441079633
  -0.69117847026271    3.33757459066664   -3.79079773256607
  -0.69179784566508    3.34056544135709   -3.79339259852900
  -0.69396795813476    3.35104451810690   -3.80373718464671
  -0.69446724174386    3.35345546746222   -3.80606977457962
  -0.69691996981682    3.36529924334111   -3.81665890097672
  -0.69708679250842    3.36610479964903   -3.81745320262343
  -0.69967008613891    3.37857905275778   -3.82901220163793
  -0.69983264625037    3.37936402584477   -3.82983991865545
  -0.70217515189813    3.39067555776429   -3.84259436538469
  -0.70233347243377    3.39144005871397   -3.84342811183037
  -0.70447076668267    3.40176066226984   -3.85549429662475
  -0.70498636133223    3.40425037466030   -3.86049457795397
  -0.70568707734366    3.40763400429527   -3.86862961035798
  -0.70633874782913    3.41078080204340   -3.88165080538075
  -0.70660410034286    3.41206214086616   -3.89458742569841
  -0.70677163698691    3.41287114472009   -3.90751273128008
  -0.70692952717479    3.41363356759906   -3.92051189990685
  -0.70690808625738    3.41353003332500   -3.93356376976803
  -0.70664694730244    3.41226904100808   -3.94645989794981
  -0.70602706388401    3.40927573720082   -3.95958425901307
  -0.70511535609620    3.40487326681491   -3.96942313218373
  -0.70463559629467    3.40255659436041   -3.97301849048058
  -0.70238118869742    3.39167047183590   -3.98247960549886
  -0.70135360138616    3.38670844039637   -3.98570361277286
  -0.69969613667125    3.37870484602037   -3.98952379616925
  -0.69704421590559    3.36589920501053   -3.99563610419061
  -0.69578847549498    3.35983546392592   -3.99855485360990
  -0.69453283589180    3.35377220962197   -4.00148494873155
  -0.69182592814421    3.34070104651962   -4.00655139012395
  -0.68938909874510    3.32893404243287   -4.01147405488919
  -0.68920842774923    3.32806161519297   -4.01209367803230
  -0.68658454157854    3.31539134812179   -4.01698238493511
  -0.68399791097237    3.30290098136699   -4.02285574063905
  -0.68332064127234    3.29963056968737   -4.02441661777277
  -0.68136852910288    3.29020417657003   -4.02783061999529
  -0.67875067907141    3.27756305691265   -4.03339756854862
  -0.67692094842121    3.26872762179911   -4.03722837413685
  -0.67609602466108    3.26474421563199   -4.03876369079092
  -0.67350697481548    3.25224216681186   -4.04387721325560
  -0.67085094060821    3.23941666274377   -4.04926196294798
  -0.67067078879800    3.23854674255661   -4.04982657359051
  -0.66826384386746    3.22692404511025   -4.05436221002035
  -0.66566610465753    3.21438003693684   -4.06020843972552
  -0.66447931734412    3.20864925776449   -4.06315800742604
  -0.66298777727919    3.20144688321748   -4.06616160374061
  -0.66039559791374    3.18892972251758   -4.07058236394270
  -0.65807871426607    3.17774191455672   -4.07588540742412
  -0.65774537972225    3.17613230292743   -4.07662218027733
  -0.65509566441443    3.16333731167063   -4.08193095896722
  -0.65259318277113    3.15125328488796   -4.08675964459595
  -0.65170699587508    3.14697405022700   -4.08906907687794
  -0.64985244956154    3.13801878480773   -4.09321918366795
  -0.64728835727366    3.12563725147540   -4.09720217465146
  -0.64528054783830    3.11594190643402   -4.10154381087341
  -0.64460881058659    3.11269820993688   -4.10291417326991
  -0.64201909603584    3.10019295137696   -4.10879425835045
  -0.63942867202702    3.08768426697365   -4.11406803282557
  -0.63907637488719    3.08598308843173   -4.11482586076680
  -0.63674370651812    3.07471905893422   -4.11905028510099
  -0.63412284219325    3.06206338380457   -4.12462656643816
  -0.63315011657731    3.05736626947139   -4.12714192469769
  -0.63156730620204    3.04972316726605   -4.13014782644220
  -0.62888006702633    3.03674698010488   -4.13594851248896
  -0.62662009559257    3.02583399083009   -4.14031643774516
  -0.62628907408357    3.02423554842347   -4.14108545613972
  -0.62366394535122    3.01155928124897   -4.14597556375468
  -0.62104835126141    2.99892905512182   -4.15152347937642
  -0.62023253386534    2.99498962192342   -4.15324735237651
  -0.61842481813074    2.98626049281635   -4.15721571811708
  -0.61579984824507    2.97358499268346   -4.16210060284999
  -0.61384611474733    2.96415077046803   -4.16621434536585
  -0.61318115149946    2.96093978439811   -4.16771258849574
  -0.61059738418634    2.94846324396249   -4.17294429399387
  -0.60793272876288    2.93559610961607   -4.17825815703576
  -0.60760835397057    2.93402976299036   -4.17894131793684
  -0.60535548313093    2.92315106118764   -4.18343133486830
  -0.60269340834651    2.91029638827585   -4.18870679092622
  -0.60137365207534    2.90392352629292   -4.19174489952370
  -0.60007574374199    2.89765616401132   -4.19430958664965
  -0.59749288563248    2.88518401395387   -4.19956631257349
  -0.59501560936136    2.87322169930968   -4.20497205843681
  -0.59483450058179    2.87234715809228   -4.20558641265771
  -0.59218194826737    2.85953846744879   -4.21093057544596
  -0.58959497371048    2.84704643981881   -4.21602454235738
  -0.58876517628951    2.84303949963360   -4.21768987890114
  -0.58693965524089    2.83422439191726   -4.22141182553220
  -0.58439357516667    2.82192983627480   -4.22690624049644
  -0.58285938187985    2.81452149710978   -4.23054770795326
  -0.58169627426824    2.80890506289237   -4.23272408104723
  -0.57910791469592    2.79640634727582   -4.23784380570413
  -0.57653174200560    2.78396647988656   -4.24304149710539
  -0.57634290678486    2.78305462909593   -4.24360101809965
  -0.57383202009022    2.77093001585549   -4.24805358722337
  -0.57121496988911    2.75829275843282   -4.25363066009122
  -0.57009394885796    2.75287955262539   -4.25630007648679
  -0.56866767926477    2.74599235726492   -4.25922609131454
  -0.56599836954369    2.73310274816536   -4.26450073404721
  -0.56348340121511    2.72095842546011   -4.26939483479332
  -0.56329197117454    2.72003404475849   -4.26992873549461
  -0.56072315726403    2.70762971157286   -4.27388707783417
  -0.55814035830649    2.69515784714947   -4.27896250189788
  -0.55633797903822    2.68645448686359   -4.28233660198354
  -0.55551263632229    2.68246905763543   -4.28386207287885
  -0.55288674856828    2.66978912528396   -4.28792479160818
  -0.55024242232146    2.65702015681845   -4.29239327332732
  -0.54910481538209    2.65152686068964   -4.29479861304212
  -0.54765596348961    2.64453061953048   -4.29750932132086
  -0.54500046212705    2.63170768847216   -4.30206729749705
  -0.54244314436222    2.61935886807429   -4.30620689073440
  -0.54141688542607    2.61440325111558   -4.30803054009601
  -0.53975843335027    2.60639488895417   -4.31093333826924
  -0.53714074035844    2.59375452761248   -4.31573687507102
  -0.53470284628969    2.58198238243052   -4.32074115080404
  -0.53452217727582    2.58110996476132   -4.32135327804782
  -0.53191921340266    2.56854072764347   -4.32500989663987
  -0.52927472941627    2.55577099748240   -4.32947393467444
  -0.52677823402283    2.54371587720689   -4.33412874256533
  -0.52658527450468    2.54278411093737   -4.33457529584176
  -0.52400935913622    2.53034548610840   -4.33880017311274
  -0.52149410712153    2.51819979353474   -4.34315792352189
  -0.51964251881111    2.50925881177226   -4.34666255173275
  -0.51882599588082    2.50531597167797   -4.34830398435291
  -0.51619487309392    2.49261076030886   -4.35243132607389
  -0.51357411090885    2.47995557839360   -4.35646282574366
  -0.51197126967054    2.47221575080928   -4.35992669449406
  -0.51100707811451    2.46755984589268   -4.36176807169188
  -0.50830321129473    2.45450336687527   -4.36578050912937
  -0.50570385482291    2.44195154923965   -4.37067921880106
  -0.50488144225272    2.43798026915002   -4.37240623714790
  -0.50306657483049    2.42921660584967   -4.37542380712389
  -0.50058229649016    2.41722047949221   -4.38003829876893
  -0.49781539942948    2.40385963895383   -4.38434603626050
  -0.49734118755559    2.40156975642860   -4.38510844604888
  -0.49520859975319    2.39127187944326   -4.38909580624596
  -0.49265976665085    2.37896402993084   -4.39326505659193
  -0.48998521122327    2.36604909027274   -4.39762387092227
  -0.48965985173305    2.36447798872068   -4.39822789454912
  -0.48734675391566    2.35330846184277   -4.40280116518438
  -0.48475525504890    2.34079458714675   -4.40721486357862
  -0.48262149010981    2.33049102598337   -4.41129100629397
  -0.48213014651029    2.32811841748414   -4.41209751523504
  -0.47950690863436    2.31545128090989   -4.41615022523624
  -0.47689408977156    2.30283445584710   -4.42092741176263
  -0.47542539532040    2.29574239859624   -4.42409965622187
  -0.47427909530997    2.29020712521508   -4.42652042261849
  -0.47161315160074    2.27733376997198   -4.43027588301861
  -0.46897490535806    2.26459416073596   -4.43471494873682
  -0.46815872522786    2.26065297596072   -4.43634032878874
  -0.46635528491051    2.25194449206266   -4.43953994068981
  -0.46384720540896    2.23983343424489   -4.44399611935930
  -0.46122077528648    2.22715088289517   -4.44889418945620
  -0.46036635578013    2.22302504715684   -4.45036451821644
  -0.45854369907798    2.21422377084643   -4.45325698090965
  -0.45587037920704    2.20131479746563   -4.45730759841025
  -0.45331411035810    2.18897104209103   -4.46204124633128
  -0.45298456672681    2.18737973608594   -4.46274412038698
  -0.45074657375243    2.17657287677716   -4.46739379749884
  -0.44810072118757    2.16379653800064   -4.47161049154058
  -0.44575129758566    2.15245160054408   -4.47550774995919
  -0.44541558365780    2.15083049930386   -4.47619326285761
  -0.44283038875047    2.13834706527653   -4.48062185418086
  -0.44017828970638    2.12554056339270   -4.48584910317319
  -0.43826673147000    2.11630999781115   -4.48903922857022
  -0.43763035950206    2.11323707380990   -4.49010416969965
  -0.43492561405470    2.10017635206044   -4.49397086537795
  -0.43233830829211    2.08768272509863   -4.49966374878587
  -0.43135359535280    2.08292772617032   -4.50158841925995
  -0.42972047392055    2.07504168106004   -4.50408043222628
  -0.42706430415022    2.06221552238270   -4.50767858166188
  -0.42446945593431    2.04968547429144   -4.51258390931826
  -0.42381460842175    2.04652333525974   -4.51424843016306
  -0.42186908654289    2.03712876545202   -4.51773318155986
  -0.41920986031180    2.02428784768392   -4.52216624246476
  -0.41662269516283    2.01179489971959   -4.52664892805509
  -0.41627816285549    2.01013121613553   -4.52726012655115
  -0.41396916449069    1.99898148476537   -4.53103606164186
  -0.41135479758258    1.98635718447451   -4.53584434927991
  -0.40922201159094    1.97605835046954   -4.53989785708155
  -0.40873070112435    1.97368590196318   -4.54070418002525
  -0.40613854792969    1.96116886763727   -4.54441731896521
  -0.40348788664321    1.94836930842233   -4.54877625350373
  -0.40154130580138    1.93896962507585   -4.55281846295581
  -0.40087956341070    1.93577419193707   -4.55435731786065
  -0.39824023946098    1.92302937865058   -4.55767427442835
  -0.39572594602439    1.91088831487546   -4.56260174737246
  -0.39383603338756    1.90176227194060   -4.56582348595153
  -0.39300903707005    1.89776885777243   -4.56731549762938
  -0.39038653636737    1.88510528087317   -4.57135659878110
  -0.38780782236146    1.87265314193512   -4.57582153680937
  -0.38628835779105    1.86531592505148   -4.57856059432114
  -0.38512256784389    1.85968653832560   -4.58066834867714
  -0.38247789125938    1.84691587814339   -4.58675089684470
  -0.38097992126123    1.83968245462327   -4.59104321561697
  -0.38042200901232    1.83698839827472   -4.59815185789475
  -0.38006310947388    1.83525533795583   -4.60371776426475
      
      
