# shadow point cont 3D ind 179  size 1349
# norm  0.1641868 -0.9864293  0.0000000
# angle  1.4058627
   1.74301955628962    0.29011800123833   -4.60211837440026
   1.74482751235206    0.29041892763773   -4.59078449357360
   1.74564328395307    0.29055470926192   -4.59000344933247
   1.75772185890617    0.29256513537020   -4.58271630460517
   1.76611357684781    0.29396190021279   -4.57779732156354
   1.77102807380507    0.29477989679188   -4.57585692865656
   1.78412697870818    0.29696015236916   -4.57187880094900
   1.79682668666107    0.29907396335556   -4.56705863704290
   1.79921631475245    0.29947170652664   -4.56625179510575
   1.80954789873637    0.30119135360933   -4.56222628557507
   1.82235978998239    0.30332383701548   -4.55816081683471
   1.83492136938486    0.30541465710725   -4.55363198713845
   1.83579342565679    0.30555980706938   -4.55314784858350
   1.84790717548137    0.30757608788156   -4.54843761531393
   1.86015724694353    0.30961505883562   -4.54406555254084
   1.87288920260340    0.31173423731217   -4.54000494377156
   1.87375139282722    0.31187774511363   -4.53946650290470
   1.88587508295696    0.31389568044624   -4.53509037541397
   1.89851661356195    0.31599980806689   -4.53069552453782
   1.90971676622487    0.31786402461707   -4.52689215742812
   1.91161516198121    0.31818000430898   -4.52598511652189
   1.92411161878676    0.32025998502859   -4.52138017294420
   1.93662216093388    0.32234231019186   -4.51743888291763
   1.94478345883847    0.32370072262449   -4.51400103422251
   1.94962868964623    0.32450719015517   -4.51169241379899
   1.96224342335757    0.32660685754977   -4.50730669190032
   1.97508066980357    0.32874356121834   -4.50283515726433
   1.98063957055846    0.32966881599834   -4.50122747652213
   1.98786582170979    0.33087159397803   -4.49879086048897
   2.00061128826518    0.33299302128420   -4.49395171471405
   2.01322621072156    0.33509272009459   -4.48956617302656
   2.01647507297425    0.33563347904342   -4.48824831592495
   2.02632645377570    0.33727319840126   -4.48469473128986
   2.03859085258194    0.33931455407924   -4.48035491721776
   2.05144345501450    0.34145381368479   -4.47585696943045
   2.05235010198558    0.34160472111788   -4.47525838945658
   2.06408282972109    0.34355758246555   -4.47068037315191
   2.07693543163390    0.34569684198458   -4.46617931847527
   2.08898247315525    0.34770201949071   -4.46262136285182
   2.09009404992938    0.34788703659552   -4.46205983129826
   2.10261172421142    0.34997054887153   -4.45764729147092
   2.11521086683205    0.35206762119709   -4.45246908704446
   2.12395969732563    0.35352382586606   -4.44927142980439
   2.12797303512089    0.35419182843394   -4.44762656580880
   2.14066727919253    0.35630472998114   -4.44360209918780
   2.15356781065055    0.35845196716388   -4.43911535297200
   2.16067600525416    0.35963509514622   -4.43653408854596
   2.16630870313605    0.36057263313607   -4.43427925818283
   2.17901986760216    0.36268835100913   -4.42945499571010
   2.19181466219052    0.36481798875119   -4.42540371936152
   2.19579775664087    0.36548095744624   -4.42379068786658
   2.20444774449427    0.36692071018895   -4.42021127528706
   2.21716310691721    0.36903712679360   -4.41537895333525
   2.23006777415854    0.37118505235943   -4.41168843856711
   2.23168152675440    0.37145365443903   -4.41093043109325
   2.24252586139834    0.37325864663221   -4.40697803250796
   2.25573506036611    0.37545726017539   -4.40240478246288
   2.26743197083597    0.37740415989544   -4.39778740680558
   2.26825892307553    0.37754180248815   -4.39719854584657
   2.28099449806480    0.37966158338629   -4.39236493959030
   2.29374203283657    0.38178335493805   -4.38833492139029
   2.30333095306695    0.38337938887882   -4.38520252061143
   2.30684657770774    0.38396454926340   -4.38351007035741
   2.31923616311837    0.38602674170556   -4.37865884654752
   2.33202012672314    0.38815457667765   -4.37461147660750
   2.33838328859142    0.38921369721139   -4.37216537315504
   2.34473113623081    0.39027026875855   -4.36979100519522
   2.35765705586683    0.39242173169276   -4.36533731460849
   2.37012667652595    0.39449724565287   -4.36136177256204
   2.37647774441435    0.39555435319642   -4.35887222675836
   2.38297382864897    0.39663559807817   -4.35608548983666
   2.39575211182464    0.39876248756762   -4.35204062586481
   2.40836893780405    0.40086250321111   -4.34765634176950
   2.41162099703043    0.40140379428227   -4.34622013945143
   2.42113735537749    0.40298775061411   -4.34200427592412
   2.43413637250865    0.40515138030751   -4.33791201447118
   2.44661185116892    0.40722786930635   -4.33395125104045
   2.44823699346125    0.40749836715124   -4.33321333215870
   2.45962958907572    0.40939461499118   -4.32823169089771
   2.47220912361483    0.41148842363712   -4.32383789110099
   2.48103727594900    0.41295783108041   -4.32082034039584
   2.48519454107339    0.41364978972434   -4.31927607387437
   2.49773366921687    0.41573687290199   -4.31495544028531
   2.51035111928816    0.41783699242286   -4.31057144099534
   2.51836982446832    0.41917167091857   -4.30750030963417
   2.52317253577353    0.41997106126354   -4.30530882664774
   2.53638193658378    0.42216970840252   -4.30130698568890
   2.54860425912832    0.42420406067029   -4.29686456196342
   2.55422959182641    0.42514037275743   -4.29461060133917
   2.56144821853626    0.42634188168210   -4.29159203654219
   2.57422342631626    0.42846825928536   -4.28754711303326
   2.58695497581577    0.43058737015829   -4.28272057721559
   2.58858824358591    0.43085922045351   -4.28203522995315
   2.59972022528333    0.43271209024388   -4.27787255036213
   2.61246874988255    0.43483402654811   -4.27303531940538
   2.62209539698435    0.43643633996205   -4.26918066892991
   2.62548830367903    0.43700107447985   -4.26743848673432
   2.63809507941565    0.43909941730428   -4.26129126113280
   2.65059435589439    0.44117986734619   -4.25735533969642
   2.65306380035757    0.44159089560416   -4.25590309307353
   2.66362833437431    0.44334931620357   -4.25077606476766
   2.67621325362867    0.44544402111186   -4.24561462548725
   2.68108607382866    0.44625508077652   -4.24343859309126
   2.68912426411035    0.44759300248238   -4.23948576762685
   2.70170667267146    0.44968728949674   -4.23432701249373
   2.71058582056839    0.45116518492899   -4.23060478239996
   2.71487784959949    0.45187957443728   -4.22862182513048
   2.72718115762489    0.45392740638504   -4.22224492919398
   2.73929340780330    0.45594343758766   -4.21792589983369
   2.74041921474547    0.45613082324187   -4.21721177969594
   2.75257089422571    0.45815341727977   -4.21220037515750
   2.76586350703449    0.46036591469289   -4.20602856714941
   2.76812807451233    0.46074284207043   -4.20496723756082
   2.77821700740125    0.46242210093691   -4.20043929884478
   2.79097178226928    0.46454507757111   -4.19478733975301
   2.79811950866429    0.46573478544768   -4.19151030181800
   2.80386023268811    0.46669030391759   -4.18868096122866
   2.81660912613220    0.46881230161443   -4.18303613114499
   2.82613443365702    0.47039774749788   -4.17891967456765
   2.82938521873452    0.47093882649251   -4.17735696877741
   2.84265447981297    0.47314743711199   -4.17176865068072
   2.85456323162128    0.47512959689867   -4.16623509074675
   2.85543939564203    0.47527543057766   -4.16567042008439
   2.86763178649079    0.47730480084525   -4.16042288353916
   2.88006285307388    0.47937389764760   -4.15494119376516
   2.88416155194932    0.48005610819488   -4.15278337301090
   2.89310374615359    0.48154449740995   -4.14835963336787
   2.90569923234697    0.48364096113915   -4.14319420407014
   2.91441037441150    0.48509089273351   -4.13983062262752
   2.91845730370521    0.48576448645976   -4.13753896470741
   2.93117701463674    0.48788162685470   -4.13192841250232
   2.94253322828304    0.48977181907475   -4.12773813805508
   2.94464803283302    0.49012381906628   -4.12652308733849
   2.95682414225962    0.49215047936218   -4.12016926860063
   2.96962700115047    0.49428145937221   -4.11526653754265
   2.97050320568136    0.49442729979395   -4.11462101237239
   2.98219480643788    0.49637331573537   -4.10933370385585
   2.99511329421542    0.49852354166916   -4.10399851898974
   3.00138375253470    0.49956723210159   -4.10134948577661
   3.00770793435730    0.50061986457678   -4.09802739679401
   3.02046297192578    0.50274288493633   -4.09237477380306
   3.02993430840551    0.50431934757476   -4.08814421315091
   3.03306700958143    0.50484077201912   -4.08640126740676
   3.04610547406989    0.50701096755305   -4.08062566338182
   3.05797746006213    0.50898700783003   -4.07559766288426
   3.05881097312487    0.50912574244313   -4.07503427315418
   3.07160728036880    0.51125563196011   -4.06933700540004
   3.08420719882208    0.51335283341964   -4.06417162804568
   3.08744983408683    0.51389255591349   -4.06269801529607
   3.09708490290256    0.51549627108497   -4.05808069068618
   3.11004366232555    0.51765320005847   -4.05276484827544
   3.11556145406382    0.51857161242199   -4.05021359245117
   3.12261226421501    0.51974518901256   -4.04675995673608
   3.13520994660343    0.52184201828885   -4.04160136995072
   3.14571812530360    0.52359105879166   -4.03716188015995
   3.14834987631750    0.52402910226694   -4.03563222648571
   3.16070440374803    0.52608545946124   -4.03032966517163
   3.17378948250389    0.52826341373662   -4.02534887620754
   3.17471530760766    0.52841751328624   -4.02483008876362
   3.18655684657354    0.53038848578851   -4.01884685475927
   3.19928885622581    0.53250767325186   -4.01243775092040
   3.20161455730531    0.53289477605070   -4.01148567504595
   3.21185408980223    0.53459910156495   -4.00728286406213
   3.22465303472065    0.53672943011135   -4.00236523103076
   3.23327631519806    0.53816473752783   -3.99806052615898
   3.23722123938429    0.53882135294893   -3.99565674940640
   3.25051973676535    0.54103482982345   -3.99040923214590
   3.26218494440012    0.54297645274490   -3.98561169167283
   3.26306128563487    0.54312231592039   -3.98496620895452
   3.27548804023865    0.54519069501259   -3.97870785157233
   3.28839365261388    0.54733877789184   -3.97338324524947
   3.28927247838197    0.54748505460707   -3.97276361356422
   3.30135702904432    0.54949647534608   -3.96713099171286
   3.31375057875253    0.55155932762827   -3.96010301512062
   3.31530933094660    0.55181877513093   -3.95923704215335
   3.32706754859537    0.55377587916346   -3.94933938386398
   3.32945684596929    0.55417356728806   -3.94691777802260
   3.33663488490751    0.55536832055520   -3.93364816038877
   3.33965929467376    0.55587172036684   -3.92089153635911
   3.33996476027304    0.55592256378324   -3.90751498429227
   3.33945028793065    0.55583693210624   -3.89452460987623
   3.33863578121045    0.55570136101594   -3.88159996452007
   3.33708493290041    0.55544322908029   -3.86854994836459
   3.33577768608549    0.55522564355080   -3.85573734902223
   3.33226334936879    0.55464069753556   -3.84278767140614
   3.32748562891216    0.55384546680832   -3.82983070342036
   3.32664134904276    0.55370494010722   -3.82814330196298
   3.31635181130360    0.55199229143854   -3.81666360717078
   3.31395153652444    0.55159277617273   -3.81421352720596
   3.30338482229919    0.54983399268712   -3.80387894556748
   3.30098203924496    0.54943405992987   -3.80147741025903
   3.29060627607098    0.54770705941373   -3.79096547527776
   3.28821190087083    0.54730852610710   -3.78853967199462
   3.27625532993755    0.54531840703568   -3.77798222867785
   3.27543096993146    0.54518119590893   -3.77720438465168
   3.26307304155749    0.54312427264243   -3.76549187414881
   3.26227495921996    0.54299143531897   -3.76468330965740
   3.25092282010326    0.54110192128659   -3.75281568744562
   3.24931290412334    0.54083395779498   -3.75113217081768
   3.23716262421922    0.53881159671042   -3.74152142765658
   3.23474407542261    0.53840903981412   -3.73921187605517
   3.22528850369202    0.53683520114940   -3.72804525819755
   3.22272770997158    0.53640896820607   -3.72508718287500
   3.21162751983824    0.53456138998285   -3.71645624676184
   3.20841009634425    0.53402586387826   -3.71333870563566
   3.19903381162498    0.53246522219069   -3.70424259479148
   3.19444551754745    0.53170152065787   -3.69999744313642
   3.18627615693548    0.53034176622276   -3.69207048494567
   3.18129854595251    0.52951326458943   -3.68740922290545
   3.17351165569626    0.52821717067651   -3.68074101999267
   3.16735358578862    0.52719218680490   -3.67417448992836
   3.16034803518512    0.52602614346860   -3.66663694678255
   3.15435051869886    0.52502788301357   -3.66139224302249
   3.14798000206896    0.52396753831184   -3.65567245771213
   3.14122308023654    0.52284287814984   -3.64882361759944
   3.13480303182665    0.52177428909941   -3.64239428707548
   3.12703692341838    0.52048165423443   -3.63569105914041
   3.12243668444959    0.51971596452657   -3.63147897542662
   3.11388501218118    0.51829257598408   -3.62241819402436
   3.10968628292844    0.51759371581688   -3.61846621455199
   3.10009050617982    0.51599654063856   -3.60962381078046
   3.09690628507707    0.51546654092714   -3.60641893390429
   3.08591343219311    0.51363682852082   -3.59649005552537
   3.08414180627811    0.51334194911597   -3.59429305983741
   3.07377048875713    0.51161568855938   -3.58378486360481
   3.07139753919156    0.51122072145616   -3.58202020010670
   3.05940660679209    0.50922488306859   -3.57082805060271
   3.05861376318352    0.50909291770872   -3.57004204761060
   3.04631471436920    0.50704579468806   -3.55825361964814
   3.04551691861137    0.50691300506454   -3.55744539118650
   3.03272592547584    0.50478400005772   -3.54616117677420
   3.03189121820296    0.50464506667355   -3.54538751085206
   3.02013556802115    0.50268838998470   -3.53465380422981
   3.01713409142815    0.50218880729971   -3.53204929405112
   3.00774777253288    0.50062649546731   -3.52220041389030
   3.00516824649789    0.50019714461195   -3.51911821541118
   2.99480876010733    0.49847285329540   -3.50938088111875
   2.99101005655420    0.49784057566079   -3.50598321284794
   2.98205571807090    0.49635016508346   -3.49801634526053
   2.97707517344554    0.49552117515815   -3.49339744743215
   2.96907609294181    0.49418976310421   -3.48537293036210
   2.96429033673398    0.49339319486123   -3.48052380433806
   2.95632932025646    0.49206811839841   -3.47321658894888
   2.95013318535888    0.49103679877529   -3.46738961342848
   2.94393099072141    0.49000447053489   -3.46079585303287
   2.93736198237145    0.48891108775228   -3.45441294760954
   2.93082245004727    0.48782261112557   -3.44892316280420
   2.92324104632566    0.48656071954990   -3.44136271299395
   2.91842988518597    0.48575992276685   -3.43647657720043
   2.90880100567934    0.48415723777886   -3.42833291612052
   2.90529593784488    0.48357383452864   -3.42470007029961
   2.89727897231265    0.48223944558974   -3.41589745541076
   2.89253581205916    0.48144996725754   -3.41177025988276
   2.88254228568871    0.47978658838984   -3.40253375831057
   2.88014977898732    0.47938836608668   -3.40010948929769
   2.86940789743555    0.47760042676374   -3.38995533820285
   2.86719133221428    0.47723148915241   -3.38818943466520
   2.85583936666854    0.47534200401016   -3.37705531941260
   2.85423277974555    0.47507459462555   -3.37546222935415
   2.84247031467006    0.47311678362737   -3.36394692777062
   2.84167286807076    0.47298405211977   -3.36313888191423
   2.82874451832767    0.47083218470484   -3.35196071937670
   2.82791058956529    0.47069338090034   -3.35119827293567
   2.81615629521783    0.46873692988421   -3.33970390122919
   2.81456147560764    0.46847147911747   -3.33808786627721
   2.80322113293710    0.46658392855210   -3.32773977802394
   2.80080708125040    0.46618212018013   -3.32536089983893
   2.79062560664955    0.46448745814940   -3.31469206343962
   2.78824796574755    0.46409171019370   -3.31223111568955
   2.77810140049462    0.46240285867164   -3.30383703557190
   2.77389616081141    0.46170291487169   -3.29930209832217
   2.76513948087113    0.46024540369656   -3.29117711535007
   2.76034167613105    0.45944683002795   -3.28637397929853
   2.75218537188738    0.45808924876839   -3.27846649195786
   2.74661296083000    0.45716174525748   -3.27359917645229
   2.73961204126263    0.45599647273694   -3.26698191345068
   2.73305651114617    0.45490533334749   -3.26067820676516
   2.72648106346704    0.45381087876662   -3.25444339276057
   2.71948108699312    0.45264576321987   -3.24779285847924
   2.71409945921583    0.45175001475364   -3.24274288498503
   2.70612679368945    0.45042299935745   -3.23466380589805
   2.70134324645502    0.44962679878846   -3.22981639852276
   2.69257125048466    0.44816673832694   -3.22170496675992
   2.68878691346644    0.44753685193939   -3.21830280574919
   2.67922013205883    0.44594450290909   -3.20860822882116
   2.67605482307543    0.44541765103743   -3.20605325565446
   2.66592861759648    0.44373218831093   -3.19623200712850
   2.66267893217172    0.44319129234870   -3.19305639840316
   2.65251464056679    0.44149949035269   -3.18315968120985
   2.64999170845267    0.44107955930856   -3.18088340779680
   2.63857791027283    0.43917978239411   -3.16985227541190
   2.63776673484500    0.43904476578289   -3.16902145737526
   2.62543664031532    0.43699247533835   -3.15726250887203
   2.62461324056607    0.43685542404216   -3.15648541869264
   2.61225835666677    0.43479900751518   -3.14478556326198
   2.61146121833352    0.43466632731712   -3.14397775266099
   2.59932810523319    0.43264682357216   -3.13280093331671
   2.59771134303642    0.43237772055762   -3.13125414081424
   2.58676370302160    0.43055553363612   -3.12130850597169
   2.58356285398687    0.43002276627797   -3.11812648352754
   2.57401131343439    0.42843295402151   -3.10918754939620
   2.57061038167159    0.42786688376612   -3.10540386818502
   2.56087703105355    0.42624681001740   -3.09666674573007
   2.55686136389584    0.42557841973731   -3.09268087796042
   2.54809366476972    0.42411907446677   -3.08379556880828
   2.54351055278597    0.42335623547086   -3.07955442576015
   2.53555818511543    0.42203259856422   -3.07223536719156
   2.52979106381665    0.42107268638305   -3.06678317309496
   2.52241418069007    0.41984483636821   -3.05975088575423
   2.51640719417223    0.41884499966774   -3.05374564681659
   2.51005775470602    0.41778816316796   -3.04799075461362
   2.50268722108677    0.41656137000092   -3.04094681046769
   2.49691799187847    0.41560110696740   -3.03551371745976
   2.48988751621013    0.41443091496279   -3.02809071190165
   2.48453233661557    0.41353956868120   -3.02301180332895
   2.47496737207480    0.41194752206045   -3.01487397457286
   2.47198041962445    0.41145035685564   -3.01230840859684
   2.46221771916278    0.40982539795348   -3.00201094692508
   2.45887250564059    0.40926860175618   -2.99891074020215
   2.44866986505968    0.40757041674040   -2.98908772371149
   2.44593977653745    0.40711600541586   -2.98622471903942
   2.43493918881828    0.40528500557997   -2.97634374923411
   2.43358757564411    0.40506003546353   -2.97540732739370
   2.42140531900786    0.40303235199140   -2.96339885287237
   2.42058217131022    0.40289534264810   -2.96262194663297
   2.40822705681213    0.40083888773896   -2.95092449802846
   2.40743016661054    0.40070624884133   -2.95011687071274
   2.39530446725224    0.39868797908139   -2.93894307024550
   2.39368442614128    0.39841833030589   -2.93739623352744
   2.38234466698794    0.39653087686440   -2.92627043178649
   2.38073561121886    0.39626305655113   -2.92467628550618
   2.36959641405678    0.39440898577814   -2.91415433989043
   2.36644673388257    0.39388473525360   -2.91166099621098
   2.35683063142062    0.39228417694896   -2.90206262197433
   2.35364331135620    0.39175366142889   -2.89883228683063
   2.34410118245125    0.39016541570011   -2.88992179705894
   2.33997271594735    0.38947825046093   -2.88605166316041
   2.33150676735816    0.38806913025088   -2.87767875443066
   2.32659063855281    0.38725086205779   -2.87293169528231
   2.31843609963064    0.38589357462829   -2.86589578151711
   2.31280781506161    0.38495677121511   -2.86026945973284
   2.30583592244392    0.38379633010371   -2.85360679260649
   2.29869179618211    0.38260722145362   -2.84710974019495
   2.29328690888055    0.38170760154104   -2.84209847665533
   2.28531933761961    0.38038143406311   -2.83402316574793
   2.28057101508042    0.37959109649098   -2.82990634830796
   2.27177482416499    0.37812700888640   -2.82110233279115
   2.26799024691927    0.37749708251403   -2.81766999388394
   2.25807197547799    0.37584622950100   -2.80832651105478
   2.25484471969558    0.37530906685489   -2.80515345583769
   2.24588175859312    0.37381722108021   -2.79566571584381
   2.24177436891705    0.37313356398708   -2.79185088386223
   2.23114273671972    0.37136397518823   -2.78234086570107
   2.22954934882324    0.37109876272400   -2.78072589512659
   2.21821492370065    0.36921219710866   -2.76960072315332
   2.21654050696542    0.36893349774771   -2.76810427141939
   2.20425494872520    0.36688862017426   -2.75710594891540
   2.20345828210932    0.36675601849149   -2.75629848344002
   2.19140628659602    0.36475001641502   -2.74440234255801
   2.19051340851180    0.36460140075307   -2.74358154755593
   2.17816520883429    0.36254609678565   -2.73187274694753
   2.17677099804092    0.36231403648133   -2.73086306141343
   2.16581720238591    0.36049082498038   -2.72016408306648
   2.16342732378571    0.36009304011320   -2.71774177358365
   2.15292714697910    0.35834533149066   -2.70898524056037
   2.14888949682913    0.35767328223741   -2.70502380751859
   2.13992777450908    0.35618164265266   -2.69553696650673
   2.13632086505327    0.35558128830885   -2.69196455511870
   2.12780013574247    0.35416305008667   -2.68437301608998
   2.12264581366908    0.35330513566323   -2.67912997004925
   2.11466301017666    0.35197643284682   -2.67188748872166
   2.10846265284628    0.35094441041818   -2.66606499358043
   2.10228915626706    0.34991685884439   -2.66021101849295
   2.09555244600984    0.34879556281091   -2.65330826473447
   2.08898295498180    0.34770209968863   -2.64707777820092
   2.08182666801206    0.34651096694175   -2.64059928367654
   2.07605539420124    0.34555036359307   -2.63519891276550
   2.06840879097967    0.34427761984507   -2.62753721672278
   2.06385621151932    0.34351986285448   -2.62327254293078
   2.05492074793568    0.34203259392186   -2.61456523277003
   2.05096753055745    0.34137459813513   -2.61129468273531
   2.04057999966007    0.33964563893276   -2.60165146495714
   2.03796993868551    0.33921120566991   -2.59864764314609
   2.02753917328116    0.33747505027247   -2.58809781180888
   2.02586860566515    0.33719699158062   -2.58658156710942
   2.01431453937582    0.33527386765126   -2.57579333912657
   2.01268131702314    0.33500202491558   -2.57422486391058
   2.00034071927761    0.33294798625657   -2.56329155938949
   1.99953102868267    0.33281321678931   -2.56249861756307
   1.98765701291858    0.33083683866566   -2.55039380202889
   1.98683592559020    0.33070017226184   -2.54961506186290
   1.97445135433117    0.32863881440334   -2.53789434098991
   1.97365490993785    0.32850624970856   -2.53708703490591
   1.96155018812516    0.32649147156957   -2.52597258553502
   1.95989993581722    0.32621679427212   -2.52446801345967
   1.94876667789704    0.32436371206004   -2.51387640416284
   1.94637741527733    0.32396602972012   -2.51145453551239
   1.93604943700913    0.32224698279309   -2.50175927541396
   1.93164359151746    0.32151364903146   -2.49813329894806
   1.92404843060678    0.32024946763169   -2.49053898750149
   1.91891630083144    0.31939524701945   -2.48515448392953
   1.91059719099457    0.31801056747914   -2.47752768548614
   1.90591100606051    0.31723057244030   -2.47254047629987
   1.89822418268938    0.31595113422387   -2.46579041008974
   1.89089493835249    0.31473121347776   -2.45950899078293
   1.88510086100619    0.31376681458007   -2.45412197299429
   1.87805375296426    0.31259385418943   -2.44669580294031
   1.87251256612188    0.31167154781289   -2.44101841673569
   1.86396139142233    0.31024824208857   -2.43352192196488
   1.85996994980522    0.30958388404403   -2.42951457158836
   1.85153250598768    0.30817950832887   -2.42118055081477
   1.84683064131776    0.30739690346640   -2.41700240623070
   1.83807099492778    0.30593889853866   -2.40812292716004
   1.83408936366657    0.30527617338506   -2.40408681997676
   1.82334692920009    0.30348814203188   -2.39478124100244
   1.82174618535009    0.30322170520128   -2.39318840825518
   1.81152133184405    0.30151982294102   -2.38264815198368
   1.80840842751250    0.30100169359505   -2.38007150598228
   1.79705216259458    0.29911149284106   -2.36898976839893
   1.79626446518082    0.29898038404286   -2.36816468206025
   1.78382760099416    0.29691032225469   -2.35663846421797
   1.78299483232229    0.29677171154221   -2.35587685584235
   1.77058447526650    0.29470606175033   -2.34415003416462
   1.76978820122606    0.29457352541004   -2.34334285054882
   1.75806407520580    0.29262209578036   -2.33261446190471
   1.75555887916580    0.29220511682839   -2.33030221715463
   1.74490510036642    0.29043184182424   -2.31932898590666
   1.74271527117977    0.29006735430923   -2.31751255051470
   1.73184187549856    0.28825752503318   -2.30685117294393
   1.72957745414799    0.28788062197789   -2.30500144230302
   1.71982312357246    0.28625705620677   -2.29632357878653
   1.71426825233528    0.28533247212241   -2.29143195822738
   1.70671962527646    0.28407603607929   -2.28380512761405
   1.70205405079319    0.28329947156007   -2.27880320003456
   1.69417809618468    0.28198855327426   -2.27147479961085
   1.68844048582075    0.28103355305945   -2.26601665339927
   1.68125007166988    0.27983673999215   -2.25958788394736
   1.67471326011604    0.27874871622579   -2.25331177194148
   1.66846738074234    0.27770911685163   -2.24749045330985
   1.66088776866593    0.27644752348750   -2.23984813892653
   1.65597537850450    0.27562987757538   -2.23513907917102
   1.64769563452997    0.27425175031113   -2.22745642158711
   1.64279039144140    0.27343529399811   -2.22267111547373
   1.63363407920736    0.27191126577108   -2.21419584635653
   1.63044938857737    0.27138118790890   -2.21096740706672
   1.62012548153542    0.26966281861971   -2.20126092982753
   1.61779688151110    0.26927523330416   -2.19877079946812
   1.60647808234817    0.26739126856164   -2.18850219811535
   1.60480819932091    0.26711332381660   -2.18698644388312
   1.59400206585762    0.26531469004329   -2.17528602626588
   1.59243266442639    0.26505347002156   -2.17363847619502
   1.58004426024627    0.26299147419008   -2.16291035264246
   1.57920041721268    0.26285102019839   -2.16216784288442
   1.56675727963480    0.26077991423162   -2.15043391608659
   1.56596115118293    0.26064740212391   -2.14962683912003
   1.55404266110022    0.25866362144394   -2.13831005661867
   1.55242701697949    0.25839470452828   -2.13671336656763
   1.54113548392275    0.25651527811019   -2.12641293884937
   1.53869411145880    0.25610892231403   -2.12400175428565
   1.52834471755295    0.25438631084753   -2.11350995839030
   1.52527544327200    0.25387544353315   -2.11102257647034
   1.51600483735661    0.25233239162146   -2.10261386028590
   1.51108930547451    0.25151422278364   -2.09792475243919
   1.50290659055422    0.25015224558218   -2.09009899459551
   1.49749579886575    0.24925164291016   -2.08506025314928
   1.49033105581716    0.24805910268584   -2.07779686877712
   1.48463138864363    0.24711041794955   -2.07231330267651
   1.47744215358438    0.24591380113691   -2.06588539003983
   1.47102630760165    0.24484591156215   -2.05943649623888
   1.46485664093024    0.24381899745980   -2.05358525188185
   1.45693260030547    0.24250007546636   -2.04629548324071
   1.45211961309463    0.24169897474173   -2.04147957699052
   1.44401249973667    0.24034958109050   -2.03358673251676
   1.43938270305502    0.23957897163028   -2.02937399004863
   1.43047532908018    0.23809637809050   -2.02067662917748
   1.42635733018837    0.23741095513969   -2.01689971816855
   1.41570016002538    0.23563711565787   -2.00738208017816
   1.41417953651917    0.23538401450896   -2.00572763597509
   1.40396657397178    0.23368411144690   -1.99520427462322
   1.40063758510040    0.23313001577194   -1.99198710418527
   1.38923223326591    0.23123164471483   -1.98175950143169
   1.38843621187022    0.23109915042615   -1.98095250566166
   1.37769027358622    0.22931053587783   -1.96925163149441
   1.37550108032098    0.22894615420917   -1.96743564107627
   1.36301129313698    0.22686728361897   -1.95670972591603
   1.36219065815734    0.22673069250662   -1.95593131708938
   1.35025284005242    0.22474369476167   -1.94462132853840
   1.34864093332053    0.22447539991808   -1.94309632625124
   1.33712443368757    0.22255852879479   -1.93214280803317
   1.33490460017778    0.22218904719109   -1.93031318703797
   1.32439138782856    0.22043916885935   -1.92003917610109
   1.32196986483138    0.22003611692034   -1.91760340260785
   1.31221860246655    0.21841306183950   -1.90892774863314
   1.30744272526103    0.21761813791336   -1.90408597109563
   1.29896568425037    0.21620717141815   -1.89584507013201
   1.29501396693976    0.21554942531113   -1.89160382075020
   1.28674735330324    0.21417348353435   -1.88391177594662
   1.28027996485563    0.21309701494116   -1.87839027226680
   1.27346804019912    0.21196319979904   -1.87162812213484
   1.26852168202030    0.21113990005862   -1.86607690864632
   1.26087869261951    0.20986775781533   -1.85929960847990
   1.25315749697131    0.20858259848332   -1.85261800102732
   1.24834220763013    0.20778111457914   -1.84780020178198
   1.24012360693732    0.20641316434739   -1.84008427579771
   1.23540808047787    0.20562828553965   -1.83589765490442
   1.22665272648001    0.20417099506186   -1.82702140377059
   1.22247421050566    0.20347549930666   -1.82238180967208
   1.21332063678913    0.20195192689392   -1.81390858120184
   1.21033573038184    0.20145510224405   -1.81128582816677
   1.19956114708480    0.19966171985828   -1.80133763511659
   1.19725095753840    0.19927719888646   -1.79962522081201
   1.18623116759491    0.19744300292409   -1.78809933081501
   1.18470716513182    0.19718933936256   -1.78659659513378
   1.17240979371543    0.19514249553746   -1.77557469813936
   1.17158925181483    0.19500591991772   -1.77479636474725
   1.15993885232799    0.19306676174789   -1.76228750762938
   1.15917109299677    0.19293897155655   -1.76145559273720
   1.14654118565826    0.19083677857790   -1.75091995943505
   1.14487117673654    0.19055881287828   -1.74935416704502
   1.13395604573133    0.18874203693962   -1.73943904807314
   1.13074369246927    0.18820735475301   -1.73624160702841
   1.12066629531242    0.18653001595880   -1.72638725594140
   1.11761157092123    0.18602157041009   -1.72373479381144
   1.10845850567530    0.18449808263006   -1.71526197732219
   1.10355466918967    0.18368186043997   -1.71058199505883
   1.09517177135353    0.18228656366546   -1.70217095319299
   1.09055123383228    0.18151749535210   -1.69791399448215
   1.08259243503635    0.18019278801269   -1.68984519762662
   1.07772398198271    0.17938245524050   -1.68517410804658
   1.06971598992734    0.17804955989767   -1.67796927411736
   1.06337640198616    0.17699436314125   -1.67227168714576
   1.05706135270363    0.17594325073752   -1.66563030390605
   1.05075734972715    0.17489397694323   -1.65918358376866
   1.04445403672173    0.17384481799162   -1.65353392985046
   1.03722756508723    0.17264200331347   -1.64627351979172
   1.03185534151280    0.17174782013578   -1.64123039471354
   1.02364314612020    0.17038093603831   -1.63352007686026
   1.01873052022408    0.16956325088918   -1.62871732838976
   1.00897412959103    0.16793934223047   -1.62004971164440
   1.00667955485081    0.16755742027502   -1.61754352038255
   0.99662869653831    0.16588449875568   -1.60768134956496
   0.99326661137823    0.16532489434785   -1.60450775026048
   0.98191513068250    0.16343548990677   -1.59423009297256
   0.98111928857954    0.16330302546059   -1.59342324764941
   0.96962237136438    0.16138941374531   -1.58171123588381
   0.96800425456505    0.16112008526309   -1.58012631883395
   0.95593489201570    0.15911119251922   -1.56901556293137
   0.95512208500856    0.15897590433875   -1.56822843240559
   0.94272006235080    0.15691164177107   -1.55650995780645
   0.94192423283863    0.15677917942057   -1.55570312465060
   0.92984921610110    0.15476934556175   -1.54461030176391
   0.92819616557032    0.15449420251232   -1.54299535333346
   0.91708906474118    0.15264547403393   -1.53250835782217
   0.91464628726490    0.15223888437960   -1.53023217363499
   0.90448208634363    0.15054709747748   -1.52021413503183
   0.90127290039692    0.15001294247669   -1.51712640897040
   0.89149161877667    0.14838489082175   -1.50852897919825
   0.88694379497613    0.14762792538999   -1.50408383704553
   0.87909865959326    0.14632213682983   -1.49678518271581
   0.87288610181879    0.14528808369050   -1.49095413778514
   0.86617354004005    0.14417080706591   -1.48409927996274
   0.86069077705911    0.14325822508624   -1.47826321289341
   0.85344086070690    0.14205150813710   -1.47119055587973
   0.84647601873894    0.14089224057559   -1.46531726663257
   0.84085490124230    0.13995663009035   -1.45969015140966
   0.83369270368616    0.13876451355215   -1.45242892937689
   0.82818787165546    0.13784825827541   -1.44756033963492
   0.82016404117346    0.13651272669557   -1.43951993904674
   0.81527128309418    0.13569834845788   -1.43488392720626
   0.80649185490155    0.13423705093539   -1.42679789919439
   0.80274934497284    0.13361412648442   -1.42324634040469
   0.79290485088877    0.13197555339063   -1.41404805921793
   0.78972472790569    0.13144623579336   -1.41148330398747
   0.77878248916579    0.12962494789051   -1.40079313614132
   0.77738969442814    0.12939312328248   -1.39978442765090
   0.76528468776030    0.12737829773060   -1.38787393600018
   0.76447568544534    0.12724364282454   -1.38708153605613
   0.75178423851254    0.12513120684889   -1.37576047352150
   0.75096383386422    0.12499465407418   -1.37498227219479
   0.73902384046395    0.12300729426081   -1.36367025464748
   0.73740142461243    0.12273725022010   -1.36206686777279
   0.72998555310868    0.12150291075997   -1.34916055120204
   0.72600191057161    0.12083985083828   -1.34189851793499
   0.72069143311451    0.11995594503245   -1.33625221376651
   0.71365496527599    0.11878475565725   -1.33234956639163
   0.70100464695222    0.11667916535915   -1.32824648761334
   0.69222368774677    0.11521761300626   -1.32324397522380
   0.68808820072528    0.11452927923255   -1.32029687098583
   0.67618965482343    0.11254881817448   -1.31040923812084
   0.67536765845110    0.11241200046426   -1.30963321262614
   0.66268908119705    0.11030170659049   -1.29910173955466
   0.66100574502431    0.11002152262808   -1.29752250383711
   0.65013057561629    0.10821139812294   -1.28839164180399
   0.64598466629644    0.10752132960314   -1.28457686383099
   0.63708043762115    0.10603925958475   -1.27755830060320
   0.63055803713995    0.10495363447856   -1.27205838859195
   0.62439990026210    0.10392863946006   -1.26686437045815
   0.61493279095821    0.10235288041660   -1.25876873091207
   0.61160283151273    0.10179862319381   -1.25577784363237
   0.59994938507494    0.09985895787229   -1.24567752022767
   0.59913407107406    0.09972325241364   -1.24487954935516
   0.58602948656546    0.09754205149081   -1.23421029761108
   0.58498884061690    0.09736884051248   -1.23313949499075
   0.57357877550000    0.09546968495007   -1.22406673754249
   0.56877905686638    0.09467079272223   -1.22004457667021
   0.56064530591390    0.09331696535960   -1.21302216712041
   0.55437219039727    0.09227283264827   -1.20716287106944
   0.54806801325827    0.09122352986539   -1.20149806332012
   0.53934458827509    0.08977155383280   -1.19422562577695
   0.53537559519555    0.08911093224940   -1.19099434562332
   0.52408005753534    0.08723083928254   -1.18151041430833
   0.52260489335403    0.08698530463995   -1.18055597018748
   0.50971054053467    0.08483909586466   -1.16945861884620
   0.50887832582431    0.08470057735664   -1.16869748205363
   0.49738085279002    0.08278687312770   -1.16008534984405
   0.49099573912779    0.08172409881362   -1.15528320372284
   0.48426760920534    0.08060423093943   -1.14929016546835
   0.47778025103610    0.07952443847320   -1.14282354170909
   0.47168553647280    0.07850999982227   -1.13776218503282
   0.46278229375506    0.07702809391222   -1.12988886982973
   0.45888098635275    0.07637873831452   -1.12648674521154
   0.44768939427811    0.07451594663691   -1.11697258288006
   0.44602037145393    0.07423814506892   -1.11545760689332
   0.43351436535017    0.07215657491028   -1.10548439071432
   0.43182531285424    0.07187543949081   -1.10389770616909
   0.42048485887499    0.06998787039858   -1.09378199789059
   0.41803766069336    0.06958054493713   -1.09139004089912
   0.40769884654093    0.06785969442443   -1.08244906297595
   0.40227433190908    0.06695680762835   -1.07826784326394
   0.39548207118765    0.06582626546244   -1.07299883126080
   0.38719952419676    0.06444767164834   -1.06534806561867
   0.38234807134165    0.06364016848503   -1.06085701292862
   0.37124690507685    0.06179242778898   -1.05245128054780
   0.36955800709477    0.06151131808767   -1.05085476234810
   0.35692975370482    0.05940940040154   -1.04038430950825
   0.35603026843055    0.05925968500164   -1.03956046016665
   0.34444946915782    0.05733211148382   -1.03124312587792
   0.33806261558128    0.05626904756859   -1.02641278364435
   0.33177125069148    0.05522187732870   -1.02233868560983
   0.31930325415374    0.05314663369651   -1.01385269902574
   0.31845698970466    0.05300577667078   -1.01311600185320
   0.30617618080230    0.05096168960389   -1.00487109106487
   0.29912126083835    0.04978742895291   -1.00057319956601
   0.29352240822871    0.04885552436098   -0.99655462087909
   0.28137790610766    0.04683412496321   -0.98807821357701
   0.28055414231038    0.04669701307281   -0.98731718269744
   0.26842652209799    0.04467842359509   -0.97990076751384
   0.26106374381733    0.04345292127032   -0.97456280233737
   0.25529950102502    0.04249348820399   -0.97097549581570
   0.24261175502572    0.04038166823258   -0.96266524341960
   0.24175805892890    0.04023957424150   -0.96194421178587
   0.22989304762974    0.03826469487176   -0.95378514031422
   0.22340498494370    0.03718478514178   -0.94913133007983
   0.21713198501252    0.03614067166913   -0.94492582057091
   0.20584118278901    0.03426136689505   -0.93624978353506
   0.20405848182720    0.03396464409697   -0.93466202524517
   0.19193379147442    0.03194654228160   -0.92843138232057
   0.18516424312770    0.03081978049137   -0.92346336196684
   0.17868748757727    0.02974175278479   -0.91871648277429
   0.16622183118786    0.02766689866008   -0.91103735479461
   0.16536813631134    0.02752480487211   -0.91031633338734
   0.15354597526618    0.02555705774021   -0.90294067662907
   0.14552494751479    0.02422199266265   -0.89732726457074
   0.14086457184958    0.02344629346402   -0.89388954700338
   0.12810737700966    0.02132291403606   -0.88598526691546
   0.12565289912605    0.02091437689996   -0.88441072492226
   0.11534159258065    0.01919810490846   -0.87794004553443
   0.10717501698753    0.01783881402759   -0.87171232041618
   0.10235370094090    0.01703632700458   -0.86789926398498
   0.08987232650736    0.01495885667999   -0.86100369591932
   0.08660067055233    0.01441430381884   -0.85875258626849
   0.07695330756508    0.01280854233614   -0.85242156782784
   0.06675235877832    0.01111063891213   -0.84569779774903
   0.06438187966759    0.01071608300534   -0.84407728690931
   0.05183793308640    0.00862819781975   -0.83909362939328
   0.03917154317478    0.00651993247596   -0.83576766465783
   0.02649767074190    0.00441042169915   -0.83592290982566
   0.01376755691715    0.00229154978803   -0.83956189949077
   0.00242710227452    0.00040398058538   -0.84469877662618
   0.00080830311152    0.00013453852670   -0.84543585659388
  -0.01206324609672   -0.00200787468700   -0.85252342447237
  -0.02074672909393   -0.00345320255028   -0.85762959585816
  -0.02470078523014   -0.00411133794462   -0.86006178865372
  -0.03736485355639   -0.00621921687065   -0.86655800089981
  -0.04312874791891   -0.00717859194235   -0.87035713113268
  -0.05045777670967   -0.00839847681176   -0.87588216444817
  -0.06203578420971   -0.01032558565119   -0.88360873659015
  -0.06293232549546   -0.01047481103705   -0.88439442957086
  -0.07593907814322   -0.01263972827344   -0.89240301391546
  -0.08215300940147   -0.01367401002316   -0.89614972207970
  -0.08831602816379   -0.01469981761004   -0.90056365080994
  -0.10105850237899   -0.01682074685424   -0.90847229303794
  -0.10192862815933   -0.01696557549446   -0.90914493074317
  -0.11385604453491   -0.01895084191693   -0.91730696065744
  -0.12038965533591   -0.02003833293195   -0.92181303756640
  -0.12668841807583   -0.02108673451171   -0.92614361670459
  -0.13942022900886   -0.02320588889911   -0.93397758619960
  -0.14103018126118   -0.02347385842811   -0.93486577154012
  -0.15224913788578   -0.02534120481569   -0.94283780205898
  -0.16009870717663   -0.02664773138048   -0.94778468364404
  -0.16491048040614   -0.02744863004321   -0.95091069116354
  -0.17765984253230   -0.02957070575014   -0.95897379472331
  -0.18008862381323   -0.02997496579882   -0.96064703692066
  -0.18990622490025   -0.03160906267056   -0.96700246909187
  -0.19987522881007   -0.03326835988167   -0.97339385070302
  -0.20368815498194   -0.03390300480912   -0.97559682746793
  -0.21593971627498   -0.03594222373903   -0.98478003163606
  -0.21822490976368   -0.03632258422609   -0.98625349595213
  -0.22863548210592   -0.03805537857643   -0.99284618523190
  -0.23887313562115   -0.03975939134238   -0.99940437123395
  -0.24121583487233   -0.04014932341273   -1.00094198713150
  -0.25428897570727   -0.04232529067326   -1.00939026491202
  -0.25818583301444   -0.04297390557204   -1.01205957819302
  -0.26661872464993   -0.04437752359635   -1.01732502161994
  -0.27778650793404   -0.04623635240465   -1.02537672448290
  -0.27940832859971   -0.04650629737927   -1.02675474940625
  -0.29180575165176   -0.04856979436264   -1.03628657435222
  -0.29428758199709   -0.04898288419666   -1.03853188815239
  -0.30535570719053   -0.05082512535052   -1.04813933072953
  -0.30789563072403   -0.05124788454228   -1.05062414704821
  -0.31762954520597   -0.05286805214369   -1.05842447396471
  -0.32464906846201   -0.05403642116706   -1.06426127183654
  -0.33032105093564   -0.05498049790582   -1.06892557281808
  -0.33916150705136   -0.05645195325988   -1.07696302897647
  -0.34308025061217   -0.05710421103010   -1.08020712375229
  -0.35437479624548   -0.05898413887841   -1.08969012801291
  -0.35611493633635   -0.05927377760519   -1.09127219999334
  -0.36874306505540   -0.06137567454039   -1.10174096567472
  -0.36964073043185   -0.06152508702624   -1.10256465063122
  -0.38172708720211   -0.06353680838404   -1.11268554952645
  -0.38431147745242   -0.06396696886682   -1.11492197285918
  -0.39425424697997   -0.06562189947945   -1.12352564867087
  -0.40040834828068   -0.06664622279374   -1.12859175300066
  -0.40715484411431   -0.06776914759373   -1.13446389581534
  -0.41578293145747   -0.06920525509205   -1.14110495299655
  -0.41976600652676   -0.06986822056121   -1.14450849724793
  -0.42951806088176   -0.07149140746535   -1.15391886464662
  -0.43249651059313   -0.07198715742635   -1.15660810451088
  -0.44489731786577   -0.07405121769848   -1.16572422503305
  -0.44656430103087   -0.07432867977411   -1.16717784355978
  -0.45772036206175   -0.07618555746449   -1.17698331958561
  -0.46099382712393   -0.07673041144363   -1.18003521614214
  -0.47044390534878   -0.07830333573828   -1.18827839937348
  -0.47542523954206   -0.07913245708373   -1.19275732862619
  -0.48362375826808   -0.08049706475972   -1.19984368950761
  -0.49124352648334   -0.08176534193798   -1.20584369702254
  -0.49575042670705   -0.08251549581891   -1.20944221002389
  -0.50709074903783   -0.08440304299882   -1.21877774838484
  -0.50878341229622   -0.08468477941395   -1.22025132277177
  -0.52151138130546   -0.08680329432990   -1.23080661700170
  -0.52234360951277   -0.08694181508442   -1.23156778051551
  -0.53410408283808   -0.08889929456446   -1.24151578427148
  -0.53801926481222   -0.08955095952412   -1.24476602499952
  -0.54697657512492   -0.09104186474948   -1.25258721593184
  -0.55196380468679   -0.09187196735332   -1.25721883569106
  -0.55990464271892   -0.09319368520194   -1.26356202483420
  -0.56769574380530   -0.09449047998916   -1.27035762174718
  -0.57242826734636   -0.09527818788698   -1.27436799359569
  -0.58289540765819   -0.09702039772909   -1.28308587272329
  -0.58553028074194   -0.09745896085927   -1.28540102399880
  -0.59753723822070   -0.09945746655137   -1.29499306365317
  -0.59918707756915   -0.09973207511351   -1.29656132458072
  -0.61062178844644   -0.10163533285522   -1.30663623169630
  -0.61376571978335   -0.10215862651088   -1.30910550593673
  -0.62336324902657   -0.10375609338428   -1.31712328909592
  -0.62893933920702   -0.10468420926918   -1.32199288633317
  -0.63605532517330   -0.10586863408985   -1.32761267893834
  -0.64482296157272   -0.10732796891980   -1.33491062071969
  -0.64901211763791   -0.10802523567170   -1.33860279132347
  -0.65974471323015   -0.10981162938718   -1.34695254558406
  -0.66205099517010   -0.11019549995495   -1.34867511567075
  -0.67418077120986   -0.11221444826074   -1.36008819314300
  -0.67497649095043   -0.11234689234024   -1.36089491729343
  -0.68749539551807   -0.11443060939192   -1.37126171415392
  -0.68980444296489   -0.11481494026625   -1.37312135907093
  -0.69964323899098   -0.11645256494314   -1.38186929457585
  -0.70451898487701   -0.11726411157547   -1.38653492427078
  -0.71268290393620   -0.11862296028785   -1.39347530794885
  -0.71953608078103   -0.11976364167676   -1.39961716074185
  -0.72510622167425   -0.12069076732875   -1.40526434739919
  -0.73239990481195   -0.12190476906840   -1.41234063128269
  -0.73803701381263   -0.12284304126973   -1.41797066335707
  -0.74593379675889   -0.12415742634149   -1.42524674089115
  -0.75066964181976   -0.12494568709179   -1.42926068951250
  -0.75967282929232   -0.12644422837028   -1.43793049698930
  -0.76373978846565   -0.12712115598261   -1.44193062822556
  -0.77392727402702   -0.12881681851149   -1.45087224889643
  -0.77646959273161   -0.12923997636903   -1.45322699119850
  -0.78681276910696   -0.13096155295470   -1.46371658205287
  -0.78919966406728   -0.13135884120804   -1.46613726373948
  -0.80109892013953   -0.13333942047088   -1.47666129477629
  -0.80189468230409   -0.13347187161166   -1.47746806662857
  -0.81433775913714   -0.13554296746772   -1.48896209659660
  -0.81517007523165   -0.13568150285068   -1.48972335630021
  -0.82735240744035   -0.13770919890151   -1.50162571639520
  -0.82818567258220   -0.13784789224926   -1.50244768060634
  -0.84007988993576   -0.13982763283935   -1.51372848170766
  -0.84227986207437   -0.14019380860447   -1.51558851536260
  -0.85280696068646   -0.14194599824408   -1.52583119154142
  -0.85523775752146   -0.14235059377294   -1.52826881709511
  -0.86553347512908   -0.14406427105376   -1.53793381928674
  -0.86876395784816   -0.14460197080940   -1.54117950300116
  -0.87789072205163   -0.14612108089565   -1.54967527175882
  -0.88339759175769   -0.14703767533455   -1.55454450174799
  -0.89098390799323   -0.14830038457673   -1.56213868124953
  -0.89581668342044   -0.14910477896365   -1.56700111477512
  -0.90335592838036   -0.15035965339735   -1.57387936737412
  -0.90984945517064   -0.15144047260364   -1.58015503595011
  -0.91622249989977   -0.15250123809646   -1.58577828472695
  -0.92418732027022   -0.15382694770067   -1.59305920747303
  -0.92923530960571   -0.15466716350375   -1.59847163448243
  -0.93697864457474   -0.15595600782912   -1.60595047539558
  -0.94175356202425   -0.15675077200806   -1.61079146026218
  -0.95057354963302   -0.15821882046843   -1.61869647380734
  -0.95448638848983   -0.15887009542643   -1.62208698046262
  -0.96417552568518   -0.16048281004382   -1.63158190263855
  -0.96734582584884   -0.16101049267566   -1.63428315271384
  -0.97777318735526   -0.16274608150914   -1.64446792094023
  -0.98019479764894   -0.16314914797827   -1.64720374513867
  -0.99161798705140   -0.16505048802076   -1.65673044313883
  -0.99353939648707   -0.16537029823919   -1.65833729644460
  -1.00451246842393   -0.16719671819316   -1.67067317551821
  -1.00526335155774   -0.16732169941506   -1.67151701126758
  -1.01822798561344   -0.16947960619554   -1.68235093959008
  -1.01915089231728   -0.16963321999023   -1.68320248858832
  -1.03108714888900   -0.17161995782479   -1.69530722131367
  -1.03245835433550   -0.17184818898948   -1.69619719681612
  -1.04362006411550   -0.17370600688951   -1.70680655463532
  -1.04660435285649   -0.17420272873152   -1.70942873885855
  -1.05615484439546   -0.17579236638425   -1.71911133575327
  -1.05940917717265   -0.17633403587802   -1.72219136913954
  -1.06992693025779   -0.17808466999545   -1.73258424309535
  -1.07198198349621   -0.17842672464183   -1.73453473054150
  -1.08182192555475   -0.18006454007082   -1.74392330429541
  -1.08650742468337   -0.18084442096034   -1.74799276499622
  -1.09500235729802   -0.18225836543498   -1.75627234595795
  -1.09967154232792   -0.18303553091394   -1.76042778359177
  -1.10700186281564   -0.18425563078066   -1.76764380802436
  -1.11278402483410   -0.18521804642401   -1.77380872317213
  -1.12010399412388   -0.18643642337900   -1.77998781795256
  -1.12731199809279   -0.18763616419478   -1.78650913388017
  -1.13295799757129   -0.18857591617735   -1.79213611423018
  -1.14012128734927   -0.18976821451112   -1.79939844757299
  -1.14536855115771   -0.19064159868089   -1.80461544136986
  -1.15351244059655   -0.19199711355035   -1.81235690367955
  -1.15822820318155   -0.19278203166015   -1.81654554589259
  -1.16773274948436   -0.19436402192876   -1.82543916810669
  -1.17116220792397   -0.19493484032506   -1.82925497687106
  -1.18051431139020   -0.19649145714855   -1.83833296399807
  -1.18349887352995   -0.19698822449659   -1.84095538888774
  -1.19538467392271   -0.19896656412027   -1.85147765381720
  -1.19620691294703   -0.19910342221886   -1.85225391960188
  -1.20891914855001   -0.20121931837797   -1.86357983094146
  -1.20973978519294   -0.20135590976717   -1.86435825842252
  -1.22130656004897   -0.20328114898201   -1.87686529308463
  -1.22210253205367   -0.20341363504977   -1.87767226467293
  -1.23441360157075   -0.20546275886397   -1.88858088897123
  -1.23602242241321   -0.20573054007473   -1.89010135153883
  -1.24717493973239   -0.20758682792975   -1.90067075213426
  -1.24960788526762   -0.20799178110039   -1.90297058083961
  -1.26007674577763   -0.20973427726198   -1.91257565642937
  -1.26335597269280   -0.21028009027641   -1.91565018379580
  -1.27304459558786   -0.21189271929077   -1.92528422036035
  -1.27682537156989   -0.21252201295938   -1.92871381899983
  -1.28541904231477   -0.21395239196506   -1.93777443602864
  -1.28946152864083   -0.21462524617873   -1.94167304339715
  -1.29842993937906   -0.21611799902150   -1.94946108167761
  -1.30340940533976   -0.21694680940779   -1.95413207687149
  -1.31075946656874   -0.21817019503478   -1.96130739773854
  -1.31793358163648   -0.21936429519080   -1.96771575326828
  -1.32393020347091   -0.22036240673493   -1.97368020863640
  -1.33021908455110   -0.22140916355554   -1.98034358997027
  -1.33683602120756   -0.22251052379569   -1.98623622164204
  -1.34388986076993   -0.22368460461854   -1.99307374593459
  -1.34932953223640   -0.22459001420362   -1.99892822234348
  -1.35778658865024   -0.22599765434987   -2.00641196774026
  -1.36191997247855   -0.22668563805625   -2.01023574744773
  -1.37150798708375   -0.22828152125966   -2.01912014231769
  -1.37473652660259   -0.22881889757810   -2.02232911023757
  -1.38504438378953   -0.23053459543894   -2.03203166155255
  -1.38747351843863   -0.23093891430420   -2.03443503321369
  -1.39782265874778   -0.23266148356064   -2.04492693536319
  -1.40015840809232   -0.23305025884935   -2.04711036706670
  -1.41195282324128   -0.23501338779787   -2.05804179021280
  -1.41274892507286   -0.23514589547476   -2.05884887194942
  -1.42577726099122   -0.23731440515237   -2.06970917043369
  -1.42668019740211   -0.23746469497892   -2.07055186563404
  -1.43827659604394   -0.23939486494367   -2.08303308664920
  -1.43904239694285   -0.23952232916250   -2.08386678365085
  -1.45054018053251   -0.24143608508202   -2.09400144319397
  -1.45390471085731   -0.24199609647686   -2.09708351059938
  -1.46350022126778   -0.24359322732436   -2.10666924551520
  -1.46668478814240   -0.24412328458800   -2.10989770198505
  -1.47641037500098   -0.24574206609283   -2.11940098311476
  -1.47962217035279   -0.24627665541771   -2.12260996424607
  -1.48931254632164   -0.24788957622355   -2.13129786355481
  -1.49335557076349   -0.24856252000424   -2.13532236938978
  -1.50227520217102   -0.25004715374022   -2.14398323734179
  -1.50689013639405   -0.25081528940904   -2.14823656143610
  -1.51461348362870   -0.25210080686322   -2.15492524069633
  -1.52115875119272   -0.25319023809558   -2.16118223019576
  -1.52773495305945   -0.25428481820768   -2.16738488456310
  -1.53550124206781   -0.25557748313276   -2.17409034501217
  -1.54039108849899   -0.25639137673932   -2.17971484972017
  -1.54733286022240   -0.25754680435927   -2.18715862592636
  -1.55262291171524   -0.25842731035246   -2.19149048424043
  -1.56173314551321   -0.25994366902482   -2.19994679283476
  -1.56580719739569   -0.26062177718765   -2.20393067875184
  -1.57456568487520   -0.26207958921979   -2.21280968092225
  -1.57854684193085   -0.26274223544395   -2.21684561367246
  -1.58867230707340   -0.26442757494468   -2.22594680832294
  -1.59108696644142   -0.26482948446256   -2.22834801614580
  -1.60236003675626   -0.26670583783780   -2.23867998080174
  -1.60402562306775   -0.26698306741324   -2.24025439857428
  -1.61616769478099   -0.26900406228024   -2.25135318866524
  -1.61696395948943   -0.26913659706727   -2.25216040206310
  -1.62943870322464   -0.27121296374104   -2.26367972490372
  -1.63030134165334   -0.27135654614425   -2.26447091180000
  -1.64224557459681   -0.27334461161109   -2.27657930931868
  -1.64301512615847   -0.27347270011136   -2.27735942459273
  -1.65481160587958   -0.27543617269891   -2.28887211039260
  -1.65637948716522   -0.27569713969904   -2.29050402381240
  -1.66784464188600   -0.27760546468569   -2.30056772666328
  -1.67031435706763   -0.27801653800356   -2.30301667534186
  -1.68093752867450   -0.27978471857404   -2.31336187509590
  -1.68318914510653   -0.28015949030650   -2.31589954776841
  -1.69300893500289   -0.28179395149601   -2.32521608287037
  -1.69699060804483   -0.28245668360383   -2.32925242336838
  -1.70591939684831   -0.28394284154841   -2.33793703708448
  -1.71065104600388   -0.28473040390858   -2.34201203086258
  -1.71849119577066   -0.28603536263468   -2.34943446777099
  -1.72482202545986   -0.28708910161827   -2.35512210056565
  -1.73139034062204   -0.28818236902280   -2.36135205741827
  -1.73780258310083   -0.28924965881005   -2.36780057170409
  -1.74397418768154   -0.29027689546894   -2.37365341425214
  -1.75190630665281   -0.29159716206792   -2.38094789831919
  -1.75671596148236   -0.29239770813222   -2.38576310033710
  -1.76408293621137   -0.29362390893751   -2.39363451168203
  -1.76979873372052   -0.29457527849780   -2.39906296789726
  -1.77837440278858   -0.29600266120290   -2.40657621295216
  -1.78239949765889   -0.29667262068462   -2.41058848404316
  -1.79175711842224   -0.29823015583815   -2.41967092228187
  -1.79474339447639   -0.29872720845977   -2.42229469606735
  -1.80479372692491   -0.30040004245134   -2.43223330090190
  -1.80803295857690   -0.30093919842870   -2.43506780057098
  -1.82002878673051   -0.30293585169318   -2.44510250225179
  -1.82082523870194   -0.30306841764931   -2.44590986220568
  -1.83270686308801   -0.30504606219490   -2.45803340612484
  -1.83352800285264   -0.30518273732651   -2.45881222693094
  -1.84609230916802   -0.30727401130104   -2.47033828599479
  -1.84690919696864   -0.30740997871179   -2.47114065905950
  -1.85845755722365   -0.30933215289662   -2.48204020407778
  -1.86084703090642   -0.30972987036707   -2.48446237404817
  -1.87157835885894   -0.31151605308945   -2.49536799937923
  -1.87319299376209   -0.31178480202525   -2.49697723960019
  -1.88432051099439   -0.31363692872488   -2.50747974485116
  -1.88673325434584   -0.31403851933016   -2.50989583314204
  -1.89668912827019   -0.31569563111246   -2.51918097627405
  -1.90081342967803   -0.31638210308957   -2.52308238451260
  -1.90980454572105   -0.31787863513127   -2.53170406439492
  -1.91381446305712   -0.31854606837863   -2.53573354009308
  -1.92217756314837   -0.31993806990488   -2.54340405953967
  -1.92791174313416   -0.32089249914821   -2.54889913920971
  -1.93528756270383   -0.32212017213864   -2.55592982563755
  -1.94149368408897   -0.32315315396905   -2.56177375593828
  -1.94786631498185   -0.32421385058063   -2.56823341132940
  -1.95449409647529   -0.32531701589658   -2.57436616866804
  -1.96061078234437   -0.32633511157550   -2.57953815592718
  -1.96934740082828   -0.32778928360874   -2.58764019917665
  -1.97355543851156   -0.32848969312359   -2.59225605780580
  -1.98077209782151   -0.32969087458313   -2.60030699602122
  -1.98625225684295   -0.33060302314511   -2.60519341155797
  -1.99563778351554   -0.33216520311549   -2.61347758757637
  -1.99864785283717   -0.33266621602268   -2.61607705766258
  -2.00856907355864   -0.33431755993054   -2.62619458865303
  -2.01179268556383   -0.33485411608582   -2.62940113198141
  -2.02314396418879   -0.33674348689310   -2.63969684258654
  -2.02394062792699   -0.33687608809689   -2.64050436467844
  -2.03655801215700   -0.33897619665876   -2.65185054888539
  -2.03740249698053   -0.33911675747358   -2.65259354831494
  -2.04983133299192   -0.34118548300699   -2.66432721624553
  -2.05062802466207   -0.34131808885993   -2.66513475998421
  -2.06237897285150   -0.34327398292266   -2.67664229282742
  -2.06397238566663   -0.34353919953449   -2.67825740284054
  -2.07546734944629   -0.34545248610895   -2.68837596837742
  -2.07861494984813   -0.34597639046446   -2.69084805509657
  -2.08812004417856   -0.34755847194987   -2.70143265894948
  -2.09046272170992   -0.34794840040506   -2.70389797745417
  -2.10040188867826   -0.34960273138742   -2.71243315124874
  -2.10539317413668   -0.35043350907754   -2.71708465703882
  -2.11374202642391   -0.35182313911896   -2.72551019142397
  -2.11834745576761   -0.35258969274208   -2.72974133450404
  -2.12611561761487   -0.35388266939302   -2.73721165781996
  -2.13169308456568   -0.35481101443534   -2.74286493380301
  -2.13903776719783   -0.35603350481835   -2.74996283664147
  -2.14540548124653   -0.35709338304267   -2.75562511146534
  -2.15197731361920   -0.35818723587154   -2.76185768345511
  -2.15898218470167   -0.35935316610454   -2.76850757408824
  -2.16455991758028   -0.36028155540938   -2.77416105111460
  -2.17188456062161   -0.36150071028992   -2.78126046912041
  -2.17746362639989   -0.36242932145010   -2.78609328390190
  -2.18561988194343   -0.36378689460373   -2.79397626372955
  -2.19050864697076   -0.36460060821534   -2.79963475335194
  -2.19882299106561   -0.36598449451868   -2.80727538067508
  -2.20295396901879   -0.36667207777764   -2.81113650190306
  -2.21253355129540   -0.36826655745674   -2.82002098088154
  -2.21563688023718   -0.36878309302086   -2.82335913045688
  -2.22691344649667   -0.37066002828084   -2.83372501079453
  -2.22771041917020   -0.37079268090556   -2.83453263208119
  -2.24050425821829   -0.37292215960212   -2.84570214171765
  -2.24135929874936   -0.37306447736841   -2.84642425175167
  -2.25380517202092   -0.37513603867946   -2.85816151199773
  -2.25460209980046   -0.37526868383177   -2.85896923487446
  -2.26655614501100   -0.37725838250766   -2.87108516009667
  -2.26735308864898   -0.37739103029954   -2.87189289519515
  -2.27929108993435   -0.37937805853407   -2.88322191539535
  -2.28090066851465   -0.37964596586699   -2.88481696898937
  -2.29222164860114   -0.38153029361472   -2.89513239711969
  -2.29464754723825   -0.38193407385991   -2.89753951527522
  -2.30462986657999   -0.38359558736657   -2.90759791787471
  -2.30779763297084   -0.38412284826298   -2.91086746869519
  -2.31770253049364   -0.38577147524563   -2.91938026039213
  -2.32174409086389   -0.38644417533799   -2.92338869192141
  -2.32996625184972   -0.38781271816498   -2.93195077707841
  -2.33489507531894   -0.38863309932949   -2.93678154305827
  -2.34335447075020   -0.39004112879499   -2.94335639728751
  -2.34946774833238   -0.39105865717943   -2.94940815542173
  -2.35601520369077   -0.39214845256062   -2.95650903785180
  -2.36234323930265   -0.39320172648222   -2.96220115998771
  -2.36856784957899   -0.39423778570792   -2.96802080449420
  -2.37693629263419   -0.39563067654720   -2.97569529001379
  -2.38112140830824   -0.39632727079362   -2.98034033886325
  -2.38865140532979   -0.39758060594832   -2.98804808146053
  -2.39407394839278   -0.39848316458536   -2.99306417578594
  -2.40323984049509   -0.40000878733967   -3.00154677529507
  -2.40642830869569   -0.40053949396200   -3.00477823815052
  -2.41557603940898   -0.40206209383234   -3.01409776309529
  -2.41973466069812   -0.40275427820397   -3.01793197980585
  -2.42992623443647   -0.40445062119208   -3.02701972592631
  -2.43221484526750   -0.40483155048086   -3.02949118283548
  -2.44360897850735   -0.40672805425184   -3.03979514319485
  -2.44528689164608   -0.40700733557390   -3.04133628274354
  -2.45644736032698   -0.40886494689840   -3.05264703389687
  -2.45804172859744   -0.40913032254160   -3.05426286975852
  -2.47057030453702   -0.41121564935095   -3.06500942034486
  -2.47139218149445   -0.41135244718509   -3.06578878730460
  -2.48353590973247   -0.41337371777341   -3.07770060063757
  -2.48434726129354   -0.41350876370123   -3.07850164565630
  -2.49628992018408   -0.41549656717383   -3.08982069707779
  -2.49794087240014   -0.41577136096793   -3.09133448788590
  -2.50866058710168   -0.41755561071535   -3.10072113181816
  -2.51264685837649   -0.41821910817897   -3.10476098379055
  -2.52181629658906   -0.41974532116787   -3.11486057453408
  -2.52480561068348   -0.42024287945803   -3.11748658739644
  -2.53380316105419   -0.42174048246550   -3.12533475815694
  -2.53977441945633   -0.42273437237698   -3.13073096486073
  -2.54710807186282   -0.42395502682706   -3.13771957828852
  -2.55270857494098   -0.42488720613227   -3.14334348374038
  -2.55988441734621   -0.42608159379608   -3.15061564098176
  -2.56546568965867   -0.42701057222424   -3.15627181166467
  -2.57244189113035   -0.42817173052559   -3.16293814259215
  -2.57962028990363   -0.42936654368571   -3.16944203783821
  -2.58537447595327   -0.43032430285109   -3.17489838509848
  -2.59317148290235   -0.43162208064340   -3.18233187159798
  -2.59812871016012   -0.43244718949460   -3.18702609019068
  -2.60672607287285   -0.43387818301222   -3.19526120907291
  -2.61071300946325   -0.43454179121472   -3.19930157196843
  -2.61981715836655   -0.43605713708291   -3.20784687759866
  -2.62406927459181   -0.43676488327879   -3.21243330795127
  -2.63280740653598   -0.43821930722088   -3.22126506752500
  -2.63600692498992   -0.43875185310967   -3.22387602612884
  -2.64676737340300   -0.44054288280567   -3.23390025357585
  -2.64918642114847   -0.44094552274983   -3.23627285093680
  -2.66112336772797   -0.44293237543318   -3.24682325772756
  -2.66194711275017   -0.44306948419854   -3.24760066122182
  -2.67370655574736   -0.44502679218497   -3.25989057351266
  -2.67450449666821   -0.44515960597023   -3.26071921675541
  -2.68723521427892   -0.44727857837890   -3.27133226285688
  -2.68885678355191   -0.44754848151031   -3.27284254404336
  -2.70002186474932   -0.44940686056806   -3.28415683977650
  -2.70161689397118   -0.44967234622374   -3.28577318398405
  -2.71257092837943   -0.45149559746412   -3.29572253734290
  -2.71577163708021   -0.45202834146431   -3.29890658152437
  -2.72591441069919   -0.45371656188543   -3.30882410879843
  -2.72905452301973   -0.45423921988248   -3.31130692659521
  -2.73814051986907   -0.45575154442048   -3.32061477496712
  -2.74230806825941   -0.45644521466916   -3.32464986439690
  -2.75160732116666   -0.45799303474767   -3.33283009169887
  -2.75624520563446   -0.45876499038461   -3.33709602463188
  -2.76422119129746   -0.46009255840305   -3.34517838945311
  -2.76960454018095   -0.46098859333990   -3.35023003723549
  -2.77658318187057   -0.46215015780488   -3.35689823167328
  -2.78296419572858   -0.46321224972444   -3.36336430147977
  -2.78932820190881   -0.46427151079022   -3.36908226335160
  -2.79670479682324   -0.46549931283340   -3.37613127839665
  -2.80267832954164   -0.46649358129490   -3.38214327725908
  -2.80950364592494   -0.46762962543152   -3.38899746401451
  -2.81486857557260   -0.46852259456692   -3.39407976396019
  -2.82364764249410   -0.46998383195741   -3.40219422325180
  -2.82800202423801   -0.47070859980273   -3.40662903361703
  -2.83779992478670   -0.47233941760582   -3.41529890347946
  -2.84004672247236   -0.47271338727896   -3.41706341737949
  -2.85076705438299   -0.47449773975814   -3.42805606066092
  -2.85332201782473   -0.47492300227702   -3.43034334645542
  -2.86467352386567   -0.47681241093669   -3.44060674939880
  -2.86631666284702   -0.47708590425196   -3.44217748974330
  -2.87748530084303   -0.47894487532332   -3.45349458007775
  -2.87888086403445   -0.47917716072840   -3.45450519446369
  -2.89124537434242   -0.48123517952911   -3.46622699221655
  -2.89204316233098   -0.48136796785946   -3.46703537946927
  -2.90438227874505   -0.48342175995730   -3.47801384247678
  -2.90600285492668   -0.48369149779299   -3.47956651677811
  -2.91678529921958   -0.48548618860723   -3.49043202777858
  -2.91916675847955   -0.48588257211196   -3.49290516760173
  -2.92972049379485   -0.48763919531462   -3.50247731755892
  -2.93292808347495   -0.48817308462380   -3.50563863535751
  -2.94230234995287   -0.48973339038390   -3.51473375526677
  -2.94701560588480   -0.49051789127224   -3.51896405652080
  -2.95544629153585   -0.49192114212007   -3.52731654373281
  -2.95925208673094   -0.49255460012754   -3.53144310417149
  -2.96842055506197   -0.49408065168389   -3.54081587018494
  -2.97236425329518   -0.49473706305046   -3.54410067087854
  -2.98118283912898   -0.49620487819150   -3.55213758365036
  -2.98718059677209   -0.49720317878604   -3.55738240649491
  -2.99374858435765   -0.49829639166687   -3.56368434794107
  -3.00014665960795   -0.49936132338074   -3.57011670542517
  -3.00671166091101   -0.50045403920788   -3.57639684060237
  -3.01387616583129   -0.50164653979678   -3.58288474569703
  -3.01912358232033   -0.50251994937958   -3.58803262890298
  -3.02707654437779   -0.50384368521932   -3.59619254489459
  -3.03204612490933   -0.50467085021905   -3.60088889155164
  -3.04082900587037   -0.50613272243978   -3.60895684737665
  -3.04446713491773   -0.50673827314841   -3.61244276060687
  -3.05517827454067   -0.50852109561140   -3.62194667604433
  -3.05759692714178   -0.50892366978551   -3.62429206757605
  -3.06718596342217   -0.51051972304230   -3.63478009774764
  -3.07016661238252   -0.51101583905870   -3.63743140343740
  -3.08214933272138   -0.51301031058460   -3.64798864634724
  -3.08283761606845   -0.51312487234509   -3.64869631233419
  -3.09491073784226   -0.51513439079546   -3.66090394391900
  -3.09588268266774   -0.51529616677156   -3.66169215689294
  -3.10822900579806   -0.51735115839589   -3.67323038789450
  -3.10905179167594   -0.51748810751587   -3.67401046002565
  -3.12123920574512   -0.51951664942020   -3.68514339994267
  -3.12283547053360   -0.51978234073056   -3.68676073369427
  -3.13420061995163   -0.52167402027083   -3.69790089966611
  -3.13580480477665   -0.52194102983672   -3.69949769869731
  -3.14657880686286   -0.52373431548248   -3.70960676400523
  -3.15002211010539   -0.52430743828583   -3.71274676282363
  -3.15991752896313   -0.52595448758603   -3.72116016454884
  -3.16453469434100   -0.52672299462084   -3.72537833728566
  -3.17234847019615   -0.52802356352440   -3.73438830928940
  -3.17630986733128   -0.52868292079599   -3.73851927079515
  -3.18476545713564   -0.53009031683149   -3.74612623627933
  -3.19048569054797   -0.53104242472851   -3.75167131625375
  -3.19786101409064   -0.53227001515741   -3.75954733456897
  -3.20283326731141   -0.53309762501460   -3.76425281339709
  -3.21101959153618   -0.53446020296905   -3.77209418745168
  -3.21641896196051   -0.53535890462148   -3.77713912791951
  -3.22340332378659   -0.53652142117822   -3.78381190364673
  -3.23060067473086   -0.53771938884452   -3.79032089535476
  -3.23637512808781   -0.53868052141479   -3.79655093943199
  -3.24399833595242   -0.53994937110768   -3.80346250662624
  -3.24893631523280   -0.54077127621701   -3.80814398627939
  -3.25773819493127   -0.54223631069471   -3.81619654303417
  -3.26171907728124   -0.54289891119530   -3.82021067110828
  -3.26944835594232   -0.54418541590953   -3.82923840579684
  -3.27422466111697   -0.54498041106927   -3.84033540198507
  -3.27498222466494   -0.54510650421696   -3.84197115501130
  -3.27856484773336   -0.54570281619754   -3.85468916560728
  -3.27956440302376   -0.54586918781508   -3.86752903513044
  -3.27958167252385   -0.54587206224803   -3.88046137726004
  -3.27959903043348   -0.54587495139637   -3.89339385355205
  -3.28040159807180   -0.54600853527857   -3.90638773437844
  -3.28073609354793   -0.54606421059134   -3.91930026570653
  -3.28111500351987   -0.54612727850318   -3.93212487050719
  -3.27968690665769   -0.54588957801053   -3.94506588737743
  -3.27450354749287   -0.54502683048990   -3.95686987754935
  -3.27379908698479   -0.54490957611153   -3.95773951041867
  -3.26206695805436   -0.54295681443236   -3.96894739169653
  -3.25965453655952   -0.54255527739871   -3.97052457846584
  -3.24914041800547   -0.54080524823313   -3.97672341049629
  -3.23743433856670   -0.53885682237821   -3.98357530248843
  -3.23656678724741   -0.53871242224579   -3.98429378652659
  -3.22384340728028   -0.53659467115589   -3.99066052921670
  -3.21268837941504   -0.53473796543142   -3.99630497249450
  -3.21109481070418   -0.53447272287143   -3.99711132208419
  -3.19838417008167   -0.53235709218986   -4.00268970661333
  -3.18558249018923   -0.53022630841897   -4.00761796682070
  -3.18243291066915   -0.52970207464786   -4.00929939276530
  -3.17286463110930   -0.52810947625665   -4.01400717126544
  -3.16010830377430   -0.52598624122109   -4.01966250612610
  -3.15677468548875   -0.52543137500034   -4.02175758188509
  -3.14723921983760   -0.52384423834108   -4.02580064596511
  -3.13476362937915   -0.52176773073392   -4.03046706965982
  -3.12582701316546   -0.52028026995105   -4.03490286665802
  -3.12170772013017   -0.51959463159571   -4.03712577335317
  -3.10904062925391   -0.51748624957942   -4.04270774776120
  -3.09863229002056   -0.51575382692030   -4.04740627130281
  -3.09610761335647   -0.51533360550344   -4.04833459522191
  -3.08365076440259   -0.51326021733796   -4.05347473671226
  -3.07063036325154   -0.51109302836774   -4.05961303677373
  -3.06904229389584   -0.51082870115142   -4.06042935358658
  -3.05815705073691   -0.50901689991438   -4.06556841848954
  -3.04520629679626   -0.50686130341850   -4.07102313587322
  -3.04044508438719   -0.50606882038376   -4.07347791016803
  -3.03291839913644   -0.50481603645886   -4.07675238026198
  -3.01986623785991   -0.50264356115431   -4.08175497013801
  -3.01030640363264   -0.50105236845187   -4.08659320050631
  -3.00711980475854   -0.50052197297078   -4.08820594311557
  -2.99439505830985   -0.49840399443598   -4.09381540197123
  -2.98238723578870   -0.49640534476134   -4.09930803364850
  -2.98154460518883   -0.49626509257396   -4.10000468822499
  -2.96875247374219   -0.49413589810022   -4.10487978488662
  -2.95629653001910   -0.49206266060645   -4.11028072618335
  -2.95147606975335   -0.49126031602442   -4.11260844160707
  -2.94340811924195   -0.48991744085816   -4.11638743600146
  -2.93078983127736   -0.48781718187361   -4.12159109479389
  -2.92430297255010   -0.48673747253732   -4.12540753026086
  -2.91794577093041   -0.48567934406095   -4.12844893757778
  -2.90519882182634   -0.48355766999102   -4.13328404744579
  -2.89553142565791   -0.48194857407271   -4.13782679979692
  -2.89216327971707   -0.48138796087436   -4.13951068990168
  -2.87970751337527   -0.47931475290493   -4.14457022818159
  -2.86682211599709   -0.47717003472376   -4.15002757741651
  -2.86599653976507   -0.47703262116151   -4.15076860872671
  -2.85421668061672   -0.47507191499578   -4.15585648374386
  -2.84125653892513   -0.47291475594971   -4.16138880206086
  -2.83582329262390   -0.47201041580536   -4.16405680812277
  -2.82885699622742   -0.47085090616057   -4.16749727999588
  -2.81594931708277   -0.46870247927656   -4.17281871779218
  -2.80791606364811   -0.46736537928736   -4.17669232575528
  -2.80307325505574   -0.46655931492386   -4.17909204221807
  -2.79043115936042   -0.46445509324640   -4.18413961148390
  -2.77800312519092   -0.46238650117606   -4.18962203141180
  -2.77712755629850   -0.46224076655358   -4.19026744313095
  -2.76511512784228   -0.46024135024115   -4.19573114351967
  -2.75238101199664   -0.45812181221110   -4.20136367887755
  -2.74988248519127   -0.45770594332414   -4.20269841776422
  -2.73935541469065   -0.45595375836356   -4.20732543622466
  -2.72688366602100   -0.45387789020538   -4.21265851642300
  -2.72116499182630   -0.45292604183333   -4.21554333302657
  -2.71402639533562   -0.45173785358952   -4.21874025884505
  -2.70121623114946   -0.44960565764495   -4.22364321514421
  -2.69165860531637   -0.44801483252008   -4.22848175225277
  -2.68841085016805   -0.44747425784395   -4.23032789603062
  -2.67606038882438   -0.44541857743206   -4.23556922129998
  -2.66292356811730   -0.44323201093462   -4.24067000348438
  -2.66206629009863   -0.44308932074828   -4.24138386607006
  -2.65046183520687   -0.44115780985587   -4.24729589903712
  -2.63745417185085   -0.43899274103607   -4.25191866112877
  -2.63278076729655   -0.43821487323569   -4.25451643160854
  -2.62507945262855   -0.43693302300611   -4.25814588601131
  -2.61217561096306   -0.43478523485378   -4.26346100141415
  -2.60416065813033   -0.43345118091992   -4.26738251560462
  -2.59946476733367   -0.43266957038260   -4.26988598057268
  -2.58655296507080   -0.43052045722356   -4.27520795650910
  -2.57468767416868   -0.42854553131511   -4.28023527725063
  -2.57387849683108   -0.42841084727730   -4.28080514991347
  -2.56115110793833   -0.42629242891921   -4.28563610001073
  -2.54836149005679   -0.42416365281742   -4.28968902252937
  -2.54115886177517   -0.42296480676134   -4.29281940617612
  -2.53547299693131   -0.42201841936261   -4.29525163429627
  -2.52312432451400   -0.41996303670971   -4.29925703783421
  -2.51024095067349   -0.41781865533755   -4.30374783592813
  -2.50465420828452   -0.41688876643902   -4.30613778327543
  -2.49743682071878   -0.41568746376449   -4.30901963096691
  -2.48464689837769   -0.41355863698673   -4.31307245825391
  -2.47201577726733   -0.41145624198105   -4.31744282283598
  -2.46803361031534   -0.41079342766406   -4.31905504252269
  -2.45916219276983   -0.40931681891508   -4.32274929764021
  -2.44653990049288   -0.40721589343021   -4.32710791050878
  -2.43683612075186   -0.40560074162496   -4.33154521318887
  -2.43360750651062   -0.40506335286931   -4.33310743999326
  -2.42117065112419   -0.40299329254590   -4.33713784713346
  -2.40829998733754   -0.40085102670676   -4.34162283445740
  -2.40107791647289   -0.39964894451755   -4.34470868344514
  -2.39559938068425   -0.39873706613559   -4.34724490574209
  -2.38282559695343   -0.39661092555911   -4.35128826555061
  -2.37007157943569   -0.39448807498256   -4.35613120340475
  -2.36608963367559   -0.39382529748199   -4.35774349735075
  -2.35722581675794   -0.39234995382436   -4.36064979727770
  -2.34472663831769   -0.39026952010053   -4.36453542100235
  -2.33169283020200   -0.38810009959954   -4.36954684541753
  -2.32933537871416   -0.38770771208374   -4.37042562424550
  -2.31923052749947   -0.38602580368138   -4.37421002057302
  -2.30630754264002   -0.38387482922792   -4.37917488315698
  -2.29513126432569   -0.38201458645890   -4.38311715215097
  -2.29337170377218   -0.38172171528084   -4.38396313590086
  -2.28088499917182   -0.37964335777324   -4.38836267378389
  -2.26827273860055   -0.37754410202201   -4.39274556761520
  -2.25935232932067   -0.37605933881258   -4.39620146582001
  -2.25506752172513   -0.37534615128073   -4.39801060438645
  -2.24272185360945   -0.37329126868074   -4.40284837546432
  -2.22969430976970   -0.37112289084114   -4.40733331581833
  -2.22572821347340   -0.37046275141468   -4.40898018490859
  -2.21717500978900   -0.36903910797468   -4.41173724735540
  -2.20446774752514   -0.36692403960617   -4.41655949041613
  -2.19157016946899   -0.36477729400429   -4.42114067307795
  -2.19074296663160   -0.36463960970067   -4.42186784614740
  -2.17884841938907   -0.36265981420200   -4.42597034689860
  -2.16615782415469   -0.36054751998784   -4.43078811577465
  -2.15419922441488   -0.35855706323042   -4.43477456783852
  -2.15315502716703   -0.35838326115382   -4.43563333091098
  -2.14098361492968   -0.35635738268458   -4.43983395445191
  -2.12793650036019   -0.35418574738240   -4.44400448386053
  -2.11919797238303   -0.35273125752235   -4.44808094287427
  -2.11528272658068   -0.35207958193877   -4.45001220612625
  -2.10253909230084   -0.34995845960687   -4.45444615978532
  -2.08962430015410   -0.34780884879470   -4.45824940919332
  -2.08405093241636   -0.34688118604852   -4.46066965415050
  -2.07701969690570   -0.34571086757147   -4.46332603056758
  -2.06430835711254   -0.34359512051599   -4.46815186010287
  -2.05139284033802   -0.34144538909269   -4.47277395443538
  -2.04902553966044   -0.34105136222223   -4.47362963795642
  -2.03882200501559   -0.33935302839342   -4.47782785615635
  -2.02591696364700   -0.33720504055574   -4.48164193971398
  -2.01401285983788   -0.33522365440825   -4.48657258961132
  -2.01320621404102   -0.33508939173435   -4.48727484541986
  -2.00053735323962   -0.33298071512174   -4.49208431084516
  -1.98787225460949   -0.33087266470612   -4.49555685990501
  -1.97821881104683   -0.32926589113817   -4.49943991648786
  -1.97491463613511   -0.32871592563855   -4.50102633005305
  -1.96236343809205   -0.32662683347876   -4.50604888419482
  -1.94965212917886   -0.32451109156312   -4.51006903855558
  -1.94323543773802   -0.32344306126555   -4.51244542563264
  -1.93687714741246   -0.32238475157884   -4.51491758942582
  -1.92404730441872   -0.32024928018260   -4.51952704420064
  -1.91137574461334   -0.31814015433255   -4.52379266932595
  -1.90739457619787   -0.31747750621761   -4.52540536810671
  -1.89867779510038   -0.31602663603081   -4.52861507882035
  -1.88582865952757   -0.31388795346894   -4.53323842853083
  -1.87309767250513   -0.31176893621786   -4.53752700896150
  -1.87078835463600   -0.31138456033293   -4.53849473863050
  -1.86068794838369   -0.30970339177515   -4.54222396279147
  -1.84773205125353   -0.30754693921782   -4.54715427712406
  -1.83732310204053   -0.30581441503025   -4.55115399413395
  -1.83487672214829   -0.30540722576950   -4.55203984179613
  -1.82234761771317   -0.30332181099437   -4.55638875959939
  -1.80962476632600   -0.30120414788429   -4.56042025169101
  -1.79926688222026   -0.29948012326106   -4.56452002404584
  -1.79688938215365   -0.29908439874680   -4.56553385950089
  -1.78407831812703   -0.29695205302771   -4.56972089653033
  -1.77129250791621   -0.29482391069609   -4.57375824519376
  -1.76332622542765   -0.29349795772870   -4.57722372607732
  -1.75853888005680   -0.29270112497647   -4.57979202554706
  -1.74557310456498   -0.29054302820893   -4.58844320792907
  -1.74390779006210   -0.29026584387484   -4.58996427232415
  -1.74178274125607   -0.28991213877159   -4.60346559369194
      
      
