# shadow point cont 3D ind 74  size 1313
# norm  0.8358074 -0.5490228  0.0000000
# angle  0.5811946
   0.95862215519976    1.45936275837884   -4.60336400791733
   0.96213983155398    1.46471790883049   -4.59022154911442
   0.96485401578740    1.46884985943078   -4.58717121479200
   0.97188308286904    1.47955059138179   -4.58043652649015
   0.97675930848333    1.48697393542235   -4.57711895959643
   0.97898700954766    1.49036528617764   -4.57561361374258
   0.98602044588944    1.50107266969152   -4.57130280720605
   0.99319639446034    1.51199700733968   -4.56598353789172
   0.99585905875561    1.51605052632995   -4.56446023712888
   1.00033134150924    1.52285892613605   -4.56145405624088
   1.00734382707235    1.53353441513759   -4.55706238445873
   1.01438041990714    1.54424660395283   -4.55262438315431
   1.01660357672373    1.54763103675210   -4.55105526434604
   1.02153093602505    1.55513222439157   -4.54739412516453
   1.02858960788259    1.56587802530658   -4.54306253496292
   1.03565167437562    1.57662899406025   -4.53903356995431
   1.03612896063980    1.57735559295560   -4.53839425973218
   1.04280355775254    1.58751669595189   -4.53368889359610
   1.04981573184472    1.59819171078427   -4.52935746175524
   1.05517721300364    1.60635378579020   -4.52539788095055
   1.05698504313694    1.60910594414132   -4.52401372604645
   1.06407582907054    1.61990063406477   -4.51917620524982
   1.07112434135477    1.63063096850758   -4.51550166681790
   1.07469902408377    1.63607290287080   -4.51261984230018
   1.07832573307682    1.64159403965158   -4.50982349284147
   1.08527341151663    1.65217086923688   -4.50582987361558
   1.09237331909541    1.66297944553798   -4.50031025231836
   1.09369887810981    1.66499741627771   -4.49948443406009
   1.09946366799076    1.67377347013429   -4.49547005515370
   1.10655581112300    1.68457022619520   -4.49130136294935
   1.11323354522883    1.69473610480707   -4.48670037406296
   1.11371280135964    1.69546570253777   -4.48612255521934
   1.12079185412918    1.70624253042603   -4.48126838184568
   1.12784488424652    1.71697974261244   -4.47677235082870
   1.13226997271833    1.72371629599091   -4.47368880917179
   1.13497440315914    1.72783339786107   -4.47159412640990
   1.14202532647223    1.73856740274453   -4.46709035186409
   1.14917610000171    1.74945341505492   -4.46275775331194
   1.15097119491310    1.75218618588359   -4.46128838453803
   1.15626991543736    1.76025271695448   -4.45711979598780
   1.16334421481579    1.77102230849636   -4.45305923954226
   1.17034291882383    1.78167681708544   -4.44855283778299
   1.17123460853976    1.78303428494323   -4.44777271945395
   1.17754317450807    1.79263815877714   -4.44260888418060
   1.18456614111040    1.80332960363598   -4.43901711953157
   1.18991264000545    1.81146887032497   -4.43522424331199
   1.19171676463721    1.81421538758913   -4.43372336995138
   1.19873607087832    1.82490126008057   -4.42934008717363
   1.20587977662896    1.83577651272600   -4.42401859775381
   1.20808453603701    1.83913293814746   -4.42232514470455
   1.21293703877923    1.84652016756681   -4.41886445970215
   1.22002286005919    1.85730729952741   -4.41483329162875
   1.22710221221856    1.86808458319314   -4.40999332425172
   1.22842287603856    1.87009510171161   -4.40914314793635
   1.23426596867638    1.87899036012301   -4.40470323135113
   1.24125047424255    1.88962325365011   -4.40095419240447
   1.24790734895897    1.89975737687649   -4.39615900850746
   1.24837724749851    1.90047272903594   -4.39548362031682
   1.25548642056585    1.91129541069531   -4.39065260891020
   1.26263036994764    1.92217103423371   -4.38615796176971
   1.26654433383854    1.92812947480286   -4.38345214085771
   1.26966966716006    1.93288734007043   -4.38097964910425
   1.27682430432758    1.94377923420761   -4.37651143293412
   1.28382889471324    1.95444270395019   -4.37238036607659
   1.28566435318433    1.95723692242586   -4.37077392723371
   1.29100122484789    1.96536153305562   -4.36681951647816
   1.29803859536401    1.97607490577753   -4.36244257703788
   1.30509828904727    1.98682226227353   -4.35840630216676
   1.30558689616657    1.98756609552371   -4.35778999186359
   1.31222112178857    1.99766573879913   -4.35276946636978
   1.31935643364236    2.00852821295786   -4.34825026095000
   1.32416741540041    2.01585223271982   -4.34470292771020
   1.32640508898940    2.01925876519298   -4.34309704256630
   1.33356008452601    2.03015120489496   -4.33862910651512
   1.34063501425082    2.04092175604749   -4.33454949799818
   1.34369356406665    2.04557795314419   -4.33196899712824
   1.34766666873504    2.05162642694249   -4.32858349206305
   1.35480258558227    2.06248982211571   -4.32377277174716
   1.36195775978738    2.07338253381448   -4.32020283566459
   1.36284844476937    2.07473847211104   -4.31941969735032
   1.36895880616018    2.08404060831310   -4.31488842480809
   1.37618592672440    2.09504284787591   -4.30991244756572
   1.38140213190983    2.10298376134886   -4.30625838413419
   1.38320196246845    2.10572374151141   -4.30475796523048
   1.39023600947800    2.11643205467813   -4.30038058675089
   1.39738634106372    2.12731739419345   -4.29588695676943
   1.40089846245081    2.13266408801585   -4.29333250925818
   1.40448011500157    2.13811663291864   -4.29025035558898
   1.41150450097886    2.14881023856935   -4.28586915232284
   1.41858142069329    2.15958381919154   -4.28102986229998
   1.41988605901651    2.16156994122277   -4.28011808651144
   1.42575457296090    2.17050389987480   -4.27491767050883
   1.43279969347594    2.18122907084249   -4.26918289829071
   1.43455847714379    2.18390656308589   -4.26744833265077
   1.43985782534537    2.19197404970419   -4.26248313753577
   1.44693953355734    2.20275492011720   -4.25683929012408
   1.44956014779602    2.20674442401430   -4.25433485983317
   1.45394274505450    2.21341629070265   -4.25014204805681
   1.46120137127241    2.22446649303936   -4.24422348719054
   1.46378131935093    2.22839408862426   -4.24156592375749
   1.46811603717180    2.23499306583498   -4.23724210194337
   1.47540169711865    2.24608442309077   -4.23138359574739
   1.47849013565656    2.25078612141824   -4.22889879924198
   1.48249024211776    2.25687570151751   -4.22490535134864
   1.48949488479676    2.26753925086908   -4.21893829393517
   1.49385015440586    2.27416951518724   -4.21542822372855
   1.49650949666673    2.27821797686346   -4.21300744794877
   1.50368088116554    2.28913536637591   -4.20684338171010
   1.50771453627880    2.29527601941685   -4.20297230075392
   1.51086160818889    2.30006697852269   -4.19990764440213
   1.51795444256318    2.31086478689905   -4.19345629242434
   1.52263870405423    2.31799589349143   -4.18963204772522
   1.52481974257425    2.32131620731211   -4.18791066336605
   1.53204399296322    2.33231407745070   -4.18184647096838
   1.53729269613498    2.34030446437959   -4.17676726216090
   1.53904864414602    2.34297763974808   -4.17509736199096
   1.54624599788270    2.35393456364684   -4.16894433956908
   1.55196698712309    2.36264393740085   -4.16401870168346
   1.55333979359770    2.36473383552457   -4.16249336691631
   1.56051399009400    2.37565550589407   -4.15636434769666
   1.56663265185406    2.38497027820066   -4.15120387544851
   1.56751931437696    2.38632009288850   -4.15039747212290
   1.57460674892721    2.39710968081840   -4.14394595604094
   1.58073024884674    2.40643181851887   -4.13803976213397
   1.58160332451234    2.40776094919326   -4.13718978572425
   1.58888807986369    2.41885092933403   -4.13136743084722
   1.59571191373667    2.42923922358487   -4.12582131897318
   1.59624221930107    2.43004653665086   -4.12497996413408
   1.60307553109693    2.44044925966032   -4.11845264628519
   1.60958937543386    2.45036563994386   -4.11237768981213
   1.61008604512133    2.45112174728102   -4.11169239881902
   1.61717465254431    2.46191312073901   -4.10604720802984
   1.62418050933959    2.47257851840597   -4.10008044205735
   1.62468186646795    2.47334176168990   -4.09945051232383
   1.63145222954496    2.48364865443351   -4.09344537859540
   1.63832087395568    2.49410516620844   -4.08781058283262
   1.64011798196829    2.49684100169082   -4.08620718751210
   1.64555332726886    2.50511552410567   -4.08105193875423
   1.65264494751722    2.51591148415197   -4.07459972370507
   1.65353171183688    2.51726145381055   -4.07379334538599
   1.65965115239405    2.52657741172244   -4.06863301907050
   1.66680853861942    2.53747349090023   -4.06331419358563
   1.66903689998787    2.54086584687247   -4.06085048231879
   1.67392625735029    2.54830918208899   -4.05605340314296
   1.68079962462092    2.55877288373098   -4.05004441053400
   1.68359946627562    2.56303523529262   -4.04755584633832
   1.68820555336039    2.57004733272527   -4.04347616134331
   1.69521211913318    2.58071380970734   -4.03750951185780
   1.69787257562325    2.58476396763540   -4.03509040287545
   1.70230946657473    2.59151848857198   -4.03106171361125
   1.70932390707197    2.60219695367631   -4.02588723175887
   1.71334876950269    2.60832422113735   -4.02202901982779
   1.71649668255921    2.61311646076627   -4.01896457410550
   1.72359147508140    2.62391725013792   -4.01251364687444
   1.72710402162912    2.62926459120552   -4.00918371367714
   1.73058732842333    2.63456741900259   -4.00575692673031
   1.73778128488962    2.64551917105147   -3.99961182441487
   1.74092931052540    2.65031158206591   -3.99654740225904
   1.74496423054585    2.65645416074401   -3.99267661846717
   1.75188346962318    2.66698769553769   -3.98719435299760
   1.75638451861765    2.67383988776018   -3.98339755850389
   1.75915512371309    2.67805773091404   -3.98058277663259
   1.76616244533677    2.68872535856913   -3.97461621757889
   1.77059701500459    2.69547634568908   -3.97058443265332
   1.77325712213412    2.69952597176654   -3.96816149400521
   1.78025809933660    2.71018394096341   -3.96140317430100
   1.78369999512890    2.71542372653509   -3.95719628990187
   1.78723649141192    2.72080752759017   -3.95232971510816
   1.79104556817624    2.72660629276944   -3.94451405212960
   1.79284932240079    2.72935224614252   -3.93168347266108
   1.79356962150798    2.73044879673466   -3.91887220697261
   1.79311754002821    2.72976056845645   -3.90593892449537
   1.79269617852789    2.72911910687740   -3.89300083481762
   1.79265727412777    2.72905988058854   -3.88007325547885
   1.79217511253124    2.72832585970902   -3.86715148475127
   1.79122332858822    2.72687690713376   -3.85425807736176
   1.78968187474356    2.72453026792617   -3.84141583000168
   1.78757289395828    2.72131965152274   -3.82851686864218
   1.78719619766821    2.72074618622783   -3.82769722765779
   1.78231822689153    2.71332018543144   -3.81558222861898
   1.78018706182090    2.71007579668123   -3.81140393998670
   1.77563260038266    2.70314229178425   -3.80270946620035
   1.77296683090001    2.69908404559799   -3.79785669648888
   1.76852393777925    2.69232038723193   -3.78976883328203
   1.76586412331601    2.68827120669632   -3.78485358569993
   1.76196986395061    2.68234276340038   -3.77662717411531
   1.75885919310386    2.67760721961736   -3.77097313996296
   1.75475076010545    2.67135272812594   -3.76388891299704
   1.75164336211973    2.66662216679766   -3.75819397466175
   1.74742059716262    2.66019362153364   -3.75054493779074
   1.74475509386154    2.65613578057010   -3.74569258146282
   1.74023083922193    2.64924826112914   -3.73775659358096
   1.73753787739877    2.64514861856075   -3.73213889785030
   1.73398126819825    2.63973419851508   -3.72486896606201
   1.73053886435392    2.63449363950810   -3.71900580006147
   1.72654085894858    2.62840725796069   -3.71172764663258
   1.72320795123950    2.62333339088870   -3.70489338955159
   1.72039292579526    2.61904792421663   -3.69946666451916
   1.71599569285586    2.61235377683347   -3.69204808994533
   1.71300494077238    2.60780079192017   -3.68621280621329
   1.70910477912458    2.60186336325802   -3.67877546690263
   1.70634030224125    2.59765484941548   -3.67327867800815
   1.70199386563096    2.59103803205285   -3.66504144708080
   1.69886683635170    2.58627758493639   -3.66022231795855
   1.69467640710575    2.57989826608799   -3.65241370673416
   1.69211456585954    2.57599823552086   -3.64744169072232
   1.68778433632370    2.56940609107109   -3.63996208610195
   1.68469725756020    2.56470646280232   -3.63426422148686
   1.68057765554294    2.55843496810473   -3.62554133509444
   1.67845593462075    2.55520495669645   -3.62136575752670
   1.67368177240144    2.54793698932524   -3.61307790503018
   1.67101696144382    2.54388020235388   -3.60822659897301
   1.66635289640458    2.53677984192093   -3.59892859915967
   1.66457639860191    2.53407538248455   -3.59569445978334
   1.65924696897936    2.52596210127948   -3.58599214266344
   1.65747051462994    2.52325770799434   -3.58275806783035
   1.65214121521737    2.51514462501502   -3.57305594392342
   1.65037575348043    2.51245696638303   -3.56978913946755
   1.64513733628174    2.50448223835161   -3.55994109660718
   1.64292654486622    2.50111663007639   -3.55668382857404
   1.63781886256006    2.49334092689780   -3.54657806413819
   1.63648661877491    2.49131277956719   -3.54415265179514
   1.63082499224124    2.48269377689730   -3.53424888275064
   1.62905995615435    2.48000676625559   -3.53098238531095
   1.62360800543782    2.47170696451090   -3.51989944286037
   1.62272278128706    2.47035933953538   -3.51825164329000
   1.61683877790764    2.46140180047214   -3.50798597359543
   1.61539311514841    2.45920098925517   -3.50494369720294
   1.60950919926808    2.45024358339654   -3.49382808666568
   1.60862112287523    2.44889161629743   -3.49221127088045
   1.60228479416574    2.43924547772936   -3.48025337728692
   1.60185646427637    2.43859340779183   -3.47941998623834
   1.59541052556632    2.42878040394542   -3.46694974990550
   1.59496650872175    2.42810445290094   -3.46614137336132
   1.58830121721760    2.41795751633982   -3.45402255016788
   1.58784347251569    2.41726066662987   -3.45324275408793
   1.58133178515783    2.40734757003312   -3.44084548460536
   1.58088771017479    2.40667153048129   -3.44003728338546
   1.57398819867573    2.39616802805532   -3.42915852932332
   1.57313692131804    2.39487208213323   -3.42745613128171
   1.56765953568541    2.38653355942938   -3.41481198245907
   1.56677158562179    2.38518178464813   -3.41319535233325
   1.56000202568320    2.37487611456591   -3.40208092964138
   1.55956970771591    2.37421797336000   -3.40127018313390
   1.55323079085480    2.36456789470765   -3.38854246240142
   1.55278340110487    2.36388680890551   -3.38773760339890
   1.54601681765681    2.35358567009706   -3.37581180356103
   1.54557684781204    2.35291588002098   -3.37498571747755
   1.53902458375076    2.34294101129691   -3.36267783420367
   1.53858065063199    2.34226518771280   -3.36186957993061
   1.53192172984126    2.33212794963596   -3.34974587803857
   1.53147405846363    2.33144643509662   -3.34894095460791
   1.52541603543197    2.32222397643149   -3.33734266445477
   1.52408409085344    2.32019628459943   -3.33491836597102
   1.51760573286029    2.31033392711126   -3.32408444397880
   1.51717170608418    2.30967318449255   -3.32324042687331
   1.51172276612269    2.30137796618436   -3.31135594608409
   1.50994719779361    2.29867492173628   -3.30812316510193
   1.50428795308278    2.29005954504513   -3.29822282473821
   1.50296178869208    2.28804065270806   -3.29577779086453
   1.49729669622487    2.27941637365862   -3.28509026815142
   1.49596005869880    2.27738153749672   -3.28266950574144
   1.49008403113502    2.26843614045236   -3.27236146924812
   1.48864732870460    2.26624897003234   -3.26929307549542
   1.48346070019722    2.25835308274853   -3.25935711541606
   1.48175528863543    2.25575684177132   -3.25600117495456
   1.47665669883569    2.24799498061088   -3.24670340107986
   1.47454376421242    2.24477834506436   -3.24328993961229
   1.46947826105898    2.23706685350902   -3.23391380269243
   1.46722264476939    2.23363300588475   -3.22913098488813
   1.46172273688019    2.22526019632210   -3.22055310865006
   1.46046380468625    2.22334365522279   -3.21801270456168
   1.45578812770814    2.21622561730237   -3.20799568416678
   1.45305083325323    2.21205848475223   -3.20317443852477
   1.44839308003656    2.20496773315083   -3.19472043995430
   1.44625460433665    2.20171221503119   -3.19054138540427
   1.44137284533472    2.19428044721302   -3.18165273514025
   1.43914659597024    2.19089130645952   -3.17761662830207
   1.43449399547365    2.18380839912475   -3.16912774831148
   1.43184018880334    2.17976836457977   -3.16423454202709
   1.42717178944446    2.17266140577579   -3.15579544199976
   1.42485118782009    2.16912862743422   -3.15112292159337
   1.42087069455939    2.16306890557913   -3.14302080177832
   1.41797114946816    2.15865477004154   -3.13783858057562
   1.41372453324826    2.15218991470012   -3.13020184410176
   1.41044331481731    2.14719473703365   -3.12403664245122
   1.40654878132481    2.14126587641908   -3.11735897175536
   1.40366269179578    2.13687222501726   -3.11216092799629
   1.39997008766839    2.13125077248175   -3.10433900980056
   1.39633002296594    2.12570930357658   -3.09802396857887
   1.39247170651584    2.11983557813974   -3.09131014510372
   1.38933157380488    2.11505518295495   -3.08492657189826
   1.38568066754599    2.10949720935748   -3.07863301838461
   1.38213095928310    2.10409329498530   -3.07216947550111
   1.37859265535423    2.09870674205242   -3.06565670186048
   1.37514244175946    2.09345429383667   -3.05904081637315
   1.37192533962144    2.08855672389770   -3.05277939986085
   1.36783855236095    2.08233518489297   -3.04487003523692
   1.36516894742318    2.07827109978432   -3.03999076400309
   1.36094387958784    2.07183904872326   -3.03237993112898
   1.35781860501126    2.06708127288630   -3.02677144750629
   1.35363851627775    2.06071769596363   -3.01902129333687
   1.35065079029814    2.05616931785320   -3.01391909331613
   1.34685712917532    2.05039402074523   -3.00632584986551
   1.34408396841763    2.04617228696742   -3.00087270018712
   1.33964739913888    2.03941825573076   -2.99279406502086
   1.33698548609084    2.03536588040510   -2.98794692162742
   1.33254900991806    2.02861199090874   -2.97986841559459
   1.32988715260311    2.02455970042860   -2.97502134948284
   1.32536594682278    2.01767682243232   -2.96624851906276
   1.32324935977969    2.01445462660803   -2.96206365646338
   1.31846306668564    2.00716819174498   -2.95300839137026
   1.31619554517876    2.00371622015949   -2.94904700284070
   1.31114355725027    1.99602530356778   -2.94048680310041
   1.30925894417280    1.99315625435553   -2.93657981844945
   1.30415615917636    1.98538800661847   -2.92655265566344
   1.30236570332329    1.98266229808116   -2.92335618996281
   1.29694772886606    1.97441422024795   -2.91382975597183
   1.29520102516082    1.97175511799007   -2.91051131178502
   1.29020237012538    1.96414539296845   -2.90034587897122
   1.28837885128794    1.96136935084786   -2.89709974897129
   1.28297443489139    1.95314191318942   -2.88757769801873
   1.28117670075588    1.95040512452603   -2.88437907765213
   1.27565528314549    1.94199956954240   -2.87424953218681
   1.27434181156123    1.94000000015642   -2.87176925368942
   1.26866863045232    1.93136340732683   -2.86031644657411
   1.26778150795134    1.93001289238929   -2.85870098365965
   1.26157192956655    1.92055971274928   -2.84739349464348
   1.26067007546336    1.91918677109073   -2.84580679331258
   1.25423247660108    1.90938646344916   -2.83401793368213
   1.25381397371611    1.90874935369607   -2.83317322225659
   1.24746613189211    1.89908568808624   -2.82054278062238
   1.24700224307690    1.89837948485770   -2.81978063288484
   1.24003991123368    1.88778034759768   -2.80817228441565
   1.23962142569776    1.88714326425599   -2.80732759823972
   1.23329585042950    1.87751349623764   -2.79469111810788
   1.23285233279408    1.87683830516648   -2.79388344718973
   1.22618436764467    1.86668729836945   -2.78177086867654
   1.22572711990125    1.86599120520648   -2.78099175909806
   1.21914846766017    1.85597616431797   -2.76869878358799
   1.21871046357246    1.85530936682102   -2.76788240985636
   1.21222884423680    1.84544204441338   -2.75551980802525
   1.21178535219865    1.84476689231033   -2.75471217265568
   1.20513390742579    1.83464103538299   -2.74258385579634
   1.20469832409160    1.83397792313107   -2.74176282323170
   1.19814889574156    1.82400737136478   -2.72947427259489
   1.19771392533655    1.82334519220835   -2.72865229936828
   1.19126853402237    1.81353302169250   -2.71626343801717
   1.19080308815264    1.81282444807501   -2.71529756358883
   1.18385196553907    1.80224237523624   -2.70378971007783
   1.18343554458339    1.80160843491760   -2.70294278574539
   1.17696403991329    1.79175651061668   -2.69045123449239
   1.17651993210272    1.79108042108970   -2.68970063395676
   1.17043143103911    1.78181156405527   -2.67819207511885
   1.16911142460718    1.77980204631449   -2.67572570195054
   1.16311484847179    1.77067313160884   -2.66486761659794
   1.16222798015472    1.76932300362933   -2.66325250754764
   1.15635228928993    1.76037811916018   -2.65214861582675
   1.15502201084984    1.75835296378148   -2.64972598572656
   1.14925752192887    1.74957736809269   -2.63922799880705
   1.14793847474390    1.74756931066585   -2.63677475464399
   1.14227366451509    1.73894546128330   -2.62610587815653
   1.14095537979351    1.73693856459603   -2.62366771591757
   1.13566996526176    1.72889228996281   -2.61312252179855
   1.13393503769421    1.72625111516122   -2.60975571833598
   1.12808476895047    1.71734493217262   -2.60026553229755
   1.12667155952045    1.71519352642765   -2.59717119339328
   1.12154438250954    1.70738814539744   -2.58714403166231
   1.11975773024310    1.70466822726736   -2.58391373455239
   1.11467176881406    1.69692559096397   -2.57462772784395
   1.11245487506602    1.69355069277533   -2.57059034244071
   1.10724545033181    1.68562010155287   -2.56150640113727
   1.10536089592805    1.68275114166282   -2.55767082359341
   1.10082517821015    1.67584617135296   -2.54892218562128
   1.09828284087422    1.67197583265156   -2.54390527739581
   1.09394393860626    1.66537048522894   -2.53566792523082
   1.09128380402690    1.66132081736310   -2.53082325695564
   1.08681370320319    1.65451573922785   -2.52281260194807
   1.08409579765768    1.65037812347133   -2.51806745171110
   1.08011025858184    1.64431072009681   -2.50998366153411
   1.07706662617576    1.63967723258608   -2.50422349833013
   1.07255255820534    1.63280522086688   -2.49711290888154
   1.06982177137162    1.62864799522320   -2.49154220924019
   1.06568082568586    1.62234400789566   -2.48379101555326
   1.06302087113714    1.61829461410028   -2.47894659923377
   1.05891992090678    1.61205151403453   -2.47107434220010
   1.05581669201786    1.60732729954956   -2.46542259503825
   1.05185905166445    1.60130236792086   -2.45811562600216
   1.04872341641857    1.59652881947232   -2.45169710380562
   1.04517695670868    1.59112985054944   -2.44523808714680
   1.04161091721874    1.58570107426016   -2.43880408949578
   1.03797334399072    1.58016339826232   -2.43252183662309
   1.03444939506433    1.57479869873216   -2.42601639402283
   1.03065915309594    1.56902860678936   -2.41920072562571
   1.02744509033177    1.56413566385487   -2.41294361232532
   1.02392808094255    1.55878152876040   -2.40644900411371
   1.02032913569505    1.55330265824280   -2.39924737067965
   1.01677607156056    1.54789363504436   -2.39361363418306
   1.01298893711147    1.54212827384757   -2.38589574606673
   1.01015695672559    1.53781699574368   -2.38065016845593
   1.00627856872927    1.53191271429799   -2.37398990591125
   1.00306468715981    1.52702004720610   -2.36773305124325
   0.99907533409674    1.52094683759093   -2.36046724196124
   0.99599946635876    1.51626427647740   -2.35478409342255
   0.99198299469856    1.51014978274367   -2.34674309294099
   0.98932348805364    1.50610107081665   -2.34189930738709
   0.98489101028412    1.49935326830751   -2.33382638086565
   0.98189931933919    1.49479885411426   -2.32878098389115
   0.97779913450418    1.48855691925157   -2.32090982253300
   0.97513970920686    1.48450833116444   -2.31606615215577
   0.97063811560445    1.47765530985561   -2.30731750353815
   0.96846742471072    1.47435074879046   -2.30318244857361
   0.96350469494794    1.46679571476958   -2.29447155957947
   0.96098149780691    1.46295451423015   -2.29020499690961
   0.95646866357940    1.45608438070502   -2.28066246875552
   0.95475082104033    1.45346921537353   -2.27731757328871
   0.94954325155371    1.44554144849560   -2.26823622525749
   0.94763732160478    1.44263994744802   -2.26443116572673
   0.94223012802946    1.43440828193897   -2.25491648242241
   0.94017101313266    1.43127357909561   -2.25143901631385
   0.93536044653262    1.42395019135131   -2.24159755372997
   0.93391985263074    1.42175709673217   -2.23857030431435
   0.92815831474676    1.41298599356785   -2.22807647888032
   0.92682873921341    1.41096190826239   -2.22565483976845
   0.92095628985232    1.40202195851102   -2.21455555963426
   0.92006991871437    1.40067258741437   -2.21294115151985
   0.91397635325922    1.39139602058067   -2.20224593077269
   0.91264681540402    1.38937199263472   -2.19982434586579
   0.90688552249086    1.38060126240282   -2.18933087259836
   0.90553486430385    1.37854508182455   -2.18693574671601
   0.89984855076955    1.36988849678798   -2.17466776103078
   0.89940792668729    1.36921771073050   -2.17385628254520
   0.89259296671520    1.35884292570268   -2.16208844150470
   0.89214980582331    1.35816827772162   -2.16128127311223
   0.88550243454400    1.34804862209555   -2.14917381876490
   0.88505927967840    1.34737398328865   -2.14836665912751
   0.87853278437527    1.33743834374970   -2.13687580435974
   0.87767787771047    1.33613687273557   -2.13521157653446
   0.87154449696815    1.32679969291999   -2.12293938912288
   0.87110143276653    1.32612519213580   -2.12213210341791
   0.86467415450521    1.31634059610761   -2.10962358956043
   0.86423101730425    1.31566598419255   -2.10881645600581
   0.85758399990068    1.30554686729081   -2.09670952208364
   0.85714086850116    1.30487226420761   -2.09590239703634
   0.85049393774513    1.29475327921413   -2.08379559018996
   0.85005081209054    1.29407868487675   -2.08298847358848
   0.84373612133372    1.28446548694345   -2.07108338043062
   0.84284988137529    1.28311631554855   -2.06946916409415
   0.83631408716155    1.27316651977110   -2.05796812921841
   0.83576000941841    1.27232301702167   -2.05655551326793
   0.82923041313774    1.26238265669558   -2.04504706375408
   0.82879520375316    1.26172011372752   -2.04422657186640
   0.82224537095835    1.25174894625293   -2.03193957642511
   0.82169130898829    1.25090546751570   -2.03052698599696
   0.81548789878058    1.24146167802788   -2.01922788118623
   0.81460170310891    1.24011257405311   -2.01761373096092
   0.80848900726323    1.23080688398315   -2.00622360189380
   0.80762295923943    1.22948845187093   -2.00449898534575
   0.80208397169827    1.22105614922400   -1.99360323810081
   0.80040800379400    1.21850473193153   -1.99100429477939
   0.79431109345548    1.20922307299954   -1.98039972223307
   0.79342920923218    1.20788053257764   -1.97868184990970
   0.78816408245067    1.19986514309243   -1.96811268697404
   0.78594987753411    1.19649433825852   -1.96404225279672
   0.78081612998521    1.18867895454019   -1.95486494416255
   0.77906130265826    1.18600748525018   -1.95159781259777
   0.77383779005542    1.17805544729741   -1.94175081520800
   0.77206552443075    1.17535743073628   -1.93852270623475
   0.76674875730979    1.16726342634757   -1.92883842668421
   0.76510588543679    1.16476239294746   -1.92620896711270
   0.75977057922930    1.15664016549681   -1.91572454767137
   0.75785460795337    1.15372337798981   -1.91194519688696
   0.75315398944645    1.14656737022061   -1.90356484058591
   0.75061757496535    1.14270604820394   -1.89927226824954
   0.74596624396770    1.13562507349661   -1.89005576678503
   0.74380041433984    1.13232791300146   -1.88587555355588
   0.73887775287040    1.12483387712754   -1.87714430569045
   0.73671158444496    1.12153620086237   -1.87296348587042
   0.73207977396775    1.11448494330731   -1.86447976251196
   0.72933300129911    1.11030338155579   -1.85896868999426
   0.72510197948662    1.10386226643076   -1.85136648327617
   0.72244378615921    1.09981555383859   -1.84652463732723
   0.71773371379874    1.09264515395281   -1.83821730176259
   0.71561005319701    1.08941218966465   -1.83395684355810
   0.71103584186026    1.08244861842065   -1.82534188801902
   0.70826678039197    1.07823312521453   -1.81989469176922
   0.70394749728890    1.07165764511600   -1.81243056821214
   0.70128938686473    1.06761105873194   -1.80758885290747
   0.69685922533439    1.06086678235996   -1.79951936279633
   0.69409022213192    1.05665137785506   -1.79407226019774
   0.69010311681594    1.05058159010782   -1.78680978317384
   0.68697920033805    1.04582588177853   -1.78119208518637
   0.68264144007982    1.03922227289959   -1.77383950363374
   0.67991380509341    1.03506984548485   -1.76744325645631
   0.67668765056358    1.03015849459642   -1.76122695927291
   0.67267168242481    1.02404476740082   -1.75397622592152
   0.66969879992232    1.01951898632467   -1.74811112822200
   0.66571188838259    1.01344949357357   -1.74165573501536
   0.66175100503577    1.00741962495926   -1.73516651865094
   0.65867813241948    1.00274162348272   -1.72949020666559
   0.65477391837936    0.99679802564285   -1.72205437712693
   0.65164599543998    0.99203621805887   -1.71641588074833
   0.64724327857621    0.98533372219872   -1.70914404812294
   0.64453975128575    0.98121799524358   -1.70432228149255
   0.63993401365805    0.97420642980846   -1.69663691937770
   0.63738703916785    0.97032903171436   -1.69240097349369
   0.63210956099645    0.96229483903508   -1.68339483376222
   0.63028112570083    0.95951131232222   -1.68031938641124
   0.62454100769517    0.95077281780620   -1.67061531870316
   0.62317976204025    0.94870051934843   -1.66823472395282
   0.61756563632457    0.94015382976289   -1.65830702799900
   0.61579342400587    0.93745589435234   -1.65508016069560
   0.60991685241845    0.92850966911113   -1.64489634174504
   0.60899100707486    0.92710020427963   -1.64324138375928
   0.60217037596481    0.91671678576936   -1.63230590182819
   0.60172004236008    0.91603121837660   -1.63151339800768
   0.59475213423459    0.90542359203812   -1.61998483265818
   0.59430917765221    0.90474925508858   -1.61917797973325
   0.58777574862721    0.89480305996689   -1.60768060983121
   0.58685411123064    0.89340000112248   -1.60610854257396
   0.58068877217875    0.88401416943030   -1.59638503318113
   0.57891697483493    0.88131686575862   -1.59315767082601
   0.57360160367260    0.87322498651383   -1.58347562092447
   0.57180892357733    0.87049589189137   -1.58027016746738
   0.56647210674250    0.86237136473040   -1.57142224699950
   0.56383178111880    0.85835185311747   -1.56736585280736
   0.55924812454680    0.85137390287703   -1.55877596354216
   0.55674459542149    0.84756264402997   -1.55445640806602
   0.55258899970287    0.84123635415889   -1.54823429655837
   0.54876528910806    0.83541531110181   -1.54155502204828
   0.54514318182876    0.82990117976071   -1.53526829336729
   0.54094242918093    0.82350614503493   -1.52839851971730
   0.53825170630215    0.81940991093361   -1.52357443395264
   0.53404636911174    0.81300789690877   -1.51594877345829
   0.53096965989937    0.80832405477292   -1.51106435271335
   0.52654040339522    0.80158115617163   -1.50299635820203
   0.52386161266650    0.79750308703273   -1.49819350885964
   0.51901082484625    0.79011846833257   -1.49008777717966
   0.51690709917295    0.78691585207254   -1.48665916415533
   0.51127288746720    0.77833858448948   -1.47675285292490
   0.50987496861286    0.77621045642131   -1.47436913572022
   0.50351155292841    0.76652308187483   -1.46427077430532
   0.50264151996982    0.76519858327917   -1.46263042419065
   0.49606983564570    0.75519415003045   -1.45096098238374
   0.49559080028870    0.75446488839576   -1.45023504330573
   0.48878226872804    0.74409988968905   -1.43865596521419
   0.48833935983758    0.74342562534352   -1.43784919601114
   0.48159240445984    0.73315436741639   -1.42670917081303
   0.48068387303229    0.73177126050299   -1.42513989746440
   0.47438821460961    0.72218703652935   -1.41405031205655
   0.47346340459705    0.72077914783870   -1.41247245355412
   0.46719112033892    0.71123050762980   -1.40215069369919
   0.46553038811162    0.70870228443883   -1.39952900056026
   0.46015986066208    0.70052643777161   -1.38990175911578
   0.45831896853868    0.69772394735085   -1.38684196815924
   0.45308988066358    0.68976342185723   -1.37858837900793
   0.44996668464432    0.68500881032139   -1.37377460150127
   0.44588374733503    0.67879313230722   -1.36754770426630
   0.44117183286432    0.67161992807662   -1.36080630558081
   0.43901287164805    0.66833322373882   -1.35736772646624
   0.43342126825740    0.65982082111629   -1.34830186893479
   0.43170973881745    0.65721526655970   -1.34576883732689
   0.42486447620635    0.64679435017281   -1.33629510366585
   0.42390038816375    0.64532666639611   -1.33487575522586
   0.41751185265973    0.63560105057909   -1.32566199925894
   0.41526382367008    0.63217875351506   -1.32248802279889
   0.41057843270130    0.62504592745718   -1.31485192366360
   0.40663500549466    0.61904263327653   -1.30905208644643
   0.40350241330537    0.61427371743890   -1.30435620044570
   0.39824740359711    0.60627372972574   -1.29611106684341
   0.39645966252216    0.60355215404313   -1.29365311366491
   0.38957091282216    0.59306503489046   -1.28379166062271
   0.38911340503333    0.59236854584618   -1.28301562995740
   0.38249416809431    0.58229172065986   -1.27383550238491
   0.38006330977433    0.57859109254081   -1.27032673624936
   0.37511943101934    0.57106475643661   -1.26325239825571
   0.37115795364919    0.56503398350818   -1.25758128200306
   0.36821842335076    0.56055897631022   -1.25324523274407
   0.36282393839755    0.55234665782931   -1.24446783226468
   0.36103472841696    0.54962284595157   -1.24200732139489
   0.35414191952596    0.53912954727119   -1.23216381704219
   0.35368442121671    0.53843307265820   -1.23138780526443
   0.34700274943061    0.52826119950103   -1.22176791363352
   0.34485107940437    0.52498559493924   -1.21828691902844
   0.33996782884134    0.51755155643631   -1.21088756306705
   0.33655414886777    0.51235472534345   -1.20602031495506
   0.33242438644612    0.50606776290843   -1.19992977758003
   0.32773969131488    0.49893599616195   -1.19306282958185
   0.32554343450497    0.49559251470908   -1.18982039541941
   0.31962790508620    0.48658698183774   -1.18046018226409
   0.31824357162223    0.48447953554983   -1.17817254788017
   0.31136029237214    0.47400074436122   -1.16800802594698
   0.31088923179945    0.47328362317536   -1.16727123097698
   0.30413521413419    0.46300161394300   -1.15786521308914
   0.30188660504419    0.45957843376059   -1.15472052988588
   0.29710084914935    0.45229281670518   -1.14728556831138
   0.29353636230832    0.44686640409797   -1.14165522662806
   0.28989319078282    0.44132020550673   -1.13624670981498
   0.28506611541445    0.43397168556456   -1.12889272516454
   0.28299457325516    0.43081806402214   -1.12612494557547
   0.27619999419288    0.42047430596422   -1.11600511765384
   0.27574251290499    0.41977785726378   -1.11522914443079
   0.26896629125077    0.40946204568875   -1.10561157605009
   0.26705179908094    0.40654750990558   -1.10273177393417
   0.26166920859644    0.39835329902274   -1.09486034376464
   0.25823631750258    0.39312722179431   -1.08979234460352
   0.25483229973148    0.38794509999892   -1.08461583008396
   0.24947487402808    0.37978919883399   -1.07663078001234
   0.24758328415807    0.37690952847019   -1.07367736146102
   0.24131309586995    0.36736407907067   -1.06414133320219
   0.24037418247344    0.36593472002991   -1.06265699682602
   0.23339514211990    0.35531014649390   -1.05352618843918
   0.23168015879900    0.35269933390607   -1.05106619639345
   0.22650432525331    0.34481988038084   -1.04265445075986
   0.22356473134370    0.34034477634411   -1.03831792806981
   0.21891345567749    0.33326388587084   -1.03248413797036
   0.21269926202677    0.32380368015994   -1.02477723864608
   0.21218828083855    0.32302578564511   -1.02419077609007
   0.20493590302755    0.31198509559881   -1.01589361499748
   0.20229835900929    0.30796981857548   -1.01260414110833
   0.19801927872948    0.30145554142614   -1.00805095409359
   0.19081549988959    0.29048883624256   -1.00041055594113
   0.19033662387606    0.28975981718512   -0.99970576846832
   0.18377980838081    0.27977801956503   -0.99224062662528
   0.17898570690176    0.27247969757189   -0.98636327151071
   0.17683936961469    0.26921221132959   -0.98378372754479
   0.16979374018104    0.25848626560736   -0.97526751343761
   0.16742492589551    0.25488009050378   -0.97329235200641
   0.16231959413314    0.24710796568614   -0.96776531622383
   0.15589426368692    0.23732633492304   -0.96069473065569
   0.15541075077565    0.23659025686343   -0.96000636043233
   0.14832536516369    0.22580378814396   -0.95194031472611
   0.14478267461186    0.22041055721585   -0.94790730056247
   0.14123998543754    0.21501732838478   -0.94387429217259
   0.13418914897180    0.20428345571378   -0.93568589655362
   0.13370221324441    0.20354216691462   -0.93501282659895
   0.12709782530306    0.19348794716681   -0.92771401812372
   0.12231308362701    0.18620387411194   -0.92180918548268
   0.12009090649187    0.18282093273515   -0.91928181895026
   0.11283984818337    0.17178225143943   -0.91101921459936
   0.11149748807858    0.16973870348402   -0.90938471061548
   0.10573542234392    0.16096679674383   -0.90298519056249
   0.09935096312284    0.15124738647452   -0.89565193870945
   0.09883798078443    0.15046644549969   -0.89507200982769
   0.09157237143606    0.13940561236286   -0.88684147315609
   0.08855891497657    0.13481806334042   -0.88336378162128
   0.08466941121903    0.12889685976554   -0.87893212337357
   0.07751416765341    0.11800404247547   -0.87113288780431
   0.07701893156910    0.11725011759054   -0.87048501144026
   0.07042040218260    0.10720481664012   -0.86317773916119
   0.06551756759393    0.09974096430748   -0.85744095304257
   0.06330105602819    0.09636664793580   -0.85514945664173
   0.05616546994584    0.08550375630400   -0.84714496749959
   0.05388247132892    0.08202822307028   -0.84493114761280
   0.04894872708906    0.07451731529086   -0.84119844517810
   0.04189058410326    0.06377231950611   -0.83827172794999
   0.03478913046013    0.05296138954697   -0.83672948118594
   0.02776501058313    0.04226818899525   -0.83690092052687
   0.02067377692513    0.03147281747653   -0.84052810232897
   0.01505063033947    0.02291239492892   -0.84570068765509
   0.01370735375535    0.02086745176707   -0.84662595143436
   0.00654469053191    0.00996333912749   -0.85432531778717
   0.00262167010325    0.00399111129727   -0.85860260568330
  -0.00046034612393   -0.00070080999649   -0.86183948265102
  -0.00759353808804   -0.01156005693162   -0.86985985895380
  -0.00892236101921   -0.01358299650975   -0.87135868108338
  -0.01471381645951   -0.02239964480077   -0.87852547287163
  -0.01953030390576   -0.02973204617199   -0.88427992332286
  -0.02171541760235   -0.03305856385607   -0.88685470002686
  -0.02885075144829   -0.04392107149464   -0.89486517443969
  -0.03105806447284   -0.04728138442569   -0.89717884371003
  -0.03599422563003   -0.05479597161012   -0.90349034999138
  -0.04252700336294   -0.06474117523435   -0.91031403432360
  -0.04299766380782   -0.06545768728383   -0.91103039609624
  -0.05011655652393   -0.07629516569432   -0.91890375627166
  -0.05322110975631   -0.08102139629953   -0.92297573276277
  -0.05716952421595   -0.08703228284726   -0.92716343806388
  -0.06424130195898   -0.09779803556612   -0.93517253337793
  -0.06508619514492   -0.09908426251558   -0.93608371522809
  -0.07132668225573   -0.10858449619396   -0.94412019617113
  -0.07572968466523   -0.11528742675593   -0.94898598331504
  -0.07842718621550   -0.11939398039835   -0.95216964688818
  -0.08554793937325   -0.13023429106054   -0.96004596797649
  -0.08688990614685   -0.13227724022644   -0.96168387410881
  -0.09275657995000   -0.14120839753116   -0.96861610606790
  -0.09823149779901   -0.14954316339349   -0.97480367148016
  -0.09964737702403   -0.15169863351291   -0.97655804369736
  -0.10692300575944   -0.16277471970876   -0.98476817392783
  -0.10908208595716   -0.16606160517851   -0.98733469454421
  -0.11381773797352   -0.17327094636871   -0.99254749062386
  -0.12083650378797   -0.18395599613919   -1.00003417696745
  -0.12128807082585   -0.18464344125446   -1.00081532362215
  -0.12803116938612   -0.19490882773815   -1.00943929709704
  -0.13195848805547   -0.20088759901444   -1.01353773851325
  -0.13509150915655   -0.20565716780788   -1.01753868228359
  -0.14213330441386   -0.21637727655448   -1.02570145367529
  -0.14260512793464   -0.21709555921780   -1.02642883163209
  -0.14921825534652   -0.22716308353796   -1.03452273315954
  -0.15269825208519   -0.23246087225705   -1.03936786357584
  -0.15627521899182   -0.23790628394837   -1.04514365949565
  -0.16052402967788   -0.24437448004525   -1.05168355804355
  -0.16367875631002   -0.24917709235172   -1.05644419668415
  -0.17039415731525   -0.25940031333764   -1.06457055686742
  -0.17084303563152   -0.26008366526546   -1.06536256990798
  -0.17756237045184   -0.27031287491252   -1.07566395825023
  -0.17895316284306   -0.27243015397745   -1.07790588277090
  -0.18461213374880   -0.28104511384020   -1.08617621641600
  -0.18770325308908   -0.28575089329922   -1.09101941551747
  -0.19168177079703   -0.29180760766270   -1.09678271634457
  -0.19619349721632   -0.29867605471098   -1.10374128772076
  -0.19878802196819   -0.30262584116024   -1.10795531963483
  -0.20423156492437   -0.31091284331307   -1.11659005115997
  -0.20601247537404   -0.31362402036250   -1.11896697948867
  -0.21292000551491   -0.32413973000398   -1.12813339156556
  -0.21386618210995   -0.32558014620776   -1.12972276602129
  -0.22026839216463   -0.33532657953860   -1.13974510332434
  -0.22234304421009   -0.33848493543023   -1.14245400572711
  -0.22712364885738   -0.34576271046073   -1.14991086046729
  -0.23070747011762   -0.35121855690816   -1.15552706633419
  -0.23435101558689   -0.35676532477438   -1.16092624399007
  -0.23959770677770   -0.36475264875502   -1.16828225957558
  -0.24133663485065   -0.36739991374403   -1.17085470229057
  -0.24812776012252   -0.37773841390855   -1.18098118076340
  -0.24857800145071   -0.37842384082373   -1.18177351770007
  -0.25545855949889   -0.38889848937833   -1.19201161964698
  -0.25683111183808   -0.39098800061785   -1.19425535077769
  -0.26259492333996   -0.39976256503463   -1.20231672398476
  -0.26575131205209   -0.40456770761606   -1.20698972239121
  -0.26965916206951   -0.41051684070235   -1.21282391225039
  -0.27418011143915   -0.41739932835067   -1.21988272538000
  -0.27685902582996   -0.42147758574712   -1.22386718979908
  -0.28266999218164   -0.43032393656202   -1.23262250197658
  -0.28394167797001   -0.43225989315330   -1.23436122815461
  -0.29096619230228   -0.44295369420578   -1.24423492499858
  -0.29223800917211   -0.44488985034951   -1.24590763250190
  -0.29795051803997   -0.45358631397018   -1.25480970759375
  -0.30024717839829   -0.45708264521748   -1.25877970057932
  -0.30506906578934   -0.46442326721900   -1.26527943780401
  -0.30944028084122   -0.47107780615383   -1.27186971248504
  -0.31211070695950   -0.47514314139033   -1.27592845577344
  -0.31798160945654   -0.48408073626625   -1.28457094099999
  -0.31933928334180   -0.48614759722437   -1.28685521408145
  -0.32591450860488   -0.49615742103748   -1.29757290854826
  -0.32638965796370   -0.49688076680532   -1.29829399445298
  -0.33365715799414   -0.50794447823054   -1.30832981065127
  -0.33493786729049   -0.50989417179985   -1.31006120676111
  -0.34056842552053   -0.51846587749770   -1.31845361121830
  -0.34379836154826   -0.52338298516651   -1.32296089329330
  -0.34771293709486   -0.52934235689245   -1.32876277032791
  -0.35287161938420   -0.53719570012528   -1.33629681970503
  -0.35464073672958   -0.53988892388924   -1.33888012043084
  -0.36151424716097   -0.55035284347267   -1.34877986875642
  -0.36197174323789   -0.55104931468726   -1.34955589057019
  -0.36892728117647   -0.56163810921594   -1.36029942129756
  -0.36985045184252   -0.56304350224003   -1.36186374979810
  -0.37605244712737   -0.57248513771367   -1.37072754171405
  -0.37867151406715   -0.57647228607331   -1.37482222367385
  -0.38297777012228   -0.58302793438669   -1.38164952857222
  -0.38711332493574   -0.58932371489546   -1.38769761175653
  -0.39029801098586   -0.59417193605692   -1.39317701434843
  -0.39494879726955   -0.60125208151650   -1.40084199054252
  -0.39709911126514   -0.60452562171893   -1.40422581220518
  -0.40247833139586   -0.61271470172853   -1.41375074033295
  -0.40424996978217   -0.61541176341051   -1.41697787847237
  -0.40963421885935   -0.62360849925941   -1.42659265435885
  -0.41148218350923   -0.62642175657273   -1.42962694961309
  -0.41764816754944   -0.63580857016580   -1.43936666486753
  -0.41853399313577   -0.63715711073947   -1.44098024808502
  -0.42506709958479   -0.64710281478618   -1.45247733901227
  -0.42551001405178   -0.64777708762116   -1.45328413416994
  -0.43217327587542   -0.65792093428901   -1.46538677581372
  -0.43262989301145   -0.65861606744397   -1.46616498861262
  -0.43960325993015   -0.66923200400089   -1.47685921857355
  -0.44049535476018   -0.67059008858597   -1.47846055500006
  -0.44688336453504   -0.68031490405683   -1.49019681007963
  -0.44767467082965   -0.68151955276076   -1.49118954733783
  -0.45376476293311   -0.69079083192187   -1.50105512571776
  -0.45520575584559   -0.69298453397659   -1.50409719753934
  -0.46094395495921   -0.70172010725869   -1.51379562344269
  -0.46273710064050   -0.70444991066812   -1.51700462934017
  -0.46814143264642   -0.71267721985409   -1.52650290854633
  -0.46992592556776   -0.71539385069541   -1.52971069901756
  -0.47511773420793   -0.72329762397772   -1.53800060507486
  -0.47780084847955   -0.72738227508164   -1.54281845921878
  -0.48226245319959   -0.73417441913518   -1.55004063653312
  -0.48583972823560   -0.73962029990866   -1.55557363231159
  -0.48936751251862   -0.74499083821126   -1.56286000443247
  -0.49273440558738   -0.75011644304873   -1.56884396420533
  -0.49629572895722   -0.75553803973133   -1.57462951693520
  -0.50085041238362   -0.76247188257300   -1.58152607248317
  -0.50368696718367   -0.76679012455690   -1.58681433901156
  -0.50800572269206   -0.77336480146928   -1.59427787057842
  -0.51055273916984   -0.77724226348337   -1.59851406598361
  -0.51576281869300   -0.78517385152674   -1.60758142852688
  -0.51756915309752   -0.78792373284842   -1.61081114353275
  -0.52310697819874   -0.79635426584967   -1.61999738065318
  -0.52494827736291   -0.79915737593078   -1.62312295505349
  -0.53092826407515   -0.80826103565335   -1.63320915583165
  -0.53172003337191   -0.80946638921069   -1.63421601548135
  -0.53878193844959   -0.82021711223296   -1.64563092698232
  -0.53923196862183   -0.82090221769392   -1.64642182030534
  -0.54588391983161   -0.83102884559778   -1.65843909828628
  -0.54631898683839   -0.83169117181635   -1.65925938730357
  -0.55309355530449   -0.84200446665299   -1.67112684240260
  -0.55355110257030   -0.84270101579522   -1.67190296301025
  -0.56027391449764   -0.85293551883182   -1.68303369598188
  -0.56115982318615   -0.85428418591648   -1.68464743173558
  -0.56725058883134   -0.86355649044688   -1.69533875695581
  -0.56857945969776   -0.86557950299945   -1.69775937369907
  -0.57422730317471   -0.87417752297084   -1.70764388367661
  -0.57642950684306   -0.87753005765045   -1.71097030717858
  -0.58146494716254   -0.88519578291501   -1.71949663034147
  -0.58375094572366   -0.88867588312730   -1.72337821924139
  -0.58857825848600   -0.89602476446723   -1.73232594720587
  -0.59072768080161   -0.89929694721663   -1.73649011890071
  -0.59548969547277   -0.90654642171317   -1.74476102068953
  -0.59821189226135   -0.91069057026293   -1.74954282531428
  -0.60279858200558   -0.91767313806679   -1.75726777651201
  -0.60512048945992   -0.92120790434450   -1.76195468300697
  -0.60977536285637   -0.92829427183863   -1.77118649911990
  -0.61203210456756   -0.93172983275355   -1.77516464842853
  -0.61715525478398   -0.93952908357502   -1.78442352768650
  -0.61917720915724   -0.94260721492790   -1.78795212256402
  -0.62398849807805   -0.94993170230047   -1.79695611504601
  -0.62594148139943   -0.95290483526166   -1.80068287960332
  -0.63092759551129   -0.96049546855175   -1.81011974207333
  -0.63317075509736   -0.96391035265729   -1.81413026646809
  -0.63823665137939   -0.97162244269371   -1.82343351677774
  -0.63999864262848   -0.97430481801287   -1.82668238902136
  -0.64521374693566   -0.98224405555884   -1.83654600519559
  -0.64700409110568   -0.98496959407497   -1.83975004989677
  -0.65235852712373   -0.99312094387894   -1.84934610403533
  -0.65409181966714   -0.99575962959416   -1.85266068823798
  -0.65961080005321   -1.00416147425837   -1.86277083804196
  -0.66093721474414   -1.00618074764112   -1.86525336633623
  -0.66636666006122   -1.01444628818951   -1.87628708841083
  -0.66740979081698   -1.01603430299684   -1.87843286042505
  -0.67391720070979   -1.02594088777538   -1.88916162363399
  -0.67481328554617   -1.02730504656461   -1.89080184994763
  -0.68076410053523   -1.03636429658290   -1.90170576447141
  -0.68207605072630   -1.03836154986909   -1.90416521505725
  -0.68763081558352   -1.04681787118423   -1.91502050636275
  -0.68900710378155   -1.04891306972530   -1.91739338444487
  -0.69505100240060   -1.05811402602723   -1.92813319659459
  -0.69625273674475   -1.05994349172214   -1.92998852058409
  -0.70180719602859   -1.06839934784625   -1.94084320416931
  -0.70313624333343   -1.07042262900066   -1.94326409958532
  -0.70900610669971   -1.07935864195119   -1.95435959250321
  -0.70990693101116   -1.08073001590164   -1.95595214318387
  -0.71631577515381   -1.09048654866620   -1.96767431138814
  -0.71675971970964   -1.09116238966158   -1.96852100361062
  -0.72319542916121   -1.10095982095025   -1.98097675788885
  -0.72365305218020   -1.10165648541567   -1.98175299797168
  -0.73049262662291   -1.11206874239379   -1.99349771318821
  -0.73093672403255   -1.11274481608684   -1.99432562658848
  -0.73747181576621   -1.12269354244057   -2.00661704410724
  -0.73790696767423   -1.12335599790892   -2.00743746574617
  -0.74444832477969   -1.13331426237964   -2.01972500023674
  -0.74489136294279   -1.13398872352396   -2.02053199857102
  -0.75152506958246   -1.14408757672429   -2.03264707142112
  -0.75195244838844   -1.14473819877573   -2.03347909346485
  -0.75844111947311   -1.15461625644523   -2.04594305321517
  -0.75889053696301   -1.15530042918646   -2.04673674990621
  -0.76572007883710   -1.16569741303852   -2.05845473220856
  -0.76617048506271   -1.16638309098601   -2.05924736199958
  -0.77276046403293   -1.17641537517168   -2.07157632071048
  -0.77316346450019   -1.17702888474930   -2.07244271784767
  -0.77946443063372   -1.18662118894047   -2.08506995787019
  -0.77992778554312   -1.18732657937509   -2.08583139011470
  -0.78649076321360   -1.19731775801041   -2.09736710801844
  -0.78732658501547   -1.19859017509743   -2.09906147638559
  -0.79329458526945   -1.20767558718124   -2.11071537789659
  -0.79407006695816   -1.20885614522508   -2.11172450781821
  -0.80071609965091   -1.21897376304786   -2.12383014757514
  -0.80115917067827   -1.21964827422324   -2.12463719324260
  -0.80779996568257   -1.22975791842740   -2.13674966691767
  -0.80823515859666   -1.23042043632154   -2.13757014754443
  -0.81477850618486   -1.24038173101262   -2.14985002229674
  -0.81521310021489   -1.24104333719290   -2.15067146319257
  -0.82109756255265   -1.25000157495346   -2.16256811513247
  -0.82242681502178   -1.25202516844064   -2.16498930848151
  -0.82851936732504   -1.26130019289801   -2.17568329254236
  -0.82940554479289   -1.26264926916010   -2.17729743411385
  -0.83494395480872   -1.27108069260874   -2.18819225445634
  -0.83660566652445   -1.27361040692834   -2.19081559367921
  -0.84203347397704   -1.28187345406636   -2.20110552852293
  -0.84380586542076   -1.28457166216868   -2.20433386308877
  -0.84912306767542   -1.29266632898515   -2.21401890623421
  -0.85079742361568   -1.29521529229694   -2.21661801832272
  -0.85665588043667   -1.30413394044184   -2.22693273177949
  -0.85797144190076   -1.30613669136579   -2.22939159607198
  -0.86327766836752   -1.31421464914207   -2.23993077524677
  -0.86507489554793   -1.31695066604009   -2.24388114794091
  -0.87028160159620   -1.32487711845876   -2.25296144589018
  -0.87203843175351   -1.32755163676659   -2.25621663487691
  -0.87726079848257   -1.33550193029324   -2.26607702420301
  -0.87904787994964   -1.33822250181882   -2.26929372468312
  -0.88479393493485   -1.34697003452244   -2.27899128949331
  -0.88621859304274   -1.34913886921377   -2.28204474571408
  -0.89077592333211   -1.35607674151920   -2.29150069162495
  -0.89332403877901   -1.35995587655389   -2.29573847764510
  -0.89819851624496   -1.36737655929293   -2.30461695298615
  -0.90052487743040   -1.37091810572826   -2.30925764233875
  -0.90495627119816   -1.37766425800244   -2.31732905345246
  -0.90748792580417   -1.38151833380180   -2.32159700628141
  -0.91222414098917   -1.38872853233432   -2.33069226318327
  -0.91439076352787   -1.39202689992084   -2.33489062361337
  -0.91940502053459   -1.39966037667376   -2.34349337987520
  -0.92177911990958   -1.40327459755710   -2.34805043073974
  -0.92611670829941   -1.40987794479142   -2.35627422285542
  -0.92877565443588   -1.41392580342587   -2.36111721921297
  -0.93318063410960   -1.42063174408494   -2.36923708888561
  -0.93577183887789   -1.42457647634224   -2.37421782363955
  -0.94029789379670   -1.43146673644634   -2.38210372609067
  -0.94315948048450   -1.43582308583740   -2.38823326482566
  -0.94661294352778   -1.44108048086573   -2.39481611582930
  -0.95004764388839   -1.44630931243954   -2.40066859289292
  -0.95436872049957   -1.45288752289322   -2.40813548354454
  -0.95724918165529   -1.45727260591556   -2.41418872009528
  -0.96112712909904   -1.46317621668406   -2.42084848246755
  -0.96411872985254   -1.46773049357398   -2.42589386886686
  -0.96819618437714   -1.47393782484617   -2.43380720146126
  -0.97133692657900   -1.47871914789217   -2.44017854704546
  -0.97497669242859   -1.48426016183734   -2.44647699675417
  -0.97850255368362   -1.48962777260963   -2.45299730600216
  -0.98195714812088   -1.49488689002069   -2.45959430839730
  -0.98539206387061   -1.50011604949311   -2.46544707034579
  -0.98934922949733   -1.50614025841948   -2.47275001600028
  -0.99239249206883   -1.51077318291087   -2.47856908898679
  -0.99647226121079   -1.51698403785123   -2.48562791904475
  -0.99974315056158   -1.52196349099596   -2.49263336959604
  -1.00270306011362   -1.52646952264252   -2.49850332084900
  -1.00666624359313   -1.53250289287420   -2.50500142102996
  -1.01024051598424   -1.53794420255769   -2.51141458675140
  -1.01395756390343   -1.54360286720982   -2.51839251314668
  -1.01697113818078   -1.54819059559280   -2.52417341024288
  -1.02082685187807   -1.55406035871718   -2.53085455806777
  -1.02392736373632   -1.55878043691827   -2.53732346714924
  -1.02796511076838   -1.56492731931022   -2.54533125793018
  -1.03104397939633   -1.56961444884212   -2.55020789894010
  -1.03514388950437   -1.57585596547297   -2.55807851587088
  -1.03780337073373   -1.57990463870849   -2.56292223446091
  -1.04212515247372   -1.58648392261819   -2.57039006028595
  -1.04522792466358   -1.59120744184529   -2.57604112355058
  -1.04921723132147   -1.59728058081532   -2.58330681427870
  -1.05229579956456   -1.60196725305497   -2.58899054216319
  -1.05642014539557   -1.60824596951882   -2.59763567653601
  -1.05830393069595   -1.61111375856087   -2.60147001229877
  -1.06329098154376   -1.61870581789515   -2.60934252433615
  -1.06639388710076   -1.62342954015433   -2.61499376578032
  -1.07060482057532   -1.62984007370756   -2.62346988151358
  -1.07282121343729   -1.63321420937004   -2.62750652563592
  -1.07758658364774   -1.64046879218694   -2.63578208898991
  -1.08024629460613   -1.64451781515149   -2.64062611407367
  -1.08478991098281   -1.65143481002014   -2.64930463951222
  -1.08700636938597   -1.65480904545954   -2.65334137089504
  -1.09199334886616   -1.66240099614699   -2.66282733962758
  -1.09376443610210   -1.66509721878274   -2.66608896776132
  -1.09886471090146   -1.67286164510995   -2.67534176163282
  -1.10106178498820   -1.67620637074789   -2.67940709504594
  -1.10584691442759   -1.68349103411602   -2.68846143929365
  -1.10840750086335   -1.68738915441680   -2.69267967877740
  -1.11316142366545   -1.69462631022001   -2.70258970840497
  -1.11449137899931   -1.69665097371648   -2.70501185486054
  -1.12003307365920   -1.70508739755781   -2.71429762557153
  -1.12224970086531   -1.70846188997515   -2.71833458218400
  -1.12734781252717   -1.71622302324024   -2.72842620507628
  -1.12867780924129   -1.71824774973213   -2.73084840661291
  -1.13433042346273   -1.72685303246789   -2.74073953666745
  -1.13610378062003   -1.72955271072863   -2.74396917598885
  -1.14142389370797   -1.73765180886526   -2.75365815105146
  -1.14319727902658   -1.74035152999751   -2.75688782787367
  -1.14890200947341   -1.74903615210387   -2.76829708789014
  -1.14935200279405   -1.74972120146362   -2.76914133655662
  -1.15561121601228   -1.75924994291602   -2.78030279415818
  -1.15694129757430   -1.76127479857649   -2.78272510881813
  -1.16270503028316   -1.77004924304237   -2.79322186955344
  -1.16401934046304   -1.77205008906818   -2.79566981047180
  -1.16990977016579   -1.78101741127370   -2.80755323475118
  -1.17035314507131   -1.78169238505936   -2.80836069227024
  -1.17689305605126   -1.79164844801439   -2.81986746391662
  -1.17777982061710   -1.79299841804775   -2.82148239850064
  -1.18409799131831   -1.80261691369008   -2.83339218377363
  -1.18454138093267   -1.80329190986781   -2.83419966091999
  -1.19108150788603   -1.81324830161093   -2.84570671849724
  -1.19196830209561   -1.81459831677257   -2.84732169265990
  -1.19817591248992   -1.82404850043342   -2.85862658448703
  -1.19903234072919   -1.82535228782330   -2.86029007308580
  -1.20517342806788   -1.83470119981060   -2.87255526744265
  -1.20563054520205   -1.83539709413997   -2.87333419364682
  -1.21247586339614   -1.84581809514389   -2.88507199191523
  -1.21291928311231   -1.84649313714725   -2.88587950930032
  -1.21957118925969   -1.85661969645016   -2.89801808963092
  -1.21999895194882   -1.85727090290784   -2.89885063520091
  -1.22622285826250   -1.86674589473497   -2.91173275713436
  -1.22665840988788   -1.86740895871485   -2.91255372386751
  -1.23320652308110   -1.87737750834622   -2.92484189005627
  -1.23364996575611   -1.87805258530108   -2.92564943868413
  -1.23998238484028   -1.88769277203341   -2.93728744033628
  -1.24097007702145   -1.88919638967685   -2.93896740733262
  -1.24772308245176   -1.89947685792878   -2.95007836665204
  -1.24815865762562   -1.90013995775778   -2.95089936498126
  -1.25449232187159   -1.90978204006781   -2.96360497726134
  -1.25492869584216   -1.91044635594859   -2.96442673904490
  -1.26120493271945   -1.92000101344509   -2.97634357919530
  -1.26213483576580   -1.92141665553867   -2.97796834298471
  -1.26857276957659   -1.93121747309063   -2.98964971836148
  -1.26901625196262   -1.93189261049973   -2.99045732073958
  -1.27557320707004   -1.94187462065904   -3.00266176125946
  -1.27598129174753   -1.94249587020700   -3.00351785397249
  -1.28198835617180   -1.95164075180650   -3.01529040314837
  -1.28331885158209   -1.95366623749076   -3.01771327627310
  -1.28903611606422   -1.96236994084225   -3.02829256171420
  -1.29031811530925   -1.96432159817076   -3.03083491580647
  -1.29629126859602   -1.97341485499725   -3.04093287661208
  -1.29772830135836   -1.97560252829956   -3.04400343740795
  -1.30327683949686   -1.98404937034139   -3.05405712915153
  -1.30460740948505   -1.98607496955965   -3.05648010329435
  -1.31032593200906   -1.99478058809686   -3.06706064058940
  -1.31159313854454   -1.99670972567732   -3.06960457429169
  -1.31706249911494   -2.00503603139151   -3.07980399787011
  -1.31890363760154   -2.00783889686440   -3.08296570365715
  -1.32412308344984   -2.01578474377507   -3.09282491111863
  -1.32578644900052   -2.01831697581776   -3.09545040316738
  -1.33188536227292   -2.02760168392516   -3.10615290350089
  -1.33287612988265   -2.02910998346113   -3.10837359349873
  -1.33755038803028   -2.03622586141857   -3.11839222850337
  -1.34033160923894   -2.04045986606024   -3.12307858360211
  -1.34506443368996   -2.04766490269360   -3.13146445373995
  -1.34719473964512   -2.05090798356550   -3.13561246041822
  -1.35217848566837   -2.05849501178523   -3.14431621207310
  -1.35450947744829   -2.06204360762692   -3.14900057670274
  -1.35949788371782   -2.06963773039357   -3.15764440212029
  -1.36127225149085   -2.07233894716974   -3.16087541038894
  -1.36623260397377   -2.07989036212790   -3.17042549669688
  -1.36836993276944   -2.08314413425271   -3.17460672091092
  -1.37329100455605   -2.09063575006582   -3.18342260157164
  -1.37557836471335   -2.09411792311019   -3.18732923334397
  -1.38011267615190   -2.10102075256433   -3.19607443678828
  -1.38267634039884   -2.10492355838482   -3.20106095682731
  -1.38740543964367   -2.11212292393376   -3.20939203392411
  -1.38966360678985   -2.11556065486606   -3.21418756133494
  -1.39378812025825   -2.12183962653343   -3.22200508808562
  -1.39698333711634   -2.12670387931785   -3.22751601123518
  -1.40096598226377   -2.13276687710741   -3.23484076474619
  -1.40397089638843   -2.13734142166793   -3.24064302611286
  -1.40798432169266   -2.14345127776792   -3.24785530219136
  -1.41132085492776   -2.14853066417578   -3.25391734701561
  -1.41517299470045   -2.15439498651993   -3.26063715625790
  -1.41816776940599   -2.15895409529004   -3.26568676312386
  -1.42227166014703   -2.16520167185548   -3.27356284608745
  -1.42552038617107   -2.17014738455984   -3.27976468207134
  -1.42906998575901   -2.17555113349021   -3.28629975683612
  -1.43246713171932   -2.18072279395347   -3.29300598575137
  -1.43593285934099   -2.18599886001801   -3.29956467681934
  -1.43946994886533   -2.19138356419668   -3.30524558775295
  -1.44354856395304   -2.19759266225735   -3.31244189512156
  -1.44666418192890   -2.20233573732467   -3.31967428893245
  -1.44969980918088   -2.20695703815297   -3.32536847558572
  -1.45392142628307   -2.21338383597489   -3.33226906780721
  -1.45730717743339   -2.21853814949780   -3.33828425052510
  -1.46076286966673   -2.22379893814367   -3.34566632365549
  -1.46388432123198   -2.22855089400208   -3.35127590114990
  -1.46809479065465   -2.23496072110385   -3.35905725180732
  -1.47096865570669   -2.23933576251803   -3.36424905466261
  -1.47496231086403   -2.24541552144579   -3.37152068101229
  -1.47806852112663   -2.25014427463843   -3.37717643815769
  -1.48206226359594   -2.25622416648596   -3.38444818822314
  -1.48483569389679   -2.26044631060402   -3.38990147932185
  -1.48927328243833   -2.26720189351998   -3.39798133996557
  -1.49193586495476   -2.27125528801386   -3.40282929796693
  -1.49626753285380   -2.27784962216234   -3.41026877335553
  -1.49945901510225   -2.28270818954695   -3.41587423286154
  -1.50325250685239   -2.28848322880964   -3.42424121422502
  -1.50560558006632   -2.29206544042193   -3.42880545780788
  -1.51073087944275   -2.29986796302682   -3.43728858240744
  -1.51295261568884   -2.30325023321420   -3.44143142220917
  -1.51756475993840   -2.31027155179898   -3.45070371731777
  -1.52015933561193   -2.31422141576905   -3.45486179496397
  -1.52493469947345   -2.32149121246570   -3.46314215641243
  -1.52715716535544   -2.32487459341758   -3.46723605023540
  -1.53187747296521   -2.33206057498125   -3.47635983076610
  -1.53408776559567   -2.33542542392878   -3.48047018363074
  -1.53876584049717   -2.34254711233868   -3.48968358026663
  -1.54108713270562   -2.34608094199404   -3.49353151158211
  -1.54608029888932   -2.35368231103748   -3.50302610123642
  -1.54757381760164   -2.35595597598030   -3.50596284957054
  -1.55307445203629   -2.36432989160269   -3.51529918771409
  -1.55539278005227   -2.36785920870628   -3.51925946630068
  -1.56015228987960   -2.37510486994253   -3.52917146952333
  -1.56185537323862   -2.37769756656976   -3.53248924082582
  -1.56716377684511   -2.38577883872452   -3.54141265846366
  -1.56902829479658   -2.38861729603112   -3.54530937076992
  -1.57415263726130   -2.39641836187718   -3.55532716028622
  -1.57597925225020   -2.39919911743789   -3.55851727232200
  -1.58158996656447   -2.40774061366112   -3.56848500927750
  -1.58291922911317   -2.40976422249298   -3.57094128961849
  -1.58835824773896   -2.41804433701104   -3.58039391394395
  -1.59067125365718   -2.42156555199513   -3.58427671808046
  -1.59568417561600   -2.42919699633186   -3.59454922319606
  -1.59701592434307   -2.43122439000856   -3.59697386764561
  -1.60289787827755   -2.44017880909008   -3.60808630352499
  -1.60378573174836   -2.44153043682283   -3.60970276439179
  -1.60977882318638   -2.45065404658373   -3.61980700684932
  -1.61153748120425   -2.45333134754333   -3.62306876204221
  -1.61699310848998   -2.46163674632971   -3.63415204272693
  -1.61788100457711   -2.46298843893960   -3.63576856712699
  -1.62409635162300   -2.47245040052684   -3.64708435179009
  -1.62496537503736   -2.47377336223829   -3.64875633073117
  -1.63097827566147   -2.48292712860293   -3.66042069809338
  -1.63186621465142   -2.48427888652611   -3.66203728724412
  -1.63819445104377   -2.49391270571872   -3.67395493724803
  -1.63865214217685   -2.49460947387793   -3.67473466470198
  -1.64540711589344   -2.50489293855935   -3.68588282912828
  -1.64627673202047   -2.50621680258959   -3.68755509688200
  -1.65240179787788   -2.51554132420266   -3.69982135600474
  -1.65285951106964   -2.51623812594300   -3.70060111615664
  -1.65973851988195   -2.52671041601140   -3.71238783319705
  -1.66016686370216   -2.52736250715660   -3.71322121580695
  -1.66660768478036   -2.53716772015311   -3.72569733854149
  -1.66703485621857   -2.53781802651728   -3.72653237182695
  -1.67326993212278   -2.54731002242091   -3.73943388194537
  -1.67371438324141   -2.54798663458444   -3.74023995121356
  -1.68048532144525   -2.55829440287498   -3.75216641521086
  -1.68092864620115   -2.55896930031514   -3.75299202834962
  -1.68747938894848   -2.56894185306006   -3.76530301971021
  -1.68792366890539   -2.56961820465477   -3.76610909836210
  -1.69436676398361   -2.57942687948547   -3.77782479503723
  -1.69524953025428   -2.58077076269616   -3.77948213494979
  -1.70168956020387   -2.59057477131445   -3.79117325551196
  -1.70213349785251   -2.59125060179465   -3.79198426711491
  -1.70835111276191   -2.60071601587411   -3.80410787875679
  -1.70923929392965   -2.60206814247777   -3.80572483932770
  -1.71540250294600   -2.61145073150074   -3.81712965902749
  -1.71634512423207   -2.61288573526389   -3.81947469277719
  -1.72098417270689   -2.61994801161725   -3.83016938287153
  -1.72314070471147   -2.62323101783368   -3.84284873143666
  -1.72354766559320   -2.62385055656612   -3.84531683662976
  -1.72481067174560   -2.62577329967445   -3.85586266684124
  -1.72526197454622   -2.62646034252696   -3.86878603996148
  -1.72571332147334   -2.62714745255564   -3.88170951020287
  -1.72591372431436   -2.62745253672385   -3.89463734728494
  -1.72589163880586   -2.62741891475045   -3.90758523219790
  -1.72567866398387   -2.62709469157035   -3.92048422558267
  -1.72495789021552   -2.62599741837565   -3.93346041115237
  -1.72385905647247   -2.62432460387457   -3.94630735194923
  -1.72350027422634   -2.62377841010519   -3.94876398510381
  -1.72104387145470   -2.62003889427503   -3.95956148377895
  -1.71662279225130   -2.61330844442439   -3.97018173565643
  -1.71511828177349   -2.61101804611782   -3.97238894678012
  -1.70918911505237   -2.60199175243778   -3.97916379278294
  -1.70393991691499   -2.59400061199576   -3.98500086050068
  -1.70219090735990   -2.59133799941696   -3.98669820049413
  -1.69518323322467   -2.58066983511433   -3.99266609069516
  -1.69014785501112   -2.57300420439701   -3.99767408919427
  -1.68783175902236   -2.56947828523012   -3.99980130836696
  -1.68081395508416   -2.55879469977628   -4.00573188339025
  -1.67429417952193   -2.54886929006518   -4.01105429982579
  -1.67380646830058   -2.54812682068928   -4.01169983654144
  -1.66671339561640   -2.53732864952079   -4.01815401137131
  -1.66173712817280   -2.52975300635049   -4.02340715248270
  -1.65953025379408   -2.52639336119390   -4.02507099504602
  -1.65252430411822   -2.51572782212976   -4.03025151356991
  -1.64591107467311   -2.50566014247887   -4.03686438894204
  -1.64541562350224   -2.50490589015594   -4.03750453695594
  -1.63832698901979   -2.49411447550385   -4.04234632440158
  -1.63123142023136   -2.48331250437979   -4.04879893261863
  -1.63074372696595   -2.48257006233921   -4.04944448333507
  -1.62404879153273   -2.47237799720906   -4.05572658526972
  -1.61703569002924   -2.46170157052791   -4.06170232454716
  -1.61613854332508   -2.46033579519949   -4.06246648596475
  -1.60985461906872   -2.45076943478682   -4.06786446031505
  -1.60284448178302   -2.44009752069598   -4.07460789328495
  -1.60194734867580   -2.43873176606692   -4.07537206120771
  -1.59574859981064   -2.42929507279492   -4.08025262171900
  -1.58858218816367   -2.41838525372588   -4.08649053222730
  -1.58685107937610   -2.41574989246119   -4.08819462569352
  -1.58155771810283   -2.40769152007020   -4.09315834319421
  -1.57437965809487   -2.39676396806632   -4.09928905910076
  -1.57300509868072   -2.39467140134718   -4.10074123292690
  -1.56728552365562   -2.38596418053019   -4.10572469829023
  -1.56019142172383   -2.37516444248195   -4.11142807706182
  -1.55756132874414   -2.37116050858077   -4.11392432082846
  -1.55309461694972   -2.36436058974953   -4.11785580091743
  -1.54608810294470   -2.35369419157636   -4.12461607019783
  -1.54382671788706   -2.35025156184203   -4.12687488702393
  -1.53898596678194   -2.34288222258039   -4.13106805633684
  -1.53189803257666   -2.33209187399839   -4.13671391735629
  -1.52831418708013   -2.32663599065473   -4.13982408202516
  -1.52471402656962   -2.32115527007601   -4.14282665626879
  -1.51762466142648   -2.31036274309931   -4.14852754911845
  -1.51287479524338   -2.30313176290832   -4.15300609849041
  -1.51061347739398   -2.29968923548877   -4.15526495918481
  -1.50351884093189   -2.28888868369591   -4.16171806635730
  -1.49908471687705   -2.28213837495689   -4.16575127515213
  -1.49641565435788   -2.27807511560165   -4.16817069530505
  -1.48932934828817   -2.26728724561918   -4.17381627652967
  -1.48440763803165   -2.25979465782853   -4.17849512473156
  -1.48222581418734   -2.25647314846589   -4.18026911582381
  -1.47515701979559   -2.24571193746529   -4.18591058878670
  -1.46942042210583   -2.23697880211803   -4.19172371128532
  -1.46801655442175   -2.23484161782208   -4.19316937453786
  -1.46069502208591   -2.22369565007324   -4.19878819807732
  -1.45436053185632   -2.21405231032332   -4.20451764438680
  -1.45385693971049   -2.21328566455048   -4.20527450893596
  -1.44675532298263   -2.20247448631858   -4.21172805329780
  -1.44006423210977   -2.19228827397223   -4.21723352982553
  -1.43957651058613   -2.19154578891261   -4.21784187202519
  -1.43249039300766   -2.18075820588062   -4.22352192429536
  -1.42587884940630   -2.17069309268155   -4.23011901400826
  -1.42538498416004   -2.16994125469811   -4.23073182078573
  -1.41820598640244   -2.15901227510684   -4.23614173959027
  -1.41127992506802   -2.14846835441933   -4.24237932404178
  -1.41038294852120   -2.14710283813071   -4.24314359657740
  -1.40401842768670   -2.13741378115407   -4.24902816579414
  -1.39721346738064   -2.12705421916289   -4.25488119637715
  -1.39578658859214   -2.12488200380843   -4.25619872283987
  -1.38991571252975   -2.11594444917541   -4.26140088781369
  -1.38287276923753   -2.10522259271269   -4.26713044833515
  -1.38148776855342   -2.10311413067917   -4.26864589333995
  -1.37582066387369   -2.09448678832894   -4.27303104320288
  -1.36884169980272   -2.08386233092204   -4.27909632657648
  -1.36515990421435   -2.07825733281461   -4.28195269057409
  -1.36153360321426   -2.07273681714375   -4.28477486400427
  -1.35450749542657   -2.06204059028724   -4.28915800587437
  -1.34740254476218   -2.05122433662203   -4.29399211556360
  -1.34691586009678   -2.05048343002821   -4.29454624944348
  -1.34017622175958   -2.04022331123073   -4.29893357015168
  -1.33322424538171   -2.02963993866004   -4.30286366645445
  -1.32655086634795   -2.01948069001176   -4.30756438089346
  -1.32605458960599   -2.01872518087697   -4.30813712097333
  -1.31889188146049   -2.00782099985009   -4.31263905971269
  -1.31187518683062   -1.99713910315679   -4.31703790493862
  -1.30743219397279   -1.99037529295557   -4.32023697198346
  -1.30476988086955   -1.98632230860408   -4.32184277699916
  -1.29767487633800   -1.97552119647904   -4.32587268520713
  -1.29051129539236   -1.96461568674092   -4.33043716901094
  -1.28743909362506   -1.95993870653438   -4.33294681974455
  -1.28348552543570   -1.95391997418298   -4.33554876930418
  -1.27639695604828   -1.94312865862861   -4.33959750053171
  -1.26938079616393   -1.93244757600756   -4.34451764842206
  -1.26710332625484   -1.92898045942714   -4.34615765257590
  -1.26220823671274   -1.92152839780105   -4.34927386773422
  -1.25518189106173   -1.91083180883223   -4.35365750488667
  -1.24807543281959   -1.90001326009925   -4.35849187996024
  -1.24758876124169   -1.89927237342926   -4.35904605647515
  -1.24096344119873   -1.88918628760222   -4.36251331352565
  -1.23375774839084   -1.87821666868082   -4.36669984989823
  -1.22715261670439   -1.86816131668931   -4.37171699913066
  -1.22666378628858   -1.86741714350269   -4.37230288308178
  -1.21969736991003   -1.85681178813190   -4.37622913660294
  -1.21254645713455   -1.84592556383972   -4.38071489140049
  -1.20718514687337   -1.83776374900074   -4.38454884536267
  -1.20538119648025   -1.83501749698956   -4.38601026131243
  -1.19835137585072   -1.82431561787152   -4.39037624075689
  -1.19127361199491   -1.81354075216689   -4.39444008591775
  -1.18646315487194   -1.80621753108549   -4.39793214483065
  -1.18420701695799   -1.80278288936403   -4.39960435470934
  -1.17700589119139   -1.79182022309850   -4.40378023787405
  -1.17004380668337   -1.78122146237033   -4.40848522985898
  -1.16692156205484   -1.77646829918845   -4.41074616628204
  -1.16294331786439   -1.77041200121559   -4.41332175598375
  -1.15584902573610   -1.75961197362086   -4.41735246844991
  -1.14880254223881   -1.74888472771098   -4.42190677613255
  -1.14653495472879   -1.74543265564532   -4.42367142534360
  -1.14164092511512   -1.73798220760607   -4.42702032264973
  -1.13453588451878   -1.72716581703256   -4.43074213189390
  -1.12756472633175   -1.71655324294824   -4.43635902970158
  -1.12570360974067   -1.71371996371795   -4.43712002843188
  -1.12025334372842   -1.70542272669042   -4.44003552803883
  -1.11316355614345   -1.69462955660750   -4.44491449881152
  -1.10704547024168   -1.68531566096137   -4.44933800580589
  -1.10612796300588   -1.68391888968584   -4.45004874477529
  -1.09903390079344   -1.67311921210453   -4.45407980926067
  -1.09195590941394   -1.66234400002818   -4.45813746143384
  -1.08625655923772   -1.65366756860103   -4.46235514176361
  -1.08491158197463   -1.65162003640290   -4.46333212079902
  -1.07769498979558   -1.64063382477467   -4.46829433723476
  -1.07078605687150   -1.63011597959986   -4.47280894848900
  -1.06623982532538   -1.62319500351623   -4.47521463426537
  -1.06357667065285   -1.61914073799794   -4.47667978531948
  -1.05648314971515   -1.60834188442868   -4.48151924700498
  -1.04965094066927   -1.59794084019563   -4.48586200463371
  -1.04676550777564   -1.59354818842566   -4.48820126665770
  -1.04228354539019   -1.58672505278844   -4.49117839147765
  -1.03513680648793   -1.57584518261098   -4.49572672193542
  -1.02816531263478   -1.56523209752383   -4.50045308173997
  -1.02682921475416   -1.56319808289361   -4.50122439491604
  -1.02101563772427   -1.55434775770098   -4.50490918938634
  -1.01406464415082   -1.54376588130702   -4.50913343041014
  -1.00688555373939   -1.53283676066377   -4.51336396797534
  -1.00639146802651   -1.53208458705197   -4.51387503820118
  -0.99966229515827   -1.52184040040832   -4.51826603989785
  -0.99264745285161   -1.51116132360762   -4.52265942474156
  -0.98602658471115   -1.50108201515442   -4.52691414384981
  -0.98553436802762   -1.50033268686789   -4.52747191920327
  -0.97838828890691   -1.48945382111183   -4.53200966838835
  -0.97140807620460   -1.47882746284537   -4.53675966383527
  -0.96776101063031   -1.47327533613141   -4.53933652681274
  -0.96419550950546   -1.46784737942465   -4.54165796079906
  -0.95720536376097   -1.45720589954666   -4.54562192974296
  -0.95008143526255   -1.44636075489029   -4.54926850962241
  -0.94604597695222   -1.44021735674417   -4.55227466835661
  -0.94291537926705   -1.43545147724887   -4.55456240031125
  -0.93589496719528   -1.42476392129114   -4.55894907074357
  -0.92883370223027   -1.41401417274727   -4.56381952518548
  -0.92655492455951   -1.41054506528998   -4.56531867354511
  -0.92163555794388   -1.40305604535159   -4.56827539362644
  -0.91471855049641   -1.39252590788970   -4.57230326291397
  -0.90828279873726   -1.38272841219390   -4.57679566031944
  -0.90361804387092   -1.37562700159957   -4.58228412101185
  -0.90174867115336   -1.37278115361791   -4.58442531830501
  -0.89680596919263   -1.36525660901175   -4.59165929323632
      
      
