# shadow point cont 3D ind 327  size 1390
# norm -0.8400936 -0.5424415  0.0000000
# angle  2.5682520
   0.98912431382910   -1.53188298441203   -4.59076736146704
   0.99524281717271   -1.54135887235765   -4.58120801770821
   0.99821617365484   -1.54596378817852   -4.57775512707400
   1.00210818196544   -1.55199144438194   -4.57499727407191
   1.00916370359094   -1.56291851732226   -4.57130832272330
   1.01597408315129   -1.57346593226295   -4.56725667110552
   1.02000327015187   -1.57970604073153   -4.56427507602080
   1.02310510430155   -1.58450993331402   -4.56209888962978
   1.03013094745181   -1.59539104241483   -4.55726148753926
   1.03711398203773   -1.60620585275987   -4.55404034487052
   1.04102851480152   -1.61226839317966   -4.55145866755736
   1.04412354234810   -1.61706174419590   -4.54920186742172
   1.05113880944487   -1.62792647388296   -4.54436320990230
   1.05808344722835   -1.63868181808457   -4.54077328928505
   1.06152585735332   -1.64401316968728   -4.53826993838015
   1.06505498261711   -1.64947881931886   -4.53515838034035
   1.07209492780805   -1.66038176862301   -4.53109834004568
   1.07898909485616   -1.67105894746195   -4.52649394513850
   1.08038688773708   -1.67322374626436   -4.52542589363141
   1.08608815662446   -1.68205345217294   -4.52143889680594
   1.09311297040893   -1.69293296706772   -4.51739412169661
   1.10005439423903   -1.70368333373473   -4.51320147191701
   1.10051860781926   -1.70440227358359   -4.51247304384104
   1.10717817388575   -1.71471611967776   -4.50728157911636
   1.11407441286669   -1.72539650737386   -4.50351308719107
   1.12072429832623   -1.73569536085601   -4.49976139977573
   1.12118412450187   -1.73640750581534   -4.49922639412672
   1.12811009657547   -1.74713394193841   -4.49405010505534
   1.13519077070530   -1.75809996922740   -4.49036475525600
   1.13948216194315   -1.76474616033281   -4.48681630050655
   1.14210919938877   -1.76881472270267   -4.48439654010122
   1.14916211638873   -1.77973776179053   -4.48031275317065
   1.15616887014959   -1.79058930664912   -4.47628368555511
   1.15923656393558   -1.79534032514744   -4.47395251795224
   1.16322971059767   -1.80152461699064   -4.47100924851638
   1.17016478512555   -1.81226515032537   -4.46662595999038
   1.17731342542631   -1.82333643862081   -4.46240304827797
   1.17855358847261   -1.82525711192946   -4.46136522808322
   1.18415700275001   -1.83393526781558   -4.45698032317301
   1.19125267867167   -1.84492452877634   -4.45328020091604
   1.19810567140421   -1.85553793986380   -4.44871375774837
   1.19905369374888   -1.85700616714155   -4.44789618071655
   1.20521415503399   -1.86654703646086   -4.44404180251492
   1.21227802014515   -1.87748703117808   -4.43957537323641
   1.21757476295162   -1.88569023684656   -4.43575496307899
   1.21935814711113   -1.88845221105994   -4.43427437994933
   1.22614986238228   -1.89897072012233   -4.43014009610990
   1.23329487763124   -1.91003639420416   -4.42587615503419
   1.23851278675168   -1.91811750805817   -4.42240635472874
   1.24030446355923   -1.92089232531488   -4.42103775683776
   1.24731128642043   -1.93174397719099   -4.41620132711099
   1.25424686527046   -1.94248529158278   -4.41181845557955
   1.25774438548583   -1.94790199364000   -4.40934404407647
   1.26125771276629   -1.95334317651697   -4.40697707019974
   1.26833710851836   -1.96430722394851   -4.40249716047724
   1.27534455304854   -1.97515983861981   -4.39846873406905
   1.27745158151689   -1.97842304933378   -4.39657738147668
   1.28219328246934   -1.98576664700363   -4.39305300231959
   1.28936160559708   -1.99686841861375   -4.38879427401555
   1.29626800537551   -2.00756454260566   -4.38445549359626
   1.29716411119579   -2.00895236538903   -4.38367133324770
   1.30328505546061   -2.01843203365389   -4.37879135240619
   1.31031776415616   -2.02932377560627   -4.37472722662634
   1.31683043570278   -2.03941012227254   -4.37049902920180
   1.31731189564467   -2.04015577201783   -4.36990819766466
   1.32439420742865   -2.05112433558511   -4.36542320106140
   1.33148114373902   -2.06210006127872   -4.36092181766159
   1.33654833924163   -2.06994776096682   -4.35768893290950
   1.33826938165725   -2.07261318487268   -4.35673998856483
   1.34541655295482   -2.08368219808402   -4.35172299165229
   1.35242451966237   -2.09453562146521   -4.34769493834700
   1.35594011710121   -2.09998032019651   -4.34535164093072
   1.35950746348887   -2.10550516389347   -4.34239771638909
   1.36628662162984   -2.11600422539624   -4.33820670701126
   1.37324511064852   -2.12678102137213   -4.33408207109196
   1.37682652278620   -2.13232764906815   -4.33164302181930
   1.38034180056521   -2.13777185273382   -4.32929319892293
   1.38746259071715   -2.14880000876720   -4.32432342839095
   1.39429931953361   -2.15938823149771   -4.31968487314718
   1.39567167013209   -2.16151362716441   -4.31881947879689
   1.40141636973180   -2.17041059536581   -4.31509154793222
   1.40842475355555   -2.18126466474589   -4.31106374624822
   1.41459613696307   -2.19082244944503   -4.30647477850369
   1.41549381516229   -2.19221270741325   -4.30578960482359
   1.42243010405509   -2.20295512146707   -4.30140996860619
   1.42937347834351   -2.21370850886046   -4.29706002196165
   1.43514184964638   -2.22264213805458   -4.29339666956331
   1.43651822210740   -2.22477376248619   -4.29209318717015
   1.44352642883973   -2.23562755760011   -4.28725761945256
   1.45047366192004   -2.24638692120656   -4.28366580086939
   1.45527121726544   -2.25381702205197   -4.28039185307861
   1.45747399714419   -2.25722852550759   -4.27884468378633
   1.46439457591059   -2.26794660887315   -4.27369988878499
   1.47155998809540   -2.27904387222897   -4.26952330631317
   1.47370625373210   -2.28236785058329   -4.26771180535878
   1.47849456902095   -2.28978364110873   -4.26434901425142
   1.48543697495928   -2.30053552879275   -4.25996932965823
   1.49252098586373   -2.31150672383283   -4.25546674222908
   1.49299128149640   -2.31223508311716   -4.25488116970126
   1.49951667592499   -2.32234113404723   -4.24985411324207
   1.50646128641025   -2.33309643597138   -4.24545482043993
   1.51264902880650   -2.34267955626901   -4.24164583252374
   1.51354680143204   -2.34406996047777   -4.24096071079606
   1.52046390793043   -2.35478266625004   -4.23581666525176
   1.52762716633345   -2.36587659398705   -4.23164783159718
   1.53149159615267   -2.37186153865149   -4.22886899671285
   1.53456432121422   -2.37662034921933   -4.22647930576701
   1.54150625276557   -2.38737150220768   -4.22208524006878
   1.54865376430561   -2.39844104236151   -4.21794994272248
   1.55039711750018   -2.40114101956079   -4.21627798359180
   1.55566881766871   -2.40930544103358   -4.21231734144195
   1.56247906482054   -2.41985265090971   -4.20824526894136
   1.56925478925517   -2.43034639454067   -4.20353861346506
   1.56976986519400   -2.43114410626946   -4.20298842360489
   1.57661941339959   -2.44175218272694   -4.19828240485620
   1.58370181306860   -2.45272088240410   -4.19377916665644
   1.58927038921971   -2.46134508356265   -4.19000266998172
   1.59055773309781   -2.46333882707333   -4.18908451935381
   1.59765894444028   -2.47433666088669   -4.18454872531211
   1.60466298700048   -2.48518400683710   -4.17973178561045
   1.60728937816411   -2.48925156829296   -4.17731999711491
   1.61167033139054   -2.49603646641874   -4.17409612945050
   1.61868741882975   -2.50690401531828   -4.17004372790890
   1.62569530691467   -2.51775731693452   -4.16521477078786
   1.62699770792042   -2.51977437981701   -4.16437701150205
   1.63270215199806   -2.52860900322673   -4.16039194870669
   1.63977866209759   -2.53956858157186   -4.15590724830439
   1.64623582157351   -2.54956895522611   -4.15140338539798
   1.64671735132384   -2.55031471308557   -4.15075800619948
   1.65373688487885   -2.56118605034934   -4.14667714644059
   1.66074305745987   -2.57203669511933   -4.14186042045158
   1.66508370847407   -2.57875917614315   -4.13847639933065
   1.66775094334334   -2.58288999332613   -4.13622963950594
   1.67476700940681   -2.59375596039404   -4.13217265239973
   1.68197497505190   -2.60491912741923   -4.12799379211667
   1.68443532909963   -2.60872954280246   -4.12591116888193
   1.68861899772572   -2.61520890105007   -4.12281346483767
   1.69573627451706   -2.62623161584898   -4.11810798982558
   1.70274231371301   -2.63708205404198   -4.11328374821046
   1.70445327499279   -2.63973186502615   -4.11233221848547
   1.70974506924656   -2.64792740674019   -4.10847047382906
   1.71688455980765   -2.65898452459180   -4.10433447461077
   1.72208464889766   -2.66703804009338   -4.09999496494688
   1.72383714867404   -2.66975218284580   -4.09838226621037
   1.73072580070053   -2.68042082042490   -4.09451586654347
   1.73791601059083   -2.69155648864304   -4.08983037597375
   1.74255017300337   -2.69873353853204   -4.08662038150607
   1.74471108046954   -2.70208019307489   -4.08489722591709
   1.75188370278614   -2.71318862295251   -4.07979897403760
   1.75880802602321   -2.72391250547883   -4.07550087314600
   1.76102246924056   -2.72734207225540   -4.07386844685195
   1.76583383363232   -2.73479355953611   -4.07060135345626
   1.77297907179657   -2.74585957885275   -4.06566362049483
   1.77863622371113   -2.75462095963874   -4.06139680094517
   1.77992836807623   -2.75662213779061   -4.06049368334199
   1.78681056436346   -2.76728077719557   -4.05661831054822
   1.79400388193425   -2.77842125836068   -4.05196158892925
   1.79914419180939   -2.78638219221120   -4.04820195789570
   1.80087629918778   -2.78906475271753   -4.04652055494163
   1.80797451618747   -2.80005794911302   -4.04193072843000
   1.81488252872984   -2.81075657083510   -4.03744111307113
   1.81748774383549   -2.81479133636992   -4.03496868926742
   1.82199936759980   -2.82177860741359   -4.03068079715768
   1.82882173352192   -2.83234458594976   -4.02372081943791
   1.83008797692209   -2.83430565059222   -4.02209607907967
   1.83593630328114   -2.84336310829643   -4.01276050262139
   1.83852610700047   -2.84737400580967   -4.00938123356383
   1.84278317822380   -2.85396704460091   -4.00500202559840
   1.84957091220255   -2.86447938773047   -3.99671565310564
   1.85004747926225   -2.86521745973971   -3.99602748533104
   1.85696226264066   -2.87592656763462   -3.98848236060612
   1.86050157310790   -2.88140799136014   -3.98375240689244
   1.86397331746375   -2.88678477366202   -3.97962547414522
   1.87080636180295   -2.89736729014515   -3.97195165388189
   1.87168364802387   -2.89872596651727   -3.97042595201200
   1.87780809993643   -2.90821106716895   -3.96072180067346
   1.87898972693907   -2.91004108415869   -3.95773928947694
   1.88158116635799   -2.91405451492312   -3.94507198681793
   1.88173274562179   -2.91428926973783   -3.93218662705662
   1.88180238215462   -2.91439711767792   -3.91919121626783
   1.88310996905771   -2.91642221209677   -3.90626061660849
   1.88459216624639   -2.91871773008286   -3.89566404202717
   1.88503716627343   -2.91940691339374   -3.89312712754792
   1.88686182428030   -2.92223280950611   -3.88029980348302
   1.88857524602196   -2.92488643107266   -3.86739882778217
   1.88960182796192   -2.92647632567331   -3.85457203528840
   1.89000642713085   -2.92710293910675   -3.84166458462907
   1.88997409422244   -2.92705286427638   -3.82876179565420
   1.88979264727432   -2.92677185258905   -3.81584906888927
   1.88933443904666   -2.92606221338855   -3.80301828837092
   1.88766326358061   -2.92347401974634   -3.79028566329223
   1.88477612966242   -2.91900263909059   -3.78205124224329
   1.88262898953950   -2.91567730639634   -3.77721031520452
   1.87779498271221   -2.90819075217689   -3.76914414486172
   1.87506668116478   -2.90396535941440   -3.76447696660487
   1.87076642515945   -2.89730543920915   -3.75784636719686
   1.86709843660078   -2.89162472832025   -3.75170872349892
   1.86363829909896   -2.88626592186018   -3.74673407046166
   1.85838456262664   -2.87812932123878   -3.73854614378928
   1.85663807844056   -2.87542449499016   -3.73526532526835
   1.85072762279187   -2.86627081601193   -3.72512784187839
   1.84979696874207   -2.86482948747179   -3.72363937827821
   1.84280195803247   -2.85399612938727   -3.71387453565790
   1.84188062187064   -2.85256923170667   -3.71234931250448
   1.83565003073139   -2.84291975042752   -3.70283960237180
   1.83346535655107   -2.83953628774591   -3.69955313727182
   1.82864654007663   -2.83207325922766   -3.69142829444685
   1.82563994118000   -2.82741686000028   -3.68646564194903
   1.82171149615092   -2.82133277328731   -3.68075400361665
   1.81723513448783   -2.81440011359237   -3.67363352940849
   1.81469242722962   -2.81046215561405   -3.66942206335677
   1.80895141990681   -2.80157090573955   -3.66061169390673
   1.80766135993014   -2.79957295573519   -3.65892911154395
   1.80080133528480   -2.78894865413840   -3.64814817846281
   1.80035912795083   -2.78826379594512   -3.64734587693839
   1.79350685101777   -2.77765149343524   -3.63658851667989
   1.79219656314501   -2.77562221595323   -3.63491345342421
   1.78632266467451   -2.76652515404370   -3.62537290365125
   1.78430057352299   -2.76339348799867   -3.62194880037738
   1.77969700837472   -2.75626382490205   -3.61580205852123
   1.77559744154250   -2.74991471732685   -3.60884934883406
   1.77245360293687   -2.74504577133254   -3.60414836935598
   1.76720566707882   -2.73691815427588   -3.59599014515618
   1.76555091286235   -2.73435539265719   -3.59337626058223
   1.75934361306537   -2.72474198329581   -3.58302507479973
   1.75840340213517   -2.72328585376224   -3.58154702928325
   1.75129867380798   -2.71228257310164   -3.57112238745803
   1.75086054310302   -2.71160402849152   -3.57037090909301
   1.74425874536830   -2.70137964974060   -3.55993244823992
   1.74252445486776   -2.69869370817525   -3.55744888816875
   1.73735310723850   -2.69068470533407   -3.54994568614613
   1.73419048608917   -2.68578667031758   -3.54454113789475
   1.73014615784599   -2.67952311220613   -3.53823713181000
   1.72508217806278   -2.67168039278771   -3.53129514153079
   1.72343679405970   -2.66913214306631   -3.52866719286499
   1.71839347790528   -2.66132142595629   -3.51866575929321
   1.71618133439306   -2.65789542079387   -3.51540998677892
   1.70972326123382   -2.64789363209410   -3.50545597321213
   1.70926432893374   -2.64718287150348   -3.50469304472042
   1.70215608008872   -2.63617413852380   -3.49349418095935
   1.70172285775213   -2.63550319563361   -3.49280731977845
   1.69513728232721   -2.62530394080289   -3.48379046251039
   1.69260227377850   -2.62137790601957   -3.47958587450287
   1.68832093358363   -2.61474728123026   -3.47289961304983
   1.68435868874791   -2.60861084786283   -3.46646001212037
   1.68127251698260   -2.60383121202924   -3.46164673114890
   1.67573105671628   -2.59524900595859   -3.45406424776636
   1.67397738325848   -2.59253304549471   -3.45086497844931
   1.66760651120494   -2.58266630745357   -3.44078421555238
   1.66714145075532   -2.58194605603568   -3.44004035877506
   1.66001752367815   -2.57091304176323   -3.42978781098856
   1.65872590745803   -2.56891268156347   -3.42800145111426
   1.65313209989649   -2.56024940385227   -3.41809836092000
   1.65098891098599   -2.55693019050520   -3.41478328290927
   1.64608745318489   -2.54933917317873   -3.40768591315912
   1.64249497328523   -2.54377540454702   -3.40213073473942
   1.63908226103874   -2.53849004683416   -3.39630977315862
   1.63430155256543   -2.53108603718510   -3.38896750066046
   1.63195741787214   -2.52745561378977   -3.38519997552441
   1.62604556221117   -2.51829976657550   -3.37585707757318
   1.62513408106044   -2.51688813161122   -3.37429643510231
   1.61827903441374   -2.50627153957258   -3.36356763523840
   1.61783354280383   -2.50558159493429   -3.36277373566991
   1.61102288526634   -2.49503374948305   -3.35261531701044
   1.60967847644976   -2.49295162799294   -3.35029254571707
   1.60387815325976   -2.48396851406618   -3.34158968152540
   1.60092048514786   -2.47938789523920   -3.33730046734596
   1.59706954797703   -2.47342384699617   -3.33143728835209
   1.59258029856088   -2.46647122769722   -3.32439206584260
   1.58984969977434   -2.46224227713977   -3.31972440049995
   1.58470715674275   -2.45427788474079   -3.31138905123346
   1.58304219050488   -2.45169930749448   -3.30878993718909
   1.57636986837481   -2.44136570574729   -3.29849014866209
   1.57591112455825   -2.44065523706610   -3.29772747643478
   1.56902894836477   -2.42999662878085   -3.28774538197615
   1.56730472496718   -2.42732627840409   -3.28522328875062
   1.56168258624303   -2.41861912347208   -3.27541915001223
   1.55968503182329   -2.41552545811246   -3.27266714863051
   1.55497728369102   -2.40823444407319   -3.26594521072032
   1.55134482534313   -2.40260875976141   -3.25976966619467
   1.54774705902290   -2.39703680391035   -3.25425652415173
   1.54301822271242   -2.38971313005175   -3.24681141030128
   1.54084174373980   -2.38634235950504   -3.24352219668917
   1.53515150949907   -2.37752974324558   -3.23379403312035
   1.53380274684245   -2.37544087884825   -3.23148133530850
   1.52677146433970   -2.36455134567839   -3.22194039291268
   1.52627014779832   -2.36377494349232   -3.22109066100456
   1.51977452594178   -2.35371500213199   -3.20955430594416
   1.51888925532156   -2.35234396010950   -3.20806280350911
   1.51265962433684   -2.34269596584706   -3.19933167097370
   1.51004462942300   -2.33864605406467   -3.19524427913490
   1.50564746201358   -2.33183604460486   -3.18799589150562
   1.50180573498708   -2.32588626035594   -3.18212713674545
   1.49884127906373   -2.32129512906584   -3.17785886337419
   1.49310182313178   -2.31240628187138   -3.16905576723020
   1.49172241561758   -2.31026995697265   -3.16676752422727
   1.48515807309063   -2.30010358609259   -3.15624160712572
   1.48469945307017   -2.29939330913768   -3.15547909859398
   1.47766767201595   -2.28850300384797   -3.14505300893016
   1.47672060247340   -2.28703625220007   -3.14353990525405
   1.47056421761414   -2.27750169614929   -3.13388769978198
   1.46874248003324   -2.27468032297786   -3.13082723161988
   1.46355637154864   -2.26664845960963   -3.12334422438103
   1.45973637607324   -2.26073233158862   -3.11741828584328
   1.45674772080868   -2.25610372213879   -3.11240407865684
   1.45217375056734   -2.24901989345724   -3.10486837726596
   1.44943337529525   -2.24477580179806   -3.10085271201995
   1.44362447122250   -2.23577939843125   -3.09135840903541
   1.44269661704399   -2.23434240612583   -3.08981618466588
   1.43562448619758   -2.22338961004583   -3.08024703363740
   1.43439971016557   -2.22149276701313   -3.07845647391337
   1.42871961066368   -2.21269584669174   -3.06873289987898
   1.42690323904952   -2.20988278393491   -3.06560802952719
   1.42146512094968   -2.20146062661060   -3.05710471946362
   1.41885124397933   -2.19741244621684   -3.05301834534358
   1.41455119039677   -2.19075283950909   -3.04639486441578
   1.41052077433658   -2.18451082756339   -3.04011322428625
   1.40745858535770   -2.17976833450542   -3.03520040817738
   1.40241734421452   -2.17196083102018   -3.02671697368575
   1.40068472360257   -2.16927747565546   -3.02410726553594
   1.39368338785839   -2.15843432182261   -3.01449734845935
   1.39324800764856   -2.15776003697705   -3.01368424829413
   1.38674723139078   -2.14769211285919   -3.00308368395154
   1.38535240765935   -2.14553191245712   -3.00075381067019
   1.37958995987346   -2.13660745717041   -2.99201391715052
   1.37729390296715   -2.13305149311529   -2.98821156152100
   1.37248126716719   -2.12559803677107   -2.98091394932709
   1.36823753625404   -2.11902565847100   -2.97493134721725
   1.36546187674243   -2.11472692117691   -2.97042953677313
   1.36054900568662   -2.10711822784102   -2.96258604791294
   1.35835496280624   -2.10372025560584   -2.95929445005509
   1.35189469096998   -2.09371506175682   -2.94937639727229
   1.35144277542293   -2.09301516819719   -2.94859710855028
   1.34443614168044   -2.08216380921424   -2.93728638447216
   1.34396994211103   -2.08144179361140   -2.93654850293564
   1.33721947670651   -2.07098716930841   -2.92633162865953
   1.33556733249346   -2.06842844987104   -2.92377648388547
   1.33040544591387   -2.06043409960770   -2.91628172821749
   1.32689920955191   -2.05500389862373   -2.91062678226987
   1.32339720337653   -2.04958024904161   -2.90496131156294
   1.31935154375827   -2.04331462899437   -2.89791875928517
   1.31626757703199   -2.03853840816305   -2.89310253293052
   1.31037655442044   -2.02941482564339   -2.88452597584110
   1.30945392347348   -2.02798592269481   -2.88296227220522
   1.30296837712317   -2.01794158553745   -2.87236934804581
   1.30215543995645   -2.01668256824741   -2.87143639133868
   1.29531279567350   -2.00608518407751   -2.86064934753790
   1.29437210535375   -2.00462831210068   -2.85913783754130
   1.28821837004298   -1.99509785947572   -2.84948934171265
   1.28604403403296   -1.99173040779187   -2.84623269952044
   1.28110649104118   -1.98408350437624   -2.83836867414274
   1.27737503245717   -1.97830449578048   -2.83308452332229
   1.27441146830394   -1.97371474559835   -2.82881809660696
   1.26939038969573   -1.96593846836426   -2.82040619635104
   1.26708072395068   -1.96236142794068   -2.81657845450628
   1.26074906046906   -1.95255541325181   -2.80718100322381
   1.26031082485551   -1.95187670616700   -2.80637329995678
   1.25345071993659   -1.94125228024838   -2.79465929598826
   1.25298052426104   -1.94052407577029   -2.79393719959144
   1.24625327186122   -1.93010540206159   -2.78464608625888
   1.24406557691812   -1.92671726104477   -2.78140642410926
   1.23925583616031   -1.91926828832889   -2.77411148039337
   1.23575042083380   -1.91383935890426   -2.76845757907273
   1.23234251004696   -1.90856143733891   -2.76339491495032
   1.22776445000758   -1.90147127467899   -2.75576540002959
   1.22501444522829   -1.89721226954733   -2.75116143312728
   1.21901917082063   -1.88792722951386   -2.74278277131416
   1.21822446884328   -1.88669645354388   -2.74180358113921
   1.21122693762438   -1.87585919187995   -2.73046909699422
   1.21077430234696   -1.87515818365486   -2.72969217959960
   1.20422730479864   -1.86501867540192   -2.71914255262035
   1.20251357884707   -1.86236458269744   -2.71662024854699
   1.19719050896546   -1.85412060359142   -2.70869718934623
   1.19410918149936   -1.84934847025213   -2.70388843212420
   1.19009816991793   -1.84313651053589   -2.69753808510468
   1.18621177822889   -1.83711755294282   -2.69100003452018
   1.18318206460981   -1.83242535533345   -2.68686673836788
   1.17789358910714   -1.82423495345702   -2.67805860002306
   1.17613077545302   -1.82150483732937   -2.67567030352055
   1.16930480439259   -1.81093327542015   -2.66560732423272
   1.16886661490929   -1.81025463977847   -2.66479986190419
   1.16227936946883   -1.80005279855052   -2.65433150604033
   1.16089781865040   -1.79791315425984   -2.65200083031690
   1.15512803012399   -1.78897733017415   -2.64329093850863
   1.15251248215219   -1.78492656185626   -2.63922496305912
   1.14821450560784   -1.77827017191250   -2.63256724358870
   1.14418072112600   -1.77202294320311   -2.62632142857322
   1.14100161935274   -1.76709938420847   -2.62091715395260
   1.13655506016454   -1.76021288039458   -2.61383873160443
   1.13388993026143   -1.75608532322838   -2.60981969135547
   1.12756293043352   -1.74628653126335   -2.60042701757742
   1.12712484217672   -1.74560805239383   -2.59961951052724
   1.12052482094603   -1.73538642496168   -2.58755889420284
   1.12005477171026   -1.73465844727874   -2.58683697999968
   1.11310764629442   -1.72389925041510   -2.57781650799262
   1.11097359369308   -1.72059418671166   -2.57445073925889
   1.10604903304524   -1.71296738939542   -2.56661410635646
   1.10291247464727   -1.70810971845125   -2.56191126198195
   1.09898117246469   -1.70202120678908   -2.55540839557029
   1.09477400428196   -1.69550545415660   -2.54859947343886
   1.09215601162000   -1.69145089968240   -2.54453352449011
   1.08649787588957   -1.68268799523475   -2.53562548408543
   1.08524705114282   -1.68075080986863   -2.53379744149294
   1.07848549656419   -1.67027901146840   -2.52293350651956
   1.07802735498354   -1.66956947548589   -2.52217161296001
   1.07099128842118   -1.65867253311638   -2.51175106766407
   1.06971244839649   -1.65669195974838   -2.51004461483637
   1.06399201496462   -1.64783257320290   -2.50122668591608
   1.06129398032045   -1.64365405559397   -2.49735201402517
   1.05685127628680   -1.63677352235991   -2.49012571486479
   1.05316977432152   -1.63107188290079   -2.48399455228750
   1.05021186038503   -1.62649088335875   -2.47969801253287
   1.04552757160019   -1.61923620143129   -2.47150489500153
   1.04288900054035   -1.61514977664804   -2.46747847161773
   1.03644540792709   -1.60517041435281   -2.45832840777332
   1.03599384122562   -1.60447106105955   -2.45754957183027
   1.02899166017159   -1.59362659807297   -2.44622890868701
   1.02853229684200   -1.59291516993555   -2.44547071107428
   1.02196303196987   -1.58274117568933   -2.43578182625088
   1.02012712907607   -1.57989786432317   -2.43274177618159
   1.01488951675275   -1.57178623559777   -2.42460516180805
   1.01190917692433   -1.56717050448381   -2.41959681879761
   1.00803738908758   -1.56117416426302   -2.41375446698051
   1.00383580802800   -1.55466706455592   -2.40710967451199
   1.00073717752564   -1.54986813354677   -2.40231231892361
   0.99485436160744   -1.54075726095015   -2.39372392635762
   0.99407321530227   -1.53954747900819   -2.39272212487845
   0.98738793277393   -1.52919380514943   -2.38082945610415
   0.98692987892094   -1.52848440503306   -2.38006767597169
   0.97989237064953   -1.51758522985062   -2.36964706816707
   0.97895642832439   -1.51613571121861   -2.36817246273629
   0.97292683935809   -1.50679752732066   -2.35986519001506
   0.97022174130693   -1.50260807042651   -2.35517402813206
   0.96592397054386   -1.49595199918167   -2.34774848327580
   0.96203385726134   -1.48992727785836   -2.34195870421762
   0.95890821460032   -1.48508651240469   -2.33727013380507
   0.95401951275070   -1.47751525055763   -2.32934052884619
   0.95186960421483   -1.47418563034903   -2.32603918462615
   0.94585953279655   -1.46487767379387   -2.31693612740577
   0.94459794458320   -1.46292381876237   -2.31526062536468
   0.93785256870580   -1.45247707674461   -2.30506105451286
   0.93692521697004   -1.45104086258558   -2.30355727589160
   0.93088344212349   -1.44168380609260   -2.29448352893101
   0.92827164834450   -1.43763885199240   -2.29042148753450
   0.92391589185064   -1.43089297671273   -2.28312450893101
   0.92048385584882   -1.42557769178890   -2.27730909527899
   0.91697029529914   -1.42013614764172   -2.27164847129703
   0.91214451854826   -1.41266233955927   -2.26441646938436
   0.90994679678717   -1.40925866974424   -2.26116940761856
   0.90366512777217   -1.39953008280806   -2.25184393372448
   0.90289901702456   -1.39834358683173   -2.25083503453391
   0.89600378821860   -1.38766476362033   -2.23911692589113
   0.89552898035243   -1.38692941612066   -2.23841844972950
   0.88855942053253   -1.37613547450211   -2.22803082545853
   0.88735481082445   -1.37426986358864   -2.22624068998058
   0.88188273294625   -1.36579511185745   -2.21773942097763
   0.87920782734556   -1.36165241480985   -2.21296603231098
   0.87472253206545   -1.35470591938597   -2.20594706103507
   0.87080724291088   -1.34864220752378   -2.20023503433346
   0.86783543286119   -1.34403968670372   -2.19599555864282
   0.86250897085853   -1.33579045413011   -2.18726802590281
   0.86085014706078   -1.33322138984326   -2.18466571626440
   0.85462518565265   -1.32358062747758   -2.17436692449276
   0.85370930533787   -1.32216217941160   -2.17284366422472
   0.84677674722014   -1.31142554330781   -2.16298624796828
   0.84586243382871   -1.31000952197745   -2.16146050060133
   0.83980345023668   -1.30062581384522   -2.15161939821863
   0.83759665994911   -1.29720809936341   -2.14842451126765
   0.83262878987528   -1.28951422759374   -2.14065460091291
   0.82897207493966   -1.28385097646301   -2.13524689410475
   0.82588652250482   -1.27907229980290   -2.13039757330758
   0.82091808667341   -1.27137755182949   -2.12269605337244
   0.81869494600047   -1.26793451507342   -2.11873572504574
   0.81235252665465   -1.25811184249322   -2.10935364871045
   0.81189461868642   -1.25740266831243   -2.10859206192471
   0.80480096647807   -1.24641654153000   -2.09749113419968
   0.80434179392052   -1.24570540884629   -2.09673318784526
   0.79777515112942   -1.23553547548630   -2.08704765121160
   0.79559092411796   -1.23215270534692   -2.08381169541304
   0.79060214255442   -1.22442644740008   -2.07527829193332
   0.78806993548426   -1.22050475134069   -2.07107215704824
   0.78385183535897   -1.21397206811965   -2.06502475118357
   0.77932999800778   -1.20696897902385   -2.05812788998537
   0.77666569259109   -1.20284269876156   -2.05336585734558
   0.77112214211201   -1.19425725552313   -2.04501306880090
   0.76977485820101   -1.19217068129826   -2.04263127350701
   0.76320429709122   -1.18199467953446   -2.03212191840265
   0.76274023649670   -1.18127597661863   -2.03137935386466
   0.75580115431274   -1.17052923652091   -2.02160829979812
   0.75407177759692   -1.16785090506392   -2.01906945681939
   0.74854390397100   -1.15928974098258   -2.01000953082085
   0.74606143600519   -1.15544507718958   -2.00647599966997
   0.74176114110524   -1.14878509674719   -1.99904665757271
   0.73822600290391   -1.14331013472022   -1.99344667007769
   0.73474635982223   -1.13792111945275   -1.98856975314705
   0.72953720311347   -1.12985356069020   -1.98044928193006
   0.72773357161415   -1.12706022888618   -1.97728398628726
   0.72187682243764   -1.11798972654180   -1.96794012206023
   0.72051868561664   -1.11588634412817   -1.96565915521364
   0.71377939592443   -1.10544902794639   -1.95623878108700
   0.71284693911762   -1.10400490742881   -1.95469264460456
   0.70673184887587   -1.09453430544429   -1.94579674020295
   0.70412355523367   -1.09049477209851   -1.94173929114754
   0.69973959795281   -1.08370522151417   -1.93448405800070
   0.69658052686659   -1.07881268457431   -1.92903479643929
   0.69261316733557   -1.07266832994300   -1.92264036559905
   0.68825295916461   -1.06591556023327   -1.91614646112287
   0.68563669338151   -1.06186368022204   -1.91209111201740
   0.67998525877372   -1.05311115398023   -1.90309947735688
   0.67860504206294   -1.05097357585736   -1.90085472112077
   0.67171492308630   -1.04030266637376   -1.89089110439196
   0.67124935098705   -1.03958162255057   -1.89015402935223
   0.66449638625353   -1.02912312747065   -1.88009839642418
   0.66278746584796   -1.02647647724235   -1.87755762579018
   0.65786373919979   -1.01885097156347   -1.86969024533881
   0.65507298118176   -1.01452885081317   -1.86430214189961
   0.65061225921152   -1.00762041272418   -1.85723419928880
   0.64711785983792   -1.00220854399713   -1.85156943738915
   0.64370248121513   -0.99691905679677   -1.84653652330984
   0.63816819562983   -0.98834796234437   -1.83821936179956
   0.63679690574531   -0.98622420943341   -1.83581233803326
   0.63049903597859   -0.97647053196456   -1.82571486129432
   0.62969073261771   -0.97521869117220   -1.82475612706092
   0.62274037978263   -0.96445449591901   -1.81421312802433
   0.62182538505872   -0.96303741939104   -1.81263658447911
   0.61578842846654   -0.95368782505603   -1.80353429406938
   0.61347204545318   -0.95010038142135   -1.79977550270720
   0.60851630921707   -0.94242530164707   -1.79202269871102
   0.60519918544273   -0.93728798432905   -1.78680924741728
   0.60178882929445   -0.93200627556779   -1.78174476601748
   0.59650970941865   -0.92383036299811   -1.77372693200788
   0.59473045794045   -0.92107478917757   -1.77064015299706
   0.58904784384817   -0.91227397444353   -1.76083898023810
   0.58776119677869   -0.91028131009879   -1.75916063408313
   0.58070254580049   -0.89934939064718   -1.74885622353237
   0.58025043193753   -0.89864918995046   -1.74808001414154
   0.57365101716919   -0.88842850176259   -1.73763191814097
   0.57190044514073   -0.88571734456436   -1.73521120061312
   0.56661198665587   -0.87752696904385   -1.72727014694149
   0.56362642059719   -0.87290314392885   -1.72225304388461
   0.55966120772101   -0.86676211387867   -1.71582611781455
   0.55564266107428   -0.86053848440750   -1.70955785932992
   0.55258445389415   -0.85580215806657   -1.70471348136727
   0.54714163651317   -0.84737272284127   -1.69619861109027
   0.54592010382355   -0.84548090285872   -1.69424078773451
   0.53910303655852   -0.83492313049291   -1.68350523544659
   0.53863910793303   -0.83420463196099   -1.68276286087466
   0.53171135579092   -0.82347543899875   -1.67300934656613
   0.53003961433379   -0.82088636879118   -1.67040390127681
   0.52482632627607   -0.81281241169923   -1.66149822550136
   0.52248815358680   -0.80919122181720   -1.65760124355277
   0.51759811306851   -0.80161788673857   -1.65061949533204
   0.51377287275874   -0.79569363590387   -1.64464633567246
   0.51054876174987   -0.79070036991566   -1.63940014208711
   0.50545452921622   -0.78281079726253   -1.63186103830956
   0.50375111626181   -0.78017267656950   -1.62924518591459
   0.49745934967637   -0.77042845125893   -1.61915037410461
   0.49655697264143   -0.76903091607955   -1.61759377510914
   0.48999980767712   -0.75887566128056   -1.60791302251319
   0.48853102791527   -0.75660092321826   -1.60562466884783
   0.48253179431129   -0.74730975147274   -1.59584953207387
   0.48082292035871   -0.74466317318741   -1.59335290430418
   0.47565479872220   -0.73665916652652   -1.58509739732458
   0.47260136641475   -0.73193023515719   -1.58024812306552
   0.46861172872117   -0.72575137774634   -1.57384648322094
   0.46382153999375   -0.71833268577701   -1.56736491486787
   0.46167193979378   -0.71500354309637   -1.56410421540117
   0.45600591105288   -0.70622841453467   -1.55440831543235
   0.45479371042964   -0.70435104737012   -1.55256653008616
   0.44902000014987   -0.69540914956127   -1.54167465352896
   0.44760778575448   -0.69322201577799   -1.53763808177835
   0.44316794109047   -0.68634591092530   -1.52883403321834
   0.44038637432074   -0.68203802490432   -1.52438773928327
   0.43367828332586   -0.67164902697022   -1.51699405272944
   0.43271324563245   -0.67015444757188   -1.51569030969400
   0.42651875467263   -0.66056087559536   -1.50871397290269
   0.42260841014958   -0.65450482161478   -1.50300887312251
   0.41955241834668   -0.64977192628716   -1.49816851057924
   0.41435651069262   -0.64172488668602   -1.48992926829844
   0.41264442729011   -0.63907333784070   -1.48747295055687
   0.40642724808462   -0.62944462797808   -1.47714962863818
   0.40560467773436   -0.62817069152193   -1.47621387592748
   0.39849824687955   -0.61716477411178   -1.46598381315132
   0.39758915147833   -0.61575683402087   -1.46445465280523
   0.39161868293234   -0.60651021148141   -1.45441401144564
   0.38976803577270   -0.60364406528082   -1.45140404575945
   0.38446209040282   -0.59542660735900   -1.44347951154604
   0.38114155870062   -0.59028401209297   -1.43825865648159
   0.37774384821046   -0.58502188799688   -1.43315940154391
   0.37280286201172   -0.57736965199557   -1.42537067018710
   0.37065533473633   -0.57404371970804   -1.42211382325241
   0.36469661916205   -0.56481529930672   -1.41215680303473
   0.36376555471694   -0.56337333517652   -1.41055606808146
   0.35704311725036   -0.55296211848227   -1.39950965748798
   0.35657358372704   -0.55223493949684   -1.39878844571360
   0.34950475390841   -0.54128725580586   -1.38931289476269
   0.34779856730262   -0.53864483948558   -1.38682121916667
   0.34267539355838   -0.53071044481420   -1.37853937057874
   0.34001851865173   -0.52659567237933   -1.37371471461718
   0.33565338183054   -0.51983526953862   -1.36705463127282
   0.33114836723563   -0.51285823429039   -1.36102809687128
   0.32845481670364   -0.50868666134458   -1.35635491037511
   0.32313664830296   -0.50045027329171   -1.34760676823021
   0.32191054401585   -0.49855137315520   -1.34561253590253
   0.31506834750229   -0.48795468245760   -1.33496718336707
   0.31461068896351   -0.48724589457480   -1.33420598632659
   0.30782541652552   -0.47673736369851   -1.32420779623308
   0.30607680340394   -0.47402924031117   -1.32158209715216
   0.30050845292713   -0.46540538866036   -1.31265740533655
   0.29833130430836   -0.46203358101496   -1.30939805625611
   0.29352556975597   -0.45459081281536   -1.30214562623386
   0.29003037109007   -0.44917770620321   -1.29647922951827
   0.28650677837217   -0.44372062497179   -1.29087651618578
   0.28207511205266   -0.43685718613752   -1.28375389115434
   0.27945883121139   -0.43280528280529   -1.27966491680463
   0.27387636100490   -0.42415956355571   -1.27144221715534
   0.27212670640372   -0.42144982720137   -1.26829449312974
   0.26566777771881   -0.41144671352637   -1.25995812715060
   0.26433033772553   -0.40937538483720   -1.25754747291760
   0.25838584528049   -0.40016899217229   -1.24677056160356
   0.25746747120746   -0.39874668195695   -1.24525362717710
   0.25155710655874   -0.38959314391279   -1.23676652206794
   0.24852784980250   -0.38490165385899   -1.23176481653162
   0.24449725864605   -0.37865937073708   -1.22554221935798
   0.24048920327102   -0.37245198937585   -1.21924513932370
   0.23753135125171   -0.36787108572660   -1.21501195923129
   0.23185932623020   -0.35908667056651   -1.20598952218099
   0.23053411563782   -0.35703428187396   -1.20371516897271
   0.22402313654784   -0.34695055636003   -1.19298843456928
   0.22355363479485   -0.34622342657816   -1.19226729088176
   0.21627482183076   -0.33495053643634   -1.18167574614844
   0.21581591424066   -0.33423981411472   -1.18091823068882
   0.20966376954269   -0.32471182491388   -1.17203431982702
   0.20696936905481   -0.32053893561891   -1.16722516573352
   0.20246240228504   -0.31355887698583   -1.16024967054723
   0.19848530271483   -0.30739943769823   -1.15471200138112
   0.19544404256640   -0.30268935767349   -1.14985193260519
   0.19074065358662   -0.29540509476897   -1.14158407010822
   0.18859270990912   -0.29207851758849   -1.13818550852631
   0.18203701672314   -0.28192554217152   -1.12845456471564
   0.18157319688066   -0.28120721211472   -1.12771239915322
   0.17455239611571   -0.27033391228942   -1.11738597015563
   0.17366032289909   -0.26895233490597   -1.11577899182707
   0.16753918738870   -0.25947237045404   -1.10596119072878
   0.16529269442892   -0.25599316739374   -1.10291155060376
   0.16033281088574   -0.24831166457532   -1.09520405251331
   0.15701882366075   -0.24317920491423   -1.08997485084756
   0.15360255310594   -0.23788833635516   -1.08494030894735
   0.14906671790459   -0.23086356841861   -1.07725731791848
   0.14652534681341   -0.22692767979751   -1.07304506367663
   0.14098391035299   -0.21834551059568   -1.06392804101633
   0.13971937184707   -0.21638708636804   -1.06200583657731
   0.13253272595581   -0.20525693780947   -1.05203054028420
   0.13207973831358   -0.20455538386768   -1.05125710411412
   0.12544070918376   -0.19427334387049   -1.04015411396884
   0.12453556166140   -0.19287151796398   -1.03856181589977
   0.11850726981657   -0.18353534295234   -1.03031170317927
   0.11545814881668   -0.17881308861905   -1.02544351547474
   0.11148665550065   -0.17266233188557   -1.01904167058814
   0.10712622532695   -0.16590921835432   -1.01254764452129
   0.10447969875029   -0.16181047265178   -1.00856374742360
   0.09805765047238   -0.15186447663849   -0.99937683838711
   0.09759097319883   -0.15114172120263   -0.99863626666260
   0.09051921395905   -0.14018950063964   -0.98749161982022
   0.09005888707609   -0.13947658022162   -0.98673840428202
   0.08344707998965   -0.12923669972296   -0.97714878211173
   0.08123831453226   -0.12581592624340   -0.97402047844146
   0.07651011794151   -0.11849324313567   -0.96658606773858
   0.07301398944909   -0.11307869647659   -0.96091788537991
   0.06944590528337   -0.10755271016324   -0.95537003287446
   0.06386075251685   -0.09890283636200   -0.94800421561164
   0.06268253948957   -0.09707810668619   -0.94614378836646
   0.05637377358893   -0.08730755408658   -0.93504870611102
   0.05553707314418   -0.08601173397938   -0.93413950181430
   0.04854778474911   -0.07518723819473   -0.92461413266388
   0.04681266924351   -0.07250001892223   -0.92202271455728
   0.04146763755376   -0.06422202698310   -0.91420163005010
   0.03835713693113   -0.05940471240475   -0.90949604831100
   0.03451558146385   -0.05345519385411   -0.90366713418260
   0.02977691034563   -0.04611628856867   -0.89618408685377
   0.02747503583720   -0.04255131463929   -0.89241394179310
   0.02139456938034   -0.03313433542614   -0.88344541699615
   0.02047932478027   -0.03171687190834   -0.88192327397115
   0.01369021922833   -0.02120240458711   -0.87192468056777
   0.01270847911588   -0.01968195771066   -0.87037356641905
   0.00648638013816   -0.01004562846667   -0.86094433202235
   0.00435898034079   -0.00675086813668   -0.85767107306232
  -0.00024756121845    0.00038340460633   -0.85016227176868
  -0.00531920557100    0.00823799434599   -0.84463910484850
  -0.00765940918388    0.01186232957313   -0.84184459306568
  -0.01467579514102    0.02272879206883   -0.83745841971776
  -0.02170637296997    0.03361723389173   -0.83705393744445
  -0.02861266807655    0.04431319577558   -0.83997401948066
  -0.03546993571538    0.05493322752348   -0.84430515858210
  -0.03672326266706    0.05687428812056   -0.84589159873802
  -0.04237335500410    0.06562473555215   -0.85251099340877
  -0.04632529954906    0.07174521658686   -0.85886370117958
  -0.04941319686878    0.07652752483220   -0.86366903138895
  -0.05593997968686    0.08663572599779   -0.87182670534967
  -0.05638348730801    0.08732259798021   -0.87261868064306
  -0.06343128836000    0.09823771386416   -0.88375662149353
  -0.06428101630829    0.09955371001060   -0.88462211613412
  -0.07044129234392    0.10909429242913   -0.89422288475672
  -0.07259904659587    0.11243606350572   -0.89744192473617
  -0.07738324131058    0.11984547238903   -0.90479901986625
  -0.08091265906024    0.12531157500121   -0.91044431988906
  -0.08443619364187    0.13076856619547   -0.91600675659403
  -0.08960006013188    0.13876598279844   -0.92332476225418
  -0.09140181996275    0.14155641590004   -0.92660033565990
  -0.09837787825644    0.15236042187679   -0.93563703373522
  -0.09882158631621    0.15304760428381   -0.93642712033029
  -0.10558874533111    0.16352808242270   -0.94789770317834
  -0.10604558425930    0.16423560095291   -0.94869488892042
  -0.11235776233559    0.17401143807920   -0.95651540101935
  -0.11546750445282    0.17882757794017   -0.96208413726851
  -0.11955246060860    0.18515405757435   -0.96900512026809
  -0.12346065231150    0.19120677742543   -0.97470627088867
  -0.12653696759155    0.19597114825961   -0.97951196388395
  -0.13218914921061    0.20472483141753   -0.98776455845341
  -0.13344329414246    0.20666715884212   -0.98942112487418
  -0.14043207232823    0.21749086445216   -0.99994508391996
  -0.14088685411185    0.21819519702815   -1.00071201932437
  -0.14766364186766    0.22869058745275   -1.01151336922154
  -0.14858154330248    0.23011216568080   -1.01303521107338
  -0.15439111846937    0.23910960838885   -1.02169187105947
  -0.15750054601664    0.24392526106702   -1.02663774590888
  -0.16165991785255    0.25036699023309   -1.03330667289008
  -0.16586605254735    0.25688114227549   -1.03925949489478
  -0.16841157591321    0.26082346163420   -1.04348543158940
  -0.17410799305358    0.26964565351387   -1.05245840476125
  -0.17541017024158    0.27166236976389   -1.05409784700781
  -0.18218110964902    0.28214870269669   -1.06486149793464
  -0.18263310537069    0.28284872042487   -1.06563745916463
  -0.18939205774599    0.29331648872397   -1.07575364114381
  -0.19075258682859    0.29542357609641   -1.07816455812390
  -0.19649130441607    0.30431127979725   -1.08700272494452
  -0.19914758321423    0.30842512902314   -1.09087923843399
  -0.20342686775118    0.31505257016066   -1.09753341650805
  -0.20737644547857    0.32116938564242   -1.10398148997444
  -0.21047218636258    0.32596384142320   -1.10880083848393
  -0.21582996825229    0.33426157993423   -1.11664564112820
  -0.21767108912588    0.33711297252368   -1.11961998303708
  -0.22418129802819    0.34719550522759   -1.12940645200678
  -0.22462614229309    0.34788444730554   -1.13019878192387
  -0.23143505673470    0.35842959317808   -1.14044710712136
  -0.23311774002447    0.36103560929124   -1.14282117416175
  -0.23846523902270    0.36931742241627   -1.15237152493885
  -0.24068041462437    0.37274812345580   -1.15557633771434
  -0.24543463316780    0.38011110744985   -1.16207184461627
  -0.24933566604725    0.38615274024173   -1.16854032308548
  -0.25246099646094    0.39099302210969   -1.17415761487296
  -0.25692869371324    0.39791226300249   -1.18121654938632
  -0.25953440392042    0.40194779531413   -1.18525470377900
  -0.26547279377102    0.41114473672964   -1.19445542373383
  -0.26642831264666    0.41262457408316   -1.19612096212347
  -0.27329344360074    0.42325678395534   -1.20665916145396
  -0.27373102372801    0.42393447587123   -1.20746589375202
  -0.28039835002332    0.43426034043699   -1.21720442755585
  -0.28216483054467    0.43699613553890   -1.22029355784358
  -0.28756157769221    0.44535422057523   -1.22879207087020
  -0.29050570381157    0.44991386656023   -1.23306511867802
  -0.29439601259862    0.45593889066657   -1.23887410667649
  -0.29916097941862    0.46331852080082   -1.24610090377946
  -0.30140463441464    0.46679332863158   -1.25017528820486
  -0.30709776855257    0.47561043603854   -1.25889824021079
  -0.30841036279714    0.47764328545958   -1.26066791887001
  -0.31541216783751    0.48848716610385   -1.27100019355605
  -0.31584975331426    0.48916486630461   -1.27180694136979
  -0.32243121479338    0.49935774975866   -1.28188272869190
  -0.32415319939458    0.50202463285224   -1.28492666450801
  -0.32963387984686    0.51051270761743   -1.29399306536845
  -0.33207299042827    0.51429022268255   -1.29760832400329
  -0.33642616844985    0.52103210461400   -1.30424689642360
  -0.34046458357509    0.52728650492330   -1.31033087524202
  -0.34355621548984    0.53207459703474   -1.31594481226968
  -0.34865749490862    0.53997508338524   -1.32358026070976
  -0.35046624786867    0.54277634693095   -1.32664263347713
  -0.35696342107085    0.55283869090131   -1.33654730955641
  -0.35741222244716    0.55353376146236   -1.33732641728987
  -0.36443797705765    0.56441473343927   -1.34701621152362
  -0.36573623349090    0.56642537751271   -1.34925917605978
  -0.37135143191530    0.57512178381895   -1.35907635863957
  -0.37354606327078    0.57852066744107   -1.36239210346355
  -0.37838369439970    0.58601283471230   -1.36971132542754
  -0.38191768206990    0.59148601488128   -1.37522186697228
  -0.38559416124511    0.59717987541258   -1.38125132707225
  -0.39030680145470    0.60447846594138   -1.38794200064256
  -0.39238570981039    0.60769812629318   -1.39057250394166
  -0.39895143813098    0.61786664338852   -1.40108875215360
  -0.39939773854816    0.61855784064801   -1.40187572272163
  -0.40649307523886    0.62954657623279   -1.41229984233785
  -0.40733109900078    0.63084444579628   -1.41379219420516
  -0.41341618170724    0.64026857431728   -1.42366999913286
  -0.41558961187122    0.64363462309341   -1.42687039609843
  -0.42048223990504    0.65121196552578   -1.43475258253725
  -0.42353521188589    0.65594018397513   -1.43960138785357
  -0.42750273674320    0.66208479465163   -1.44603086380022
  -0.43213108453525    0.66925283928410   -1.45266838987095
  -0.43437577141398    0.67272924521892   -1.45685916533210
  -0.43941334426142    0.68053106751752   -1.46518240161619
  -0.44159253507389    0.68390603796233   -1.46841047446699
  -0.44836011409888    0.69438716658195   -1.47782694963697
  -0.44880440009232    0.69507524405011   -1.47861854274845
  -0.45555369803836    0.70552806027929   -1.48954369878418
  -0.45680746139031    0.70746979674101   -1.49122653795723
  -0.46239858373838    0.71612891579109   -1.49951713837988
  -0.46510511083090    0.72032058587939   -1.50415001041396
  -0.46948911714548    0.72711021240354   -1.51140508540720
  -0.47333344439516    0.73306402368688   -1.51725185612525
  -0.47640421858812    0.73781981289295   -1.52211397967846
  -0.48132875294073    0.74544656948506   -1.52993946906673
  -0.48349862076669    0.74880710117409   -1.53318476043730
  -0.48958199634099    0.75822858581435   -1.54289900745346
  -0.49055507648607    0.75973562077030   -1.54441642266951
  -0.49767816101951    0.77076733017300   -1.55459859278278
  -0.49811578594686    0.77144509147194   -1.55540542179037
  -0.50443367053789    0.78122976642854   -1.56567973981365
  -0.50628908235188    0.78410329177533   -1.56864873618914
  -0.51163768001149    0.79238680642630   -1.57647659785302
  -0.51507434708537    0.79770926361390   -1.58142737196628
  -0.51849566031484    0.80300794189659   -1.58725557199403
  -0.52324054023955    0.81035646292485   -1.59469658554351
  -0.52549277662009    0.81384456097278   -1.59855578992929
  -0.53115486653024    0.82261358936315   -1.60757082786057
  -0.53254645090779    0.82476877289219   -1.60979761838911
  -0.53952637790337    0.83557877042988   -1.61884431805280
  -0.54036913756635    0.83688397460860   -1.62034477735410
  -0.54647540367474    0.84634091042440   -1.63084919939973
  -0.54785754867227    0.84848147493596   -1.63320433225592
  -0.55347785316745    0.85718578914905   -1.64133902037417
  -0.55647256817121    0.86182378347725   -1.64635824607724
  -0.56046763454523    0.86801104842908   -1.65280964639866
  -0.56518925079426    0.87532354038756   -1.65928538432694
  -0.56740012354329    0.87874757748541   -1.66332569280435
  -0.57270816532963    0.88696828218286   -1.67214278812490
  -0.57447636261457    0.88970673608194   -1.67459204826245
  -0.58148796168010    0.90056578499199   -1.68410547826507
  -0.58192561413038    0.90124358891643   -1.68491235233235
  -0.58843692510472    0.91132782842845   -1.69645768043837
  -0.58936782074895    0.91276953113227   -1.69793144868900
  -0.59564885490805    0.92249713485034   -1.70722293081026
  -0.59811916822014    0.92632297440968   -1.71073366218748
  -0.60242868714959    0.93299724035050   -1.71819141880566
  -0.60634703959878    0.93906569641808   -1.72393990103832
  -0.60952680857168    0.94399028872245   -1.72926846624865
  -0.61464198474618    0.95191229734606   -1.73685613880275
  -0.61639003672993    0.95461955168440   -1.73931950244153
  -0.62299299735613    0.96484573143613   -1.74970176893284
  -0.62345072338720    0.96555462384603   -1.75046307813459
  -0.63042196793588    0.97635117464858   -1.76098999555800
  -0.63132616037472    0.97775152139199   -1.76254232884314
  -0.63747642960909    0.98727660601275   -1.77223968345716
  -0.63930770551858    0.99011275144594   -1.77524206950345
  -0.64455291834954    0.99823615127853   -1.78331961876692
  -0.64799492313494    1.00356687512112   -1.78832738596763
  -0.65165228719972    1.00923113157535   -1.79440722740321
  -0.65589275237007    1.01579845213316   -1.80111148644090
  -0.65851231157636    1.01985543275600   -1.80530339354431
  -0.66409929513544    1.02850814195411   -1.81341750143179
  -0.66585003957054    1.03121956616306   -1.81664520017365
  -0.67241299376951    1.04138378690288   -1.82649401132232
  -0.67286187275875    1.04207897766511   -1.82727334301504
  -0.67963766493326    1.05257282620663   -1.83803039797801
  -0.68088379808823    1.05450274558048   -1.83980230384183
  -0.68646989050089    1.06315407463656   -1.84810569639278
  -0.68921297535676    1.06740236269981   -1.85269630610197
  -0.69369656412252    1.07434621519978   -1.85971279934100
  -0.69758358435690    1.08036614623764   -1.86546817588823
  -0.70056265734752    1.08497991536639   -1.87048781268283
  -0.70576001245261    1.09302919667322   -1.87871608958670
  -0.70747220190701    1.09568090976390   -1.88119444424292
  -0.71405864141077    1.10588150281635   -1.89173788188499
  -0.71452823457321    1.10660877416646   -1.89245919283230
  -0.72176721508722    1.11781997473939   -1.90319538831727
  -0.72220787908153    1.11850244272172   -1.90398329492991
  -0.72864214113409    1.12846735453084   -1.91396207994296
  -0.73052750159336    1.13138726213664   -1.91686060035980
  -0.73577435865130    1.13951320842704   -1.92498485120725
  -0.73909064216327    1.14464922440850   -1.93019465062814
  -0.74260782156233    1.15009637316343   -1.93582270319202
  -0.74707527687945    1.15701523936480   -1.94288139084001
  -0.74970885233566    1.16109392732458   -1.94690280561789
  -0.75606433771893    1.17093683562255   -1.95629145791567
  -0.75652829679209    1.17165538130958   -1.95703386451218
  -0.76375955808321    1.18285462691787   -1.96775115080548
  -0.76422400406382    1.18357392669134   -1.96858294202001
  -0.77056105140142    1.19338827950034   -1.97960775285152
  -0.77196858049445    1.19556815703195   -1.98176348981528
  -0.77782765365022    1.20464225858446   -1.99026413445088
  -0.78042361882838    1.20866269851193   -1.99439026425267
  -0.78463453273065    1.21518425223934   -2.00118382576082
  -0.78900315666743    1.22195005566817   -2.00765386878002
  -0.79162624649567    1.22601250425858   -2.01169406522890
  -0.79760570045960    1.23527304275244   -2.02082216040635
  -0.79855032750209    1.23673601163590   -2.02240278336596
  -0.80560440199707    1.24766084336691   -2.03272217966096
  -0.80604942937244    1.24835006903289   -2.03351481984877
  -0.81259896685985    1.25849351095667   -2.04483225832157
  -0.81352940414804    1.25993450379237   -2.04637214064751
  -0.81964572629768    1.26940701366521   -2.05527017458359
  -0.82222991501270    1.27340921507275   -2.05936002174467
  -0.82649245685250    1.28001072635243   -2.06623290231004
  -0.83061996424359    1.28640310621009   -2.07216381194908
  -0.83383080825479    1.29137582524812   -2.07751933649713
  -0.83847806105604    1.29857314856831   -2.08511780817227
  -0.84056024437227    1.30179788093812   -2.08778547704405
  -0.84721027120087    1.31209695336227   -2.09808241821808
  -0.84766811292839    1.31280602495432   -2.09884388687189
  -0.85462576328656    1.32358152207450   -2.10940067091542
  -0.85588202196143    1.32552712310881   -2.11116813832976
  -0.86157346244594    1.33434160750994   -2.12006933747088
  -0.86384179262758    1.33785463045326   -2.12390107700388
  -0.86856235756852    1.34516549422310   -2.13137890600854
  -0.87246536369995    1.35121018304249   -2.13715356560546
  -0.87568477493285    1.35619617036336   -2.14242990704382
  -0.88015253282967    1.36311550517792   -2.14948904208735
  -0.88277262363519    1.36717330910253   -2.15355131114015
  -0.88878740000240    1.37648855233652   -2.16271766914911
  -0.88969562702439    1.37789514754556   -2.16421978539808
  -0.89668021249493    1.38871235978663   -2.17404043854824
  -0.89753058198738    1.39002934950950   -2.17558620790105
  -0.90363859824056    1.39948899582082   -2.18621722190388
  -0.90504716658563    1.40167048286954   -2.18837387792387
  -0.91080363924735    1.41058568432342   -2.19630254461774
  -0.91383939185336    1.41528723467155   -2.20121340684304
  -0.91769698363779    1.42126158909067   -2.20783634543053
  -0.92199021622655    1.42791063194494   -2.21448100558787
  -0.92460793471417    1.43196476179808   -2.21854584538610
  -0.92992982932521    1.44020692073149   -2.22724462820632
  -0.93171503221802    1.44297171166523   -2.23042448640648
  -0.93850430454736    1.45348643727904   -2.23990715766570
  -0.93895391646986    1.45418276315440   -2.24068262146228
  -0.94580160261284    1.46478795578627   -2.25125886410982
  -0.94704190236739    1.46670884081862   -2.25302165256920
  -0.95262928030067    1.47536216079449   -2.26132666755572
  -0.95534827569532    1.47957314087204   -2.26595780608443
  -0.95975520776424    1.48639827311827   -2.27317067438350
  -0.96364429624825    1.49242140730901   -2.27890606791998
  -0.96664425747355    1.49706752659926   -2.28392483574177
  -0.97121952169477    1.50415335930168   -2.29154955120163
  -0.97385622842830    1.50823689675344   -2.29557468794417
  -0.98020912045061    1.51807578864470   -2.30496087455161
  -0.98067322532349    1.51879456013562   -2.30570346932586
  -0.98790262253990    1.52999091880210   -2.31642035108384
  -0.98838380779902    1.53073614313891   -2.31724938478624
  -0.99468475960244    1.54049459383951   -2.32749844598426
  -0.99687087471375    1.54388028812906   -2.33070716556955
  -1.00187987266232    1.55163785572606   -2.33916516706708
  -1.00482975651841    1.55620641887021   -2.34344709727063
  -1.00868396717458    1.56217553684655   -2.34930622860180
  -1.01316209163580    1.56911092663358   -2.35634030120949
  -1.01578655177355    1.57317549745856   -2.36038214752977
  -1.02188782966776    1.58262470789515   -2.36935643524476
  -1.02281383199813    1.58405883219437   -2.37083137080250
  -1.02987438762676    1.59499370142848   -2.38122573722629
  -1.03031229917858    1.59567190663033   -2.38203295806504
  -1.03666221779150    1.60550619352382   -2.39293117958844
  -1.03807351632672    1.60769190889024   -2.39522083052412
  -1.04391782861469    1.61674314989642   -2.40374704570798
  -1.04651522024704    1.62076579901121   -2.40786615715508
  -1.05074658656918    1.62731902794217   -2.41466764369657
  -1.05485244043634    1.63367787241465   -2.42072418282171
  -1.05802805172701    1.63859602560658   -2.42616872457581
  -1.06345996143379    1.64700856782837   -2.43399324564268
  -1.06471951541538    1.64895927239135   -2.43569957460574
  -1.07138825389568    1.65928732404537   -2.44679269952270
  -1.07184626080396    1.65999665145722   -2.44755437675742
  -1.07898311360602    1.67104968414167   -2.45849901585906
  -1.07946658603249    1.67179845067504   -2.45928116959670
  -1.08582026976092    1.68163856870251   -2.46861804626098
  -1.08839893129581    1.68563221002001   -2.47278245406451
  -1.09287443504449    1.69256354104021   -2.47983102716913
  -1.09644068238263    1.69808668261011   -2.48537041317010
  -1.09985618098451    1.70337635562528   -2.49118821875276
  -1.10421470405750    1.71012651557921   -2.49848971588619
  -1.10679773378051    1.71412692202519   -2.50266972569288
  -1.11264558135442    1.72318363822219   -2.51120598716836
  -1.11399627475517    1.72527549281401   -2.51351311373082
  -1.12076282242817    1.73575502415154   -2.52292389574304
  -1.12166765382242    1.73715636046208   -2.52447706059784
  -1.12786557639286    1.74675524706473   -2.53482240402275
  -1.12955804228350    1.74937641375057   -2.53738523172399
  -1.13480011540035    1.75749495102488   -2.54549263056190
  -1.13786211990635    1.76223715838483   -2.55032796925194
  -1.14171441339835    1.76820330719832   -2.55622702457354
  -1.14619798457278    1.77514713245415   -2.56322736082971
  -1.14883020708222    1.77922372506947   -2.56727675239921
  -1.15501888812741    1.78880829907754   -2.57603332328240
  -1.15597745480467    1.79029285664204   -2.57739217853423
  -1.16285092474379    1.80093798132089   -2.58360780950438
  -1.16903453257613    1.81051469831006   -2.58895692567117
  -1.16983854731852    1.81175989720555   -2.59062726926552
  -1.17394957282629    1.81812675113461   -2.60168829169162
  -1.17686768817925    1.82264611355778   -2.60756317582652
  -1.18001117329364    1.82751451209086   -2.61471774167298
  -1.18395345726923    1.83362003154629   -2.62117721799614
  -1.18787369950403    1.83969141437482   -2.62767807969322
  -1.19086851178487    1.84432955935861   -2.63269174622592
  -1.19608718296007    1.85241185342696   -2.64079960108185
  -1.19788411345762    1.85519480721234   -2.64398793648458
  -1.20442885691369    1.86533082449300   -2.65373040674291
  -1.20488698617386    1.86604034139447   -2.65449223503933
  -1.21198383470024    1.87703141839915   -2.66559686504897
  -1.21244323864019    1.87774290943092   -2.66635506647197
  -1.21886628771451    1.88769045540408   -2.67552262936443
  -1.22110848222032    1.89116300133504   -2.67949002633853
  -1.22613696034486    1.89895073839575   -2.68787306727956
  -1.22916092700296    1.90363403553466   -2.69207614199889
  -1.23292535274213    1.90946410123550   -2.69809433162000
  -1.23740678125842    1.91640460809998   -2.70513177782273
  -1.24003288964305    1.92047173160851   -2.70917540647117
  -1.24575822465481    1.92933870936041   -2.71796178133362
  -1.24715547551053    1.93150266871405   -2.72022171878182
  -1.25403344429213    1.94215476086925   -2.73021207143529
  -1.25448598854505    1.94285562812228   -2.73098881324655
  -1.26092306032573    1.95282489143166   -2.74093377192641
  -1.26274583529848    1.95564787123927   -2.74405769120043
  -1.26817709466715    1.96405940626523   -2.75255572843077
  -1.27110918850444    1.96860041753676   -2.75688324128235
  -1.27500233245287    1.97462983253251   -2.76347632125816
  -1.27911577038066    1.98100042264026   -2.76953820267856
  -1.28218687752525    1.98575672749732   -2.77439937000388
  -1.28732005969562    1.99370662248295   -2.78272599251717
  -1.28900194067658    1.99631139603924   -2.78531110651543
  -1.29588870400916    2.00697710854812   -2.79524960982238
  -1.29634040852964    2.00767667528532   -2.79602856427837
  -1.30307816920264    2.01811162343462   -2.80700220067095
  -1.30399542971064    2.01953220904234   -2.80851299451858
  -1.30992567375891    2.02871653483834   -2.81705514534384
  -1.31295203319634    2.03340353773788   -2.82189693508135
  -1.31695609757472    2.03960473813704   -2.82916474453095
  -1.32057608990038    2.04521111599050   -2.83451426270670
  -1.32414315612666    2.05073552579412   -2.84002977852797
  -1.32883579702669    2.05800314286327   -2.84753928308255
  -1.33097707052057    2.06131938975397   -2.85097137691308
  -1.33727071728732    2.07106652695109   -2.86026034228450
  -1.33817965857162    2.07247422835704   -2.86179676436293
  -1.34517119922878    2.08330221227957   -2.87233989786846
  -1.34563074508900    2.08401392310701   -2.87309827487873
  -1.35216936929031    2.09414046333598   -2.88287627634971
  -1.35429940052695    2.09743929904556   -2.88623682931441
  -1.35932746543194    2.10522639614224   -2.89462095292640
  -1.36202896072318    2.10941027334682   -2.89862602583641
  -1.36619229513542    2.11585813945966   -2.90549178614740
  -1.37045804576916    2.12246462028337   -2.91222932945998
  -1.37312443701740    2.12659413092814   -2.91616166869256
  -1.37850350099568    2.13492482957258   -2.92476512105864
  -1.38033708434237    2.13776454859476   -2.92786400979122
  -1.38697676414738    2.14804759630984   -2.93764933125714
  -1.38783644859903    2.14937901235636   -2.93850228956554
  -1.39438463211475    2.15952035734839   -2.94873961363145
  -1.39532988032968    2.16098428825804   -2.95029148462023
  -1.40127896041010    2.17019778591519   -2.95954228584998
  -1.40391356144585    2.17427806221712   -2.96356470723537
  -1.40837311383067    2.18118468893824   -2.97071880979660
  -1.41216877603052    2.18706313137185   -2.97665653443783
  -1.41531267622731    2.19193217275402   -2.98131998990315
  -1.42064471229918    2.20019003803604   -2.98929880146424
  -1.42231021969697    2.20276945339104   -2.99187010871703
  -1.42910430502776    2.21329163302747   -3.00202594656458
  -1.42955616193468    2.21399143576959   -3.00280509306416
  -1.43632094220130    2.22446822987811   -3.01451933097915
  -1.43677369220251    2.22516941577895   -3.01529633169944
  -1.44315470314933    2.23505185619227   -3.02464143415382
  -1.44583696766657    2.23920595018856   -3.02855156498215
  -1.45058200181624    2.24655471006909   -3.03664308643092
  -1.45351730239326    2.25110068770325   -3.04100041090363
  -1.45717004879558    2.25675779266150   -3.04645588147543
  -1.46239364774025    2.26484771849676   -3.05453327013965
  -1.46409961574298    2.26748979626070   -3.05721478932953
  -1.47050259335315    2.27740625702650   -3.06705531816166
  -1.47140811564052    2.27880866334150   -3.06859009229036
  -1.47829063552919    2.28946780391657   -3.07857329884110
  -1.47919623969788    2.29087033704334   -3.08012743311895
  -1.48533796906650    2.30038219574816   -3.08982172547816
  -1.48718527707144    2.30324317051156   -3.09283801171958
  -1.49244205442376    2.31138448062424   -3.10092877934805
  -1.49548874041274    2.31610296379173   -3.10583576921982
  -1.49945343526321    2.32224319156180   -3.11305510256893
  -1.50299002803344    2.32772040631809   -3.11857193611432
  -1.50668303902422    2.33343987010938   -3.12393811081209
  -1.51203771137223    2.34173279279092   -3.13189245802441
  -1.51327803413812    2.34365371346153   -3.13371150162422
  -1.52004572784021    2.35413501968462   -3.14458194795910
  -1.52050422007628    2.35484509873646   -3.14534423201276
  -1.52749113682874    2.36566592149549   -3.15592997552986
  -1.52839871440264    2.36707151088710   -3.15745048244632
  -1.53450564379958    2.37652947395543   -3.16643450809287
  -1.53671147157880    2.37994569777511   -3.17043764678172
  -1.54163022076806    2.38756349473173   -3.17915912770243
  -1.54419116339818    2.39152969431281   -3.18325780513228
  -1.54866880644107    2.39846433851453   -3.18954529746191
  -1.55335817686828    2.40572689051595   -3.19633128619848
  -1.55549755037385    2.40904019484450   -3.19966345772675
  -1.56182258007156    2.41883593561676   -3.20820380039376
  -1.56313818999142    2.42087345549388   -3.21062732575941
  -1.56958542860089    2.43085846443987   -3.22135673728784
  -1.57003834978519    2.43155991545650   -3.22213395966597
  -1.57659632349277    2.44171642277758   -3.23269449972344
  -1.57828045743371    2.44432468555258   -3.23525279021724
  -1.58344132488746    2.45231745746878   -3.24279199491835
  -1.58703870089684    2.45788880883509   -3.24820444350506
  -1.59064335051280    2.46347142502828   -3.25446794247110
  -1.59459398566133    2.46958987816611   -3.26091800422222
  -1.59756809383888    2.47419595815756   -3.26516850624643
  -1.60367283026185    2.48365052490910   -3.27411183357947
  -1.60456032002368    2.48502500377488   -3.27571439381140
  -1.61079889372051    2.49468684785206   -3.28683843206810
  -1.61160274928733    2.49593180022814   -3.28779012368338
  -1.61858236611635    2.50674131740269   -3.29754841467520
  -1.61993415626591    2.50883487055840   -3.29990971935547
  -1.62554497459759    2.51752449329919   -3.30824779060948
  -1.62869368143866    2.52240097885849   -3.31286239551476
  -1.63285060116509    2.52883891037778   -3.32050173025671
  -1.63626462818364    2.53412630431291   -3.32551686802918
  -1.63976360715183    2.53954526557919   -3.33041037771421
  -1.64533328497047    2.54817117291940   -3.33876748829984
  -1.64666924221010    2.55024020522876   -3.34116200652825
  -1.65323385670961    2.56040699731995   -3.35170299712729
  -1.65369253182018    2.56111735959437   -3.35246552128524
  -1.66079598447128    2.57211866458167   -3.36359469369984
  -1.66124903276814    2.57282031246089   -3.36437208595974
  -1.66759113237736    2.58264248985657   -3.37372460344055
  -1.66989619555629    2.58621240216427   -3.37759024016705
  -1.67495249942544    2.59404323369159   -3.38516277023094
  -1.67800912162174    2.59877710532615   -3.39004107180740
  -1.68185840767007    2.60473859643210   -3.39591117074526
  -1.68625250202281    2.61154384656776   -3.40315428858497
  -1.68899874323203    2.61579702295891   -3.40768796440273
  -1.69510224224109    2.62524967329480   -3.41593864680530
  -1.69600549441645    2.62664856382729   -3.41749598739646
  -1.70267590870164    2.63697921084466   -3.42861457855210
  -1.70313698052008    2.63769328496394   -3.42937510470024
  -1.70984092097657    2.64807585484947   -3.43893766376094
  -1.71169240005446    2.65094328946386   -3.44195586137197
  -1.71704551193711    2.65923379541143   -3.45071792028732
  -1.71958060647089    2.66315996336209   -3.45492058537603
  -1.72387419041812    2.66980955037451   -3.46157992065125
  -1.72792009780287    2.67607555414426   -3.46783532779123
  -1.73110126203788    2.68100230732796   -3.47324342839150
  -1.73662503469960    2.68955712013757   -3.48090952384810
  -1.73789176616717    2.69151894066293   -3.48263738367406
  -1.74446886012975    2.70170506002861   -3.49397304314587
  -1.74493384765903    2.70242519851283   -3.49471675696467
  -1.75206345404926    2.71346700848762   -3.50492020068200
  -1.75301814735249    2.71494556725531   -3.50646932037632
  -1.75896564031617    2.72415660690280   -3.51575244902663
  -1.76161511230587    2.72825991424441   -3.51975593009763
  -1.76617909928191    2.73532828157895   -3.52751996155622
  -1.76916522712479    2.73995297674399   -3.53247151079716
  -1.77310118943216    2.74604870566466   -3.53819155863419
  -1.77780587077173    2.75333497008097   -3.54571198074802
  -1.78003991369873    2.75679489144624   -3.54966642904385
  -1.78566735491904    2.76551025849428   -3.55755711951820
  -1.78740496426242    2.76820134003931   -3.56020946359472
  -1.79425610011622    2.77881187532956   -3.57036882827259
  -1.79469781681469    2.77949597366267   -3.57115339376713
  -1.80130079436800    2.78972217962985   -3.58232758794444
  -1.80259436685606    2.79172556955350   -3.58404869726422
  -1.80831454519606    2.80058456103145   -3.59292058955034
  -1.81060762587247    2.80413591572060   -3.59677372916152
  -1.81533250943593    2.81145346785536   -3.60426265723320
  -1.81917607716226    2.81740610284480   -3.61013439491773
  -1.82225555557261    2.82217537250254   -3.61494143272683
  -1.82793613124874    2.83097303028757   -3.62313508327765
  -1.82925272619244    2.83301207569716   -3.62556055179903
  -1.83561631618332    2.84286753581527   -3.63647670350236
  -1.83610787474831    2.84362882556522   -3.63727090747999
  -1.84353169912039    2.85512629870976   -3.64776662529877
  -1.84428089893929    2.85628660428354   -3.64874580444385
  -1.85022628450559    2.86549438014896   -3.65726583138146
  -1.85296077370177    2.86972935588671   -3.66191026343175
  -1.85735199855353    2.87653016195031   -3.66917668889540
  -1.86051366326732    2.88142671570979   -3.67457923888355
  -1.86462044859594    2.88778700276126   -3.68081491612773
  -1.86920809380151    2.89489201022158   -3.68774060541377
  -1.87139080287342    2.89827242948782   -3.69103443006033
  -1.87774651823529    2.90811569395973   -3.70117592113504
  -1.87821771059865    2.90884544203460   -3.70198051113110
  -1.88542688894439    2.92001048720134   -3.71289031997729
  -1.88587311905818    2.92070157558012   -3.71368455591306
  -1.89217292215658    2.93045824725086   -3.72328373850821
  -1.89450278958971    2.93406657456305   -3.72693748366982
  -1.89971266410923    2.94213524501812   -3.73591393935198
  -1.90212536270494    2.94587185514245   -3.73950293602331
  -1.90640732998734    2.95250345111883   -3.74541268655975
  -1.91088436424283    2.95943715247540   -3.75253591952982
  -1.91353486003449    2.96354204540618   -3.75731459813399
  -1.91878570774225    2.97167417212150   -3.76547703002969
  -1.92045363392024    2.97425733350535   -3.76805998139390
  -1.92712505151812    2.98458953437961   -3.77839458937404
  -1.92757762763038    2.98529045097405   -3.77917472871680
  -1.93443586900951    2.99591199077930   -3.78930892076299
  -1.93584128323214    2.99808859295519   -3.79146152257707
  -1.94172172336779    3.00719578611454   -3.80086742138181
  -1.94381646579425    3.01043996911051   -3.80426749372793
  -1.94854182262140    3.01775825420125   -3.81175724876254
  -1.95208552172676    3.02324647472670   -3.81734250240564
  -1.95578494341010    3.02897586692709   -3.82339627505280
  -1.96046666247812    3.03622656906616   -3.83026019121824
  -1.96247561924192    3.03933789353758   -3.83383343821110
  -1.96753275305580    3.04717001042226   -3.84304356659752
  -1.96980920543887    3.05069561243374   -3.84702699590924
  -1.97418135482450    3.05746687581845   -3.85608005040904
  -1.97668660198534    3.06134681835325   -3.86431226742902
  -1.97787963048317    3.06319449314013   -3.86924718493360
  -1.97977455275724    3.06612920938139   -3.88212191681677
  -1.98041462304066    3.06712050315741   -3.89503297874681
  -1.98086183718769    3.06781311553447   -3.90795944547680
  -1.98128426491652    3.06846734053016   -3.92091667725039
  -1.98123866103048    3.06839671258576   -3.93388618184213
  -1.98008186991010    3.06660515958371   -3.94692230988381
  -1.97791944185462    3.06325615006398   -3.96005387186379
  -1.97700668289501    3.06184253612330   -3.96324605097011
  -1.97342608318233    3.05629716665138   -3.97306878187241
  -1.97008082690128    3.05111627977620   -3.97901237473709
  -1.96407717360172    3.04181826313126   -3.98591462780766
  -1.96271840669665    3.03971390488977   -3.98736654436529
  -1.95578226222902    3.02897171451104   -3.99257134600841
  -1.94903121724037    3.01851619259078   -3.99825059934572
  -1.94854922145461    3.01776971296992   -3.99881519525321
  -1.94159654241059    3.00700191505544   -4.00319498401575
  -1.93465297739127    2.99624823227204   -4.00757684486206
  -1.92936597155990    2.98806010651441   -4.01150701270439
  -1.92756858301234    2.98527644333488   -4.01287721921472
  -1.92062792214893    2.97452725829456   -4.01802461277446
  -1.91382030135804    2.96398411593309   -4.02375854984238
  -1.91189755410839    2.96100630641624   -4.02500008572788
  -1.90647509927972    2.95260840721425   -4.02864378995317
  -1.89965532621452    2.94204644430415   -4.03213262367054
  -1.89263173198225    2.93116881816212   -4.03701352553234
  -1.89214271311202    2.93041146170461   -4.03753903982528
  -1.88554955444146    2.92020046250082   -4.04223300537754
  -1.87861361419761    2.90945858840885   -4.04664937198332
  -1.87371922535889    2.90187851897136   -4.05031412199401
  -1.87152163434636    2.89847505165009   -4.05189913083562
  -1.86443547046622    2.88750052223961   -4.05640245968191
  -1.85759282652983    2.87690313860644   -4.06103826702847
  -1.85529099711658    2.87333823451716   -4.06314287464104
  -1.85040606520592    2.86577281127426   -4.06686413369577
  -1.84354569918484    2.85514798097983   -4.07084470646157
  -1.83686097379901    2.84479516998242   -4.07594966054331
  -1.83637783721215    2.84404692357273   -4.07653532061809
  -1.82943544961263    2.83329506429053   -4.08091744894547
  -1.82250588660711    2.82256306679623   -4.08536234633396
  -1.81713794097079    2.81424958742203   -4.08896710601407
  -1.81533503834320    2.81145738444093   -4.09025955211104
  -1.80832181762680    2.80059582403728   -4.09506973536297
  -1.80166082804563    2.79027977330828   -4.10002761401370
  -1.79875339671825    2.78577695751810   -4.10212913085951
  -1.79424064733086    2.77878794319219   -4.10520452617253
  -1.78745613789815    2.76828059400237   -4.10949277092528
  -1.78031489996633    2.75722076995149   -4.11402101180211
  -1.77986426381338    2.75652285782335   -4.11454322429292
  -1.77333482965451    2.74641055045614   -4.11957083458311
  -1.76631266827175    2.73553514340603   -4.12443898750400
  -1.76144907631612    2.72800276991589   -4.12754709466237
  -1.75922433086622    2.72455724779930   -4.12894560909161
  -1.75214967398164    2.71360053957717   -4.13340524487253
  -1.74532506286310    2.70303108384592   -4.13824562699307
  -1.74220415749423    2.69819765516190   -4.14065790849345
  -1.73818538289128    2.69197367264890   -4.14344558018507
  -1.73124645312883    2.68122716861042   -4.14781020274985
  -1.72415033080625    2.67023721629675   -4.15234082202653
  -1.72367981961225    2.66950852316689   -4.15289025970193
  -1.71715088809155    2.65939699424871   -4.15791803670708
  -1.71020778566365    2.64864402789290   -4.16231812779529
  -1.70450148121119    2.63980652327151   -4.16636970197846
  -1.70318651561674    2.63777000127820   -4.16717543590519
  -1.69604462052123    2.62670915946054   -4.17209297836039
  -1.68922537279377    2.61614801015490   -4.17693648273896
  -1.68651883531443    2.61195632398027   -4.17923153589542
  -1.68208138334848    2.60508392476234   -4.18213367677237
  -1.67524494220960    2.59449614756571   -4.18618604323659
  -1.66813717361478    2.58348815836223   -4.19132156823242
  -1.66723772268657    2.58209515492174   -4.19205253753688
  -1.66111980503590    2.57262017405426   -4.19617081636133
  -1.65410748544999    2.56176000925522   -4.20100701718340
  -1.64799198618467    2.55228877380509   -4.20509332241615
  -1.64710045047420    2.55090802887164   -4.20583014382223
  -1.64000564735586    2.53992011964447   -4.21034260958861
  -1.63299881363502    2.52906845094977   -4.21516111378821
  -1.62955514038581    2.52373514311314   -4.21785106032964
  -1.62606426841964    2.51832873737529   -4.22033896213605
  -1.61931345614505    2.50787357586543   -4.22541795718115
  -1.61237589127492    2.49712918567177   -4.23039735067273
  -1.61189654359007    2.49638680723485   -4.23093760844903
  -1.60495125444319    2.48563045424951   -4.23531468461642
  -1.59801107446258    2.47488201396509   -4.23969759561649
  -1.59230485446378    2.46604464013932   -4.24370164124815
  -1.59099649088750    2.46401834286615   -4.24453993637034
  -1.58390856516447    2.45304108484299   -4.24903355725941
  -1.57718693696956    2.44263112148917   -4.25410625969220
  -1.57350113356299    2.43692282027418   -4.25694025172777
  -1.56988525577505    2.43132281471409   -4.25951472818669
  -1.56306559326196    2.42076102301898   -4.26362950428379
  -1.55585234272937    2.40958967114876   -4.26839617244745
  -1.55456339193897    2.40759343897051   -4.26921224601453
  -1.54885762320889    2.39875676403653   -4.27319869507422
  -1.54205916248487    2.38822780811287   -4.27807996514540
  -1.53572774593568    2.37842217585480   -4.28219859676643
  -1.53482949278592    2.37703102744547   -4.28288387219018
  -1.52782355780035    2.36618075064584   -4.28770875479857
  -1.52110591062802    2.35577695280699   -4.29283165246127
  -1.51692506076017    2.34930196004480   -4.29555560875252
  -1.51378199823202    2.34443421598221   -4.29741589315265
  -1.50698083959037    2.33390108172216   -4.30154572772883
  -1.49991260771048    2.32295432407472   -4.30600868644780
  -1.49719522884705    2.31874584756182   -4.30820372209617
  -1.49275799405328    2.31187378468420   -4.31110210782710
  -1.48583285275799    2.30114863520947   -4.31549130806126
  -1.47899036884392    2.29055149940709   -4.31995407624346
  -1.47626322870465    2.28632790534815   -4.32170204596110
  -1.47179278146392    2.27940440547554   -4.32440378547285
  -1.46480152877768    2.26857686754118   -4.32920270668345
  -1.45896230232537    2.25953350310320   -4.33335919164903
  -1.45763941708687    2.25748471574771   -4.33411169324557
  -1.45092829876845    2.24709102931757   -4.33858338964362
  -1.44361628443963    2.23576671934410   -4.34297948926802
  -1.43887474138556    2.22842336621565   -4.34654463578520
  -1.43668398379788    2.22503048200017   -4.34815726579785
  -1.42965794246485    2.21414906596847   -4.35221080730176
  -1.42285858009235    2.20361871363797   -4.35640257823998
  -1.41785279498408    2.19586612185170   -4.35958022702815
  -1.41564009692869    2.19243925785361   -4.36107154144919
  -1.40863708735374    2.18159351171479   -4.36589719763881
  -1.40155242937453    2.17062131453290   -4.37038312954443
  -1.39943941471484    2.16734883284608   -4.37227527893905
  -1.39486444880479    2.16026346214608   -4.37565946833819
  -1.38757972685747    2.14898142060564   -4.37963301266824
  -1.38071537711939    2.13835042062334   -4.38476910349980
  -1.37974599529536    2.13684911335501   -4.38549468301541
  -1.37364804526170    2.12740505686407   -4.38893355245775
  -1.36678094938000    2.11676980385651   -4.39351513709629
  -1.35996704314477    2.10621692706116   -4.39806022470081
  -1.35948776102258    2.10547465016285   -4.39860056927616
  -1.35255403942760    2.09473621215107   -4.40298050398595
  -1.34546827370792    2.08376229938222   -4.40746644428357
  -1.33983918103596    2.07504437468732   -4.41105300162942
  -1.33852473141786    2.07300865180023   -4.41185904291797
  -1.33144748176786    2.06204792809372   -4.41633357621303
  -1.32462478704244    2.05148144033118   -4.42111543640514
  -1.31970716634106    2.04386539109357   -4.42412821032005
  -1.31748811010551    2.04042868001372   -4.42557049789308
  -1.31047882775513    2.02957321906167   -4.42959895119832
  -1.30341131697544    2.01862757820118   -4.43487376193495
  -1.30126792549148    2.01530805112323   -4.43669453143003
  -1.29657552075075    2.00804079980021   -4.43969786182513
  -1.28939370783453    1.99691813619791   -4.44373980643267
  -1.28244394426852    1.98615485356132   -4.44894520591959
  -1.28112052916197    1.98410524558516   -4.44973346599369
  -1.27537182699693    1.97520207850500   -4.45341743062680
  -1.26843388970818    1.96445711153678   -4.45780193203939
  -1.26183048080442    1.95423023752574   -4.46253047714322
  -1.26134680077306    1.95348114946919   -4.46309594746072
  -1.25439876938115    1.94272054949645   -4.46668621935182
  -1.24738868950782    1.93186385339952   -4.47071621471461
  -1.24088758510091    1.92179542106842   -4.47580742307853
  -1.24039509941815    1.92103269546665   -4.47634641676181
  -1.23338556348801    1.91017684178893   -4.48118467669386
  -1.22659701905620    1.89966324348928   -4.48549653749492
  -1.22150973813324    1.89178443697947   -4.48837384636182
  -1.21929417530294    1.88835313622871   -4.48969861735062
  -1.21229393743857    1.87751168271136   -4.49453191047843
  -1.20557473399429    1.86710547463298   -4.49958667053824
  -1.20188077924312    1.86138454921502   -4.50191130339015
  -1.19830255570704    1.85584285979064   -4.50378865252761
  -1.19126565062948    1.84494461879047   -4.50823962509961
  -1.18440157891425    1.83431404938951   -4.51316080696296
  -1.18215673504811    1.83083740032414   -4.51452705569489
  -1.17724484522156    1.82323022664396   -4.51791837731835
  -1.17056792427859    1.81288950259360   -4.52254320670979
  -1.16369561200008    1.80224617081433   -4.52703519972595
  -1.16321913408844    1.80150823687107   -4.52759882889961
  -1.15628171816781    1.79076407735944   -4.53198399950560
  -1.14934590002894    1.78002239237470   -4.53576448038712
  -1.14275042014904    1.76980779825262   -4.54039603252686
  -1.14225116248099    1.76903458469813   -4.54086400702876
  -1.13523536445200    1.75816903274229   -4.54489942128893
  -1.12851800078658    1.74776567397810   -4.54998006749641
  -1.12344159579951    1.73990371131784   -4.55311450468512
  -1.12122321983843    1.73646805379704   -4.55457253062266
  -1.11430136378326    1.72574799226057   -4.55835650128005
  -1.10719788080234    1.71474664030067   -4.56263887522445
  -1.10323263127123    1.70860555348202   -4.56565916219482
  -1.10015313067176    1.70383624945940   -4.56790966908655
  -1.09351450126432    1.69355482852283   -4.57330582963644
  -1.08823304286684    1.68537529422279   -4.58101701953765
  -1.08760873192482    1.68440840735559   -4.58231984066194
  -1.08213141483559    1.67592554151971   -4.59080833485422
      
      
