# shadow point cont 2D ind 397  size 1299
# norm -0.9997224 -0.0235598  0.0000000
# angle  3.1180307
   1.57109629  -4.59061283
   1.57602902  -4.58610617
   1.58690144  -4.57864879
   1.58906840  -4.57757888
   1.60176981  -4.57244275
   1.61455673  -4.56885592
   1.62716951  -4.56500136
   1.62961853  -4.56407979
   1.64002016  -4.56060981
   1.65283398  -4.55567338
   1.66579926  -4.55160663
   1.66663424  -4.55087529
   1.67902765  -4.54669863
   1.69178635  -4.54235350
   1.70444395  -4.53864504
   1.70527210  -4.53788638
   1.71767635  -4.53341836
   1.73067262  -4.52898012
   1.74166366  -4.52513984
   1.74328523  -4.52434993
   1.75650100  -4.51930354
   1.76916075  -4.51544083
   1.77648264  -4.51233196
   1.78219623  -4.51009153
   1.79498850  -4.50576106
   1.80791731  -4.50165733
   1.81359061  -4.49924816
   1.82095993  -4.49636047
   1.83398918  -4.49189059
   1.84663259  -4.48866769
   1.85226312  -4.48631453
   1.85956076  -4.48317832
   1.87238866  -4.47971856
   1.88542044  -4.47428562
   1.88780422  -4.47348048
   1.89830449  -4.46946750
   1.91126578  -4.46540412
   1.92334924  -4.46076029
   1.92423931  -4.46014814
   1.93730982  -4.45561172
   1.94996423  -4.45172560
   1.96046265  -4.44776189
   1.96299469  -4.44642672
   1.97569176  -4.44194084
   1.98899042  -4.43783326
   1.99684379  -4.43508307
   2.00172792  -4.43275455
   2.01453856  -4.42833697
   2.02763204  -4.42457794
   2.03241795  -4.42224363
   2.04049002  -4.41901840
   2.05328430  -4.41462742
   2.06634354  -4.41011273
   2.06873510  -4.40928684
   2.07911548  -4.40575724
   2.09218340  -4.40123418
   2.10480229  -4.39681463
   2.10564185  -4.39607331
   2.11790585  -4.39201483
   2.13093165  -4.38753075
   2.14143427  -4.38366591
   2.14381449  -4.38276241
   2.15661236  -4.37834713
   2.16968053  -4.37382766
   2.17915185  -4.37029237
   2.18240816  -4.36874014
   2.19563119  -4.36449826
   2.20841151  -4.36016199
   2.21475253  -4.35747983
   2.22118306  -4.35499178
   2.23428671  -4.35122302
   2.24697947  -4.34621061
   2.25263498  -4.34436937
   2.25988142  -4.34189915
   2.27303655  -4.33752053
   2.28554770  -4.33321419
   2.28982093  -4.33144200
   2.29884788  -4.32788375
   2.31176580  -4.32385506
   2.32455699  -4.31947515
   2.32618265  -4.31879170
   2.33758390  -4.31421968
   2.35051789  -4.31015346
   2.36307466  -4.30638326
   2.36572240  -4.30545900
   2.37627970  -4.30167897
   2.38925600  -4.29648998
   2.39735513  -4.29332335
   2.40230438  -4.29119591
   2.41496005  -4.28727096
   2.42791076  -4.28319083
   2.43501949  -4.27989877
   2.44065267  -4.27744080
   2.45384439  -4.27150099
   2.46399345  -4.26695834
   2.46643998  -4.26539077
   2.47952149  -4.25910354
   2.49066137  -4.25411863
   2.49226710  -4.25329607
   2.50521144  -4.24680425
   2.51651255  -4.24115632
   2.51812700  -4.24034947
   2.53118925  -4.23410425
   2.54385676  -4.22898427
   2.54468999  -4.22822334
   2.55700794  -4.22125323
   2.56968758  -4.21593659
   2.57051477  -4.21517023
   2.58301090  -4.20859894
   2.59552007  -4.20316324
   2.59635392  -4.20240337
   2.60869321  -4.19620208
   2.62135232  -4.19025285
   2.62218650  -4.18949352
   2.63452830  -4.18329891
   2.64713396  -4.17805920
   2.64962549  -4.17643831
   2.66020584  -4.17015678
   2.67301806  -4.16443231
   2.67462410  -4.16361045
   2.68635044  -4.15779430
   2.69895764  -4.15160159
   2.70057227  -4.15079480
   2.71218413  -4.14492926
   2.72479310  -4.13950096
   2.72802243  -4.13788738
   2.73771044  -4.13304665
   2.75059384  -4.12675171
   2.75308142  -4.12512877
   2.76369539  -4.11888631
   2.77615838  -4.11274913
   2.77697747  -4.11195803
   2.78937646  -4.10399743
   2.79737472  -4.09919039
   2.80244957  -4.09553279
   2.81503387  -4.08809581
   2.81831850  -4.08612317
   2.82811301  -4.07985881
   2.83791684  -4.07369525
   2.84120810  -4.07136780
   2.85375757  -4.06361299
   2.85863290  -4.06039781
   2.86704603  -4.05363161
   2.87417830  -4.04795219
   2.87962728  -4.04290721
   2.88931450  -4.03469676
   2.89270060  -4.03166532
   2.90287272  -4.02189840
   2.90521988  -4.01941690
   2.91497043  -4.00875863
   2.91822612  -4.00555955
   2.92796388  -3.99592297
   2.93146316  -3.99218827
   2.94251013  -3.98300672
   2.94405645  -3.98212133
   2.95695618  -3.97090075
   2.95849130  -3.97001392
   2.96806083  -3.95738544
   2.96962499  -3.95493594
   2.97440366  -3.94456311
   2.98013748  -3.93139311
   2.98253545  -3.92814724
   2.98981379  -3.91836231
   2.99555688  -3.91036466
   2.99954472  -3.90544471
   3.00857179  -3.89417377
   3.01018584  -3.89255889
   3.01987864  -3.87979539
   3.02139815  -3.87810683
   3.03035455  -3.86671672
   3.03458419  -3.86206719
   3.04192887  -3.85415647
   3.04721785  -3.84822076
   3.05184505  -3.84117606
   3.05545010  -3.82907106
   3.05212675  -3.81598753
   3.04694356  -3.80402154
   3.04619847  -3.80318082
   3.03921594  -3.79023647
   3.03450129  -3.78450693
   3.02872924  -3.77734392
   3.02131858  -3.76938413
   3.01601216  -3.76420351
   3.00898823  -3.75670044
   3.00410005  -3.75107159
   2.99594682  -3.74227315
   2.99174670  -3.73836015
   2.98231894  -3.72652103
   2.98154226  -3.72568935
   2.97010522  -3.71551753
   2.96747554  -3.71248545
   2.95685268  -3.70118979
   2.95533418  -3.69951071
   2.94421624  -3.68721851
   2.94341784  -3.68639353
   2.93187886  -3.67367579
   2.93106997  -3.67286724
   2.91893172  -3.66070618
   2.91815144  -3.65987263
   2.90762812  -3.64764616
   2.90536268  -3.64520783
   2.89466911  -3.63486737
   2.89224262  -3.63244186
   2.88368857  -3.62239571
   2.87883776  -3.61739179
   2.87060440  -3.60879484
   2.86653336  -3.60478945
   2.85808858  -3.59628238
   2.85328656  -3.59127660
   2.84556386  -3.58288259
   2.84088055  -3.57787220
   2.83339909  -3.56999014
   2.82733246  -3.56311884
   2.82167138  -3.55745993
   2.81423431  -3.54946931
   2.80951007  -3.54449077
   2.80165452  -3.53624017
   2.79680045  -3.53133426
   2.78891643  -3.52229636
   2.78548405  -3.51848277
   2.77530116  -3.50750487
   2.77312531  -3.50570040
   2.76313129  -3.49553080
   2.76062622  -3.49236864
   2.74989610  -3.48046581
   2.74909062  -3.47967744
   2.73729214  -3.46719841
   2.73642974  -3.46632889
   2.72461104  -3.45397639
   2.72381685  -3.45315468
   2.71246902  -3.44102666
   2.71090907  -3.43936010
   2.69996088  -3.42771875
   2.69840529  -3.42604895
   2.68864230  -3.41479491
   2.68538107  -3.41159663
   2.67604509  -3.40215275
   2.67210043  -3.39735065
   2.66357785  -3.38893181
   2.65957082  -3.38485265
   2.65144986  -3.37600080
   2.64639646  -3.37054554
   2.63912228  -3.36322575
   2.63366304  -3.35741270
   2.62641932  -3.35010240
   2.62077660  -3.34362326
   2.61504418  -3.33724463
   2.60738750  -3.32953143
   2.60193743  -3.32441744
   2.59512313  -3.31676918
   2.59024723  -3.31112447
   2.58205582  -3.30231051
   2.57788012  -3.29841904
   2.56866967  -3.28816914
   2.56636312  -3.28564936
   2.55645755  -3.27538883
   2.55379855  -3.27238031
   2.54286310  -3.26061832
   2.54210933  -3.25981447
   2.53038827  -3.24811653
   2.52880039  -3.24648370
   2.51847794  -3.23419525
   2.51683454  -3.23260790
   2.50468996  -3.22119246
   2.50372907  -3.21970015
   2.49360891  -3.20811940
   2.49121428  -3.20565083
   2.48148468  -3.19519142
   2.47828439  -3.19191168
   2.46937507  -3.18236353
   2.46519203  -3.17829851
   2.45663133  -3.16913405
   2.45262859  -3.16505591
   2.44511356  -3.15640876
   2.43949949  -3.15069213
   2.43177906  -3.14307754
   2.42677471  -3.13757807
   2.42086745  -3.13055469
   2.41359425  -3.12328322
   2.40794277  -3.11759376
   2.40046113  -3.10894278
   2.39640171  -3.10487183
   2.38773326  -3.09581437
   2.38369711  -3.09174799
   2.37500567  -3.08268617
   2.37098841  -3.07862331
   2.36187343  -3.06834644
   2.35945294  -3.06590060
   2.34914638  -3.05521868
   2.34672226  -3.05279508
   2.33581296  -3.04108115
   2.33498248  -3.04023205
   2.32329090  -3.02774837
   2.32249728  -3.02692711
   2.31097259  -3.01418736
   2.31019318  -3.01335454
   2.29965204  -3.00129642
   2.29726033  -2.99882855
   2.28632078  -2.98796774
   2.28470487  -2.98635213
   2.27464160  -2.97535168
   2.27157463  -2.97201400
   2.26248496  -2.96252255
   2.25848345  -2.95843240
   2.24982121  -2.94934629
   2.24592222  -2.94515587
   2.23764081  -2.93647247
   2.23269422  -2.93089858
   2.22572362  -2.92334697
   2.22002194  -2.91772215
   2.21263808  -2.91058882
   2.20699721  -2.90411283
   2.20128466  -2.89770171
   2.19387873  -2.88974312
   2.18916642  -2.88477849
   2.18083009  -2.87618717
   2.17661371  -2.87217353
   2.16828452  -2.86282269
   2.16472374  -2.85916141
   2.15471515  -2.84888134
   2.15239764  -2.84638862
   2.14211013  -2.83571199
   2.13969350  -2.83326722
   2.12918524  -2.82198201
   2.12757597  -2.82034667
   2.11626061  -2.80825224
   2.11548259  -2.80737647
   2.10451107  -2.79412867
   2.10367833  -2.79334960
   2.09243065  -2.78200468
   2.09005174  -2.77947042
   2.07931669  -2.76847120
   2.07776277  -2.76680275
   2.06808493  -2.75549699
   2.06492996  -2.75214597
   2.05567910  -2.74283686
   2.05147984  -2.73812638
   2.04295820  -2.72971394
   2.03896378  -2.72563864
   2.03144826  -2.71699492
   2.02584409  -2.71128209
   2.01820016  -2.70363798
   2.01353618  -2.69862123
   2.00742005  -2.69095196
   2.00009697  -2.68374044
   1.99431059  -2.67820086
   1.98709899  -2.67007583
   1.98177852  -2.66490942
   1.97438914  -2.65697312
   1.96971260  -2.65196805
   1.96158810  -2.64310702
   1.95750404  -2.63909533
   1.94836399  -2.62967405
   1.94528756  -2.62631476
   1.93574549  -2.61565275
   1.93328355  -2.61325163
   1.92262325  -2.60293493
   1.92027308  -2.60046594
   1.91032268  -2.58776371
   1.90954375  -2.58693127
   1.89779035  -2.57447286
   1.89698286  -2.57366542
   1.88548324  -2.56175299
   1.88369533  -2.55949178
   1.87350124  -2.54876709
   1.87118425  -2.54619520
   1.86145258  -2.53571672
   1.85818247  -2.53250812
   1.84833163  -2.52299991
   1.84499403  -2.51906498
   1.83651867  -2.50984490
   1.83249324  -2.50565701
   1.82330086  -2.49716350
   1.81923301  -2.49236149
   1.81159277  -2.48384222
   1.80669378  -2.47900489
   1.79972620  -2.47146733
   1.79342529  -2.46406177
   1.78837882  -2.45861206
   1.78038060  -2.45045805
   1.77566258  -2.44549283
   1.76758893  -2.43741945
   1.76336446  -2.43275299
   1.75467086  -2.42369491
   1.75066647  -2.41963732
   1.74168330  -2.40923765
   1.73933060  -2.40674136
   1.72892601  -2.39691648
   1.72624931  -2.39397429
   1.71611965  -2.38232065
   1.71454254  -2.38069122
   1.70320241  -2.36859679
   1.70239512  -2.36778950
   1.69070898  -2.35524686
   1.68993028  -2.35441460
   1.67878096  -2.34215855
   1.67716641  -2.34054402
   1.66588491  -2.32923970
   1.66413182  -2.32693777
   1.65456234  -2.31632644
   1.65133334  -2.31309746
   1.64285667  -2.30381398
   1.63805971  -2.29890574
   1.62893242  -2.29029315
   1.62575209  -2.28704658
   1.61803396  -2.27778101
   1.61243877  -2.27207314
   1.60532031  -2.26466389
   1.59973039  -2.25897166
   1.59268249  -2.25152199
   1.58695616  -2.24508936
   1.58105861  -2.23886635
   1.57350642  -2.23107165
   1.56881370  -2.22609508
   1.56092401  -2.21784666
   1.55611989  -2.21298229
   1.54780701  -2.20351922
   1.54457839  -2.20029055
   1.53469053  -2.18999908
   1.53169659  -2.18733894
   1.52254891  -2.17724808
   1.51991564  -2.17407744
   1.50924741  -2.16301022
   1.50767882  -2.16133040
   1.49636266  -2.14923780
   1.49556993  -2.14841726
   1.48404222  -2.13571890
   1.48323511  -2.13491177
   1.47115308  -2.12277800
   1.47037456  -2.12194591
   1.45926170  -2.10969114
   1.45774599  -2.10799827
   1.44812585  -2.09657418
   1.44481178  -2.09338497
   1.43420422  -2.08386227
   1.43173543  -2.08070674
   1.42310658  -2.07074720
   1.41907131  -2.06671179
   1.41079880  -2.05803555
   1.40581268  -2.05253220
   1.39869292  -2.04512237
   1.39304369  -2.03947290
   1.38641574  -2.03238157
   1.38020257  -2.02570916
   1.37448158  -2.01929639
   1.36730015  -2.01198426
   1.36177112  -2.00618196
   1.35430607  -1.99831315
   1.35008986  -1.99365232
   1.34139384  -1.98459351
   1.33681112  -1.98034031
   1.32842493  -1.97015060
   1.32606056  -1.96764588
   1.31577183  -1.95776003
   1.31318106  -1.95471898
   1.30265807  -1.94343538
   1.30110246  -1.94179735
   1.28994818  -1.92951464
   1.28914123  -1.92870764
   1.27708992  -1.91660715
   1.27631155  -1.91577519
   1.26493230  -1.90288379
   1.26412537  -1.90207681
   1.25323125  -1.89037527
   1.25081046  -1.88795433
   1.23972943  -1.87726332
   1.23814435  -1.87562257
   1.22883721  -1.86468115
   1.22483773  -1.85985045
   1.21510433  -1.85103591
   1.21273653  -1.84861859
   1.20300056  -1.83812461
   1.19963004  -1.83427656
   1.19159785  -1.82539394
   1.18686223  -1.82037172
   1.17948159  -1.81248501
   1.17395185  -1.80665374
   1.16729487  -1.79959293
   1.16072334  -1.79248680
   1.15519155  -1.78668206
   1.14792974  -1.77941977
   1.14240809  -1.77374819
   1.13491037  -1.76493749
   1.13078352  -1.76106225
   1.12162955  -1.75084488
   1.11868054  -1.74815169
   1.10920033  -1.73907421
   1.10510747  -1.73505913
   1.09608916  -1.72636551
   1.09145008  -1.72212949
   1.08348729  -1.71466873
   1.07773416  -1.70921937
   1.07032296  -1.70201864
   1.06381663  -1.69651097
   1.05756401  -1.69066129
   1.04921484  -1.68287448
   1.04509410  -1.67882631
   1.03599005  -1.67028028
   1.03212252  -1.66671779
   1.02321639  -1.65803826
   1.01843422  -1.65394889
   1.00775630  -1.64445743
   1.00595125  -1.64286936
   0.99403519  -1.63234483
   0.99247878  -1.63068122
   0.98082869  -1.61885189
   0.97998486  -1.61809057
   0.96716539  -1.60752107
   0.96549484  -1.60597379
   0.95409486  -1.59565531
   0.95101442  -1.59304907
   0.94161074  -1.58474349
   0.93667027  -1.57994093
   0.92830585  -1.57212415
   0.92194252  -1.56724099
   0.91544966  -1.56092587
   0.90840267  -1.55413203
   0.90280677  -1.54925306
   0.89512439  -1.54163292
   0.88950066  -1.53679108
   0.87950077  -1.52825902
   0.87708092  -1.52583828
   0.86633078  -1.51545280
   0.86385111  -1.51318688
   0.85244682  -1.50287360
   0.85083338  -1.50126004
   0.83857067  -1.48999097
   0.83772317  -1.48923074
   0.82511883  -1.47765883
   0.82427273  -1.47690121
   0.81211178  -1.46656912
   0.80913993  -1.46393875
   0.79971712  -1.45448305
   0.79599966  -1.45110237
   0.78629769  -1.44317326
   0.78085268  -1.43813121
   0.77372545  -1.43144906
   0.76657886  -1.42497710
   0.76074673  -1.41936519
   0.75322369  -1.41251697
   0.74757689  -1.40686975
   0.73895236  -1.39924250
   0.73504873  -1.39593869
   0.72519193  -1.38649997
   0.72182118  -1.38331581
   0.71039214  -1.37378156
   0.70868188  -1.37229707
   0.69616798  -1.36370706
   0.69217040  -1.36051333
   0.68294518  -1.35206946
   0.67874632  -1.34821756
   0.67001084  -1.34160172
   0.66197059  -1.33510863
   0.65709127  -1.33112418
   0.64585891  -1.32215063
   0.64414870  -1.32066618
   0.63143617  -1.31153436
   0.62891588  -1.30928587
   0.61852970  -1.30104703
   0.61273784  -1.29640026
   0.60534381  -1.29015138
   0.59614710  -1.28307805
   0.59329737  -1.28099427
   0.58066569  -1.27032756
   0.57981060  -1.26958535
   0.56690447  -1.25990502
   0.56374392  -1.25745925
   0.55418643  -1.24936418
   0.54844358  -1.24440811
   0.54114649  -1.23890950
   0.53225923  -1.23165448
   0.52822610  -1.22842776
   0.51609379  -1.21870316
   0.51522825  -1.21798201
   0.50236204  -1.20842688
   0.49921421  -1.20583210
   0.48969085  -1.19829985
   0.48301487  -1.19295006
   0.47643053  -1.18751676
   0.46622757  -1.17984133
   0.46374931  -1.17759165
   0.45156315  -1.16707531
   0.45069763  -1.16635417
   0.43777419  -1.15749031
   0.43304570  -1.15421479
   0.42492916  -1.14712335
   0.41848542  -1.14132344
   0.41228720  -1.13697419
   0.40173991  -1.12836969
   0.39907389  -1.12602081
   0.38597300  -1.11663533
   0.38515638  -1.11588227
   0.37330782  -1.10598630
   0.36933868  -1.10258484
   0.36043288  -1.09533584
   0.35323801  -1.08967032
   0.34757279  -1.08483545
   0.33782463  -1.07679164
   0.33454460  -1.07439486
   0.32166398  -1.06483996
   0.32084301  -1.06404879
   0.30873024  -1.05401391
   0.30390448  -1.05099730
   0.29560274  -1.04413182
   0.28774308  -1.03810496
   0.28286661  -1.03489831
   0.26981727  -1.02628844
   0.26895253  -1.02556565
   0.25735771  -1.01839643
   0.24887828  -1.01239037
   0.24396855  -1.00937627
   0.23104393  -1.00132979
   0.22785412  -0.99962219
   0.21827168  -0.99395878
   0.20709846  -0.98625029
   0.20532111  -0.98496468
   0.19244614  -0.97783755
   0.18607559  -0.97359566
   0.17983956  -0.97002316
   0.16664371  -0.96156894
   0.16576256  -0.96089256
   0.15385017  -0.95421849
   0.14401886  -0.94785989
   0.14077526  -0.94561138
   0.12819065  -0.93776458
   0.12389501  -0.93492318
   0.11494794  -0.92949335
   0.10372413  -0.92204526
   0.10213252  -0.92120039
   0.08932372  -0.91388932
   0.08277807  -0.90922295
   0.07643908  -0.90556516
   0.06339517  -0.89798784
   0.06102386  -0.89631020
   0.05074373  -0.88936510
   0.04077266  -0.88333063
   0.03738472  -0.88123334
   0.02448618  -0.87404934
   0.01969200  -0.87071462
   0.01167149  -0.86580270
  -0.00106131  -0.85815722
  -0.00194616  -0.85749709
  -0.01432734  -0.84997065
  -0.02303924  -0.84489658
  -0.02714651  -0.84316876
  -0.04021262  -0.83896256
  -0.05309391  -0.83753615
  -0.06598003  -0.83812068
  -0.07878797  -0.83940284
  -0.09173045  -0.84299274
  -0.09885506  -0.84573602
  -0.10432054  -0.84828890
  -0.11711268  -0.85640365
  -0.12049286  -0.85875349
  -0.13015736  -0.86440935
  -0.14216624  -0.87179104
  -0.14304080  -0.87248887
  -0.15591059  -0.87997749
  -0.16329336  -0.88442202
  -0.16903549  -0.88833218
  -0.18172298  -0.89590182
  -0.18419006  -0.89749089
  -0.19481576  -0.90449591
  -0.20493844  -0.91059104
  -0.20759529  -0.91222627
  -0.22056281  -0.91906856
  -0.22693502  -0.92330963
  -0.23338841  -0.92734303
  -0.24615533  -0.93480491
  -0.24858155  -0.93640860
  -0.25919168  -0.94348244
  -0.26739790  -0.94893196
  -0.27210875  -0.95154357
  -0.28503805  -0.95959692
  -0.28912032  -0.96198341
  -0.29832272  -0.96783489
  -0.31073024  -0.97424464
  -0.31159889  -0.97495819
  -0.32369904  -0.98302513
  -0.33248099  -0.98812307
  -0.33669849  -0.99103512
  -0.34974985  -0.99882822
  -0.35282619  -1.00060588
  -0.36261821  -1.00707276
  -0.37407856  -1.01313051
  -0.37560226  -1.01405971
  -0.38827058  -1.02253324
  -0.39403050  -1.02638537
  -0.40153955  -1.03163323
  -0.41385368  -1.03878433
  -0.41537773  -1.03969437
  -0.42707628  -1.05056435
  -0.42878634  -1.05204860
  -0.43996179  -1.06026087
  -0.44624950  -1.06519179
  -0.45249777  -1.07037863
  -0.46220535  -1.07842903
  -0.46541427  -1.08087154
  -0.47827817  -1.09066141
  -0.47910115  -1.09144630
  -0.49125738  -1.10105213
  -0.49531289  -1.10424950
  -0.50442312  -1.11193881
  -0.51004498  -1.11680773
  -0.51706796  -1.12203098
  -0.52757654  -1.13006941
  -0.53013809  -1.13230060
  -0.54296500  -1.14204720
  -0.54447770  -1.14298007
  -0.55596197  -1.15312843
  -0.55917882  -1.15569558
  -0.56875957  -1.16299239
  -0.57597427  -1.16879703
  -0.58169921  -1.17347012
  -0.59267274  -1.18176451
  -0.59446642  -1.18347469
  -0.60704793  -1.19404216
  -0.60789394  -1.19479968
  -0.62064395  -1.20467759
  -0.62377254  -1.20717012
  -0.63321763  -1.21482370
  -0.63984827  -1.22023451
  -0.64623578  -1.22510236
  -0.65646651  -1.23333583
  -0.65899664  -1.23579617
  -0.67189817  -1.24560840
  -0.67272698  -1.24638288
  -0.68498410  -1.25574945
  -0.68900347  -1.25898218
  -0.69778207  -1.26566230
  -0.70538276  -1.27164285
  -0.71119236  -1.27623334
  -0.72281770  -1.28484324
  -0.72364939  -1.28562142
  -0.73673719  -1.29674739
  -0.73823878  -1.29769681
  -0.74958936  -1.30654281
  -0.75381243  -1.31025108
  -0.76237237  -1.31789271
  -0.76958371  -1.32369372
  -0.77521352  -1.32778588
  -0.78654774  -1.33652253
  -0.78804925  -1.33746741
  -0.80104805  -1.34728621
  -0.80420734  -1.34963702
  -0.81431886  -1.35866030
  -0.81890080  -1.36224466
  -0.82683281  -1.36812770
  -0.83509311  -1.37499882
  -0.83984129  -1.37920214
  -0.85108707  -1.38815771
  -0.85258120  -1.38911172
  -0.86554857  -1.40021236
  -0.86635531  -1.40101915
  -0.87834897  -1.41251909
  -0.87999062  -1.41410013
  -0.89136485  -1.42441665
  -0.89383784  -1.42682305
  -0.90427308  -1.43651887
  -0.90768014  -1.43967735
  -0.91786748  -1.44871622
  -0.92180365  -1.45208205
  -0.92991707  -1.46008969
  -0.93572120  -1.46571128
  -0.94307456  -1.47199645
  -0.94965400  -1.47827206
  -0.95610818  -1.48472660
  -0.96326641  -1.49135109
  -0.96893112  -1.49618469
  -0.97789147  -1.50409092
  -0.98177574  -1.50750518
  -0.99303693  -1.51721846
  -0.99467730  -1.51880335
  -1.00612925  -1.52991004
  -1.00774282  -1.53152371
  -1.02031764  -1.54255357
  -1.02114410  -1.54333410
  -1.03317270  -1.55289103
  -1.03635716  -1.55611036
  -1.04607961  -1.56660894
  -1.04868300  -1.56897834
  -1.05937852  -1.57832174
  -1.06264728  -1.58153075
  -1.07208602  -1.58981981
  -1.07692690  -1.59466093
  -1.08509153  -1.60269508
  -1.09079591  -1.60750768
  -1.09817137  -1.61378089
  -1.10597274  -1.62048127
  -1.11092645  -1.62527969
  -1.11989053  -1.63318961
  -1.12392467  -1.63722395
  -1.13357675  -1.64622501
  -1.13692095  -1.64926619
  -1.14813001  -1.65901018
  -1.14974369  -1.66062394
  -1.16107048  -1.67192038
  -1.16273410  -1.67347699
  -1.17539120  -1.68422589
  -1.17621146  -1.68501839
  -1.18806957  -1.69572454
  -1.19061548  -1.69810645
  -1.20118103  -1.70762643
  -1.20440848  -1.71085401
  -1.21388931  -1.71993185
  -1.21881195  -1.72407085
  -1.22710187  -1.73168524
  -1.23244750  -1.73687728
  -1.23960895  -1.74343334
  -1.24469188  -1.74960164
  -1.25273217  -1.75784732
  -1.25815196  -1.76269017
  -1.26552953  -1.77157405
  -1.26895866  -1.77540668
  -1.27884296  -1.78569470
  -1.28116676  -1.78814920
  -1.29137924  -1.79982862
  -1.29301985  -1.80141372
  -1.30461983  -1.81312553
  -1.30538121  -1.81396951
  -1.31711943  -1.82659091
  -1.31793675  -1.82738593
  -1.32984979  -1.83958207
  -1.33062818  -1.84041402
  -1.34176733  -1.85266917
  -1.34335246  -1.85430992
  -1.35424011  -1.86581555
  -1.35585444  -1.86759656
  -1.36578799  -1.87869313
  -1.36901575  -1.88192098
  -1.37856067  -1.89163610
  -1.38186822  -1.89565649
  -1.38999628  -1.90451555
  -1.39477335  -1.90937639
  -1.40270594  -1.91762889
  -1.40747693  -1.92246807
  -1.41471465  -1.93055998
  -1.42045907  -1.93699592
  -1.42645057  -1.94317814
  -1.43410125  -1.95080645
  -1.43879301  -1.95578204
  -1.44628237  -1.96281963
  -1.45201038  -1.96910513
  -1.45939570  -1.97795009
  -1.46348621  -1.98196152
  -1.47250930  -1.99066044
  -1.47643646  -1.99473913
  -1.48521963  -2.00538787
  -1.48759629  -2.00782374
  -1.49813179  -2.01910691
  -1.49974582  -2.02072095
  -1.51123294  -2.03262543
  -1.51202561  -2.03344588
  -1.52390525  -2.04573834
  -1.52468374  -2.04657038
  -1.53545657  -2.05925558
  -1.53727227  -2.06147467
  -1.54932779  -2.07196029
  -1.55012972  -2.07277210
  -1.55966793  -2.08508048
  -1.56269454  -2.08770367
  -1.57246599  -2.09804273
  -1.57575728  -2.10206370
  -1.58448522  -2.11110780
  -1.58852059  -2.11514313
  -1.59679299  -2.12381884
  -1.60157889  -2.12869996
  -1.60889923  -2.13673172
  -1.61468684  -2.14305004
  -1.62035142  -2.14949514
  -1.62726071  -2.15710993
  -1.63297566  -2.16272800
  -1.64049651  -2.17050651
  -1.64517891  -2.17549377
  -1.65278367  -2.18313580
  -1.65712381  -2.18858602
  -1.66600218  -2.19746417
  -1.66939994  -2.20131698
  -1.67931961  -2.21239485
  -1.68092037  -2.21402768
  -1.69183058  -2.22490544
  -1.69359299  -2.22715526
  -1.70454334  -2.23882801
  -1.70615765  -2.24044226
  -1.71761197  -2.25234943
  -1.71839060  -2.25318157
  -1.73026232  -2.26566280
  -1.73108152  -2.26645618
  -1.74248441  -2.27844699
  -1.74396977  -2.28015820
  -1.75398272  -2.29189607
  -1.75640430  -2.29431754
  -1.76629238  -2.30460855
  -1.76947586  -2.30787122
  -1.77840052  -2.31752290
  -1.78238736  -2.32159564
  -1.79050881  -2.33043736
  -1.79535216  -2.33528044
  -1.80278935  -2.34319263
  -1.80840889  -2.34967279
  -1.81472583  -2.35626663
  -1.82111714  -2.36277337
  -1.82731527  -2.36942526
  -1.83358251  -2.37625787
  -1.83954903  -2.38229846
  -1.84712785  -2.39086735
  -1.85105251  -2.39501138
  -1.85943160  -2.40268091
  -1.86430794  -2.40834992
  -1.87264748  -2.41781501
  -1.87527107  -2.42084181
  -1.88576594  -2.43133584
  -1.88816067  -2.43377677
  -1.89848119  -2.44445346
  -1.90082522  -2.44690602
  -1.91139838  -2.45898322
  -1.91220570  -2.45979047
  -1.92389320  -2.47233518
  -1.92467200  -2.47316745
  -1.93683835  -2.48521054
  -1.93764561  -2.48601790
  -1.94752664  -2.49793207
  -1.95067313  -2.50127845
  -1.96125236  -2.51165640
  -1.96282536  -2.51327383
  -1.97154612  -2.52396622
  -1.97634295  -2.52886549
  -1.98432547  -2.53702021
  -1.98926133  -2.54178237
  -1.99655090  -2.54984445
  -2.00196892  -2.55569807
  -2.00909046  -2.56312007
  -2.01474237  -2.56877131
  -2.02140350  -2.57583507
  -2.02826644  -2.58350403
  -2.03368259  -2.58861125
  -2.04069892  -2.59688988
  -2.04485005  -2.60163945
  -2.05401722  -2.61107953
  -2.05712207  -2.61440847
  -2.06662086  -2.62427407
  -2.06982354  -2.62752519
  -2.07933878  -2.63739367
  -2.08196300  -2.64042096
  -2.09266214  -2.65152200
  -2.09425926  -2.65317597
  -2.10517879  -2.66484369
  -2.10675887  -2.66647551
  -2.11809911  -2.67856894
  -2.11890663  -2.67937634
  -2.13057954  -2.69196096
  -2.13151634  -2.69347847
  -2.14091225  -2.70500945
  -2.14400785  -2.70759114
  -2.15423642  -2.71752458
  -2.15738817  -2.72087314
  -2.16675407  -2.73084702
  -2.16974270  -2.73349130
  -2.17886784  -2.74376560
  -2.18286182  -2.74784168
  -2.19098181  -2.75668433
  -2.19598021  -2.76219583
  -2.20309598  -2.76960321
  -2.20863201  -2.77534678
  -2.21500866  -2.78272403
  -2.22146966  -2.78918382
  -2.22793071  -2.79564366
  -2.23472612  -2.80339896
  -2.23882464  -2.80818624
  -2.24731451  -2.81663748
  -2.25216046  -2.82148248
  -2.26064082  -2.83076802
  -2.26387151  -2.83399806
  -2.27356366  -2.84368823
  -2.27677772  -2.84696575
  -2.28613481  -2.85773068
  -2.28847116  -2.86026054
  -2.29920887  -2.87215216
  -2.30001658  -2.87295970
  -2.31212795  -2.88507744
  -2.31292131  -2.88589842
  -2.32481908  -2.89820239
  -2.32559828  -2.89903496
  -2.33575936  -2.91151869
  -2.33811020  -2.91403248
  -2.34828019  -2.92484353
  -2.35070351  -2.92726628
  -2.35999286  -2.93736034
  -2.36403179  -2.94139831
  -2.37352343  -2.95048421
  -2.37667269  -2.95378660
  -2.38483313  -2.96340496
  -2.38988193  -2.96885596
  -2.39654642  -2.97592224
  -2.40276120  -2.98184001
  -2.40925969  -2.98908703
  -2.41553116  -2.99570906
  -2.42192487  -3.00222942
  -2.42825541  -3.00964037
  -2.43333140  -3.01505813
  -2.44151990  -3.02305207
  -2.44561109  -3.02786479
  -2.45400412  -3.03714877
  -2.45805765  -3.04128059
  -2.46754617  -3.05118257
  -2.46986218  -3.05365663
  -2.48005520  -3.06364454
  -2.48254777  -3.06682034
  -2.49309330  -3.07889092
  -2.49391561  -3.07968315
  -2.50581590  -3.09202085
  -2.50664318  -3.09289746
  -2.51869511  -3.10495461
  -2.51945756  -3.10579940
  -2.52945062  -3.11847281
  -2.53167263  -3.12029069
  -2.54298466  -3.13159928
  -2.54476960  -3.13385401
  -2.55389310  -3.14411822
  -2.55793323  -3.14815710
  -2.56682161  -3.15704269
  -2.57098133  -3.16182617
  -2.57874090  -3.17016861
  -2.58379125  -3.17562081
  -2.59106386  -3.18289106
  -2.59667729  -3.18860792
  -2.60257927  -3.19561312
  -2.60985209  -3.20288354
  -2.61609983  -3.20881594
  -2.62251901  -3.21690377
  -2.62662126  -3.22166446
  -2.63530861  -3.22994540
  -2.64013356  -3.23481975
  -2.64844119  -3.24428388
  -2.65167166  -3.24754097
  -2.66116999  -3.25741172
  -2.66442133  -3.26061665
  -2.67461507  -3.27153441
  -2.67614992  -3.27321190
  -2.68703251  -3.28487895
  -2.68863296  -3.28651415
  -2.69996420  -3.29861290
  -2.70077242  -3.29942083
  -2.71289433  -3.31155358
  -2.71365703  -3.31239857
  -2.72421232  -3.32527292
  -2.72582883  -3.32688882
  -2.73697181  -3.33832185
  -2.73858623  -3.33999854
  -2.74886457  -3.35072278
  -2.75206824  -3.35401391
  -2.76104905  -3.36376881
  -2.76462710  -3.36728619
  -2.77372066  -3.37677968
  -2.77788713  -3.38156423
  -2.78503805  -3.38970653
  -2.79065616  -3.39542465
  -2.79716241  -3.40267522
  -2.80346718  -3.40924904
  -2.81009652  -3.41560382
  -2.81651479  -3.42291054
  -2.82141565  -3.42849038
  -2.82944241  -3.43665650
  -2.83410666  -3.44167036
  -2.84203118  -3.45071134
  -2.84610856  -3.45472477
  -2.85536994  -3.46404449
  -2.85860321  -3.46732505
  -2.86790169  -3.47737792
  -2.87113554  -3.48061038
  -2.88110874  -3.49169091
  -2.88265674  -3.49333710
  -2.89397560  -3.50465105
  -2.89557892  -3.50628640
  -2.90668687  -3.51859751
  -2.90746684  -3.51943068
  -2.91823287  -3.53212561
  -2.91984994  -3.53374196
  -2.93117163  -3.54506082
  -2.93296172  -3.54732353
  -2.94269212  -3.55778438
  -2.94589726  -3.56106544
  -2.95542769  -3.57091767
  -2.95859482  -3.57422224
  -2.96728511  -3.58409163
  -2.97126173  -3.58827676
  -2.97988868  -3.59657788
  -2.98506178  -3.60282514
  -2.99121058  -3.60950851
  -2.99723586  -3.61478877
  -3.00455378  -3.62284544
  -3.01077297  -3.63041924
  -3.01547154  -3.63537202
  -3.02355844  -3.64345506
  -3.02841431  -3.64836278
  -3.03629652  -3.65739755
  -3.03973696  -3.66126123
  -3.04923668  -3.67113844
  -3.05247164  -3.67437182
  -3.06237891  -3.68467774
  -3.06480998  -3.68714603
  -3.07532026  -3.69922677
  -3.07612407  -3.70001485
  -3.08821031  -3.71221006
  -3.08905963  -3.71306297
  -3.10120184  -3.72509542
  -3.10201591  -3.72597749
  -3.11232536  -3.73903795
  -3.11394304  -3.74065481
  -3.12466039  -3.75177023
  -3.12706166  -3.75424004
  -3.13740054  -3.76490739
  -3.13980056  -3.76736553
  -3.14892787  -3.77763934
  -3.15297237  -3.78168175
  -3.16126381  -3.79037240
  -3.16604928  -3.79536058
  -3.17320412  -3.80355587
  -3.17871094  -3.80928378
  -3.18566659  -3.81597926
  -3.19282756  -3.82361621
  -3.19795193  -3.82896186
  -3.20490454  -3.83736144
  -3.20904869  -3.84217523
  -3.21802059  -3.85341430
  -3.21963181  -3.85536975
  -3.22367841  -3.86833873
  -3.22654375  -3.88124526
  -3.22878002  -3.89424233
  -3.22976327  -3.90720881
  -3.23033237  -3.92029525
  -3.22959921  -3.93311838
  -3.22935199  -3.94633438
  -3.22671935  -3.95940624
  -3.22116897  -3.97235291
  -3.21773829  -3.97618757
  -3.20715845  -3.98509755
  -3.20471263  -3.98667498
  -3.19246082  -3.99274246
  -3.18140349  -3.99845040
  -3.17900021  -3.99931038
  -3.16610796  -4.00563945
  -3.15407382  -4.01136452
  -3.15319010  -4.01203444
  -3.14024017  -4.01780238
  -3.12879975  -4.02394858
  -3.12716737  -4.02471760
  -3.11462892  -4.03028153
  -3.10220750  -4.03693194
  -3.10131921  -4.03757744
  -3.08853710  -4.04280397
  -3.07616607  -4.04942014
  -3.07528733  -4.05010846
  -3.06254356  -4.05612660
  -3.04974710  -4.06139660
  -3.04727513  -4.06273858
  -3.03685435  -4.06773899
  -3.02393064  -4.07499958
  -3.02231508  -4.07580615
  -3.01098622  -4.08071106
  -2.99791343  -4.08745634
  -2.99557736  -4.08854867
  -2.98539860  -4.09322617
  -2.97211218  -4.09909231
  -2.96811280  -4.10145237
  -2.95930805  -4.10564632
  -2.94648479  -4.11156583
  -2.93988565  -4.11469107
  -2.93327604  -4.11752407
  -2.92048440  -4.12478116
  -2.91488286  -4.12754200
  -2.90783609  -4.13047203
  -2.89451810  -4.13682976
  -2.88733809  -4.14016564
  -2.88176552  -4.14274833
  -2.86884364  -4.14920403
  -2.86080972  -4.15338999
  -2.85591627  -4.15570866
  -2.84282294  -4.16183321
  -2.83353575  -4.16650996
  -2.83034808  -4.16820311
  -2.81738129  -4.17405260
  -2.80805329  -4.17866584
  -2.80390443  -4.18084264
  -2.79131271  -4.18632251
  -2.78117020  -4.19245277
  -2.77897209  -4.19364468
  -2.76523905  -4.19904053
  -2.75471471  -4.20436856
  -2.75221124  -4.20582077
  -2.73944983  -4.21178939
  -2.72741563  -4.21759698
  -2.72652748  -4.21824255
  -2.71359095  -4.22393980
  -2.70230298  -4.23042616
  -2.70067100  -4.23119529
  -2.68774600  -4.23684633
  -2.67502333  -4.24281121
  -2.67411104  -4.24340849
  -2.66190065  -4.24894491
  -2.64947725  -4.25524371
  -2.64681383  -4.25679569
  -2.63624103  -4.26146761
  -2.62334122  -4.26782853
  -2.61922326  -4.26956401
  -2.61018838  -4.27319523
  -2.59726478  -4.27803257
  -2.58903012  -4.28165341
  -2.58420722  -4.28333035
  -2.57141781  -4.28770735
  -2.55834893  -4.29222825
  -2.55351965  -4.29459518
  -2.54544285  -4.29782063
  -2.53283130  -4.30190270
  -2.51996915  -4.30654888
  -2.51649438  -4.30801734
  -2.50665507  -4.31157819
  -2.49387817  -4.31592445
  -2.48247147  -4.32049752
  -2.48082306  -4.32121561
  -2.46822098  -4.32529650
  -2.45496183  -4.33012063
  -2.44697962  -4.33345580
  -2.44220529  -4.33524026
  -2.42923036  -4.33935646
  -2.41630694  -4.34338618
  -2.40977743  -4.34635360
  -2.40315511  -4.34909531
  -2.39073125  -4.35343382
  -2.37740288  -4.35837592
  -2.37503484  -4.35915247
  -2.36465124  -4.36268652
  -2.35157890  -4.36720727
  -2.33956497  -4.37223032
  -2.33867467  -4.37281614
  -2.32608466  -4.37692732
  -2.31292631  -4.38128179
  -2.30396674  -4.38498130
  -2.29990510  -4.38652930
  -2.28711850  -4.39090724
  -2.27404486  -4.39542789
  -2.26772075  -4.39807412
  -2.26149900  -4.40028459
  -2.24817592  -4.40433197
  -2.23532433  -4.40983209
  -2.23289251  -4.41075654
  -2.22250950  -4.41429094
  -2.20979670  -4.41887970
  -2.19691676  -4.42363675
  -2.19520688  -4.42438274
  -2.18395584  -4.42856206
  -2.17066978  -4.43332699
  -2.16269853  -4.43666441
  -2.15792475  -4.43844919
  -2.14479961  -4.44223093
  -2.13220860  -4.44749833
  -2.12716138  -4.44978143
  -2.11910728  -4.45227055
  -2.10606196  -4.45671227
  -2.09319457  -4.46144162
  -2.09227309  -4.46210095
  -2.08024238  -4.46635397
  -2.06729768  -4.47042073
  -2.05479748  -4.47527531
  -2.05385475  -4.47576652
  -2.04145541  -4.48009863
  -2.02870003  -4.48447333
  -2.01983906  -4.48853985
  -2.01578567  -4.49011220
  -2.00282133  -4.49422243
  -1.98977092  -4.49864691
  -1.98495937  -4.50101782
  -1.97703335  -4.50381068
  -1.96392917  -4.50832536
  -1.95123364  -4.51338306
  -1.94863143  -4.51430945
  -1.93796194  -4.51765652
  -1.92519235  -4.52200033
  -1.91263508  -4.52700185
  -1.91169140  -4.52744536
  -1.89932502  -4.53171424
  -1.88617478  -4.53662510
  -1.87830962  -4.53959214
  -1.87352018  -4.54134445
  -1.86044821  -4.54586462
  -1.84782137  -4.54982781
  -1.84122050  -4.55271126
  -1.83474205  -4.55507994
  -1.82182923  -4.55990980
  -1.80903449  -4.56439716
  -1.80499986  -4.56589859
  -1.79614335  -4.56919483
  -1.78303972  -4.57365566
  -1.77036640  -4.57793319
  -1.76946456  -4.57855149
  -1.75696939  -4.58340702
  -1.74419125  -4.58936351
  -1.74221412  -4.59094668
  -1.73699323  -4.60363130
         
