# shadow point cont 3D ind 13  size 1239
# norm  0.9947921 -0.1019245  0.0000000
# angle  0.1021018
   0.16739729579650    1.63381313259474   -4.60318678688442
   0.16803350758572    1.64002261866428   -4.59042812302910
   0.16851947257556    1.64476568203699   -4.58787729757639
   0.16980500713481    1.65731261856497   -4.58168971376696
   0.17088201780415    1.66782434258735   -4.57689201809053
   0.17113697539792    1.67031275234919   -4.57543962910141
   0.17245948544570    1.68322057307449   -4.57054827222669
   0.17376148824704    1.69592824117267   -4.56623464898943
   0.17442771027407    1.70243062994663   -4.56376130853134
   0.17508792689357    1.70887440538616   -4.56140761408118
   0.17642370831855    1.72191175598386   -4.55637843361573
   0.17770620211669    1.73442901440141   -4.55180950470183
   0.17796745347951    1.73697885193282   -4.55092980821376
   0.17904466985662    1.74749258368211   -4.54714162853750
   0.18035738209731    1.76030477690161   -4.54232673962949
   0.18142924487102    1.77076625698522   -4.53851022249870
   0.18168420682492    1.77325470930226   -4.53705790478451
   0.18298680549275    1.78596819311257   -4.53186885341673
   0.18432143149622    1.79899426668922   -4.52734933867545
   0.18479860455704    1.80365152001928   -4.52540274437596
   0.18562129063373    1.81168101242952   -4.52217709157167
   0.18693576358863    1.82451039038299   -4.51654736936684
   0.18807161513668    1.83559640683889   -4.51228092072467
   0.18823612381680    1.83720202681457   -4.51147393664382
   0.18958830729607    1.85039946298341   -4.50718106765661
   0.19090133598832    1.86321474479945   -4.50236199266709
   0.19154052626723    1.86945330120471   -4.49964325940255
   0.19219863001064    1.87587645477763   -4.49641660161862
   0.19350999869274    1.88867553474054   -4.49205621330152
   0.19481690434159    1.90143105508513   -4.48711611671829
   0.19506776840556    1.90387951161636   -4.48627027709437
   0.19614245792416    1.91436858099235   -4.48156870724303
   0.19748435691436    1.92746563959400   -4.47654748397928
   0.19820679317295    1.93451668448170   -4.47377453734045
   0.19878389515426    1.94014925334388   -4.47138389596434
   0.20010219045361    1.95301593773359   -4.46652880638565
   0.20140058881325    1.96568842614649   -4.46209323738795
   0.20173400076701    1.96894255773818   -4.46052594770108
   0.20273487240273    1.97871115773077   -4.45604611918006
   0.20404018387283    1.99145111874288   -4.45172310315680
   0.20501891237580    2.00100359970608   -4.44774928633565
   0.20534794638084    2.00421500211225   -4.44613542968621
   0.20668399127051    2.01725492414980   -4.44072630798119
   0.20798516039781    2.02995445551195   -4.43660182444800
   0.20847445441656    2.03473001051555   -4.43472674686539
   0.20929520585234    2.04274062065114   -4.43145647640616
   0.21062164877396    2.05568682658990   -4.42590996203729
   0.21161385198832    2.06537082198607   -4.42198347415451
   0.21195010739532    2.06865270594518   -4.42056495589697
   0.21326605021094    2.08149642987552   -4.41573262406816
   0.21456237684979    2.09414869810132   -4.41064477788144
   0.21506282627549    2.09903313091137   -4.40893292741982
   0.21588700016777    2.10707714453983   -4.40574487828467
   0.21720338282601    2.11992516137498   -4.40090570315772
   0.21827233071394    2.13035819190308   -4.39627664578376
   0.21851150339863    2.13269253948824   -4.39531957628732
   0.21984816896079    2.14573851934675   -4.38993200531046
   0.22116749540641    2.15861526781980   -4.38587724841592
   0.22181509101662    2.16493586103810   -4.38342025748602
   0.22247806897962    2.17140658744627   -4.38029653351429
   0.22381105622548    2.18441666659665   -4.37496796662653
   0.22500753813189    2.19609444097347   -4.37024280832367
   0.22509350749475    2.19693350992837   -4.36950926924108
   0.22642271496329    2.20990669810150   -4.36538886280328
   0.22773447096855    2.22270955837454   -4.36057738394179
   0.22846388592993    2.22982871604870   -4.35728945895091
   0.22904473222741    2.23549782978392   -4.35416768503310
   0.23036185157229    2.24835303674908   -4.34994975531684
   0.23167399382976    2.26115966687939   -4.34513777835189
   0.23191862121753    2.26354725287250   -4.34430147179406
   0.23298965658463    2.27400065739090   -4.33949504861326
   0.23432114704429    2.28699612776913   -4.33473929394326
   0.23498038645369    2.29343036554745   -4.33182242647293
   0.23564340197300    2.29990145850873   -4.32869886284052
   0.23694942778494    2.31264839156341   -4.32428176541262
   0.23825612299644    2.32540185801984   -4.31932488466806
   0.23850665945887    2.32784711712977   -4.31847600479041
   0.23958233843355    2.33834584368873   -4.31379668454317
   0.24089894390251    2.35119603517718   -4.30896031154846
   0.24181476535235    2.36013453746746   -4.30589164693063
   0.24223151041788    2.36420200795891   -4.30444968555878
   0.24354374626652    2.37700955154777   -4.29886193162874
   0.24482761951330    2.38954027351195   -4.29361067434838
   0.24500841684531    2.39130487224083   -4.29271003818565
   0.24615917676783    2.40253639581432   -4.28864545845700
   0.24748188455157    2.41544614646093   -4.28316315632105
   0.24813407870776    2.42181162191457   -4.28002409764004
   0.24879233315176    2.42823624633918   -4.27679812661040
   0.25012839027380    2.44127628776573   -4.27142154137242
   0.25085405397080    2.44835883275169   -4.26734711323711
   0.25142154101822    2.45389755896732   -4.26398959216627
   0.25275959957143    2.46695713454778   -4.25773779555817
   0.25331811406937    2.47240828784828   -4.25430960820558
   0.25405610799505    2.47961117700977   -4.25023293030314
   0.25536596200400    2.49239547362234   -4.24361017127290
   0.25577937464263    2.49643041931824   -4.24117509639892
   0.25669135894337    2.50533147067741   -4.23647121088558
   0.25800386270680    2.51814162913944   -4.22932637611918
   0.25816449118832    2.51970937801687   -4.22841922271389
   0.25930666247815    2.53085707573871   -4.22181200732734
   0.26038639514735    2.54139536673223   -4.21543396712429
   0.26063903138496    2.54386111984264   -4.21392331341373
   0.26193630471651    2.55652262787698   -4.20794726410087
   0.26285468390368    2.56548609392078   -4.20244147415451
   0.26327379149166    2.56957662285046   -4.20017316144921
   0.26457526566335    2.58227913147422   -4.19353063068883
   0.26523082318127    2.58867743365018   -4.18956264256692
   0.26588773293473    2.59508893377041   -4.18550835321307
   0.26721152888735    2.60800930504634   -4.17896753945538
   0.26762083705601    2.61200419073456   -4.17660938847055
   0.26853828512604    2.62095856898880   -4.17117843527656
   0.26982861529751    2.63355231113674   -4.16443153463278
   0.26999114905390    2.63513865567362   -4.16359470181819
   0.27117524503543    2.64669554227491   -4.15738051006689
   0.27245357838847    2.65917219436239   -4.15146918190387
   0.27253733753037    2.65998969135569   -4.15068275493070
   0.27379008357313    2.67221660892163   -4.14269087029587
   0.27477165780979    2.68179686450971   -4.13778124154307
   0.27510551647213    2.68505535601860   -4.13544090202244
   0.27642647621615    2.69794804563540   -4.12893573518589
   0.27715683889089    2.70507645307999   -4.12499834656167
   0.27773412793783    2.71071084772000   -4.12098273864180
   0.27904699373610    2.72352453967570   -4.11354530768466
   0.27938808861319    2.72685365731161   -4.11185755359131
   0.28037970508531    2.73653192604914   -4.10711074842544
   0.28168733642150    2.74929452916938   -4.09994631158875
   0.28177568898141    2.75015685834858   -4.09923912990132
   0.28299520835113    2.76205948050399   -4.09257947386031
   0.28415878869658    2.77341613259431   -4.08621704488549
   0.28432244068239    2.77501339115406   -4.08539380196392
   0.28565491177906    2.78801843264044   -4.07761379026214
   0.28648292162105    2.79609988549385   -4.07365520121285
   0.28698920409053    2.80104124935222   -4.07065471170692
   0.28827188693029    2.81356035283347   -4.06441883100139
   0.28900456003552    2.82071131029384   -4.06030505251209
   0.28958671599843    2.82639320648509   -4.05637185637251
   0.29090222887988    2.83923273421813   -4.04917124531589
   0.29123725116340    2.84250258277767   -4.04743369823460
   0.29222477557336    2.85214091260890   -4.04259294200051
   0.29352109042737    2.86479306581355   -4.03539456573309
   0.29360507068676    2.86561272093410   -4.03460844840202
   0.29487491601357    2.87800652909830   -4.02833006997648
   0.29607169765262    2.88968722889357   -4.02161899131237
   0.29615587817092    2.89050883855960   -4.02083692048026
   0.29749123890617    2.90354208318661   -4.01354359239455
   0.29829853786660    2.91142139591505   -4.00864689496443
   0.29878719050080    2.91619069094603   -4.00614781611596
   0.30013385373825    2.92933424904266   -3.99835095997163
   0.30060629787508    2.93394534763594   -3.99576686449456
   0.30142734432929    2.94195883717872   -3.99089572198905
   0.30274219718368    2.95479192298644   -3.98366009457072
   0.30282709690822    2.95562055217216   -3.98289178213080
   0.30402069378287    2.96727016837148   -3.97116609737524
   0.30409609868246    2.96800612718509   -3.97032866983008
   0.30450083593384    2.97195640029670   -3.95777543430164
   0.30465120125273    2.97342397975504   -3.94483760869427
   0.30459994143869    2.97292367921581   -3.93197823016926
   0.30459599969215    2.97288520740400   -3.91910071017861
   0.30451475419105    2.97209224377794   -3.90611556825126
   0.30450889270564    2.97203503513677   -3.89329303076853
   0.30434271791160    2.97041315373465   -3.88036071592641
   0.30409416959314    2.96798729909439   -3.86764251216523
   0.30400334731000    2.96710086518744   -3.86443885534708
   0.30360444132260    2.96320750575299   -3.85484995543137
   0.30278226713991    2.95518300947566   -3.84196160452773
   0.30270880413813    2.95446600376475   -3.84115032246598
   0.30174342727918    2.94504383608549   -3.82895008840813
   0.30140437580556    2.94173466225691   -3.82484690222799
   0.30069208060617    2.93478259504747   -3.81577456479126
   0.30008092805748    2.92881768948969   -3.80792813941386
   0.29967581377764    2.92486373654517   -3.80297968319147
   0.29881513302970    2.91646341261967   -3.79216095923424
   0.29857108127595    2.91408144486788   -3.78970306024247
   0.29753332055324    2.90395280396493   -3.77714927057264
   0.29743528064312    2.90299592534923   -3.77565599700568
   0.29645908870570    2.89346820150104   -3.76415881801355
   0.29614251899683    2.89037845178153   -3.76006521770792
   0.29541441298303    2.88327206955707   -3.75106079963860
   0.29483335079281    2.87760084868870   -3.74390522073159
   0.29423408206879    2.87175193036176   -3.73832792020903
   0.29351828772524    2.86476571118079   -3.72560974972565
   0.29344741249549    2.86407396236496   -3.72490433872312
   0.29223801093829    2.85227009099816   -3.71353321242607
   0.29214006808743    2.85131415968987   -3.71207303920144
   0.29112460886687    2.84140318351630   -3.69938539115808
   0.29086392234523    2.83885885888709   -3.69620640526178
   0.29005344213466    2.83094849686220   -3.68640637147963
   0.28953997170236    2.82593697782010   -3.68011795209501
   0.28901787990244    2.82084131343034   -3.67389161110477
   0.28820180669786    2.81287636326518   -3.66409078307967
   0.28794424292134    2.81036251691804   -3.66094272494187
   0.28696016225189    2.80075779831354   -3.64805095154733
   0.28687513273035    2.79992790229709   -3.64714681396291
   0.28582646464896    2.78969280456168   -3.63491449344311
   0.28558943330763    2.78737935668637   -3.63230385422347
   0.28483273253102    2.77999388692482   -3.62189107133471
   0.28427805837802    2.77458021574707   -3.61536077166283
   0.28366617646836    2.76860819155848   -3.60927276039171
   0.28292100121000    2.76133521192403   -3.59931136860964
   0.28263238454645    2.75851828651942   -3.59587046772455
   0.28165510912988    2.74897998781423   -3.58443880330662
   0.28156172892266    2.74806858833101   -3.58290934642687
   0.28057006988452    2.73838990414523   -3.57004549171250
   0.28030673848123    2.73581976522591   -3.56691673606963
   0.27941758221277    2.72714151757897   -3.55705779154210
   0.27900965946801    2.72316015375642   -3.55217719482915
   0.27840285811231    2.71723771624574   -3.54431464278447
   0.27766867569683    2.71007202777736   -3.53539305606449
   0.27727460018392    2.70622581422196   -3.53118357218776
   0.27634493639779    2.69715220944568   -3.51932539774713
   0.27625923534495    2.69631575922144   -3.51843978869304
   0.27521140085694    2.68608879743475   -3.50538325629257
   0.27503028107651    2.68432105157944   -3.50306945495755
   0.27411600932446    2.67539767448335   -3.49257580844302
   0.27371284203320    2.67146272432807   -3.48768913231363
   0.27304443309343    2.66493899108288   -3.47964414098191
   0.27237833198918    2.65843778252637   -3.47080253931312
   0.27199799468204    2.65472565513352   -3.46654313082313
   0.27106915783178    2.64566012132798   -3.45547561143368
   0.27090181712237    2.64402686048381   -3.45379920491864
   0.26989452965827    2.63419564141112   -3.44113027868771
   0.26971569374247    2.63245018628639   -3.43870482971926
   0.26870403570028    2.62257630996630   -3.42770083997649
   0.26846072796675    2.62020160392088   -3.42445352710771
   0.26777024079680    2.61346238510150   -3.41502603820175
   0.26710155046873    2.60693590548040   -3.40698308506861
   0.26669926868379    2.60300959794892   -3.40210889987954
   0.26577340360815    2.59397306893928   -3.39183268378018
   0.26552620524794    2.59156039001677   -3.38940809046229
   0.26451884399620    2.58172845076984   -3.37666720909811
   0.26444303064395    2.58098850542042   -3.37581058786286
   0.26350678379051    2.57185064929665   -3.36314523923332
   0.26316215484467    2.56848703882192   -3.35920042759055
   0.26235492087127    2.56060836037288   -3.35016956049537
   0.26185181460834    2.55569799658502   -3.34374199331684
   0.26130541858658    2.55036512073593   -3.33705836028655
   0.26056065944321    2.54309620242235   -3.32900322601929
   0.26013215583049    2.53891396741979   -3.32427606487422
   0.25928170823854    2.53061352004569   -3.31159458211880
   0.25920223232174    2.52983782772661   -3.31076146565341
   0.25807825838120    2.51886773782156   -3.29835869409728
   0.25791113636128    2.51723661140708   -3.29597356849168
   0.25708307535301    2.50915465916601   -3.28549048914037
   0.25660492988705    2.50448791507167   -3.27971301003840
   0.25598565044131    2.49844369024486   -3.27280856312444
   0.25521681315765    2.49093976704884   -3.26326415455924
   0.25491370711744    2.48798142398418   -3.25984508137274
   0.25394752724473    2.47855141881605   -3.24840240562549
   0.25378648782207    2.47697965911502   -3.24671618669055
   0.25285446163786    2.46788299711437   -3.23388117120373
   0.25262904129489    2.46568287365981   -3.23143507607371
   0.25166821853395    2.45630515439951   -3.22111511667650
   0.25128810582159    2.45259521907253   -3.21536787253602
   0.25067214151156    2.44658335027772   -3.20780219491134
   0.25001745353144    2.44019353487132   -3.20130566166258
   0.24950212349895    2.43516386595877   -3.19500638737929
   0.24865354649309    2.42688167567854   -3.18396751767845
   0.24848725153024    2.42525862141766   -3.18229098984632
   0.24741605208893    2.41480361551987   -3.16934665268510
   0.24732045161500    2.41387054602762   -3.16782784871800
   0.24637138421713    2.40460756020111   -3.15622634860246
   0.24604060633851    2.40137913742708   -3.15221749974789
   0.24527405655185    2.39389754041393   -3.14348061455434
   0.24470885624632    2.38838113301131   -3.13614566565394
   0.24422799358455    2.38368786883375   -3.13039331476222
   0.24340139809162    2.37562022015840   -3.12074913403754
   0.24307973817192    2.37248078950911   -3.11741235821020
   0.24218612287125    2.36375902129428   -3.10439038336734
   0.24210375897081    2.36295514198697   -3.10358247172018
   0.24099176354112    2.35210196345882   -3.09186792357137
   0.24072436230268    2.34949210257088   -3.08784430794534
   0.23996730391189    2.34210314246178   -3.07850196916610
   0.23949227048244    2.33746677213236   -3.07348452854322
   0.23887390013985    2.33143142023664   -3.06575985093671
   0.23810745762542    2.32395087021048   -3.05540727339341
   0.23788417956041    2.32177165558755   -3.05285118669861
   0.23681114865148    2.31129877439586   -3.04077317455357
   0.23673346760624    2.31054060018955   -3.03989567649452
   0.23574024841761    2.30084668879029   -3.02704080922922
   0.23549888956904    2.29849100404293   -3.02454951614756
   0.23459072240381    2.28962720828041   -3.01406057874709
   0.23416845546911    2.28550584383360   -3.00847307679683
   0.23360226673278    2.27997978925470   -3.00113643484801
   0.23285735431619    2.27270937498022   -2.99230637188967
   0.23250645943914    2.26928460843578   -2.98839860135073
   0.23155646084483    2.26001253404568   -2.97680457010440
   0.23146055420317    2.25907647632799   -2.97529175947269
   0.23044968383371    2.24921028776668   -2.96244869582879
   0.23021117483739    2.24688241784160   -2.95924175316622
   0.22928499657025    2.23784283205390   -2.94905302122035
   0.22894881282476    2.23456164751786   -2.94504870267796
   0.22824943444287    2.22773564964526   -2.93651109210373
   0.22759209239700    2.22131993031097   -2.92842771786071
   0.22717746529951    2.21727313138400   -2.92360330617982
   0.22628910128302    2.20860261618986   -2.91375467292330
   0.22602859054689    2.20606000724355   -2.91063985708778
   0.22505588701504    2.19656633055727   -2.89759340319934
   0.22497668026539    2.19579326533443   -2.89675906076304
   0.22396788662008    2.18594734579350   -2.88481138310428
   0.22364035809188    2.18275063698091   -2.88076301473109
   0.22289462358767    2.17547219905515   -2.87191838819554
   0.22230590024574    2.16972620463541   -2.86473624761646
   0.22182686411251    2.16505076754590   -2.85896643527344
   0.22099783266943    2.15695934377115   -2.84853555753064
   0.22075499405617    2.15458921638315   -2.84605788577871
   0.21970571803603    2.14434818510924   -2.83378441064158
   0.21962996877812    2.14360886532650   -2.83292833849224
   0.21863037518177    2.13385273911667   -2.82006664334551
   0.21838987425021    2.13150542771887   -2.81760465895030
   0.21749113466489    2.12273364601059   -2.80707810767844
   0.21707585679431    2.11868049547788   -2.80143731262534
   0.21650097877135    2.11306963265550   -2.79416339164067
   0.21576892971557    2.10592476597562   -2.78513786800383
   0.21548509572214    2.10315451987504   -2.78144930009460
   0.21443455967412    2.09290119061213   -2.76917845572588
   0.21435688093440    2.09214303890797   -2.76833383050814
   0.21333988070137    2.08221702230973   -2.75566099021735
   0.21308322069296    2.07971199682315   -2.75248491411439
   0.21221512283901    2.07123928125500   -2.74249648149124
   0.21180028878961    2.06719046245817   -2.73766702234206
   0.21112460029084    2.06059568004205   -2.72973897344794
   0.21046585943622    2.05416630820454   -2.72085823672165
   0.21006708988022    2.05027428035325   -2.71669654021326
   0.20913050089228    2.04113308496508   -2.70646472191986
   0.20895834579345    2.03945283523354   -2.70403907102430
   0.20796758909670    2.02978295798347   -2.69045221684131
   0.20788834158244    2.02900949489425   -2.68965704540936
   0.20687332373508    2.01910282656405   -2.67786367167200
   0.20653608385018    2.01581133400935   -2.67304206662899
   0.20586817047990    2.00929243756835   -2.66501546925946
   0.20517426999870    2.00251990451457   -2.65725891101956
   0.20475744758387    1.99845167908675   -2.65242480820085
   0.20388483995709    1.98993494771757   -2.64168552528550
   0.20371013726133    1.98822983320371   -2.63934211080633
   0.20261773445630    1.97756788050940   -2.62656505780276
   0.20254415408807    1.97684972929112   -2.62569872750084
   0.20159676778088    1.96760315106555   -2.61328890528295
   0.20126194262292    1.96433522646976   -2.60927636906606
   0.20045245265274    1.95643452928298   -2.60034734422923
   0.19996773149648    1.95170360584135   -2.59375166760411
   0.19944694739522    1.94662070471184   -2.58749827299580
   0.19857084646336    1.93806987836103   -2.57745719364459
   0.19833682964273    1.93578585248722   -2.57490427034366
   0.19731270671422    1.92579031772051   -2.56245946568403
   0.19723698479825    1.92505126479769   -2.56160362840416
   0.19629827222214    1.91588934299192   -2.54894351813349
   0.19597654491161    1.91274925460189   -2.54564304144193
   0.19509214732154    1.90411745209741   -2.53578301115424
   0.19468243982194    1.90011866890213   -2.53093174120487
   0.19402395785748    1.89369182385665   -2.52285786250562
   0.19336363397404    1.88724700151118   -2.51479088300502
   0.19295140948599    1.88322365227512   -2.50994934207750
   0.19201811536153    1.87411461506003   -2.49888475287131
   0.19186296439316    1.87260032721901   -2.49719174445645
   0.19088631638083    1.86306815203732   -2.48415040379901
   0.19070813601921    1.86132909518214   -2.48186474959822
   0.18980619768932    1.85252609343024   -2.47135212042725
   0.18941476834564    1.84870570673194   -2.46634231765567
   0.18869223800345    1.84165374357961   -2.45808738678147
   0.18807441497175    1.83562373348884   -2.45037809127730
   0.18766445081133    1.83162244526020   -2.44552801358217
   0.18677100010248    1.82290228347683   -2.43409464587242
   0.18661578477568    1.82138736749144   -2.43243671259008
   0.18554159952475    1.81090321981478   -2.41955656596397
   0.18544422498730    1.80995283529801   -2.41806003525814
   0.18453391316874    1.80106810752006   -2.40679709075068
   0.18411675086662    1.79699656476077   -2.40200342196858
   0.18335776320111    1.78958877475149   -2.39405122309467
   0.18280142043363    1.78415881774166   -2.38664691205501
   0.18233106254629    1.77956808113689   -2.38078969346135
   0.18147394503020    1.77120253468464   -2.37058697396868
   0.18124213504846    1.76894004776312   -2.36804705432484
   0.18019592000746    1.75872889192954   -2.35578339739832
   0.18012236413923    1.75801097983348   -2.35491728641691
   0.17921854045183    1.74918957681743   -2.34199925333374
   0.17889084494833    1.74599123831038   -2.33782406366013
   0.17804739489820    1.73775908759361   -2.32914572472864
   0.17753183958080    1.73272721987944   -2.32289406341814
   0.17698698078970    1.72740934754422   -2.31618893892181
   0.17624746798065    1.72019163394020   -2.30730595399783
   0.17591499246146    1.71694664203678   -2.30328073023084
   0.17492034319178    1.70723877291381   -2.29201207296675
   0.17482798922609    1.70633738964308   -2.29052666775284
   0.17385050763220    1.69679707862807   -2.27748190622633
   0.17361154895826    1.69446481980772   -2.27502547625822
   0.17270716884309    1.68563798600502   -2.26452915704626
   0.17227765006498    1.68144584289395   -2.25903004579516
   0.17163434219460    1.67516709841413   -2.25162503192629
   0.17094783357307    1.66846671059630   -2.24298884722049
   0.17057407807494    1.66481882226980   -2.23868266756106
   0.16967940424238    1.65608672268553   -2.22727076453513
   0.16952414641323    1.65457139187335   -2.22558236142382
   0.16852171005726    1.64478752006595   -2.21284648630365
   0.16836167232270    1.64322553693356   -2.21108708505952
   0.16741803046370    1.63401550486962   -2.20014468026841
   0.16701044621707    1.63003744482026   -2.19526975786855
   0.16628680385241    1.62297462822546   -2.18704710096019
   0.16569878346398    1.61723549469715   -2.17990665946237
   0.16528001591810    1.61314828460988   -2.17430896227180
   0.16438791133982    1.60444126118571   -2.16366722431940
   0.16421122193978    1.60271675625384   -2.16139069384162
   0.16315971356391    1.59245393698096   -2.14832946695576
   0.16308246133809    1.59169994809207   -2.14748298223072
   0.16209516925936    1.58206388583518   -2.13537598056118
   0.16178015725271    1.57898933943376   -2.13198530592630
   0.16093230175435    1.57071419113359   -2.12250260597303
   0.16041785025901    1.56569309682522   -2.11625812284746
   0.15987713577703    1.56041567333129   -2.10954114345089
   0.15915644719681    1.55338168594656   -2.10051778694247
   0.15882375155897    1.55013454566468   -2.09644620357869
   0.15781381593555    1.54027748031151   -2.08456939279376
   0.15773813363369    1.53953881402595   -2.08371390688817
   0.15685967224594    1.53096494940678   -2.07125012486377
   0.15643699437538    1.52683957418794   -2.06647693531104
   0.15560167934850    1.51868682205255   -2.05788357244508
   0.15520591536928    1.51482412890931   -2.05289612829221
   0.15460747151740    1.50898326141099   -2.04498323570285
   0.15385689173962    1.50165753316576   -2.03614162801040
   0.15351693652439    1.49833953873529   -2.03225144222439
   0.15254654767403    1.48886845355495   -2.02000016375494
   0.15246893398025    1.48811093670521   -2.01915609759487
   0.15140971558128    1.47777286689176   -2.00622906757018
   0.15125315406503    1.47624481197257   -2.00446615424060
   0.15032876422340    1.46722268138367   -1.99333353966305
   0.14991959202634    1.46322912279086   -1.98848624352958
   0.14920434068600    1.45624820337162   -1.98021913168028
   0.14862151019976    1.45055972377007   -1.97299216302616
   0.14819667003998    1.44641324440793   -1.96749567627290
   0.14729998768732    1.43766154148120   -1.95606677277061
   0.14714130130061    1.43611274762925   -1.95440275285151
   0.14610630945687    1.42601113124182   -1.94191465460020
   0.14595606732197    1.42454475407065   -1.94019808668096
   0.14500611281961    1.41527311002205   -1.92857260312523
   0.14469256618269    1.41221286576514   -1.92516769697501
   0.14391616655581    1.40463513339793   -1.91585133975490
   0.14333518897052    1.39896473828153   -1.90859942185847
   0.14277882870191    1.39353461045907   -1.90275885367300
   0.14200273180265    1.38595983274147   -1.89341549261234
   0.14175094516654    1.38350237182061   -1.89022685679142
   0.14074114816490    1.37364665942877   -1.87748568945081
   0.14066762663895    1.37292908251658   -1.87661990228293
   0.13970778134656    1.36356090343995   -1.86424194361434
   0.13938845245901    1.36044422388065   -1.86098318937431
   0.13857160810215    1.35247174719770   -1.85128994729624
   0.13806976767409    1.34757373807557   -1.84485009425505
   0.13750660997412    1.34207726669259   -1.83837533786829
   0.13681325520502    1.33531005983947   -1.82920494455370
   0.13647072430879    1.33196692652356   -1.82504052544656
   0.13547566281064    1.32225503401245   -1.81294312741508
   0.13539999790700    1.32151653753521   -1.81208780634903
   0.13432093620753    1.31098479526855   -1.79945153766474
   0.13416459830509    1.30945892284078   -1.79764534682581
   0.13327759635619    1.30080170155269   -1.78694115030897
   0.13279056165991    1.29604819774591   -1.78124755947454
   0.13209550986538    1.28926442776720   -1.77363121352881
   0.13151267849590    1.28357593954518   -1.76640427302075
   0.13108444024786    1.27939629452643   -1.76091554081277
   0.13018712749373    1.27063843882291   -1.75025806391260
   0.12994039739408    1.26823033016675   -1.74783727658631
   0.12885065474800    1.25759434087053   -1.73674189894913
   0.12868616964308    1.25598895099098   -1.73512805459649
   0.12755536258517    1.24495216922665   -1.72443653567013
   0.12730321130374    1.24249114933363   -1.72203280203310
   0.12624571344862    1.23216987218775   -1.71288378386256
   0.12580835598081    1.22790122273825   -1.70919079034155
   0.12486200501109    1.21866474950240   -1.70083423657592
   0.12438914677454    1.21404960925744   -1.69659815935759
   0.12360074489300    1.20635473377161   -1.68974407615129
   0.12292243653486    1.19973438128501   -1.68351720081393
   0.12226597137931    1.19332722048153   -1.67786168063761
   0.12137436053397    1.18462501593668   -1.67042186592619
   0.12095576986961    1.18053953222948   -1.66654180299338
   0.12003968902988    1.17159849826977   -1.65772163220149
   0.11963188787978    1.16761832122237   -1.65447446446898
   0.11855036113893    1.15706251992320   -1.64495781587174
   0.11832051687934    1.15481921863221   -1.64315696936745
   0.11704648883272    1.14238458673477   -1.63217819993782
   0.11696030913585    1.14154346490035   -1.63141549576425
   0.11570198271459    1.12926208232265   -1.62029971612314
   0.11545921096734    1.12689260755318   -1.61863352207045
   0.11433589272212    1.11592891729528   -1.60885095639596
   0.11402753484665    1.11291931583139   -1.60622884715843
   0.11307190260142    1.10359225648575   -1.59776297701386
   0.11249841044329    1.09799491983265   -1.59293958850725
   0.11175881908797    1.09077643960968   -1.58646379098263
   0.11101617909813    1.08352820443117   -1.58003754965859
   0.11043946040001    1.07789937644846   -1.57517252873697
   0.10952538913153    1.06897795609058   -1.56729925042659
   0.10911422828004    1.06496498804610   -1.56326508474830
   0.10819787752078    1.05602131964679   -1.55444227188796
   0.10779853799880    1.05212372887466   -1.55116272420161
   0.10660474917993    1.04047223928201   -1.54091127111792
   0.10649545688838    1.03940553637988   -1.53966754178059
   0.10520131914182    1.02677463194593   -1.52888075632838
   0.10511322101804    1.02591478608695   -1.52814470210086
   0.10382986975542    1.01338915873668   -1.51666974350839
   0.10374617468206    1.01257228705818   -1.51587839177046
   0.10261906864334    1.00157162758441   -1.50678072787830
   0.10215242830245    0.99701717457773   -1.50236469385279
   0.10123062460626    0.98802028500823   -1.49448800383955
   0.10072109655597    0.98304724398015   -1.48986645876910
   0.09992525725758    0.97527977861605   -1.48319006983184
   0.09926743521496    0.96885937446893   -1.47673572727922
   0.09862067468264    0.96254693168839   -1.47077907572630
   0.09769482452229    0.95351054825335   -1.46373043900570
   0.09727346950986    0.94939808425262   -1.45999507027232
   0.09629068089183    0.93980597618978   -1.45097275222614
   0.09595334945511    0.93651359008088   -1.44790801763733
   0.09482728934864    0.92552313900290   -1.43801071381625
   0.09465465205379    0.92383818299347   -1.43639667621097
   0.09340397563868    0.91163146518533   -1.42530125666617
   0.09331920145040    0.91080406124521   -1.42452302002114
   0.09206205572233    0.89853420234260   -1.41431733252182
   0.09178633411500    0.89584313388264   -1.41202557314575
   0.09069557117848    0.88519718645708   -1.40271518694180
   0.09036172033809    0.88193877129111   -1.39950346095456
   0.08939006093090    0.87245528535831   -1.39121922699162
   0.08881687510680    0.86686093855379   -1.38639870815717
   0.08809716338020    0.85983648535090   -1.38040132140091
   0.08725098105920    0.85157766741698   -1.37350265468115
   0.08674671879987    0.84665602099703   -1.36946003245644
   0.08551566717041    0.83464084291701   -1.36076533283453
   0.08543344485519    0.83383834549453   -1.35995859239967
   0.08415628223496    0.82137311986794   -1.34846843111910
   0.08396674308471    0.81952320018226   -1.34729197734355
   0.08279366434177    0.80807384285146   -1.33981912015303
   0.08214622307696    0.80175475605862   -1.33480727882292
   0.08149084905190    0.79535824478996   -1.32991421473011
   0.08041704916654    0.78487785831700   -1.32191137033962
   0.08016325776585    0.78240083070779   -1.31964869307156
   0.07888684262851    0.76994290058346   -1.30939229840289
   0.07879681259151    0.76906419907238   -1.30868759952765
   0.07754427331894    0.75683929960264   -1.29925832889457
   0.07712823893781    0.75277876545676   -1.29609593365910
   0.07621089317088    0.74382538569033   -1.28901918163029
   0.07539829020870    0.73589430541293   -1.28320510906740
   0.07492025221299    0.73122861023812   -1.27989032078182
   0.07384076714660    0.72069273587094   -1.27041578086071
   0.07358272630650    0.71817423333907   -1.26864614600233
   0.07222580435954    0.70493054928607   -1.25965563163445
   0.07192180432904    0.70196348079323   -1.25774291803360
   0.07100714399376    0.69303631108878   -1.25130542991076
   0.07022190369708    0.68537229296438   -1.24446637972985
   0.06965278049129    0.67981759769138   -1.24036649670265
   0.06848737408175    0.66844312304610   -1.23160060937490
   0.06832828271304    0.66689037653226   -1.23009245397804
   0.06706549068265    0.65456540919527   -1.21935816576966
   0.06681494668619    0.65212007655262   -1.21780582516689
   0.06571111020964    0.64134653016383   -1.21051560280427
   0.06513818089873    0.63575468695172   -1.20569810000924
   0.06442138402465    0.62875868297991   -1.19965532728433
   0.06351561276279    0.61991827145647   -1.19250956500243
   0.06308118354922    0.61567820203991   -1.18919207477574
   0.06179505306486    0.60312544922764   -1.18048196004586
   0.06171146915602    0.60230966252516   -1.17968964712939
   0.06049589453662    0.59044554149881   -1.16984229745926
   0.06012227893756    0.58679901860019   -1.16681407289297
   0.05912089592441    0.57702542751637   -1.15971131072086
   0.05837537776407    0.56974910112684   -1.15428139767777
   0.05782539025280    0.56438117200707   -1.15000024296012
   0.05680589256189    0.55443077998827   -1.14129156706087
   0.05647698465652    0.55122060832661   -1.13898428197631
   0.05516185249547    0.53838479645997   -1.12924348000548
   0.05507330589078    0.53752057338582   -1.12852983420815
   0.05383332185170    0.52541821415937   -1.11982810789712
   0.05334435027942    0.52064580626320   -1.11575641389737
   0.05254863017140    0.51287950420819   -1.10968875364777
   0.05161535514215    0.50377065336412   -1.10274869107349
   0.05117578586198    0.49948041642080   -1.09916749498443
   0.04990747742085    0.48710160840338   -1.09052132288201
   0.04975509495388    0.48561434139272   -1.08956724323079
   0.04858805153760    0.47422388940989   -1.08008414361174
   0.04817827380214    0.47022442070616   -1.07685300486662
   0.04727787489931    0.46143644390506   -1.06958124733434
   0.04662017189493    0.45501720158225   -1.06393481479585
   0.04596435821599    0.44861639925092   -1.05888201403629
   0.04479458654505    0.43719931924955   -1.05119409209095
   0.04464274819786    0.43571736289845   -1.05023575154759
   0.04331181313553    0.42272731324966   -1.03908640317034
   0.04322403924373    0.42187063192497   -1.03835602252127
   0.04204096800201    0.41032374687929   -1.03102999814529
   0.04104288840888    0.40058239748128   -1.02486283399290
   0.04070111817482    0.39724668829863   -1.02258681177558
   0.03941909202125    0.38473399413553   -1.01488311108724
   0.03889840673255    0.37965205742572   -1.01187323047978
   0.03804993155235    0.37137086097337   -1.00675660414507
   0.03676622921931    0.35884180714319   -0.99959361872201
   0.03667105366425    0.35791288489853   -0.99904093299121
   0.03540332956452    0.34553978010736   -0.99170042268388
   0.03458614804330    0.33756401266901   -0.98676904368860
   0.03410088210830    0.33282777213643   -0.98419141703735
   0.03282665978193    0.32039124405052   -0.97736475843081
   0.03230980252489    0.31534666928478   -0.97348558005751
   0.03148176422111    0.30726493864168   -0.96858129475669
   0.03020708923345    0.29482399253972   -0.96130985880933
   0.03011819138275    0.29395634127182   -0.96060510307752
   0.02886407430493    0.28171604227651   -0.95401779259185
   0.02786659441360    0.27198054602370   -0.94769613963611
   0.02754149674333    0.26880756261005   -0.94597417257967
   0.02622696486021    0.25597760951166   -0.93812515683155
   0.02566598718115    0.25050241533498   -0.93453407280100
   0.02494303745791    0.24344635898465   -0.93016870463802
   0.02361347170102    0.23046967388396   -0.92212969133721
   0.02351812975580    0.22953912765593   -0.92158030732566
   0.02229488184200    0.21760011456454   -0.91526705049781
   0.02125305458228    0.20743178388318   -0.90837692396698
   0.02098294213355    0.20479546133138   -0.90679836481330
   0.01962094487434    0.19150224176015   -0.89892211350953
   0.01914932421714    0.18689918040441   -0.89621154434983
   0.01835241711941    0.17912129321966   -0.89146706791729
   0.01701109979573    0.16602991173723   -0.88403445327617
   0.01692162498075    0.16515662924445   -0.88334640851783
   0.01571178614209    0.15334848997007   -0.87656409171357
   0.01457979982286    0.14230019850587   -0.86975051337847
   0.01438804521040    0.14042865570356   -0.86853282493922
   0.01307383504614    0.12760184261115   -0.86126632897461
   0.01247859697240    0.12179226380483   -0.85755810873813
   0.01174439937135    0.11462642712385   -0.85349182747735
   0.01042463416341    0.10174539628991   -0.84594719301194
   0.01008832832600    0.09846302012541   -0.84453831940692
   0.00908570984686    0.08867737077903   -0.84086576677356
   0.00776627597511    0.07579957381696   -0.83826531728036
   0.00644788862164    0.06293199097042   -0.83713286963169
   0.00513465980531    0.05011475592486   -0.83728874939134
   0.00382324320201    0.03731520824651   -0.83967772693028
   0.00252791945362    0.02467272832468   -0.84489749937461
   0.00243749256125    0.02379015346827   -0.84554273257523
   0.00118455554402    0.01156137197380   -0.85242236884244
  -0.00000350351322   -0.00003419461398   -0.85878171040878
  -0.00009264216645   -0.00090419613681   -0.85947953265537
  -0.00141393163660   -0.01380010391129   -0.86751444384180
  -0.00215258556348   -0.02100943474572   -0.87155568417585
  -0.00274640039083   -0.02680512253526   -0.87527797764202
  -0.00404881868285   -0.03951684586094   -0.88265423446140
  -0.00436465945572   -0.04259948109749   -0.88450185207153
  -0.00534268554623   -0.05214510645006   -0.89039123999110
  -0.00658108324254   -0.06423198282386   -0.89750174661705
  -0.00667022172812   -0.06510198271050   -0.89819957594135
  -0.00797467520883   -0.07783356966654   -0.90572319622837
  -0.00871852969654   -0.08509365845691   -0.91033091077500
  -0.00931137537966   -0.09087988730896   -0.91426842972240
  -0.01061880581787   -0.10364052964630   -0.92077564768561
  -0.01095169595247   -0.10688956823461   -0.92304992283267
  -0.01195428410752   -0.11667492161510   -0.93013751697664
  -0.01315865567174   -0.12842969978387   -0.93622221274654
  -0.01324779411660   -0.12929969927310   -0.93692004958326
  -0.01456330237558   -0.14213918189035   -0.94498681281698
  -0.01522105652202   -0.14855892336441   -0.94902020183253
  -0.01588380785322   -0.15502743782525   -0.95302383598654
  -0.01716699271765   -0.16755144111377   -0.96038992577704
  -0.01742755618472   -0.17009456471895   -0.96211815624277
  -0.01850651929709   -0.18062534476638   -0.96862330890333
  -0.01953089356472   -0.19062333262622   -0.97430654946545
  -0.01985878920745   -0.19382362451066   -0.97673049156557
  -0.02112740202752   -0.20620540329478   -0.98398632538310
  -0.02178272173135   -0.21260138438314   -0.98794445836180
  -0.02244373819021   -0.21905296632900   -0.99205069019419
  -0.02377861890192   -0.23208152588166   -0.99977231277776
  -0.02394053153165   -0.23366180816483   -1.00062246945328
  -0.02508418530728   -0.24482397508553   -1.00711924026929
  -0.02620742330612   -0.25578688213136   -1.01388187911245
  -0.02638171071159   -0.25748794337344   -1.01478700020121
  -0.02771523254238   -0.27050324012227   -1.02325334807615
  -0.02819853258868   -0.27522029339887   -1.02652048083512
  -0.02902392959151   -0.28327624469966   -1.03237565415043
  -0.03011721089862   -0.29394677165576   -1.03905110721614
  -0.03035549437385   -0.29627244047418   -1.04080123461272
  -0.03164307803607   -0.30883937643709   -1.05014948428619
  -0.03190645997905   -0.31141000862855   -1.05230396717196
  -0.03298886604685   -0.32197439224033   -1.06014581153022
  -0.03363847209479   -0.32831460751735   -1.06505514343116
  -0.03428509849404   -0.33462574114678   -1.07007546955466
  -0.03536158054888   -0.34513230584262   -1.07810830026084
  -0.03559750875479   -0.34743498701395   -1.07976668524532
  -0.03689757138320   -0.36012371884437   -1.08970987117635
  -0.03706883560033   -0.36179527348783   -1.09123175146124
  -0.03824729950302   -0.37329719047727   -1.10050758889089
  -0.03872277029747   -0.37793782952963   -1.10396523052665
  -0.03954497257958   -0.38596260005988   -1.11041895265505
  -0.04037689494889   -0.39408223954280   -1.11682950306261
  -0.04088054140025   -0.39899787561989   -1.12066024845593
  -0.04209245584424   -0.41082627299483   -1.12983108592042
  -0.04217960402006   -0.41167684727357   -1.13057321830925
  -0.04349513256792   -0.42451652791213   -1.14025390351060
  -0.04388352419536   -0.42830726621819   -1.14289434007814
  -0.04480315593031   -0.43728295724457   -1.15076792343807
  -0.04538420276644   -0.44295402825556   -1.15558959153729
  -0.04610645841818   -0.45000331040368   -1.16068006730957
  -0.04725287925287   -0.46119248407756   -1.16880870898968
  -0.04741344553728   -0.46275962590548   -1.16966635125405
  -0.04876268691850   -0.47592834692441   -1.18044389129133
  -0.04884637069756   -0.47674510836952   -1.18123513372279
  -0.05004842327872   -0.48847725304857   -1.18997722907958
  -0.05063310351638   -0.49418378639554   -1.19462074962432
  -0.05140369697055   -0.50170484997857   -1.20053591719773
  -0.05222305695714   -0.50970187944104   -1.20703008290181
  -0.05270035908896   -0.51436039251597   -1.21045398538611
  -0.05399421632708   -0.52698855916160   -1.21971374055516
  -0.05407881559354   -0.52781425584854   -1.22048641559398
  -0.05533147395630   -0.54004031764960   -1.22981613403059
  -0.05567559133217   -0.54339893515397   -1.23285000956409
  -0.05664854555276   -0.55289505858571   -1.24029749869479
  -0.05738318566431   -0.56006521421019   -1.24596507488040
  -0.05796032159450   -0.56569811441655   -1.25080013826866
  -0.05902010014186   -0.57604165133016   -1.25903759111443
  -0.05926183918900   -0.57840104685089   -1.26071570208992
  -0.06057418087144   -0.59120962338746   -1.27045542224352
  -0.06074834248901   -0.59290945692796   -1.27193867438900
  -0.06193456140430   -0.60448706355952   -1.28115295978709
  -0.06248633726058   -0.60987244709252   -1.28466920891507
  -0.06322823717374   -0.61711345905404   -1.29030755934222
  -0.06414747401099   -0.62608529584218   -1.29737469216207
  -0.06456351744091   -0.63014591830505   -1.30053717859165
  -0.06580463189268   -0.64225931046412   -1.31010983729936
  -0.06588956546260   -0.64308826998390   -1.31088586037524
  -0.06713949177625   -0.65528766673221   -1.32040448834086
  -0.06764024149959   -0.66017503047510   -1.32381651863352
  -0.06846873052740   -0.66826116022657   -1.33009990757666
  -0.06922343247030   -0.67562712118572   -1.33632444743727
  -0.06978493128962   -0.68110740173971   -1.34058725949380
  -0.07099487858224   -0.69291659953482   -1.34954088511611
  -0.07109404655624   -0.69388448815856   -1.35043895367258
  -0.07244795998873   -0.70709880883127   -1.36117540246116
  -0.07253573384896   -0.70795548984788   -1.36190581577158
  -0.07372553990511   -0.71956810730704   -1.36963615334393
  -0.07438349850883   -0.72598984430312   -1.37525864503504
  -0.07506511328888   -0.73264246777420   -1.38148952069860
  -0.07588520603366   -0.74064664902451   -1.38795342468263
  -0.07637332732009   -0.74541075805193   -1.39200659263247
  -0.07741677000913   -0.75559485547336   -1.40109663455768
  -0.07767625304933   -0.75812743401199   -1.40351874314181
  -0.07897545358977   -0.77080775178386   -1.41333041891340
  -0.07905867554143   -0.77162000575062   -1.41412599728193
  -0.08031780675726   -0.78390924319792   -1.42590982867725
  -0.08040139871042   -0.78472510841372   -1.42670223730245
  -0.08161035227176   -0.79652460729940   -1.43740329457865
  -0.08187499869302   -0.79910758091605   -1.43976956137061
  -0.08300310135785   -0.81011796755313   -1.44950079512375
  -0.08333775858389   -0.81338425311778   -1.45195421686582
  -0.08424163607888   -0.82220618130093   -1.46080101318623
  -0.08475001599045   -0.82716801638866   -1.46559876356786
  -0.08557142093586   -0.83518500483878   -1.47209403218986
  -0.08631789931354   -0.84247070303870   -1.47834955904904
  -0.08691403155226   -0.84828900897812   -1.48460209436332
  -0.08764199048684   -0.85539395569579   -1.49122968146943
  -0.08819885897314   -0.86082904376999   -1.49549552715168
  -0.08925759330261   -0.87116238902025   -1.50437001494082
  -0.08949980595705   -0.87352640699208   -1.50613598385546
  -0.09067603800650   -0.88500654088691   -1.51707754934966
  -0.09084431855624   -0.88664897465988   -1.51867951176689
  -0.09212980107017   -0.89919540322066   -1.52953308627808
  -0.09221307741536   -0.90000818807332   -1.53032812776328
  -0.09345965927146   -0.91217494260579   -1.54153100589029
  -0.09363213244819   -0.91385829680705   -1.54304621258058
  -0.09476480605681   -0.92491329627946   -1.55134265180492
  -0.09525374529185   -0.92968538856120   -1.55601928979227
  -0.09609497675548   -0.93789588566797   -1.56487973285997
  -0.09652504802524   -0.94209342114873   -1.56867369203624
  -0.09742615271039   -0.95088828645071   -1.57595177322331
  -0.09813850484270   -0.95784090933064   -1.58182781980811
  -0.09872061298233   -0.96352233876235   -1.58747664273086
  -0.09954780784843   -0.97159583737541   -1.59470383069345
  -0.10005552996543   -0.97655125232712   -1.59935883232635
  -0.10101663022236   -0.98593167997401   -1.60764743871425
  -0.10135468224370   -0.98923109905572   -1.61087340165150
  -0.10249682632415   -1.00037853121151   -1.62055746099439
  -0.10266070645440   -1.00197801648209   -1.62156268765271
  -0.10399994150818   -1.01504907481724   -1.63246063360804
  -0.10408354029609   -1.01586500674076   -1.63325310793493
  -0.10533486066643   -1.02807800961174   -1.64516911273929
  -0.10541855696295   -1.02889489322831   -1.64596049075923
  -0.10662383306975   -1.04065849981661   -1.65604733101696
  -0.10702613083469   -1.04458496331442   -1.65927037521267
  -0.10796537859448   -1.05375210856250   -1.66856691678544
  -0.10836634766343   -1.05766560386422   -1.67195118358976
  -0.10926760248136   -1.06646193447594   -1.67923054038835
  -0.10991849338622   -1.07281469007564   -1.68490696284925
  -0.11058254869499   -1.07929593147852   -1.69133745699958
  -0.11125480674757   -1.08585723242174   -1.69761526316885
  -0.11189214813600   -1.09207774348435   -1.70346538089842
  -0.11269396317862   -1.09990353266636   -1.71092928191704
  -0.11318124381570   -1.10465943687816   -1.71515866784047
  -0.11418999223970   -1.11450491505493   -1.72378209291177
  -0.11452792615861   -1.11780318144592   -1.72684943106368
  -0.11568140650032   -1.12906125656299   -1.73662392776128
  -0.11583119589830   -1.13052321497984   -1.73818484615518
  -0.11682637030264   -1.14023620946576   -1.74945877357285
  -0.11716567738865   -1.14354787809497   -1.75335281493164
  -0.11796214146664   -1.15132144136596   -1.76240054394751
  -0.11845557622152   -1.15613741033823   -1.76885550880501
  -0.11902620110237   -1.16170676209923   -1.77548024527281
  -0.11977711338300   -1.16903573560309   -1.78337314368509
  -0.12018143066000   -1.17298190972589   -1.78822200595007
  -0.12107811737832   -1.18173365526185   -1.79965551363746
  -0.12123677906367   -1.18328220802624   -1.80131936419142
  -0.12232683535573   -1.19392125853636   -1.81399151694661
  -0.12242154819930   -1.19484566467391   -1.81551535582200
  -0.12330522292089   -1.20347041191496   -1.82695369663101
  -0.12369255493504   -1.20725080829705   -1.83128240312993
  -0.12438601919024   -1.21401908374456   -1.83984783756479
  -0.12507121004820   -1.22070661006775   -1.84846749109701
  -0.12539423563145   -1.22385936971997   -1.85256495327880
  -0.12634542727193   -1.23314308835137   -1.86262341074011
  -0.12664862535137   -1.23610232972748   -1.86586646878044
  -0.12757459562621   -1.24513988549105   -1.87872616728254
  -0.12765345480341   -1.24590955837450   -1.87956161002480
  -0.12865703729747   -1.25570461659591   -1.89150136027225
  -0.12898720192633   -1.25892705399540   -1.89553394618921
  -0.12973093973021   -1.26618600394083   -1.90440245421817
  -0.13029855421241   -1.27172597393168   -1.91087213741588
  -0.13080211084539   -1.27664073337301   -1.91730771044053
  -0.13161787311017   -1.28460264873689   -1.92619955620525
  -0.13194685769797   -1.28781356882620   -1.93023421278933
  -0.13293703228926   -1.29747776467309   -1.94229447266888
  -0.13301270368517   -1.29821632451542   -1.94314989513857
  -0.13404362606427   -1.30827822255056   -1.95622207771548
  -0.13421878397733   -1.30998778002749   -1.95879687288633
  -0.13514539361139   -1.31903157599627   -1.96913576095255
  -0.13557818865506   -1.32325569576302   -1.97449103843212
  -0.13614756072741   -1.32881281999673   -1.98186380027068
  -0.13688383375938   -1.33599891307596   -1.98994391100178
  -0.13728850114188   -1.33994850426091   -1.99479629753577
  -0.13816980365508   -1.34855009852803   -2.00563166896046
  -0.13834354338764   -1.35024581443171   -2.00789061957597
  -0.13937930168570   -1.36035491148441   -2.02037630669129
  -0.13955382804553   -1.36205830494319   -2.02271834982306
  -0.14044355450258   -1.37074211768358   -2.03332720226703
  -0.14083089873368   -1.37452263330415   -2.03755681983047
  -0.14151560469196   -1.38120542696145   -2.04622463957991
  -0.14216224108435   -1.38751665812495   -2.05355886286592
  -0.14258338107972   -1.39162702353928   -2.05914430871007
  -0.14349352655556   -1.40051012779680   -2.06960097136427
  -0.14372592039911   -1.40277831326377   -2.07208865914382
  -0.14465809179370   -1.41187639253117   -2.08536804506291
  -0.14474878088750   -1.41276152649780   -2.08633676248955
  -0.14579655954168   -1.42298794334111   -2.09784501027997
  -0.14613173824880   -1.42625931860943   -2.10182158367758
  -0.14686142893299   -1.43338116736386   -2.11078690192679
  -0.14742858134441   -1.43891662750114   -2.11730178558783
  -0.14792935463124   -1.44380422122587   -2.12370662725691
  -0.14872617831030   -1.45158129423661   -2.13278438673826
  -0.14905520741652   -1.45479264882984   -2.13681942998576
  -0.15001033235282   -1.46411475679320   -2.14933430755971
  -0.15008794781791   -1.46487229093112   -2.15017841170299
  -0.15114306298492   -1.47517031282004   -2.16240459935089
  -0.15137751664802   -1.47745860231677   -2.16491287294532
  -0.15225772196159   -1.48604948781381   -2.17556615996229
  -0.15267320333117   -1.49010462451558   -2.18120845715062
  -0.15325617023602   -1.49579443557540   -2.18845169021074
  -0.15402205225241   -1.50326951508876   -2.19710629212703
  -0.15442375114814   -1.50719013356749   -2.20120068382189
  -0.15531763418196   -1.51591451488268   -2.21264170802583
  -0.15547892086699   -1.51748868788745   -2.21427030087757
  -0.15653503030110   -1.52779641391551   -2.22665384006453
  -0.15668211237922   -1.52923194863944   -2.22838584844132
  -0.15761030366338   -1.53829118165990   -2.24011985373749
  -0.15794044714883   -1.54151341269776   -2.24415229789878
  -0.15862172725557   -1.54816276972633   -2.25284011616716
  -0.15923859741317   -1.55418347967740   -2.25965082717505
  -0.15975114616968   -1.55918600307845   -2.26594044503968
  -0.16060288297613   -1.56749903330551   -2.27619637412975
  -0.16083931935885   -1.56980667432970   -2.27868373199867
  -0.16175399404596   -1.57873398410928   -2.29153367570698
  -0.16191226566277   -1.58027872976864   -2.29320120105461
  -0.16289212282423   -1.58984222654339   -2.30452403265556
  -0.16320546161340   -1.59290044218699   -2.30871760948534
  -0.16395516307366   -1.60021759797180   -2.31755843942202
  -0.16453927929022   -1.60591862642057   -2.32390673466895
  -0.16509763924491   -1.61136827136457   -2.33050938711160
  -0.16583700832229   -1.61858458213425   -2.33939048401293
  -0.16616932913383   -1.62182806407665   -2.34341593384704
  -0.16718320120639   -1.63172354953857   -2.35529773108780
  -0.16725889534550   -1.63246233135671   -2.35615333793494
  -0.16837370704027   -1.64334299689322   -2.36938601659344
  -0.16845259266740   -1.64411292793048   -2.37022167515303
  -0.16939976702227   -1.65335743748173   -2.38197044911355
  -0.16982075005522   -1.65746627092829   -2.38754817867747
  -0.17038980852614   -1.66302033438304   -2.39486390280754
  -0.17113610936093   -1.67030429974782   -2.40369883191573
  -0.17151300132212   -1.67398280024472   -2.40799769557168
  -0.17242888796211   -1.68292193879684   -2.41925340265164
  -0.17258413286933   -1.68443714348983   -2.42090736636189
  -0.17365979838161   -1.69493573865463   -2.43378474344520
  -0.17373894349032   -1.69570820225612   -2.43461857895380
  -0.17474598540960   -1.70553702478850   -2.44655233660998
  -0.17507381645812   -1.70873668622750   -2.45060249549768
  -0.17581561947622   -1.71597675248428   -2.45946687451117
  -0.17638500676908   -1.72153402527156   -2.46677966215129
  -0.17681000737850   -1.72568207063709   -2.47232262744154
  -0.17774718659833   -1.73482902674338   -2.48255787388446
  -0.17798106655218   -1.73711171678461   -2.48510741356478
  -0.17900485896391   -1.74710402567694   -2.49754951862519
  -0.17908056284178   -1.74784290254626   -2.49840520158296
  -0.18006797489024   -1.75748013571887   -2.51131977462045
  -0.18031954175676   -1.75993545166826   -2.51453398676352
  -0.18108503949262   -1.76740678056793   -2.52401578577977
  -0.18167286483171   -1.77314401039657   -2.53119038768420
  -0.18215586591047   -1.77785814572231   -2.53692046757239
  -0.18297284678019   -1.78583195478338   -2.54584915168635
  -0.18330459205283   -1.78906981941280   -2.54986330525695
  -0.18429750158961   -1.79876070858122   -2.56192798911561
  -0.18437514386190   -1.79951850435994   -2.56277230401688
  -0.18550673222876   -1.81056291177207   -2.57584857003679
  -0.18560406733987   -1.81151291148399   -2.57734464024182
  -0.18645588463044   -1.81982672724366   -2.58844963808162
  -0.18692070543701   -1.82436342142658   -2.59429589810603
  -0.18750418388577   -1.83005822520236   -2.60149981431515
  -0.18826090129630   -1.83744385731255   -2.61024471923922
  -0.18865477158957   -1.84128806790519   -2.61442951612399
  -0.18953115410634   -1.84984164255089   -2.62433062840105
  -0.18977803796397   -1.85225125189909   -2.62755951867240
  -0.19077489635244   -1.86198068222637   -2.64042616010774
  -0.19085405668175   -1.86275329438230   -2.64126011354249
  -0.19180623589824   -1.87204665184714   -2.65293380578715
  -0.19222530143748   -1.87613677037728   -2.65778111188071
  -0.19287561025535   -1.88248384475396   -2.66591965724555
  -0.19348134480471   -1.88839587013590   -2.67276592893559
  -0.19398321104049   -1.89329413114368   -2.67919172963508
  -0.19482090508949   -1.90147010275571   -2.68874483467062
  -0.19513003323814   -1.90448722215728   -2.69213176805332
  -0.19608525433629   -1.91381026866928   -2.70466910866262
  -0.19618071998727   -1.91474202227699   -2.70618655646595
  -0.19718482941168   -1.92454222338747   -2.71797374031145
  -0.19743613570470   -1.92699499611529   -2.72118692899907
  -0.19826029567610   -1.93503887387461   -2.73086953638117
  -0.19879642243057   -1.94027152072250   -2.73777138807693
  -0.19929522619305   -1.94513989170692   -2.74340408507785
  -0.20006977092827   -1.95269952015947   -2.75186497884975
  -0.20047601195746   -1.95666447028209   -2.75672788220740
  -0.20139152832323   -1.96559999492350   -2.76878412643006
  -0.20147091880374   -1.96637485337650   -2.76961652847566
  -0.20256734122384   -1.97707603788680   -2.78231347333085
  -0.20274198912952   -1.97878061764432   -2.78465653008953
  -0.20363231961556   -1.98747032576361   -2.79527024954740
  -0.20403446318838   -1.99139528433209   -2.80018497650133
  -0.20462213436322   -1.99713100950335   -2.80816456413351
  -0.20535880659240   -2.00432099878432   -2.81627506707612
  -0.20577317947653   -2.00836531656540   -2.82109687410759
  -0.20668957940411   -2.01730946485198   -2.83232414424173
  -0.20678506002531   -2.01824136457048   -2.83384171743845
  -0.20789483902642   -2.02907291055018   -2.84709461951471
  -0.20797568128338   -2.02986193847591   -2.84791549043237
  -0.20894559001764   -2.03932833767864   -2.85940642673662
  -0.20937156417098   -2.04348588492311   -2.86514257182449
  -0.21003102905668   -2.04992232337099   -2.87295785176530
  -0.21058682793569   -2.05534697197887   -2.87878517414485
  -0.21112314841246   -2.06058150957434   -2.88569086174675
  -0.21194086089332   -2.06856245922805   -2.89542388473770
  -0.21224410520969   -2.07152215188091   -2.89883171192872
  -0.21316290789658   -2.08048975132122   -2.91168529739649
  -0.21324375595298   -2.08127883585011   -2.91250621324491
  -0.21432942810835   -2.09187509677951   -2.92448539451860
  -0.21455715411715   -2.09409772374636   -2.92706072154805
  -0.21540405218451   -2.10236352743114   -2.93736132779613
  -0.21589220755481   -2.10712796912036   -2.94306163170217
  -0.21647534826760   -2.11281947656182   -2.95026569528913
  -0.21723255750426   -2.12020990894053   -2.95901342626210
  -0.21756872843251   -2.12349096837919   -2.96303958169079
  -0.21851459027137   -2.13272266765247   -2.97466253644465
  -0.21867682665549   -2.13430610980841   -2.97629416326629
  -0.21973708882298   -2.14465436689945   -2.98869920438832
  -0.21990350486624   -2.14627860291621   -2.99110961787797
  -0.22075441484225   -2.15458356320159   -3.00196624230765
  -0.22113737778763   -2.15832131706715   -3.00621533881793
  -0.22174414063341   -2.16424337871747   -3.01486187106561
  -0.22246077720407   -2.17123781811312   -3.02233786160842
  -0.22295372177428   -2.17604900283763   -3.02799582605673
  -0.22379289311203   -2.18423939292478   -3.03836510692703
  -0.22396661514766   -2.18593493610472   -3.04070788279346
  -0.22509703988897   -2.19696798642363   -3.05299780641041
  -0.22517279120336   -2.19770732627775   -3.05385385837373
  -0.22617096104063   -2.20744955646689   -3.06671587826838
  -0.22642866167013   -2.20996473851186   -3.06984965423881
  -0.22723604755896   -2.21784489966958   -3.07967096731858
  -0.22772093533200   -2.22257744930640   -3.08536157030055
  -0.22822311430980   -2.22747876270542   -3.09259638320488
  -0.22905265183889   -2.23557512592649   -3.10224679448784
  -0.22931819889167   -2.23816688979035   -3.10531214816752
  -0.23032987910071   -2.24804098246108   -3.11802763320991
  -0.23042970111423   -2.24901525457124   -3.11949238984431
  -0.23154330096846   -2.25988409243171   -3.13111728590594
  -0.23169640596443   -2.26137841139242   -3.13285447879797
  -0.23247101847250   -2.26893870131433   -3.14388230908079
  -0.23303756781484   -2.27446827544136   -3.15043254929171
  -0.23360043450132   -2.27996190650567   -3.15698778616176
  -0.23435796690200   -2.28735549299529   -3.16573724807424
  -0.23469428728930   -2.29063801116815   -3.16972550411397
  -0.23568948230587   -2.30035120683129   -3.18181827539404
  -0.23576524659633   -2.30109067333311   -3.18267443048980
  -0.23681323639849   -2.31131915100029   -3.19572381013904
  -0.23699351843065   -2.31307872035483   -3.19803445854429
  -0.23796236537577   -2.32253475639700   -3.20871243888566
  -0.23828035734557   -2.32563838751503   -3.21283535448125
  -0.23886928212669   -2.33138634799989   -3.22161971010372
  -0.23959251031418   -2.33844512218710   -3.22984583051447
  -0.24008364014573   -2.34323859489392   -3.23471468598270
  -0.24094768307901   -2.35167173406022   -3.24576112047153
  -0.24109385624076   -2.35309839767613   -3.24744681229313
  -0.24218841362209   -2.36378137923497   -3.26018637432955
  -0.24226612009696   -2.36453980163673   -3.26103119033914
  -0.24325982351359   -2.37423843914623   -3.27316031354962
  -0.24357689652919   -2.37733310118605   -3.27725175822415
  -0.24430563375504   -2.38444564409866   -3.28621739878913
  -0.24487519691102   -2.39000463332636   -3.29274424927277
  -0.24543646333902   -2.39548264571951   -3.29933030667869
  -0.24621575812501   -2.40308863510809   -3.30870698162422
  -0.24652484051841   -2.40610530793421   -3.31212792433174
  -0.24741631041405   -2.41480613679694   -3.32515123884679
  -0.24749866486157   -2.41560992384292   -3.32595906355884
  -0.24856388366122   -2.42600655812346   -3.33768316444689
  -0.24886439953410   -2.42893962091477   -3.34176937221878
  -0.24957690298542   -2.43589372068235   -3.35083351527390
  -0.25013082837447   -2.44130008385440   -3.35668046492978
  -0.25073137589616   -2.44716148336518   -3.36372115324869
  -0.25150264309289   -2.45468912273808   -3.37243032368473
  -0.25182477450569   -2.45783315520382   -3.37648987021895
  -0.25278107523821   -2.46716673904741   -3.38726158643875
  -0.25295242126076   -2.46883909211935   -3.38963616106623
  -0.25400401208962   -2.47910271614099   -3.40270426416386
  -0.25410145702960   -2.48005378779300   -3.40420126280419
  -0.25501457643246   -2.48896591785408   -3.41541846669286
  -0.25543689547337   -2.49308779086228   -3.42023438925406
  -0.25602365642719   -2.49881463219200   -3.42814080432585
  -0.25675643117331   -2.50596658167686   -3.43556344961556
  -0.25718049229888   -2.51010545759290   -3.44116127698348
  -0.25804186657638   -2.51851255043131   -3.45197195079966
  -0.25822672301336   -2.52031676640115   -3.45421115352075
  -0.25933923688137   -2.53117500493536   -3.46671501307634
  -0.25942406589130   -2.53200294393991   -3.46769180859403
  -0.26036664120657   -2.54120256643813   -3.48010989070709
  -0.26069322633027   -2.54439006753528   -3.48415925067413
  -0.26144001719302   -2.55167881561844   -3.49296985043092
  -0.26210228395491   -2.55814260063786   -3.50122228870800
  -0.26243187546656   -2.56135944436020   -3.50526127330739
  -0.26330813225688   -2.56991179190402   -3.51503174681791
  -0.26363769258772   -2.57312833129883   -3.51907109997574
  -0.26459406789398   -2.58246264298897   -3.53159795388607
  -0.26467180546644   -2.58322136890618   -3.53244302365411
  -0.26572408126437   -2.59349167828949   -3.54467449785667
  -0.26598031418804   -2.59599253538945   -3.54789949034182
  -0.26671281023048   -2.60314176470057   -3.55760046514178
  -0.26730717179128   -2.60894278865928   -3.56392840266612
  -0.26782882181215   -2.61403414124452   -3.57015058853769
  -0.26863650091351   -2.62191716418373   -3.58007955711081
  -0.26893646072572   -2.62484479977131   -3.58349380973401
  -0.26994667699527   -2.63470460425680   -3.59537230413001
  -0.27003366685565   -2.63555363336219   -3.59627631775761
  -0.27094042849152   -2.64440371102779   -3.60921026663046
  -0.27124614428673   -2.64738752554334   -3.61250765637104
  -0.27218907564240   -2.65659062302884   -3.62181724264922
  -0.27263966458843   -2.66098841293289   -3.62835842532435
  -0.27307985957254   -2.66528475680464   -3.63499051831558
  -0.27387723338706   -2.67306719918857   -3.64330901902970
  -0.27429121878967   -2.67710773511399   -3.64816771875355
  -0.27519979754161   -2.68597554800096   -3.66021245194043
  -0.27528198399292   -2.68677769538829   -3.66103661909832
  -0.27639459142011   -2.69763684706886   -3.67354535723469
  -0.27657884361840   -2.69943516561304   -3.67598015246814
  -0.27744533013095   -2.70789215433967   -3.68667581798499
  -0.27788978464297   -2.71223007159888   -3.69218312935442
  -0.27846420813048   -2.71783649811316   -3.69947415652658
  -0.27916848599736   -2.72471031541358   -3.70702717020860
  -0.27959132941955   -2.72883730643167   -3.71258296533368
  -0.28051512700729   -2.73785365656763   -3.72364465460945
  -0.28067993323569   -2.73946218064211   -3.72526110193330
  -0.28157314495605   -2.74818000987569   -3.73856627554706
  -0.28179270458773   -2.75032293224444   -3.74101745436262
  -0.28274038815892   -2.75957241179416   -3.75111947465766
  -0.28316042822687   -2.76367204181485   -3.75609058930793
  -0.28379404856728   -2.76985623510380   -3.76428819002691
  -0.28444343076459   -2.77619426557784   -3.77167364688587
  -0.28492229036775   -2.78086797971759   -3.77747753855615
  -0.28572827566924   -2.78873447101292   -3.78889869448025
  -0.28582971290771   -2.78972450786843   -3.79039324649586
  -0.28662822051738   -2.79751801619805   -3.80293969916146
  -0.28711300822092   -2.80224958914727   -3.81201937482963
  -0.28729808410532   -2.80405594694431   -3.81606779914590
  -0.28781992958961   -2.80914920727066   -3.82937907783216
  -0.28749964938240   -2.80602324274323   -3.84248429776590
  -0.28709089912867   -2.80203380235636   -3.84895681364705
  -0.28661838499386   -2.79742202057635   -3.85558645132972
  -0.28583628728934   -2.78978867444290   -3.86635183393361
  -0.28568419268974   -2.78830421704440   -3.86875538052729
  -0.28500197350566   -2.78164569453397   -3.88137834383466
  -0.28449652851448   -2.77671250454147   -3.89275937457757
  -0.28440737421559   -2.77584235031549   -3.89433324351829
  -0.28374150193010   -2.76934337505132   -3.90701205046742
  -0.28326929432955   -2.76473458507402   -3.92015623607712
  -0.28318717151444   -2.76393305878196   -3.92177127562808
  -0.28254770008336   -2.75769175830539   -3.93303071544822
  -0.28207692053872   -2.75309690628628   -3.94583445691041
  -0.28184842754506   -2.75086679347610   -3.94917034781156
  -0.28117501845990   -2.74429425834821   -3.95892760671878
  -0.28051014453920   -2.73780502721694   -3.96613104884853
  -0.27983584156383   -2.73122376763771   -3.97175049229294
  -0.27915780293596   -2.72460604774355   -3.97714187977350
  -0.27812261948974   -2.71450256129814   -3.98485736607760
  -0.27786096225822   -2.71194876245051   -3.98708509048777
  -0.27664465027322   -2.70007744466745   -3.99765544455733
  -0.27656238728991   -2.69927455032071   -3.99846266285679
  -0.27529362352364   -2.68689129828767   -4.00806532131497
  -0.27488866100443   -2.68293882654111   -4.01143551007674
  -0.27391140766532   -2.67340074331393   -4.01937049924500
  -0.27336505106211   -2.66806825219356   -4.02381161670476
  -0.27264318953901   -2.66102281677752   -4.02890446510332
  -0.27183139835271   -2.65309965950796   -4.03599104666069
  -0.27129665452357   -2.64788051013960   -4.04042995934570
  -0.27028392985311   -2.63799622342854   -4.04986496614855
  -0.27007209249803   -2.63592867119569   -4.05182193811507
  -0.26882123212568   -2.62372015794782   -4.06232494219383
  -0.26864554954833   -2.62200547969876   -4.06378654674542
  -0.26734885928349   -2.60934966244967   -4.07451655115802
  -0.26726164360267   -2.60849842931587   -4.07525915630066
  -0.26603229147135   -2.59649983849530   -4.08420141096138
  -0.26553885456107   -2.59168384848608   -4.08819577120766
  -0.26471605646569   -2.58365326276298   -4.09465274944874
  -0.26396093128384   -2.57628317095243   -4.10091963750047
  -0.26337949712799   -2.57060831966496   -4.10569667091394
  -0.26214650938771   -2.55857424496374   -4.11393500295608
  -0.26205851566382   -2.55771541805741   -4.11467488705468
  -0.26074426377627   -2.54488819774184   -4.12280512379187
  -0.26015310482233   -2.53911843152303   -4.12659194015277
  -0.25940972245314   -2.53186295065316   -4.13057780583718
  -0.25810412336486   -2.51912018246097   -4.13799136066761
  -0.25785826277477   -2.51672056029885   -4.13965413004655
  -0.25681531890115   -2.50654133136222   -4.14496567974364
  -0.25554685950417   -2.49416105000170   -4.15234195559517
  -0.25545964686045   -2.49330984651033   -4.15308459263166
  -0.25416018208670   -2.48062694979687   -4.15992082209438
  -0.25323243283377   -2.47157203104219   -4.16524018714241
  -0.25280902706571   -2.46743955147618   -4.16739834469886
  -0.25152787266303   -2.45493536568263   -4.17440101650036
  -0.25086226646565   -2.44843898746311   -4.17839945147507
  -0.25019198187595   -2.44189694770071   -4.18221731061576
  -0.24891329965807   -2.42941689066005   -4.18944736916735
  -0.24856194437750   -2.42598763053446   -4.19143326863717
  -0.24755785939229   -2.41618766795285   -4.19675817084168
  -0.24631513928503   -2.40405860444726   -4.20385895964963
  -0.24622462304963   -2.40317515759462   -4.20450458378193
  -0.24492417457410   -2.39048265986052   -4.21047400941528
  -0.24371610903997   -2.37869182820285   -4.21733414944935
  -0.24362611140524   -2.37781344294081   -4.21800886653239
  -0.24229155407377   -2.36478803960935   -4.22577797391344
  -0.24156756200697   -2.35772180988913   -4.23007969635277
  -0.24101684674063   -2.35234677781241   -4.23292674874834
  -0.23965706319796   -2.33907516431991   -4.24033020217206
  -0.23932570617991   -2.33584108909130   -4.24264754644935
  -0.23835993800368   -2.32641510211911   -4.24784486607962
  -0.23701894565739   -2.31332689244605   -4.25492934346068
  -0.23693606285408   -2.31251794859863   -4.25549708965945
  -0.23572710174748   -2.30071837607048   -4.26235161862488
  -0.23457103258834   -2.28943503385523   -4.26880122683145
  -0.23440897078502   -2.28785329562401   -4.26965155084132
  -0.23305657810066   -2.27465381759418   -4.27633044597647
  -0.23200964095833   -2.26443561398458   -4.28153619864279
  -0.23177539833565   -2.26214938426183   -4.28256009791507
  -0.23047094889427   -2.24941783673004   -4.28729332276024
  -0.22910488911175   -2.23608496655448   -4.29248729928052
  -0.22870808565202   -2.23221212798511   -4.29435640240173
  -0.22782058439680   -2.22355003342097   -4.29795814574261
  -0.22652040413124   -2.21086015344114   -4.30262524781278
  -0.22525885409783   -2.19854730810989   -4.30756642003732
  -0.22516811321666   -2.19766166869369   -4.30815227385437
  -0.22385115299267   -2.18480801476325   -4.31299080417643
  -0.22253419869712   -2.17195441869491   -4.31782937454771
  -0.22204127936579   -2.16714348030431   -4.32023885076811
  -0.22121820757383   -2.15911022327723   -4.32346499960944
  -0.21994652462080   -2.14669847971073   -4.32908663125026
  -0.21890716043388   -2.13655418884827   -4.33320607449204
  -0.21856825376665   -2.13324642834354   -4.33443919443020
  -0.21726882343975   -2.12056386783453   -4.33958037780084
  -0.21596147506202   -2.10780402641505   -4.34455508333296
  -0.21554206585898   -2.10371055369436   -4.34629336489043
  -0.21463006272740   -2.09480931854443   -4.34931181508704
  -0.21331583028964   -2.08198228806062   -4.35412456999020
  -0.21209179685790   -2.07003560824121   -4.35913564610925
  -0.21200099859422   -2.06914940876641   -4.35974789528297
  -0.21066756978023   -2.05613501987023   -4.36426800012941
  -0.20936755276012   -2.04344673318104   -4.36942188030812
  -0.20879573061680   -2.03786569602734   -4.37199808422258
  -0.20804933097166   -2.03058076626438   -4.37508564156406
  -0.20671684357557   -2.01757556569412   -4.37959291862303
  -0.20556906857454   -2.00637317523122   -4.38455054833982
  -0.20540034871792   -2.00472645378235   -4.38523614302138
  -0.20410020143742   -1.99203689573972   -4.39039446807204
  -0.20276732277121   -1.97902787633685   -4.39571461456498
  -0.20228496676740   -1.97432003700244   -4.39756086061782
  -0.20148278852279   -1.96649070293540   -4.40045768132708
  -0.20014712128467   -1.95345446681195   -4.40574764879420
  -0.19890649001721   -1.94134579057655   -4.41048336462528
  -0.19881597570265   -1.94046236247154   -4.41104824368104
  -0.19751339205134   -1.92774902522383   -4.41542638735439
  -0.19619924404243   -1.91492281877337   -4.42104670681921
  -0.19553917522283   -1.90848048587462   -4.42355221872287
  -0.19487888038185   -1.90203594698612   -4.42592073169511
  -0.19356287369770   -1.88919159969303   -4.43075286342071
  -0.19240049060528   -1.87784663290326   -4.43611210203130
  -0.19223305580366   -1.87621245371033   -4.43684935167948
  -0.19094955396948   -1.86368535676761   -4.44160685163719
  -0.18961243082621   -1.85063491087498   -4.44688778817439
  -0.18888807105921   -1.84356509236676   -4.44953724440711
  -0.18834304638388   -1.83824560098603   -4.45181073668981
  -0.18696216580089   -1.82476807842330   -4.45623286671403
  -0.18572488690811   -1.81269212167576   -4.46167550858267
  -0.18563492368906   -1.81181407231398   -4.46231422887523
  -0.18434510126269   -1.79922528580524   -4.46624696530144
  -0.18302827694074   -1.78637295829130   -4.47108688132136
  -0.18219835881567   -1.77827288041811   -4.47486714223735
  -0.18169949560781   -1.77340392924128   -4.47717564573507
  -0.18039769494955   -1.76069823407836   -4.48235639316204
  -0.17914110993822   -1.74843384782309   -4.48749181655291
  -0.17905089293757   -1.74755332152935   -4.48813013206923
  -0.17776108925853   -1.73496471799636   -4.49206309787738
  -0.17643077236901   -1.72198070177154   -4.49735684291339
  -0.17577017849640   -1.71553324430666   -4.50051091938802
  -0.17511462079185   -1.70913494030915   -4.50300075494931
  -0.17379546357700   -1.69625984354413   -4.50704715525321
  -0.17251428173270   -1.68375538991782   -4.51230872152799
  -0.17224872515454   -1.68116353308539   -4.51389099966386
  -0.17116362707334   -1.67057287517312   -4.51833409097097
  -0.16984682673406   -1.65772078173227   -4.52317451717372
  -0.16902045045100   -1.64965527256556   -4.52631320783636
  -0.16853002854693   -1.64486870929664   -4.52801499553053
  -0.16723000069781   -1.63218031691534   -4.53318406905524
  -0.16588470270480   -1.61905008373100   -4.53817928121074
  -0.16572404620117   -1.61748206135516   -4.53909799304864
  -0.16458037713847   -1.60631974523113   -4.54334068238160
  -0.16327640119952   -1.59359281912698   -4.54773187510122
  -0.16211355647688   -1.58224334678345   -4.55234657106632
  -0.16194484492621   -1.58059670640140   -4.55303238474047
  -0.16061593071583   -1.56762638045510   -4.55751724867253
  -0.15934907349462   -1.55526173647874   -4.56186262241383
  -0.15834572672481   -1.54546897894789   -4.56586850241547
  -0.15800514758100   -1.54214489491653   -4.56711929417909
  -0.15671576168886   -1.52956036902240   -4.57235658833894
  -0.15543851383787   -1.51709431153566   -4.57834302357240
  -0.15534408229407   -1.51617265090990   -4.57895190330678
  -0.15409691205312   -1.50400015368673   -4.58821576780266
  -0.15379400516719   -1.50104375438627   -4.59070307126470
      
      
