# shadow point cont 2D ind 147  size 1398
# norm  0.4043436 -0.9146072  0.0000000
# angle  1.1545353
   1.89056331  -4.60374927
   1.89417605  -4.59136563
   1.89988060  -4.58682236
   1.91221571  -4.58095186
   1.92011100  -4.57730697
   1.92490484  -4.57547098
   1.93786055  -4.57062051
   1.95065655  -4.56663203
   1.95878770  -4.56403191
   1.96365005  -4.56176049
   1.97664841  -4.55690241
   1.98972629  -4.55275184
   1.99209586  -4.55181803
   2.00239575  -4.54805037
   2.01525908  -4.54387809
   2.02798891  -4.53937829
   2.03064053  -4.53835194
   2.04125251  -4.53388789
   2.05395976  -4.52937776
   2.06381187  -4.52565227
   2.06710662  -4.52421623
   2.07993088  -4.51982384
   2.09293134  -4.51534887
   2.10005473  -4.51265559
   2.10576258  -4.51014976
   2.11867965  -4.50612069
   2.13164993  -4.50164487
   2.13492173  -4.50008082
   2.14460493  -4.49600253
   2.15732682  -4.49225562
   2.17030751  -4.48759042
   2.17195495  -4.48687245
   2.18335554  -4.48230015
   2.19627219  -4.47746347
   2.20576238  -4.47391429
   2.20890731  -4.47293893
   2.22201074  -4.46823413
   2.23501641  -4.46376048
   2.24071299  -4.46144053
   2.24807203  -4.45847146
   2.26076177  -4.45453225
   2.27374229  -4.45005780
   2.27850111  -4.44820251
   2.28659541  -4.44485923
   2.29959915  -4.44038561
   2.31160730  -4.43538622
   2.31252640  -4.43474282
   2.32534644  -4.43034996
   2.33819732  -4.42690932
   2.34874291  -4.42234549
   2.35126468  -4.42103999
   2.36394308  -4.41646039
   2.37711050  -4.41217642
   2.38424039  -4.40948379
   2.38976722  -4.40759605
   2.40281959  -4.40215065
   2.41574519  -4.39731170
   2.41890889  -4.39635236
   2.42856929  -4.39305247
   2.44159551  -4.38844304
   2.45371192  -4.38380417
   2.45462455  -4.38316085
   2.46741149  -4.37877840
   2.48034980  -4.37474338
   2.49149150  -4.37048087
   2.49311228  -4.36968836
   2.50628906  -4.36543128
   2.51905998  -4.36025608
   2.52707725  -4.35761852
   2.53190405  -4.35595997
   2.54495439  -4.35136827
   2.55789774  -4.34691454
   2.56186530  -4.34499568
   2.57060765  -4.34147141
   2.58395389  -4.33675147
   2.59648531  -4.33257921
   2.59817700  -4.33180730
   2.60965404  -4.32755500
   2.62244216  -4.32317290
   2.63437589  -4.31881545
   2.63521378  -4.31807839
   2.64841390  -4.31385619
   2.66133053  -4.30901985
   2.67072507  -4.30596293
   2.67391335  -4.30506460
   2.68706728  -4.29979201
   2.69998821  -4.29576449
   2.70479841  -4.29336153
   2.71301381  -4.28967880
   2.72580277  -4.28529690
   2.73859472  -4.28097178
   2.74102547  -4.28013850
   2.75164370  -4.27562618
   2.76468647  -4.27114228
   2.77562301  -4.26717734
   2.77723764  -4.26637040
   2.79053174  -4.26147222
   2.80305964  -4.25677118
   2.80809856  -4.25435437
   2.81626960  -4.25143838
   2.82904821  -4.24709590
   2.84190016  -4.24230197
   2.84284878  -4.24164728
   2.85514316  -4.23649078
   2.86793339  -4.23210914
   2.87900659  -4.22843673
   2.88062562  -4.22763927
   2.89390740  -4.22198463
   2.90641045  -4.21754353
   2.90991904  -4.21588749
   2.91975086  -4.21231332
   2.93252527  -4.20713884
   2.94457421  -4.20287645
   2.94546391  -4.20229084
   2.95838628  -4.19745586
   2.97160169  -4.19248682
   2.97780742  -4.19032679
   2.98407921  -4.18825786
   2.99743221  -4.18283737
   3.00989012  -4.17862705
   3.01324211  -4.17713419
   3.02313292  -4.17282557
   3.03576145  -4.16811976
   3.04708009  -4.16399114
   3.04871964  -4.16325225
   3.06190105  -4.15832332
   3.07483958  -4.15346302
   3.08028614  -4.15138931
   3.08747284  -4.14876357
   3.10053953  -4.14346447
   3.11332081  -4.13909405
   3.11493879  -4.13834693
   3.12622827  -4.13346808
   3.13917921  -4.12860577
   3.15039772  -4.12516134
   3.15202330  -4.12438193
   3.16517231  -4.11927923
   3.17784762  -4.11437067
   3.18276650  -4.11240214
   3.19087728  -4.10926713
   3.20394537  -4.10477533
   3.21596855  -4.09973003
   3.21685840  -4.09914445
   3.22978354  -4.09430987
   3.24270882  -4.08947530
   3.25057299  -4.08658233
   3.25538341  -4.08488465
   3.26845534  -4.08023416
   3.28112168  -4.07531652
   3.28531026  -4.07359066
   3.29418951  -4.07034803
   3.30744908  -4.06566037
   3.31920413  -4.06081381
   3.32009201  -4.06016845
   3.33319682  -4.05562210
   3.34586556  -4.05033742
   3.35235019  -4.04776804
   3.35881281  -4.04534899
   3.37186090  -4.04075045
   3.38459443  -4.03572677
   3.38552158  -4.03500137
   3.39758939  -4.03083482
   3.41085499  -4.02617675
   3.42030708  -4.02238958
   3.42334798  -4.02123878
   3.43647192  -4.01579600
   3.44922504  -4.01072920
   3.45339624  -4.00911730
   3.46234844  -4.00610195
   3.47539056  -4.00163606
   3.48742571  -3.99667274
   3.48831371  -3.99602740
   3.50091169  -3.99203461
   3.51417730  -3.98712159
   3.52206396  -3.98352613
   3.52694692  -3.98118418
   3.53989633  -3.97631359
   3.55258168  -3.97190152
   3.55596641  -3.97029591
   3.56588560  -3.96618022
   3.57856251  -3.96009250
   3.58178392  -3.95773111
   3.59174912  -3.95090540
   3.59852863  -3.94498093
   3.60385385  -3.93752839
   3.60616007  -3.93214452
   3.60801390  -3.91943736
   3.60779457  -3.90646172
   3.60717275  -3.89356782
   3.60588929  -3.88063440
   3.60529860  -3.86771252
   3.60446973  -3.85499610
   3.60374865  -3.85415937
   3.59925323  -3.84193878
   3.59431799  -3.82920312
   3.59129268  -3.82587181
   3.58222429  -3.81646581
   3.57812735  -3.81321207
   3.56619911  -3.80321870
   3.56538954  -3.80240974
   3.55279990  -3.79067413
   3.55193142  -3.78995085
   3.53928705  -3.77995889
   3.53623737  -3.77739768
   3.52654015  -3.76923927
   3.52166668  -3.76446922
   3.51357945  -3.75795729
   3.50696015  -3.75175857
   3.50033179  -3.74618933
   3.49012178  -3.73849747
   3.48789639  -3.73667727
   3.47715275  -3.72570597
   3.47452799  -3.72345000
   3.46181804  -3.71345504
   3.46096923  -3.71269544
   3.44863338  -3.70242577
   3.44541917  -3.69990560
   3.43590150  -3.69158019
   3.43037630  -3.68661325
   3.42314346  -3.68088244
   3.41565610  -3.67384265
   3.40998565  -3.66905741
   3.40005759  -3.66127399
   3.39672021  -3.65875751
   3.38448280  -3.64830013
   3.38362503  -3.64755598
   3.37096730  -3.63677994
   3.36874237  -3.63496010
   3.35862769  -3.62565948
   3.35445648  -3.62172748
   3.34525481  -3.61403956
   3.33941193  -3.60928149
   3.33252016  -3.60323595
   3.32439652  -3.59599711
   3.31936825  -3.59135521
   3.30846584  -3.58279505
   3.30679623  -3.58117263
   3.29399989  -3.57064975
   3.29317996  -3.56985353
   3.28072667  -3.56040297
   3.27730993  -3.55735168
   3.26740923  -3.54781827
   3.26354582  -3.54445620
   3.25464471  -3.53719691
   3.24737111  -3.53149934
   3.24152315  -3.52598408
   3.23495060  -3.51891019
   3.22856855  -3.51390471
   3.21838517  -3.50547996
   3.21581262  -3.50324807
   3.20339076  -3.49302515
   3.20257076  -3.49222927
   3.18964475  -3.48098377
   3.18800526  -3.48007280
   3.17719264  -3.47143384
   3.17214750  -3.46679224
   3.16385458  -3.45894654
   3.15758477  -3.45386615
   3.15111704  -3.44819587
   3.14304259  -3.44088055
   3.13835033  -3.43669594
   3.12686796  -3.42794359
   3.12524026  -3.42635191
   3.11312997  -3.41503975
   3.11228402  -3.41427691
   3.09952330  -3.40436829
   3.09692233  -3.40213362
   3.08620786  -3.39267631
   3.08219054  -3.38937597
   3.07347234  -3.38190946
   3.06698977  -3.37630833
   3.06033645  -3.37079811
   3.05165610  -3.36326618
   3.04778034  -3.35987235
   3.03629173  -3.35033137
   3.03464776  -3.34879156
   3.02223647  -3.33782892
   3.02141115  -3.33704125
   3.00859645  -3.32708971
   3.00556416  -3.32446256
   2.99602835  -3.31540738
   2.99244936  -3.31184017
   2.98272070  -3.30445581
   2.97516833  -3.29824374
   2.97014532  -3.29359377
   2.96088948  -3.28586400
   2.95703590  -3.28245779
   2.94581284  -3.27269328
   2.94408320  -3.27118914
   2.93162503  -3.26019306
   2.93081035  -3.25939129
   2.91838419  -3.24915957
   2.91514962  -3.24672571
   2.90547616  -3.23860942
   2.90045294  -3.23393143
   2.89269823  -3.22705686
   2.88505187  -3.22112413
   2.87905253  -3.21572193
   2.86993393  -3.20786566
   2.86687089  -3.20523337
   2.85598771  -3.19513657
   2.85352360  -3.19281858
   2.84063239  -3.18303435
   2.83979723  -3.18225694
   2.82730877  -3.17046718
   2.82588160  -3.16953444
   2.81471700  -3.16050876
   2.80908255  -3.15638555
   2.80180703  -3.14992038
   2.79516306  -3.14366851
   2.78886416  -3.13863041
   2.77981525  -3.13078254
   2.77558347  -3.12689982
   2.76340635  -3.11795092
   2.76257292  -3.11717143
   2.75054707  -3.10505591
   2.74972642  -3.10426198
   2.73731444  -3.09477307
   2.73389904  -3.09175960
   2.72420396  -3.08366818
   2.71855174  -3.07880630
   2.71127726  -3.07234187
   2.70399720  -3.06589092
   2.69853475  -3.06162263
   2.68796213  -3.05281803
   2.68539179  -3.05058774
   2.67364070  -3.04045842
   2.67202392  -3.03884266
   2.65997908  -3.02906965
   2.65738520  -3.02677824
   2.64641267  -3.01765749
   2.64240171  -3.01432328
   2.63371348  -3.00604184
   2.62817500  -3.00107806
   2.62094158  -2.99537275
   2.61330819  -2.98846840
   2.60801860  -2.98405396
   2.59678398  -2.97505627
   2.59511075  -2.97353224
   2.58300459  -2.96221039
   2.58212623  -2.96146767
   2.56866186  -2.95069692
   2.56786913  -2.94991575
   2.55629352  -2.94043230
   2.55205910  -2.93663061
   2.54298119  -2.92875554
   2.53671749  -2.92367938
   2.53044044  -2.91861478
   2.52135054  -2.91078613
   2.51713377  -2.90691256
   2.50684843  -2.89778032
   2.50439463  -2.89540734
   2.49230080  -2.88488340
   2.49145568  -2.88412115
   2.47856954  -2.87354493
   2.47690723  -2.87201579
   2.46544047  -2.86243717
   2.46158169  -2.85903710
   2.45308274  -2.85213018
   2.44635582  -2.84597345
   2.43976561  -2.84046096
   2.43102966  -2.83302008
   2.42706484  -2.82972126
   2.41662962  -2.81991543
   2.41405922  -2.81766831
   2.40100855  -2.80812211
   2.40018716  -2.80732876
   2.38808474  -2.79599695
   2.38643489  -2.79443520
   2.37531000  -2.78532888
   2.37043176  -2.78133013
   2.36220395  -2.77423399
   2.35574121  -2.76857991
   2.34948573  -2.76350046
   2.34054863  -2.75547546
   2.33654626  -2.75220231
   2.32512690  -2.74264673
   2.32341464  -2.74114432
   2.31052953  -2.73059006
   2.30969503  -2.72981313
   2.29740956  -2.71865854
   2.29514994  -2.71689891
   2.28464614  -2.70801998
   2.27981589  -2.70395428
   2.27193263  -2.69727430
   2.26521946  -2.69116512
   2.25843694  -2.68574644
   2.24925583  -2.67795464
   2.24586712  -2.67492099
   2.23501372  -2.66555581
   2.23279275  -2.66373875
   2.22039695  -2.65262226
   2.21887884  -2.65168540
   2.20708628  -2.64183209
   2.20451711  -2.63956947
   2.19422748  -2.63123289
   2.18872765  -2.62622177
   2.18147155  -2.61974303
   2.17354548  -2.61311096
   2.16868449  -2.60901227
   2.15849023  -2.60074708
   2.15525953  -2.59751696
   2.14375135  -2.58722117
   2.14283772  -2.58640060
   2.12941698  -2.57571333
   2.12860428  -2.57492926
   2.11689980  -2.56481201
   2.11289815  -2.56148340
   2.10373713  -2.55375963
   2.09806349  -2.54894899
   2.09085672  -2.54321091
   2.08291177  -2.53579504
   2.07788870  -2.53115932
   2.06824556  -2.52302383
   2.06515646  -2.52043024
   2.05350843  -2.51030601
   2.05184431  -2.50880158
   2.03937827  -2.49940530
   2.03619410  -2.49687345
   2.02605449  -2.48769705
   2.02281679  -2.48449677
   2.01329483  -2.47624126
   2.00765166  -2.47138429
   2.00035911  -2.46496106
   1.99293568  -2.45868571
   1.98727214  -2.45382987
   1.97707489  -2.44541186
   1.97455803  -2.44310998
   1.96315302  -2.43283151
   1.96160491  -2.43185110
   1.94846131  -2.42089745
   1.94691855  -2.41989822
   1.93622856  -2.41119498
   1.93119667  -2.40646240
   1.92286801  -2.39952991
   1.91577683  -2.39367831
   1.91022754  -2.38878157
   1.90212963  -2.38062628
   1.89721745  -2.37670192
   1.88677678  -2.36779936
   1.88424819  -2.36543077
   1.87123617  -2.35589089
   1.87042878  -2.35508357
   1.85846708  -2.34354476
   1.85672804  -2.34211626
   1.84499783  -2.33288203
   1.84115240  -2.32948202
   1.83264520  -2.32260343
   1.82535431  -2.31617351
   1.81953580  -2.31071331
   1.81079987  -2.30327423
   1.80660176  -2.29943108
   1.79537093  -2.29044731
   1.79371372  -2.28890508
   1.78160214  -2.27760223
   1.78075778  -2.27684051
   1.76810535  -2.26688688
   1.76496953  -2.26431495
   1.75531603  -2.25617177
   1.74960102  -2.25141719
   1.74203032  -2.24452548
   1.73494050  -2.23867481
   1.72952498  -2.23438394
   1.72038680  -2.22577614
   1.71638866  -2.22250553
   1.70495627  -2.21294896
   1.70330367  -2.21140898
   1.69118243  -2.20011381
   1.69032673  -2.19937112
   1.67760622  -2.19023333
   1.67361700  -2.18699702
   1.66458202  -2.17829407
   1.66048335  -2.17431827
   1.65178691  -2.16762598
   1.64371783  -2.16118889
   1.63892298  -2.15711346
   1.62786613  -2.14789356
   1.62618867  -2.14639384
   1.61438277  -2.13574216
   1.61268113  -2.13416619
   1.59999098  -2.12341683
   1.59915718  -2.12264038
   1.58709782  -2.11210671
   1.58398309  -2.10953439
   1.57412456  -2.10085939
   1.56927012  -2.09683663
   1.56119923  -2.09037944
   1.55259544  -2.08365559
   1.54849629  -2.07963569
   1.53990581  -2.07141640
   1.53504082  -2.06731118
   1.52415070  -2.05796877
   1.52244065  -2.05650086
   1.50961939  -2.04673046
   1.50740019  -2.04491464
   1.49695836  -2.03499691
   1.49354319  -2.03208418
   1.48389563  -2.02476523
   1.47729170  -2.01932579
   1.47088198  -2.01364022
   1.46351222  -2.00647620
   1.45773729  -2.00177604
   1.44828543  -1.99346369
   1.44512929  -1.99088039
   1.43254711  -1.98092181
   1.43176866  -1.98008979
   1.42030587  -1.96898840
   1.41737154  -1.96676560
   1.40644270  -1.95857649
   1.40225277  -1.95475006
   1.39355537  -1.94727070
   1.38702142  -1.94168763
   1.38046095  -1.93619103
   1.37242977  -1.92890116
   1.36769327  -1.92468530
   1.35696873  -1.91610758
   1.35467716  -1.91437509
   1.34269783  -1.90282541
   1.34183193  -1.90210396
   1.32845138  -1.89137547
   1.32701212  -1.89040713
   1.31607719  -1.88190467
   1.30981140  -1.87687847
   1.30298423  -1.87002406
   1.29716053  -1.86457496
   1.29008352  -1.85871878
   1.28134589  -1.85127863
   1.27715097  -1.84743773
   1.26727132  -1.83882003
   1.26402902  -1.83639447
   1.25179570  -1.82601130
   1.25098878  -1.82520434
   1.23891609  -1.81468474
   1.23623474  -1.81239546
   1.22537068  -1.80321543
   1.22081851  -1.79963858
   1.21303560  -1.79368567
   1.20610406  -1.78695038
   1.19951497  -1.78146941
   1.19079444  -1.77402027
   1.18681207  -1.77075493
   1.17621468  -1.76116460
   1.17385555  -1.75949105
   1.16099580  -1.74895306
   1.16016229  -1.74817684
   1.14811556  -1.73765405
   1.14504201  -1.73504986
   1.13554226  -1.72669297
   1.12963648  -1.72208105
   1.12209570  -1.71606977
   1.11497537  -1.70944814
   1.10935010  -1.70459240
   1.10042735  -1.69655604
   1.09647954  -1.69327564
   1.08476115  -1.68300824
   1.08387806  -1.68230291
   1.07063143  -1.67149106
   1.06916444  -1.67051537
   1.05775363  -1.66019446
   1.05523186  -1.65783622
   1.04478316  -1.64973903
   1.03919790  -1.64486446
   1.03203416  -1.63821694
   1.02387828  -1.63184675
   1.01899267  -1.62793840
   1.00874264  -1.61884422
   1.00647029  -1.61693450
   0.99398908  -1.60613555
   0.99315728  -1.60535725
   0.98047174  -1.59460968
   0.97880490  -1.59305740
   0.96759832  -1.58334419
   0.96421486  -1.58018270
   0.95462426  -1.57285641
   0.94743426  -1.56707085
   0.94183358  -1.56237409
   0.93384327  -1.55408673
   0.92899530  -1.54994935
   0.91887710  -1.54165638
   0.91550551  -1.53862333
   0.90361580  -1.52868106
   0.90277200  -1.52791978
   0.88995094  -1.51738883
   0.88827209  -1.51580518
   0.87714762  -1.50670088
   0.87296882  -1.50288406
   0.86407037  -1.49482854
   0.85838499  -1.49001088
   0.85118340  -1.48433015
   0.84255734  -1.47684896
   0.83866854  -1.47328612
   0.82672286  -1.46364208
   0.82574805  -1.46279402
   0.81351598  -1.45183904
   0.81188682  -1.45026418
   0.79960115  -1.43994003
   0.79788526  -1.43837409
   0.78669443  -1.42945253
   0.78144251  -1.42495438
   0.77412631  -1.41841064
   0.76664361  -1.41233423
   0.76079353  -1.40690087
   0.75200764  -1.39960353
   0.74787007  -1.39561557
   0.73668111  -1.38669605
   0.73503651  -1.38509306
   0.72284781  -1.37378502
   0.72197306  -1.37308698
   0.70885140  -1.36370460
   0.70582659  -1.36108295
   0.69655377  -1.35260930
   0.69227164  -1.34798825
   0.68387562  -1.34095912
   0.67641578  -1.33467025
   0.67068830  -1.33001968
   0.66116790  -1.32171751
   0.65775291  -1.31872483
   0.64628989  -1.30914923
   0.64469140  -1.30764876
   0.63250176  -1.29693061
   0.63072179  -1.29553910
   0.61891131  -1.28585902
   0.61637407  -1.28348442
   0.60580354  -1.27476713
   0.60049044  -1.27034633
   0.59341447  -1.26428064
   0.58430810  -1.25745517
   0.58019358  -1.25359239
   0.57132058  -1.24471887
   0.56737345  -1.24128186
   0.55532063  -1.23151160
   0.55444537  -1.23079627
   0.54127426  -1.21991422
   0.54042606  -1.21912648
   0.52857034  -1.20922630
   0.52530228  -1.20601007
   0.51570369  -1.19772408
   0.50990199  -1.19313207
   0.50235533  -1.18623655
   0.49479274  -1.18000543
   0.49029910  -1.17634772
   0.48077886  -1.16748234
   0.47684253  -1.16408609
   0.46480949  -1.15436238
   0.46397786  -1.15358425
   0.45130437  -1.14277142
   0.44957507  -1.14130297
   0.43812498  -1.13181975
   0.43410217  -1.12858912
   0.42506082  -1.12074016
   0.41947789  -1.11585853
   0.41247410  -1.10978058
   0.40344072  -1.10278037
   0.39947559  -1.09953260
   0.38816084  -1.08972645
   0.38657549  -1.08823861
   0.37442188  -1.07691525
   0.37356682  -1.07617310
   0.36079910  -1.06645407
   0.35829708  -1.06405250
   0.34780403  -1.05518193
   0.34300175  -1.05113836
   0.33498849  -1.04386923
   0.32847021  -1.03810016
   0.32199296  -1.03340311
   0.31300920  -1.02551921
   0.30915188  -1.02267120
   0.29589537  -1.01355961
   0.29503779  -1.01283407
   0.28309135  -1.00378740
   0.27825247  -0.99973207
   0.27016496  -0.99331717
   0.26147957  -0.98662639
   0.25744663  -0.98339997
   0.24533731  -0.97366332
   0.24447181  -0.97294223
   0.23188170  -0.96454184
   0.22689976  -0.96062878
   0.21868595  -0.95437900
   0.21057600  -0.94808993
   0.20601764  -0.94438032
   0.19444476  -0.93518506
   0.19269542  -0.93365961
   0.18054576  -0.92539443
   0.17602187  -0.92194629
   0.16696222  -0.91505278
   0.15988488  -0.90918527
   0.15418515  -0.90436023
   0.14363345  -0.89632079
   0.14122735  -0.89470131
   0.12836247  -0.88581309
   0.12582923  -0.88357664
   0.11545699  -0.87532740
   0.10900432  -0.87048793
   0.10249698  -0.86567009
   0.09055566  -0.85753524
   0.08972407  -0.85675719
   0.07729385  -0.84655431
   0.07270764  -0.84430990
   0.06355200  -0.84005358
   0.05055988  -0.83625970
   0.03767965  -0.83637729
   0.02512428  -0.84037669
   0.01615880  -0.84566724
   0.01218542  -0.84811428
  -0.00073542  -0.85698187
  -0.00243057  -0.85842328
  -0.01350878  -0.86605522
  -0.02157034  -0.87166343
  -0.02650440  -0.87555148
  -0.03851714  -0.88448431
  -0.03936079  -0.88524539
  -0.05226800  -0.89443282
  -0.05623009  -0.89748234
  -0.06513699  -0.90461312
  -0.07236094  -0.91039212
  -0.07817451  -0.91506051
  -0.08947006  -0.92297230
  -0.09122062  -0.92450329
  -0.10373100  -0.93229326
  -0.10859989  -0.93628793
  -0.11676500  -0.94333471
  -0.12398036  -0.94912242
  -0.12965076  -0.95319848
  -0.14244396  -0.96134323
  -0.14326496  -0.96213070
  -0.15549990  -0.97176501
  -0.15894118  -0.97457844
  -0.16858525  -0.98183280
  -0.17634565  -0.98784689
  -0.18120228  -0.99122380
  -0.19342597  -1.00065420
  -0.19428098  -1.00139629
  -0.20703429  -1.01047493
  -0.21046614  -1.01347356
  -0.22021331  -1.02055527
  -0.22729117  -1.02642362
  -0.23295154  -1.03126019
  -0.24395869  -1.03954043
  -0.24562755  -1.04119806
  -0.25773758  -1.05238229
  -0.25862195  -1.05322825
  -0.27144884  -1.06367905
  -0.27309277  -1.06530128
  -0.28438599  -1.07441133
  -0.28920249  -1.07836541
  -0.29739596  -1.08613408
  -0.30295133  -1.09112508
  -0.31018480  -1.09689911
  -0.31829812  -1.10403868
  -0.32325679  -1.10871434
  -0.33284769  -1.11695096
  -0.33622390  -1.11999051
  -0.34827993  -1.12971923
  -0.34912358  -1.13048035
  -0.36178195  -1.14033524
  -0.36497128  -1.14283989
  -0.37468651  -1.15243849
  -0.37872700  -1.15576075
  -0.38764245  -1.16308467
  -0.39416474  -1.16858366
  -0.40090355  -1.17464184
  -0.40936847  -1.18148759
  -0.41339304  -1.18483834
  -0.42403384  -1.19438935
  -0.42653463  -1.19664141
  -0.43921135  -1.20663180
  -0.44003027  -1.20742339
  -0.45245937  -1.21837038
  -0.45477959  -1.22003313
  -0.46518836  -1.22892847
  -0.46931480  -1.23293503
  -0.47815815  -1.24020685
  -0.48518544  -1.24604123
  -0.49087452  -1.25171005
  -0.49841190  -1.25872219
  -0.50418587  -1.26336164
  -0.51589478  -1.27191705
  -0.51671884  -1.27270235
  -0.52978649  -1.28380470
  -0.53063249  -1.28456222
  -0.54312594  -1.29536444
  -0.54481794  -1.29687948
  -0.55574099  -1.30617691
  -0.56047979  -1.31037805
  -0.56870094  -1.31743244
  -0.57514120  -1.32309969
  -0.58155573  -1.32876678
  -0.59014469  -1.33640057
  -0.59427243  -1.33965137
  -0.60555535  -1.34833134
  -0.60797545  -1.35075163
  -0.62011441  -1.36125006
  -0.62094771  -1.36202609
  -0.63279050  -1.37192299
  -0.63682269  -1.37524912
  -0.64577416  -1.38323309
  -0.65140584  -1.38805037
  -0.65871258  -1.39452658
  -0.66676423  -1.40094903
  -0.67158887  -1.40501622
  -0.68138793  -1.41368282
  -0.68468255  -1.41688520
  -0.69530384  -1.42638979
  -0.69780932  -1.42873287
  -0.71048655  -1.43870349
  -0.71198206  -1.43965802
  -0.72323687  -1.44858209
  -0.72797724  -1.45261222
  -0.73612612  -1.46068472
  -0.74190510  -1.46543520
  -0.74920007  -1.47095041
  -0.75782675  -1.47843065
  -0.76190283  -1.48246850
  -0.77167921  -1.49129285
  -0.77486684  -1.49376255
  -0.78710348  -1.50405293
  -0.78793518  -1.50483116
  -0.80064291  -1.51559568
  -0.80233502  -1.51711085
  -0.81369431  -1.52663910
  -0.81763920  -1.53003090
  -0.82652502  -1.53732689
  -0.83248107  -1.54255211
  -0.83981964  -1.54891244
  -0.84919219  -1.55568620
  -0.85241921  -1.55891349
  -0.86221474  -1.56853433
  -0.86544177  -1.57095488
  -0.87826885  -1.58070261
  -0.87910220  -1.58147871
  -0.89134599  -1.59259983
  -0.89297704  -1.59419989
  -0.90394584  -1.60349085
  -0.90881304  -1.60748231
  -0.91716305  -1.61519214
  -0.92336303  -1.62037692
  -0.92995058  -1.62584199
  -0.93813967  -1.63294359
  -0.94287370  -1.63712777
  -0.95407413  -1.64605580
  -0.95576999  -1.64762554
  -0.96861160  -1.65816072
  -0.96943179  -1.65895319
  -0.98146613  -1.66963555
  -0.98399234  -1.67184149
  -0.99448635  -1.68071347
  -0.99925533  -1.68478681
  -1.00707978  -1.69164549
  -1.01454800  -1.69782400
  -1.02050211  -1.70306793
  -1.03051983  -1.71080998
  -1.03284689  -1.71260458
  -1.04510939  -1.72377332
  -1.04596456  -1.72451562
  -1.05916205  -1.73542070
  -1.05998353  -1.73621317
  -1.07166826  -1.74631439
  -1.07499334  -1.74950219
  -1.08470923  -1.75759296
  -1.09103256  -1.76245315
  -1.09748723  -1.76890832
  -1.10465138  -1.77552459
  -1.11037818  -1.78043714
  -1.11972294  -1.78780837
  -1.12376241  -1.79103835
  -1.13605473  -1.80054160
  -1.13686145  -1.80134864
  -1.14901682  -1.81282345
  -1.15067278  -1.81437559
  -1.16231943  -1.82352515
  -1.16568428  -1.82658497
  -1.17514789  -1.83487655
  -1.18128635  -1.84009136
  -1.18777142  -1.84578890
  -1.19537711  -1.85259343
  -1.20103491  -1.85742766
  -1.21125626  -1.86574333
  -1.21355459  -1.86756363
  -1.22463802  -1.87808743
  -1.22706065  -1.87977227
  -1.23949790  -1.88914612
  -1.24200564  -1.89152740
  -1.25268872  -1.90099233
  -1.25667993  -1.90425470
  -1.26537717  -1.91173496
  -1.27191094  -1.91731921
  -1.27850224  -1.92278715
  -1.28670235  -1.92989910
  -1.29134230  -1.93413593
  -1.30094525  -1.94315183
  -1.30413360  -1.94562212
  -1.31687316  -1.95555752
  -1.31772845  -1.95629992
  -1.33055782  -1.96743590
  -1.33209264  -1.96843411
  -1.34278514  -1.97791696
  -1.34697094  -1.98186524
  -1.35594511  -1.98897992
  -1.36240070  -1.99462903
  -1.36904732  -2.00086959
  -1.37694154  -2.00752749
  -1.38155118  -2.01100151
  -1.39215939  -2.02060179
  -1.39453190  -2.02228055
  -1.40755567  -2.03259160
  -1.40837605  -2.03338423
  -1.42057703  -2.04458083
  -1.42293391  -2.04626983
  -1.43336851  -2.05519187
  -1.43806106  -2.05940373
  -1.44602749  -2.06612271
  -1.45414917  -2.07234258
  -1.45922883  -2.07776239
  -1.46796476  -2.08520243
  -1.47216039  -2.08904363
  -1.48320193  -2.09816888
  -1.48491296  -2.09975671
  -1.49794042  -2.11007023
  -1.49876085  -2.11086290
  -1.51064127  -2.12157474
  -1.51310243  -2.12397601
  -1.52342039  -2.13249014
  -1.52914545  -2.13704731
  -1.53671231  -2.14393544
  -1.54380092  -2.14978537
  -1.54944721  -2.15464947
  -1.55906496  -2.16273775
  -1.56239373  -2.16593441
  -1.57461916  -2.17544177
  -1.57545120  -2.17622028
  -1.58834061  -2.18754778
  -1.58917430  -2.18832414
  -1.60103358  -2.19825195
  -1.60504866  -2.20159111
  -1.61419720  -2.20930644
  -1.61979869  -2.21419311
  -1.62694143  -2.22082700
  -1.63437464  -2.22706341
  -1.64023057  -2.23246624
  -1.65026772  -2.24022432
  -1.65256347  -2.24206305
  -1.66502256  -2.25292134
  -1.66586668  -2.25368288
  -1.67871935  -2.26423792
  -1.68038052  -2.26580743
  -1.69169875  -2.27547155
  -1.69507464  -2.27853915
  -1.70454847  -2.28683910
  -1.70945580  -2.29161473
  -1.71752732  -2.29807242
  -1.72492952  -2.30439563
  -1.73027659  -2.30879525
  -1.74046776  -2.31710941
  -1.74371687  -2.32029065
  -1.75587275  -2.33004514
  -1.75671694  -2.33080673
  -1.76932545  -2.34233515
  -1.77014674  -2.34309869
  -1.78229805  -2.35352346
  -1.78547917  -2.35603134
  -1.79483749  -2.36369336
  -1.80141281  -2.36917648
  -1.80773522  -2.37500411
  -1.81654876  -2.38229448
  -1.82061396  -2.38632150
  -1.83037684  -2.39513567
  -1.83360552  -2.39758269
  -1.84620765  -2.40750200
  -1.84702833  -2.40829483
  -1.85925786  -2.41803885
  -1.86264247  -2.42098973
  -1.87265369  -2.43032723
  -1.87651578  -2.43372967
  -1.88541121  -2.44178350
  -1.89108460  -2.44659470
  -1.89851590  -2.45287828
  -1.90640758  -2.45953483
  -1.91104884  -2.46300474
  -1.92169792  -2.47250917
  -1.92395919  -2.47431011
  -1.93653543  -2.48443077
  -1.93818748  -2.48599922
  -1.94995484  -2.49672914
  -1.95163003  -2.49826594
  -1.96272150  -2.50659827
  -1.96774539  -2.51122917
  -1.97585213  -2.51844607
  -1.98305676  -2.52417959
  -1.98836380  -2.52863581
  -1.99819539  -2.53729936
  -2.00150597  -2.54048647
  -2.01373760  -2.55001572
  -2.01454502  -2.55082304
  -2.02714301  -2.56254752
  -2.02799880  -2.56329027
  -2.04025482  -2.57278548
  -2.04365736  -2.57579314
  -2.05373881  -2.58502538
  -2.05834760  -2.58856851
  -2.06605437  -2.59541573
  -2.07274480  -2.60159263
  -2.07938248  -2.60704304
  -2.08882921  -2.61460803
  -2.09209716  -2.61778758
  -2.10336382  -2.62752672
  -2.10502766  -2.62907304
  -2.11790703  -2.63962294
  -2.11874113  -2.64039958
  -2.13081861  -2.65094284
  -2.13392017  -2.65350970
  -2.14361729  -2.66159281
  -2.14942027  -2.66624693
  -2.15686094  -2.67334988
  -2.16378418  -2.67936084
  -2.16925331  -2.68366129
  -2.18048187  -2.69252884
  -2.18211808  -2.69415014
  -2.19375764  -2.70509015
  -2.19528765  -2.70601226
  -2.20834253  -2.71634992
  -2.21059655  -2.71814256
  -2.22112909  -2.72781501
  -2.22453507  -2.73082389
  -2.23441992  -2.73948342
  -2.23923292  -2.74360324
  -2.24696394  -2.75043152
  -2.25443997  -2.75660962
  -2.26025065  -2.76132341
  -2.27043995  -2.76974214
  -2.27296879  -2.77204562
  -2.28507270  -2.78254323
  -2.28591736  -2.78330514
  -2.29879617  -2.79387451
  -2.30044515  -2.79543774
  -2.31171897  -2.80518057
  -2.31498821  -2.80834884
  -2.32447562  -2.81586041
  -2.33100062  -2.82144189
  -2.33758840  -2.82695094
  -2.34560198  -2.83430088
  -2.35019099  -2.83870820
  -2.35985582  -2.84637712
  -2.36419793  -2.85022586
  -2.37633564  -2.85929181
  -2.37714341  -2.86009937
  -2.38926357  -2.87217444
  -2.39012261  -2.87291202
  -2.40238585  -2.88251101
  -2.40561625  -2.88567629
  -2.41513601  -2.89316760
  -2.42223094  -2.89902173
  -2.42805527  -2.90448471
  -2.43614675  -2.91172649
  -2.44097650  -2.91579850
  -2.45125808  -2.92491441
  -2.45356489  -2.92674397
  -2.46637515  -2.93718709
  -2.46721937  -2.93795274
  -2.47973393  -2.94813698
  -2.48218949  -2.95050227
  -2.49286167  -2.96005037
  -2.49738188  -2.96361189
  -2.50561173  -2.97070748
  -2.51144195  -2.97616108
  -2.51854823  -2.98199183
  -2.52739896  -2.98933191
  -2.53148754  -2.99326061
  -2.54295098  -3.00205469
  -2.54455101  -3.00370638
  -2.55628276  -3.01538207
  -2.55718074  -3.01609089
  -2.57094225  -3.02576650
  -2.57304729  -3.02770141
  -2.58297989  -3.03635919
  -2.58801427  -3.04099481
  -2.59589849  -3.04767639
  -2.60319532  -3.05411027
  -2.60903597  -3.05954031
  -2.61792650  -3.06680302
  -2.62194528  -3.07008581
  -2.63304081  -3.08000947
  -2.63451374  -3.08103030
  -2.64783893  -3.09168393
  -2.64879682  -3.09253194
  -2.66039311  -3.10284276
  -2.66444716  -3.10600019
  -2.67387344  -3.11505141
  -2.67787762  -3.11830972
  -2.68659461  -3.12500885
  -2.69387266  -3.13145895
  -2.69972165  -3.13691373
  -2.70899942  -3.14464199
  -2.71227318  -3.14783531
  -2.72435374  -3.15756932
  -2.72520925  -3.15833086
  -2.73829372  -3.16867931
  -2.73993472  -3.17024074
  -2.75142638  -3.18059610
  -2.75384246  -3.18295856
  -2.76415528  -3.19130229
  -2.76968705  -3.19626772
  -2.77731522  -3.20309576
  -2.78513656  -3.20912874
  -2.78965110  -3.21353098
  -2.79893953  -3.22192629
  -2.80297289  -3.22518366
  -2.81487116  -3.23513711
  -2.81571277  -3.23591237
  -2.82880825  -3.24703584
  -2.82964317  -3.24781306
  -2.84154378  -3.25776294
  -2.84486192  -3.26089401
  -2.85490026  -3.26939391
  -2.86035412  -3.27368093
  -2.86762890  -3.28014546
  -2.87490816  -3.28659691
  -2.88056938  -3.29143533
  -2.89027776  -3.29947835
  -2.89351088  -3.30190305
  -2.90641071  -3.31170536
  -2.90721913  -3.31251338
  -2.91933389  -3.32460319
  -2.92018167  -3.32536201
  -2.93210972  -3.33449936
  -2.93633529  -3.33833983
  -2.94523476  -3.34639990
  -2.95090201  -3.35121365
  -2.95836450  -3.35750888
  -2.96620474  -3.36428647
  -2.97073970  -3.36868990
  -2.98094356  -3.37683433
  -2.98424149  -3.37927371
  -2.99658585  -3.38965837
  -2.99739446  -3.39046642
  -3.00968881  -3.40161603
  -3.01206373  -3.40330446
  -3.02304704  -3.41242607
  -3.02707102  -3.41576103
  -3.03576338  -3.42404523
  -3.04132087  -3.42895628
  -3.04872251  -3.43448167
  -3.05698730  -3.44162614
  -3.06164846  -3.44583889
  -3.07194667  -3.45496329
  -3.07422647  -3.45679204
  -3.08713118  -3.46722101
  -3.08796105  -3.46800650
  -3.10024741  -3.47840619
  -3.10272214  -3.48077332
  -3.11338788  -3.49032866
  -3.11731140  -3.49365261
  -3.12634157  -3.50079062
  -3.13281087  -3.50644927
  -3.13928550  -3.51208358
  -3.14818202  -3.51935153
  -3.15241499  -3.52322682
  -3.16271711  -3.53236614
  -3.16515259  -3.53476475
  -3.17747703  -3.54509978
  -3.17840977  -3.54590448
  -3.19122450  -3.55641790
  -3.19346598  -3.55817737
  -3.20417963  -3.56763454
  -3.20819929  -3.57093417
  -3.21691750  -3.57840166
  -3.22405914  -3.58419987
  -3.22986126  -3.58889531
  -3.23890815  -3.59674817
  -3.24299461  -3.60003679
  -3.25411450  -3.60974599
  -3.25574443  -3.61071707
  -3.26866721  -3.62130386
  -3.27027562  -3.62294468
  -3.28145296  -3.63432571
  -3.28393840  -3.63588284
  -3.29534667  -3.64476449
  -3.29959572  -3.64855191
  -3.30751264  -3.65518374
  -3.31495645  -3.66146870
  -3.32094501  -3.66675070
  -3.33034659  -3.67446953
  -3.33359391  -3.67754355
  -3.34550429  -3.68681106
  -3.34678878  -3.68795384
  -3.35924567  -3.69970909
  -3.36074512  -3.70066624
  -3.37221183  -3.71025412
  -3.37544826  -3.71348837
  -3.38480047  -3.72199018
  -3.39070447  -3.72649012
  -3.39857003  -3.73323716
  -3.40539608  -3.73931227
  -3.41086186  -3.74358524
  -3.42077228  -3.75220481
  -3.42420400  -3.75526081
  -3.43655607  -3.76485413
  -3.43740229  -3.76561718
  -3.44988306  -3.77657328
  -3.45151382  -3.77813517
  -3.46284436  -3.78781621
  -3.46688369  -3.79109813
  -3.47578838  -3.79916472
  -3.48145562  -3.80398287
  -3.48872294  -3.80973628
  -3.49665599  -3.81715981
  -3.50188077  -3.82242060
  -3.50996526  -3.82995573
  -3.51469656  -3.83810522
  -3.51673637  -3.84295370
  -3.51984819  -3.85606904
  -3.51990466  -3.86895240
  -3.52044562  -3.88191741
  -3.52070322  -3.89484416
  -3.52075907  -3.90772696
  -3.52123544  -3.92076432
  -3.52065732  -3.93368783
  -3.51877581  -3.94667037
  -3.51485491  -3.95479683
  -3.51135906  -3.95960093
  -3.50194671  -3.96718690
  -3.49432580  -3.97247161
  -3.48863896  -3.97564161
  -3.47601797  -3.98335004
  -3.47178740  -3.98566203
  -3.46264963  -3.98983678
  -3.45000064  -3.99454702
  -3.43888553  -3.99907732
  -3.43723171  -3.99979325
  -3.42398560  -4.00471008
  -3.41064220  -4.00984605
  -3.40773733  -4.01093065
  -3.39828727  -4.01468486
  -3.38519271  -4.01921715
  -3.37391749  -4.02413144
  -3.37226821  -4.02484928
  -3.35947006  -4.02923153
  -3.34654003  -4.03406728
  -3.33843421  -4.03724793
  -3.33347639  -4.03935994
  -3.32068036  -4.04373885
  -3.30761401  -4.04903607
  -3.30596948  -4.04974600
  -3.29482123  -4.05341050
  -3.28175980  -4.05869984
  -3.27136227  -4.06294171
  -3.26898803  -4.06386002
  -3.25600687  -4.06794383
  -3.24310452  -4.07275405
  -3.23737537  -4.07576094
  -3.23004773  -4.07884674
  -3.21724771  -4.08323411
  -3.20571626  -4.08829046
  -3.20405996  -4.08897564
  -3.19161614  -4.09333836
  -3.17839990  -4.09698276
  -3.16869339  -4.10155313
  -3.16540602  -4.10302672
  -3.15283733  -4.10785745
  -3.13983275  -4.11237162
  -3.13401365  -4.11476401
  -3.12660546  -4.11755181
  -3.11382229  -4.12192262
  -3.10228970  -4.12697917
  -3.10062629  -4.12766816
  -3.08820843  -4.13205656
  -3.07489367  -4.13689653
  -3.06762412  -4.14003281
  -3.06199663  -4.14251266
  -3.04915273  -4.14612940
  -3.03644163  -4.15108020
  -3.03059764  -4.15347362
  -3.02318374  -4.15624164
  -3.01043460  -4.16139278
  -2.99823683  -4.16612497
  -2.99734634  -4.16671068
  -2.98455184  -4.17109358
  -2.97147561  -4.17558715
  -2.96499241  -4.17867826
  -2.95857718  -4.18121138
  -2.94577264  -4.18560294
  -2.93301848  -4.19023787
  -2.92805037  -4.19218828
  -2.91978824  -4.19572948
  -2.90686226  -4.20056604
  -2.89558515  -4.20468468
  -2.89393638  -4.20540263
  -2.88114715  -4.20979748
  -2.86796178  -4.21472769
  -2.86237063  -4.21733042
  -2.85516227  -4.21991064
  -2.84223389  -4.22474929
  -2.82929490  -4.22959398
  -2.82841809  -4.23017176
  -2.81625445  -4.23487811
  -2.80363553  -4.23960803
  -2.79535338  -4.24323005
  -2.79040153  -4.24535805
  -2.77775407  -4.24932311
  -2.76466060  -4.25378168
  -2.75906732  -4.25622683
  -2.75177683  -4.25940385
  -2.73898300  -4.26384275
  -2.72603191  -4.26870446
  -2.72511400  -4.26921500
  -2.71285227  -4.27357155
  -2.70006002  -4.27795509
  -2.69119444  -4.28205487
  -2.68713206  -4.28360253
  -2.67436643  -4.28804294
  -2.66126200  -4.29247774
  -2.65641929  -4.29477742
  -2.64838392  -4.29810032
  -2.63555085  -4.30178689
  -2.62264367  -4.30661716
  -2.61928637  -4.30788666
  -2.60945852  -4.31146076
  -2.59666699  -4.31584456
  -2.58526058  -4.32044837
  -2.58361110  -4.32113543
  -2.57081974  -4.32551930
  -2.55789623  -4.33035673
  -2.55065655  -4.33360284
  -2.54499094  -4.33599356
  -2.53202090  -4.34004265
  -2.51960533  -4.34465154
  -2.51426750  -4.34669155
  -2.50607009  -4.34935219
  -2.49327922  -4.35373627
  -2.48033209  -4.35858293
  -2.47874977  -4.35932475
  -2.46790115  -4.36359817
  -2.45448992  -4.36744859
  -2.44310161  -4.37204512
  -2.44145458  -4.37273247
  -2.42866409  -4.37711673
  -2.41591816  -4.38161972
  -2.40753775  -4.38489574
  -2.40255361  -4.38689139
  -2.38989562  -4.39082223
  -2.37683121  -4.39611164
  -2.37133679  -4.39800935
  -2.36430049  -4.40093157
  -2.35101580  -4.40498360
  -2.33820610  -4.41017425
  -2.33731577  -4.41076009
  -2.32525028  -4.41502263
  -2.31235515  -4.41904450
  -2.30095615  -4.42359799
  -2.29932271  -4.42433593
  -2.28644633  -4.42954336
  -2.27349460  -4.43320445
  -2.26547648  -4.43663863
  -2.26060068  -4.43841156
  -2.24748701  -4.44254162
  -2.23482733  -4.44768210
  -2.23074930  -4.44954078
  -2.22183344  -4.45292628
  -2.20886803  -4.45658818
  -2.19612863  -4.46175046
  -2.19517350  -4.46236534
  -2.18310534  -4.46662769
  -2.17010877  -4.47110422
  -2.15825398  -4.47575105
  -2.15726174  -4.47630482
  -2.14437727  -4.48032588
  -2.13149536  -4.48514983
  -2.12350611  -4.48862718
  -2.11877774  -4.49052101
  -2.10561277  -4.49403413
  -2.09271345  -4.49928445
  -2.08936536  -4.50101125
  -2.07973165  -4.50452918
  -2.06672014  -4.50900497
  -2.05388835  -4.51339892
  -2.05223016  -4.51406767
  -2.04089590  -4.51787679
  -2.02808609  -4.52306807
  -2.01682964  -4.52723239
  -2.01512448  -4.52791602
  -2.00224371  -4.53193832
  -1.98923518  -4.53723377
  -1.98210074  -4.54004362
  -1.97666017  -4.54216586
  -1.96321585  -4.54655526
  -1.95053407  -4.55049916
  -1.94477446  -4.55263249
  -1.93737387  -4.55542599
  -1.92460637  -4.55981441
  -1.91171156  -4.56502385
  -1.90926346  -4.56572877
  -1.89871866  -4.56867718
  -1.88585709  -4.57271770
  -1.87350901  -4.57829618
  -1.87133607  -4.57957663
  -1.86027489  -4.58674430
  -1.85532293  -4.59139920
  -1.85323179  -4.60369408
         
