# shadow point cont 3D ind 205  size 1275
# norm -0.0392598 -0.9992290  0.0000000
# angle  1.6100662
   1.57979699712012   -0.06207039306724   -4.60357621240609
   1.58448777111704   -0.06225469407953   -4.59389840800993
   1.58988578535424   -0.06246678263654   -4.58802097360761
   1.60157450257949   -0.06292603358710   -4.58054816691928
   1.60459790691379   -0.06304482346693   -4.57863042190059
   1.61372805909243   -0.06340354812302   -4.57476934568104
   1.62636915610020   -0.06390021817715   -4.57083782937938
   1.63897881439008   -0.06439565300069   -4.56762732602595
   1.65112796069565   -0.06487299425909   -4.56361589281972
   1.65196587719543   -0.06490591608803   -4.56290502473356
   1.66483600196859   -0.06541158466757   -4.55808063956094
   1.67788911102814   -0.06592444271930   -4.55353473963022
   1.68336648264129   -0.06613964923610   -4.55101509568552
   1.69049060756975   -0.06641955686688   -4.54832547638348
   1.70373235848828   -0.06693982667743   -4.54384269439050
   1.71670674169507   -0.06744959158199   -4.54019858812373
   1.72064689743579   -0.06760440072267   -4.53838023658700
   1.72960127752915   -0.06795621927472   -4.53455612998371
   1.74237942929657   -0.06845827422502   -4.53016923172520
   1.75466042756544   -0.06894079596117   -4.52577160666566
   1.75555143863247   -0.06897580388134   -4.52522270424427
   1.76816118143181   -0.06947124202526   -4.52051404162292
   1.78123812446117   -0.06998503651622   -4.51600415412401
   1.78926929246111   -0.07030058196633   -4.51279641543625
   1.79394768471428   -0.07048439649859   -4.51086080973569
   1.80690238567291   -0.07099338808550   -4.50597882289596
   1.81983769164179   -0.07150161764120   -4.50192967234356
   1.82626668375386   -0.07175421342923   -4.49955996171977
   1.83284270092240   -0.07201258584747   -4.49665815042684
   1.84561774076774   -0.07251451853002   -4.49227292377406
   1.85867883487858   -0.07302769031527   -4.48858757782912
   1.86401071951313   -0.07323718063311   -4.48639765574445
   1.87117226839461   -0.07351855865501   -4.48376866630645
   1.88436165714457   -0.07403677115036   -4.47854805847204
   1.89541770173737   -0.07447116432549   -4.47344951904357
   1.89703065492374   -0.07453453742878   -4.47264286043505
   1.91005969548442   -0.07504644982662   -4.46851464958198
   1.92307599772899   -0.07555786173465   -4.46403490450282
   1.92962262364791   -0.07581507936755   -4.46114858473654
   1.93621679612573   -0.07607416510983   -4.45830983042356
   1.94899061831083   -0.07657604995038   -4.45392582752560
   1.96190545574162   -0.07708347529502   -4.44989026547488
   1.96659470006313   -0.07726771620620   -4.44793823110691
   1.97466036336096   -0.07758461698026   -4.44471288042212
   1.98771560858019   -0.07809755896193   -4.44021528812545
   1.99985142786273   -0.07857437660017   -4.43550044841348
   2.00076127882584   -0.07861012474187   -4.43491300859708
   2.01318455337125   -0.07909823652814   -4.42991344562359
   2.02620310239086   -0.07960973671221   -4.42577467030696
   2.03679518638400   -0.08002590082573   -4.42217587858998
   2.03932996369787   -0.08012549249764   -4.42087206890019
   2.05193531602173   -0.08062075813931   -4.41617088182505
   2.06503395171985   -0.08113540493754   -4.41163100484106
   2.07143818320963   -0.08138702787808   -4.40909769574030
   2.07793127702671   -0.08164214222896   -4.40680034784494
   2.09095969959422   -0.08215403034578   -4.40232481229707
   2.10347532404465   -0.08264577056971   -4.39696575481072
   2.10448409313508   -0.08268540521522   -4.39619980086692
   2.11650140192608   -0.08315756656356   -4.39194853178179
   2.12958875132325   -0.08367176992182   -4.38823485856586
   2.14079591255935   -0.08411210048604   -4.38340538780787
   2.14242980241100   -0.08417629619315   -4.38264759534246
   2.15518586826359   -0.08467748338549   -4.37747461460554
   2.16830557755141   -0.08519295816732   -4.37372369326372
   2.17700023289024   -0.08553457210598   -4.37032297062306
   2.18099206836647   -0.08569141174900   -4.36861911844916
   2.19409337200996   -0.08620616337109   -4.36406861000329
   2.20678637838814   -0.08670487294994   -4.35897359339103
   2.21089648112353   -0.08686635932622   -4.35732999709948
   2.21975336461393   -0.08721434722632   -4.35406142477156
   2.23292964310709   -0.08773204461828   -4.34991946557520
   2.24494308372107   -0.08820405398553   -4.34494786389260
   2.24582977882351   -0.08823889233099   -4.34430237486177
   2.25844206808734   -0.08873443052577   -4.33958841156906
   2.27164818004050   -0.08925330007757   -4.33540917764870
   2.28173587251659   -0.08964964659442   -4.33149864938464
   2.28407907568390   -0.08974171129760   -4.33055352685010
   2.29734519166043   -0.09026293841389   -4.32537500676705
   2.31007859253313   -0.09076323509675   -4.32046629663797
   2.31499211743778   -0.09095628801604   -4.31860456765730
   2.32315892359778   -0.09127716270398   -4.31570194690214
   2.33606703844164   -0.09178432391746   -4.31167332780881
   2.34881251206350   -0.09228509493993   -4.30651828970129
   2.34968481708735   -0.09231936789766   -4.30592436637603
   2.36159243542782   -0.09278721949646   -4.30145003371905
   2.37490104638084   -0.09331011624493   -4.29671659007890
   2.38514584327196   -0.09371263541105   -4.29295417606894
   2.38751638471972   -0.09380577423820   -4.29203582421350
   2.40058667187945   -0.09431930721933   -4.28670485029600
   2.41387169902168   -0.09484127735735   -4.28165708121868
   2.41606176897493   -0.09492732544016   -4.28064128358599
   2.42653834524438   -0.09533895124287   -4.27578087067207
   2.43899062864604   -0.09582820279021   -4.27083345408729
   2.44558014205160   -0.09608710547704   -4.26707498109453
   2.45219364793949   -0.09634695083107   -4.26336461004414
   2.46494017375753   -0.09684776319444   -4.25739712321542
   2.47126151597179   -0.09709612940647   -4.25396052877495
   2.47768560775598   -0.09734853266010   -4.25067927709897
   2.49092125191890   -0.09786856253557   -4.24398714815389
   2.49492186565718   -0.09802574707745   -4.24155836296154
   2.50381734840075   -0.09837525154633   -4.23676075623731
   2.51688144937420   -0.09888854147153   -4.23061507195581
   2.52005762119347   -0.09901333360219   -4.22890642468125
   2.52943792161404   -0.09938188660947   -4.22283866540062
   2.54237917534113   -0.09989034985322   -4.21626267076757
   2.54399259195556   -0.09995374116465   -4.21545620240498
   2.55544670671459   -0.10040377455921   -4.20932653988488
   2.56782800661811   -0.10089023715732   -4.20310869242066
   2.56865107423776   -0.10092257557217   -4.20232246196657
   2.58127338130846   -0.10141850736766   -4.19637965804292
   2.59328880065194   -0.10189059447941   -4.18988458461960
   2.59416622274006   -0.10192506848714   -4.18919635560615
   2.60690219235509   -0.10242546609616   -4.18242546409356
   2.61733367979347   -0.10283532035386   -4.17667245882646
   2.61964037280892   -0.10292595056927   -4.17566069473383
   2.63289381450019   -0.10344667971154   -4.16897952164692
   2.64288723859337   -0.10383932241354   -4.16351370266425
   2.64529882157710   -0.10393407376703   -4.16188803940958
   2.65856024698826   -0.10445511659051   -4.15492927099634
   2.66580591761485   -0.10473979976477   -4.15100717061133
   2.67143834814273   -0.10496109856292   -4.14775549458333
   2.68420010057857   -0.10546250918173   -4.14173983888582
   2.69154118455995   -0.10575094115691   -4.13786867295819
   2.69726872952680   -0.10597597701155   -4.13480394954400
   2.71033928173934   -0.10648952040663   -4.12865490436989
   2.71590647734672   -0.10670825611778   -4.12534995821955
   2.72307052581207   -0.10698973234859   -4.12115902085969
   2.73589911569012   -0.10749376901765   -4.11449313283414
   2.73994660110918   -0.10765279515288   -4.11205992283078
   2.74890155699776   -0.10800463632799   -4.10738237543324
   2.76179529329383   -0.10851123260679   -4.10021585196910
   2.76410377984383   -0.10860193329037   -4.09914207109281
   2.77442974271443   -0.10900764147651   -4.09401259557917
   2.78743022100214   -0.10951843165959   -4.08784029860409
   2.78992288759153   -0.10961636879662   -4.08623909454768
   2.80052890235377   -0.11003308025155   -4.07999669823529
   2.81325944907733   -0.11053326479459   -4.07407640696407
   2.81485968394579   -0.11059613819381   -4.07320105976494
   2.82605908268405   -0.11103616376865   -4.06738345065300
   2.83820522981330   -0.11151338718909   -4.06019261503681
   2.83908699517519   -0.11154803184452   -4.05952163284827
   2.85218342456312   -0.11206259195659   -4.05331167445766
   2.86188793845098   -0.11244388334570   -4.04780155625477
   2.86507747523770   -0.11256920058735   -4.04612003669805
   2.87781517125343   -0.11306966602684   -4.03936527354514
   2.88753263278091   -0.11345146613010   -4.03456955951657
   2.89089785444954   -0.11358368604957   -4.03240388397645
   2.90382126064742   -0.11409144806198   -4.02669901649507
   2.91267088214976   -0.11443915063779   -4.02200862307055
   2.91672607352048   -0.11459847954068   -4.01880860705545
   2.92963181328753   -0.11510554743714   -4.01221679143964
   2.93596209437084   -0.11535426485829   -4.00877889870911
   2.94237289804516   -0.11560614602066   -4.00546930548538
   2.95545993659809   -0.11612033716582   -3.99927873435678
   2.96029088902422   -0.11631014580359   -3.99614152619529
   2.96835952517026   -0.11662716338118   -3.99130155916014
   2.98083593255791   -0.11711736276251   -3.98583717124306
   2.98583049870571   -0.11731359980091   -3.98261241732440
   2.99418313147211   -0.11764177563610   -3.97753730760565
   3.00675633942013   -0.11813577832181   -3.97138195167836
   3.00917695505421   -0.11823088456909   -3.96980228310968
   3.01982340475789   -0.11864918471720   -3.96279432670131
   3.02772164025012   -0.11895950723486   -3.95717957814828
   3.03256143624747   -0.11914966333750   -3.95233618899840
   3.03858961240880   -0.11938651102394   -3.94447482962592
   3.04317330836351   -0.11956660492849   -3.93168963317660
   3.04405775456447   -0.11960135491436   -3.91890429163539
   3.04402790805810   -0.11960018224194   -3.90604037012024
   3.04389126670020   -0.11959481358836   -3.89304190799137
   3.04261358717556   -0.11954461342312   -3.88016204337883
   3.04179202443247   -0.11951233413503   -3.86723032738393
   3.04089874553198   -0.11947723711144   -3.85447176448828
   3.03767081608373   -0.11935041141800   -3.84147915289739
   3.03417016230103   -0.11921287035629   -3.82870257247931
   3.03241624900834   -0.11914395891533   -3.82632162347891
   3.02482272329403   -0.11884560847745   -3.81606123075118
   3.01927027227610   -0.11862745208280   -3.80951790306317
   3.01372830200722   -0.11840970747791   -3.80298284233210
   3.00650866555011   -0.11812604718895   -3.79484639236585
   3.00182786579536   -0.11794213806570   -3.78985353884457
   2.99335787955701   -0.11760935140005   -3.77975639238929
   2.99093251475022   -0.11751405855725   -3.77733058321149
   2.98026023149406   -0.11709474340610   -3.76507900963431
   2.97953995537774   -0.11706644368042   -3.76431342066238
   2.96806781004696   -0.11661570186277   -3.75168264864831
   2.96725945984514   -0.11658394169684   -3.75087401399993
   2.95605362230034   -0.11614366314059   -3.73838195488181
   2.95458645464053   -0.11608601796624   -3.73666187047193
   2.94542898950765   -0.11572622018125   -3.72500069922961
   2.94224368488788   -0.11560106922189   -3.72170887717842
   2.93472549971022   -0.11530567892175   -3.71221486127291
   2.92883338276583   -0.11507417701650   -3.70527132163218
   2.92305147843067   -0.11484700537647   -3.69974898850636
   2.91564454645621   -0.11455598622659   -3.69074112839214
   2.91186327328714   -0.11440741959915   -3.68655923853063
   2.90324188174887   -0.11406868420306   -3.67740616703396
   2.89996010911547   -0.11393974300512   -3.67342834294813
   2.89005265299686   -0.11355047799405   -3.66234101488772
   2.88842471029061   -0.11348651595092   -3.66069624207428
   2.87831603036593   -0.11308934483497   -3.64790260131198
   2.87682763952224   -0.11303086579945   -3.64640974700076
   2.86497782852578   -0.11256528545738   -3.63480639081933
   2.86419820993292   -0.11253465415944   -3.63397289316366
   2.85496514855300   -0.11217188618982   -3.62214451681201
   2.85097014309058   -0.11201492199770   -3.61800404258409
   2.84314515292662   -0.11170747729682   -3.60890529126817
   2.83814549034007   -0.11151104001880   -3.60263007958194
   2.83185340921344   -0.11126382347803   -3.59604951867853
   2.82526552932799   -0.11100498497238   -3.58877408517610
   2.82051437955868   -0.11081831178953   -3.58303669069527
   2.81251383825999   -0.11050396966579   -3.57328478886264
   2.80942378680258   -0.11038256121337   -3.56997957741054
   2.79952408889144   -0.10999360102309   -3.55967242782274
   2.79707373888009   -0.10989732650894   -3.55713781077838
   2.78739904817053   -0.10951720687570   -3.54431453846139
   2.78659098738536   -0.10948545808098   -3.54350614959008
   2.77499641369296   -0.10902990603990   -3.53147224664747
   2.77350817290313   -0.10897143290001   -3.52975957964497
   2.76355903429004   -0.10858053017927   -3.51804383289014
   2.76115770320797   -0.10848618162409   -3.51559220132249
   2.75264866623062   -0.10815186065072   -3.50551496976864
   2.74766301358944   -0.10795597382495   -3.49989220427494
   2.74072934549725   -0.10768354926365   -3.49238019659760
   2.73494974863114   -0.10745646828432   -3.48595854083118
   2.73002110554727   -0.10726282137015   -3.47964998642491
   2.72164301537116   -0.10693364531061   -3.47015230010302
   2.71847388961073   -0.10680913002036   -3.46688176240749
   2.70887614566566   -0.10643203363373   -3.45624568020745
   2.70657837737086   -0.10634175407155   -3.45375523988000
   2.69652825291279   -0.10594688360615   -3.44121526945331
   2.69563745342088   -0.10591188399879   -3.44030881547707
   2.68394557639711   -0.10545250889940   -3.42784948710745
   2.68318324575282   -0.10542255684681   -3.42700419613499
   2.67406209809964   -0.10506418597949   -3.41519352922546
   2.66992208837163   -0.10490152455426   -3.41033586479797
   2.66153930723310   -0.10457216418631   -3.40185820978036
   2.65756162084182   -0.10441588046235   -3.39772346283519
   2.65024563013811   -0.10412843440474   -3.38887584465205
   2.64440891118253   -0.10389910909240   -3.38177033904360
   2.63951105505581   -0.10370667180107   -3.37615779565311
   2.63149640023997   -0.10339177515573   -3.36719823097219
   2.62761534284820   -0.10323928799550   -3.36303408530963
   2.61859947525282   -0.10288505359291   -3.35260568126058
   2.61630253388818   -0.10279480652090   -3.35010897900118
   2.60578391030426   -0.10238152867472   -3.33800427756653
   2.60499050481588   -0.10235035568818   -3.33718269935277
   2.59345692603225   -0.10189720014359   -3.32437798154107
   2.59271371873114   -0.10186799944920   -3.32352141110789
   2.58321225170249   -0.10149468579291   -3.31125507874242
   2.58011577615746   -0.10137302493740   -3.30794132086080
   2.57083786718923   -0.10100849490123   -3.29851928474750
   2.56663878139744   -0.10084351237114   -3.29308361908690
   2.55952962262745   -0.10056419276233   -3.28562663320020
   2.55412388953628   -0.10035180093073   -3.27977609156857
   2.54822208123189   -0.10011991825091   -3.27271475552623
   2.54100930233668   -0.09983652739629   -3.26458422418701
   2.53691431257452   -0.09967563481034   -3.25979587594968
   2.52810597468831   -0.09932955427223   -3.25000640420986
   2.52503141390866   -0.09920875445020   -3.24664662833619
   2.51511114945384   -0.09881898619822   -3.23478358726779
   2.51429845942763   -0.09878705552013   -3.23394993584576
   2.50272857795051   -0.09833247363883   -3.22114197608202
   2.50198550359304   -0.09830327816781   -3.22028551986667
   2.49188819647334   -0.09790655389059   -3.20791775073461
   2.48946535419221   -0.09781136015810   -3.20549367985490
   2.48009729121052   -0.09744328796109   -3.19524062640861
   2.47620584989153   -0.09729039281526   -3.19039345100774
   2.46849453615966   -0.09698741447356   -3.18200263032712
   2.46345587277654   -0.09678944485006   -3.17572413190349
   2.45715783693069   -0.09654199434774   -3.16913493024983
   2.45033845939757   -0.09627406027474   -3.16135041814929
   2.44622493843113   -0.09611243959579   -3.15656964040955
   2.43743316121787   -0.09576700972829   -3.14677539371363
   2.43433575291829   -0.09564531222476   -3.14341998647470
   2.42464987339089   -0.09526475298166   -3.13217181645940
   2.42360372465704   -0.09522364968596   -3.13070261307531
   2.41227389856254   -0.09477849960633   -3.11772544112720
   2.41153095285537   -0.09474930919000   -3.11686909511747
   2.40143013131927   -0.09435244683098   -3.10450158811707
   2.39886712697543   -0.09425174611605   -3.10136212121633
   2.38891371323484   -0.09386067542509   -3.09117149056207
   2.38632054300689   -0.09375878948934   -3.08811359697405
   2.37807810382709   -0.09343494317196   -3.07854694802303
   2.37336744252513   -0.09324986078533   -3.07279252292534
   2.36670554659191   -0.09298811418124   -3.06572351285941
   2.35995784113419   -0.09272299611175   -3.05782697820852
   2.35541813170604   -0.09254463044254   -3.05276314920286
   2.34752749973937   -0.09223460666821   -3.04451756128381
   2.34330453282467   -0.09206868584624   -3.03984083205924
   2.33410347881874   -0.09170717544976   -3.02876811202591
   2.33258565686739   -0.09164754006288   -3.02709680557194
   2.32168801624180   -0.09121937059656   -3.01543591950260
   2.32018841869966   -0.09116045124867   -3.01373999553876
   2.31038205747154   -0.09077515826666   -3.00089589450490
   2.30856502743095   -0.09070376696193   -2.99867437139641
   2.29815933021821   -0.09029492600495   -2.98805568526987
   2.29571514540076   -0.09019889372192   -2.98485757436137
   2.28757199035953   -0.08987894828897   -2.97524856841299
   2.28281218072989   -0.08969193485929   -2.97030244146679
   2.27576515678761   -0.08941505653451   -2.96205092607062
   2.26976334886086   -0.08917924485883   -2.95432170122085
   2.26476185093959   -0.08898273547030   -2.94956234022619
   2.25675552047678   -0.08866816588968   -2.94060804565376
   2.25289159037075   -0.08851635166235   -2.93641848739785
   2.24417525387551   -0.08817388586873   -2.92658158005477
   2.24156647469142   -0.08807138665543   -2.92352626205907
   2.23105607791087   -0.08765843204123   -2.91224425684846
   2.22950552911286   -0.08759751081304   -2.91054225376746
   2.21975200488011   -0.08721429380223   -2.89770582106837
   2.21813752394040   -0.08715086067335   -2.89609036890659
   2.20798233414918   -0.08675186217977   -2.88494218498863
   2.20508689984097   -0.08663810025596   -2.88164533189116
   2.19695061518008   -0.08631842476099   -2.87198786383303
   2.19214205113459   -0.08612949576509   -2.86633943181564
   2.18564555138867   -0.08587424759490   -2.85908753918279
   2.17943718969352   -0.08563032039955   -2.85241544037178
   2.17376137527964   -0.08540731704388   -2.84597644995688
   2.16633825666423   -0.08511566191915   -2.83722388517967
   2.16245484125578   -0.08496308211219   -2.83306099131482
   2.15306409373364   -0.08459411863717   -2.82134236822975
   2.15232783147738   -0.08456519081433   -2.82054597040594
   2.14104422777310   -0.08412185681736   -2.81007395490806
   2.13858621926907   -0.08402528140021   -2.80695356967272
   2.13014406849735   -0.08369358839301   -2.79432562796916
   2.12775406267073   -0.08359968480834   -2.79186450615236
   2.11743176870179   -0.08319412077373   -2.78120186029961
   2.11488290491485   -0.08309397564280   -2.77809097339160
   2.10613112909974   -0.08275011743451   -2.76828027338551
   2.10193477512195   -0.08258524223768   -2.76358794243258
   2.09462908000541   -0.08229820069479   -2.75556055188656
   2.08888565619357   -0.08207254095863   -2.74915121639009
   2.08335594977701   -0.08185527820180   -2.74260240074079
   2.07613437159131   -0.08157154162212   -2.73448763313225
   2.07209470902844   -0.08141282284775   -2.72964163444118
   2.06335175933681   -0.08106931141881   -2.71901832204041
   2.06089826261032   -0.08097291326988   -2.71662297529563
   2.05003536019041   -0.08054610867139   -2.70569323351846
   2.04844908468853   -0.08048378373718   -2.70396292580504
   2.03854936191484   -0.08009482257005   -2.69055903944124
   2.03775782348125   -0.08006372294029   -2.68973713018629
   2.02763722174258   -0.07966608341500   -2.67803567382110
   2.02440921745561   -0.07953925478114   -2.67480553173033
   2.01534993098723   -0.07918331444639   -2.66522758930779
   2.01158267389087   -0.07903529851195   -2.66099017433641
   2.00423292072016   -0.07874652592339   -2.65219519996556
   1.99863226706384   -0.07852647564192   -2.64649006458664
   1.99273268132291   -0.07829468028686   -2.63947695069871
   1.98540325425194   -0.07800670631293   -2.63138922790797
   1.98088197600965   -0.07782906480698   -2.62629658155643
   1.97275895817797   -0.07750991056715   -2.61666571689197
   1.96957462256564   -0.07738479768019   -2.61338615011028
   1.95984701842367   -0.07700259907253   -2.60213127416052
   1.95827024114574   -0.07694064732455   -2.60047345560540
   1.94811835577929   -0.07654177866217   -2.58793205269166
   1.94659566978166   -0.07648195216639   -2.58624312928264
   1.93583928354117   -0.07605933259998   -2.57447621937510
   1.93425925005241   -0.07599725291513   -2.57283909883358
   1.92434020401746   -0.07560753253501   -2.56175891674500
   1.92099456568255   -0.07547608204682   -2.55781062488991
   1.91260081300733   -0.07514629060601   -2.54856043708805
   1.90865845730610   -0.07499139502865   -2.54358200554333
   1.90142140010768   -0.07470705027690   -2.53548566327548
   1.89549211579450   -0.07447408806176   -2.52845305241184
   1.89106074066258   -0.07429997885864   -2.52317204094647
   1.88227184224658   -0.07395466209939   -2.51339418992657
   1.87919865051725   -0.07383391606749   -2.51003635329451
   1.86987346612106   -0.07346752857470   -2.49999241043000
   1.86739173784892   -0.07337002120532   -2.49689576580180
   1.85716459854812   -0.07296819580781   -2.48445056737577
   1.85635778842428   -0.07293649615171   -2.48364318382422
   1.84527275066198   -0.07250096383185   -2.47131564310818
   1.84352061013407   -0.07243212204301   -2.46901338578584
   1.83336239646246   -0.07203300474085   -2.45821085350271
   1.83102341445083   -0.07194110588732   -2.45574420218151
   1.82272436380055   -0.07161503529921   -2.44544390017193
   1.81808317696576   -0.07143268257183   -2.44041955923517
   1.81083606570966   -0.07114794279508   -2.43233928334337
   1.80512318516800   -0.07092348310728   -2.42591709921515
   1.79934079205427   -0.07069629226308   -2.41959973404590
   1.79230478360718   -0.07041984673828   -2.41133805059029
   1.78818018258911   -0.07025779072292   -2.40654128483860
   1.77922101082448   -0.06990578390559   -2.39695592127537
   1.77619089718397   -0.06978673041641   -2.39356934367757
   1.76681231061761   -0.06941824474663   -2.38107133573162
   1.76603415854693   -0.06938767106851   -2.38023905644035
   1.75491221259275   -0.06895068862184   -2.36797900415671
   1.75336024572686   -0.06888971167760   -2.36631120663453
   1.74360539673509   -0.06850644261687   -2.35507572564081
   1.74046578868789   -0.06838308708074   -2.35177030056729
   1.73179890592570   -0.06804256432959   -2.34191168574000
   1.72787449411968   -0.06788837376979   -2.33771952527830
   1.72025783241562   -0.06758911431639   -2.32920077917574
   1.71482480398678   -0.06737565004805   -2.32335894210272
   1.70837125439293   -0.06712208939393   -2.31609369255359
   1.70193677362434   -0.06686927795599   -2.30882033357496
   1.69706591273486   -0.06667790131042   -2.30318319196101
   1.68874885893789   -0.06635112337675   -2.29372372363647
   1.68562431057546   -0.06622835953724   -2.29042001588897
   1.67647145288590   -0.06586874277919   -2.27772270903603
   1.67571039003964   -0.06583884053852   -2.27687848736229
   1.66416646330306   -0.06538527842175   -2.26426915159169
   1.66337532352030   -0.06535419445503   -2.26344756950687
   1.65264976114527   -0.06493278596160   -2.25154622417421
   1.65027105489333   -0.06483932633842   -2.24910301164550
   1.64115500346612   -0.06448115570236   -2.23883250787216
   1.63682399756862   -0.06431099001719   -2.23343251833071
   1.62933835248741   -0.06401687822093   -2.22567757427458
   1.62447910258735   -0.06382595777238   -2.22003507847927
   1.61802627062066   -0.06357242531391   -2.21277044684483
   1.61139355039906   -0.06331182502665   -2.20486176335300
   1.60672180125112   -0.06312827150271   -2.19986077207109
   1.59860592805441   -0.06280939797635   -2.19100659694647
   1.59474077213510   -0.06265753558668   -2.18690919434205
   1.58611988176390   -0.06231881988150   -2.17442273285510
   1.58534190064372   -0.06228825292003   -2.17359059956211
   1.57362295432429   -0.06182781426513   -2.16113670072505
   1.57283079675192   -0.06179669030934   -2.16031614036066
   1.56097009169814   -0.06133068193859   -2.14806363702462
   1.56021701811517   -0.06130109359693   -2.14721453554849
   1.55111579811110   -0.06094350568907   -2.13527097852379
   1.54698400199525   -0.06078116697755   -2.13046983444511
   1.53891893395961   -0.06046428959140   -2.12239848921935
   1.53400520048713   -0.06027122847746   -2.11685803987334
   1.52769104559157   -0.06002314465595   -2.10945571097939
   1.52125914839659   -0.05977043472690   -2.10218445962885
   1.51638737197829   -0.05957902211011   -2.09654678829249
   1.50827064717243   -0.05926011512393   -2.08769222041437
   1.50433009972156   -0.05910529059292   -2.08361883102234
   1.49540636936536   -0.05875467627232   -2.07241774147011
   1.49443162523724   -0.05871637847122   -2.07089596544585
   1.48286563237443   -0.05826194937399   -2.05823323694084
   1.48205917655116   -0.05823026363839   -2.05742614486016
   1.47100098522496   -0.05779578611788   -2.04510610927544
   1.46948648448998   -0.05773628122194   -2.04341331229924
   1.45944533853374   -0.05734176352284   -2.03176044768756
   1.45706201592617   -0.05724812252255   -2.02917424280260
   1.44845405600882   -0.05690991485628   -2.01924865465549
   1.44375111274798   -0.05672513571231   -2.01424698641168
   1.43634712245059   -0.05643423214124   -2.00634156740616
   1.43079505955389   -0.05621609099592   -1.99982375046154
   1.42526154922557   -0.05599867878299   -1.99323878355436
   1.41814653514257   -0.05571912911831   -1.98579826802758
   1.41325600735503   -0.05552697975821   -1.98030193039301
   1.40504136329469   -0.05520422551405   -1.96985886739571
   1.40270329347940   -0.05511236250082   -1.96740642438906
   1.39221193040776   -0.05470015572308   -1.95532799331757
   1.39145110627076   -0.05467026286132   -1.95448398564490
   1.38026972022197   -0.05423094500697   -1.94142279769651
   1.37947881925185   -0.05419987042322   -1.94060142159597
   1.36875250412953   -0.05377843235427   -1.92870021628929
   1.36623040509357   -0.05367933881326   -1.92560587770191
   1.35700002024851   -0.05331667600497   -1.91555314583304
   1.35369190139657   -0.05318669966129   -1.91154897559861
   1.34567259019997   -0.05287162006624   -1.90264751318556
   1.34052862739572   -0.05266951321722   -1.89641971303453
   1.33472672278740   -0.05244155576431   -1.89013844906440
   1.32751699734398   -0.05215828488015   -1.88203301667308
   1.32289500471795   -0.05197668629528   -1.87701624253852
   1.31472475108017   -0.05165567615557   -1.86736788126249
   1.31163051380357   -0.05153410324187   -1.86409960032074
   1.30202463950037   -0.05115668741259   -1.85264055645877
   1.30041200158831   -0.05109332669646   -1.85102661052149
   1.28938197626791   -0.05065995582133   -1.83865825644673
   1.28864020379573   -0.05063081150152   -1.83780294466644
   1.27843872456976   -0.05022999429109   -1.82540502475381
   1.27606664351701   -0.05013679497270   -1.82296665900083
   1.26634398132288   -0.04975479053469   -1.81249367898520
   1.26302862304001   -0.04962452975299   -1.80859029983434
   1.25514699150107   -0.04931485960643   -1.79955265919171
   1.25028724672944   -0.04912391971432   -1.79390978148965
   1.24390061292311   -0.04887298818865   -1.78663330493133
   1.23751805429007   -0.04862221677698   -1.77920706488109
   1.23201978184239   -0.04840618906415   -1.77352898379218
   1.22421354885180   -0.04809948133463   -1.76347139796862
   1.22185645177184   -0.04800687073813   -1.76101935740765
   1.21171651811895   -0.04760847165985   -1.75015741294806
   1.20990216973075   -0.04753718571753   -1.74793819244736
   1.19860023254955   -0.04709313139629   -1.73662911439174
   1.19633965818487   -0.04700431318760   -1.73484521138062
   1.18571485194900   -0.04658686341366   -1.72453783161703
   1.18324946028560   -0.04648999791139   -1.72213722049401
   1.17281522459398   -0.04608003567452   -1.71243437859487
   1.16884585785184   -0.04592407883047   -1.70905900298887
   1.15982731417689   -0.04556973928443   -1.70117930514278
   1.15427255686083   -0.04535149227508   -1.69629673498176
   1.14731010332343   -0.04507793673056   -1.68964403225077
   1.14088879845094   -0.04482564297499   -1.68298696938937
   1.13431623191979   -0.04456740613267   -1.67729151962797
   1.12530988402831   -0.04421354576026   -1.67032775400871
   1.12107581417481   -0.04404718870264   -1.66579994170873
   1.11201272605419   -0.04369109900056   -1.65709837337292
   1.10896958010957   -0.04357153347076   -1.65428873757297
   1.09848393761467   -0.04315955145509   -1.64474122213755
   1.09513664245129   -0.04302803586993   -1.64169636590709
   1.08327410599792   -0.04256195554330   -1.63175246431640
   1.08244292029064   -0.04252929816791   -1.63097413703248
   1.06959508416686   -0.04202450531179   -1.61964642953938
   1.06877548395891   -0.04199230313192   -1.61885393574115
   1.05669031294835   -0.04151747546971   -1.60751475518023
   1.05502099346174   -0.04145188772845   -1.60596743946566
   1.04362433321060   -0.04100411172765   -1.59564138541138
   1.04049407875877   -0.04088112369528   -1.59306626030186
   1.03092784242409   -0.04050526524603   -1.58495121208637
   1.02596055975922   -0.04031010017859   -1.58016952211525
   1.01782786519286   -0.03999056573882   -1.57305044840917
   1.01097602396453   -0.03972135616375   -1.56699967035243
   1.00561961303382   -0.03951090220511   -1.56187234376860
   0.99785540659861   -0.03920584570344   -1.55417849251601
   0.99217504660995   -0.03898266375164   -1.54947272890230
   0.98276139116633   -0.03861280022193   -1.54118177560699
   0.97953682405989   -0.03848610663527   -1.53795452602033
   0.96849146289392   -0.03805213321312   -1.52781426744066
   0.96680888299802   -0.03798602446896   -1.52635543803274
   0.95451743675585   -0.03750309223082   -1.51535054166928
   0.95369789002357   -0.03747089215202   -1.51455809695189
   0.94103394445835   -0.03697332437562   -1.50295291319116
   0.94018834623256   -0.03694010073084   -1.50219119312188
   0.92784627974503   -0.03645517961785   -1.49112317988082
   0.92615530315615   -0.03638874096673   -1.48960788848876
   0.91464477926822   -0.03593649125145   -1.47946223929889
   0.91156790326274   -0.03581560046395   -1.47685855805106
   0.90230723665082   -0.03545174788181   -1.46905950249122
   0.89585931427266   -0.03519840832159   -1.46348321633247
   0.88905160993041   -0.03493093288951   -1.45667128196077
   0.88333551001228   -0.03470634671206   -1.45104895582190
   0.87608066120634   -0.03442130292615   -1.44459476142482
   0.86880389447024   -0.03413539798242   -1.43814990806211
   0.86305523045517   -0.03390953235811   -1.43267002747461
   0.85444273431866   -0.03357114646331   -1.42505090912217
   0.85030471706242   -0.03340856332251   -1.42119123636650
   0.84051372261357   -0.03302387410290   -1.41237277320514
   0.83741558372317   -0.03290214789437   -1.40989386567561
   0.82612330339016   -0.03245847299173   -1.39934858842985
   0.82443708638862   -0.03239222134530   -1.39782610976884
   0.81163808306064   -0.03188934713495   -1.38728959732758
   0.81081859218178   -0.03185714925063   -1.38649720763811
   0.79898292650112   -0.03139212467953   -1.37578606339148
   0.79635883194272   -0.03128902372353   -1.37343734241687
   0.78562813247270   -0.03086741339309   -1.36338490069987
   0.78302533016064   -0.03076514901173   -1.36067389191961
   0.77602342032814   -0.03049004322515   -1.34783480069732
   0.77426183809693   -0.03042083047078   -1.34355527065775
   0.76471676748614   -0.03004580362509   -1.33467608747408
   0.75956741747147   -0.02984348511199   -1.33218736070034
   0.74682211740036   -0.02934272090835   -1.32942939236661
   0.73422254484644   -0.02884768235446   -1.32350860187459
   0.73252642850297   -0.02878104176183   -1.32200194153177
   0.72118790721589   -0.02833555004715   -1.31315773232093
   0.71624762756526   -0.02814144593103   -1.30929271613115
   0.70822814898807   -0.02782635975959   -1.30282931895797
   0.69910733848226   -0.02746800213882   -1.29569245281877
   0.69587827769845   -0.02734113199509   -1.29314809237292
   0.68341528378391   -0.02685145963055   -1.28322479935494
   0.68257222000047   -0.02681833556428   -1.28246360472768
   0.67000799435024   -0.02632468579402   -1.27298624857722
   0.66649051059941   -0.02618648348105   -1.27022298146038
   0.65655781989004   -0.02579622700020   -1.26255932706499
   0.65019387842832   -0.02554618705918   -1.25764211092575
   0.64395426635488   -0.02530103203313   -1.25259038667245
   0.63345351937838   -0.02488845656076   -1.24429221927907
   0.63093909907294   -0.02478966471790   -1.24215122713142
   0.61808112179950   -0.02428447341492   -1.23240779932090
   0.61722378169749   -0.02425078843057   -1.23167099352096
   0.60481369783461   -0.02376319490763   -1.22162470036396
   0.60164624707229   -0.02363874542823   -1.21913237828606
   0.59228908162457   -0.02327110139650   -1.21228579100255
   0.58425443790874   -0.02295541938514   -1.20582226577500
   0.57942806909316   -0.02276579083792   -1.20178536681451
   0.56816656653658   -0.02232332519740   -1.19281414784764
   0.56665141684378   -0.02226379480384   -1.19187851922781
   0.55332183846434   -0.02174007424294   -1.18116700722614
   0.55247082973476   -0.02170663801889   -1.18041876051609
   0.54066563913216   -0.02124281081687   -1.17196965568605
   0.53421764759488   -0.02098946853939   -1.16712965781571
   0.52774103054246   -0.02073500156235   -1.16230406278388
   0.51636477915752   -0.02028802742809   -1.15435205912611
   0.51482344971028   -0.02022746842917   -1.15344277477793
   0.50156017517799   -0.01970635295353   -1.14267137529767
   0.50074769827451   -0.01967443064905   -1.14187402194099
   0.48937403357677   -0.01922755814601   -1.13295226544985
   0.48420509090599   -0.01902446983535   -1.12843006443015
   0.47618594199654   -0.01870939661659   -1.12276334537980
   0.46585337787539   -0.01830342906661   -1.11531008372522
   0.46342829295380   -0.01820814722054   -1.11303815481336
   0.45128720242142   -0.01773112247433   -1.10253136252475
   0.45044418919185   -0.01769800039433   -1.10177022828613
   0.43742913856803   -0.01718663766261   -1.09133879158418
   0.43575182140034   -0.01712073569161   -1.08987860399214
   0.42448854490499   -0.01667820035285   -1.08101896133666
   0.41969827587615   -0.01648999017011   -1.07694710240171
   0.41182753830569   -0.01618074804874   -1.07088658642050
   0.40401688153200   -0.01587386650830   -1.06445825954526
   0.39822975544199   -0.01564648970495   -1.05981189311832
   0.38599547246966   -0.01516580341781   -1.05171365411971
   0.38451782465152   -0.01510774647691   -1.05073935880931
   0.37286365909578   -0.01464985306514   -1.04071573283768
   0.36958293881033   -0.01452095321407   -1.03829718198894
   0.35993030434134   -0.01414170017287   -1.03187084593183
   0.35045231915578   -0.01376930912072   -1.02515999710814
   0.34706817241355   -0.01363634563308   -1.02283145345442
   0.33418023438077   -0.01312997716867   -1.01556614312476
   0.32923553174606   -0.01293569927303   -1.01252095008069
   0.32127205341571   -0.01262281335728   -1.00765339043873
   0.30921416540015   -0.01214905764686   -0.99932151839887
   0.30832742648472   -0.01211421757998   -0.99867612293976
   0.29547571354657   -0.01160927240341   -0.99152617798854
   0.28836368350042   -0.01132983998186   -0.98645665868112
   0.28276185160270   -0.01110974340716   -0.98300026743835
   0.26978538783196   -0.01059989675702   -0.97518414950077
   0.26732237132541   -0.01050312457492   -0.97359617334932
   0.25710111186714   -0.01010153019705   -0.96760859114140
   0.24634645449924   -0.00967897855824   -0.96060282699777
   0.24390238810884   -0.00958295092822   -0.95910786003245
   0.23114131802515   -0.00908156711910   -0.95177388832891
   0.22477588159906   -0.00883146844077   -0.94757406586225
   0.21824594625353   -0.00857490658229   -0.94290138175470
   0.20556921496258   -0.00807683645336   -0.93494073237141
   0.20463359359268   -0.00804007578962   -0.93439310895158
   0.19231520006519   -0.00755608478976   -0.92700132053840
   0.18395873196284   -0.00722775826382   -0.92141484847010
   0.17978077196706   -0.00706360576851   -0.91880142507577
   0.16656252445166   -0.00654425940917   -0.91149614280582
   0.16256571231414   -0.00638722423260   -0.90905784749443
   0.15386733332812   -0.00604546399145   -0.90390336719567
   0.14236090914629   -0.00559337535407   -0.89623039710696
   0.14079433104768   -0.00553182433294   -0.89535136363573
   0.12802132107619   -0.00502997140435   -0.88779598036200
   0.11988946238024   -0.00471046980601   -0.88310782342693
   0.11500363973541   -0.00451850531148   -0.88002640285226
   0.10214649933494   -0.00401334688933   -0.87194190180648
   0.09954059423916   -0.00391096059926   -0.87045175807888
   0.08891311130425   -0.00349340565753   -0.86439243559838
   0.07803294813473   -0.00306592288234   -0.85718827585020
   0.07645424493089   -0.00300389546453   -0.85632268799011
   0.06335715360290   -0.00248930934476   -0.84860742974585
   0.05682491289235   -0.00223265690824   -0.84473880626693
   0.05029954777479   -0.00197627461451   -0.84149025875670
   0.03725924686184   -0.00146391979623   -0.83744668953123
   0.02440547677606   -0.00095889379410   -0.83609632233512
   0.01161827392625   -0.00045648322581   -0.83785578099103
  -0.00110011885220    0.00004322378742   -0.84122127818373
  -0.01386748779996    0.00054485507959   -0.84551078685287
  -0.01469666218289    0.00057743342982   -0.84626412051714
  -0.02699139326415    0.00106049472963   -0.85301849051020
  -0.03891811686627    0.00152909697621   -0.85886431204429
  -0.03979936797642    0.00156372142663   -0.85953683113006
  -0.05260270886831    0.00206676606033   -0.86625326517512
  -0.06153571701872    0.00241774490646   -0.87152272501680
  -0.06571560843660    0.00258197328755   -0.87460635331197
  -0.07830805516855    0.00307673186713   -0.88158267225228
  -0.08314546476346    0.00326679420776   -0.88475837374986
  -0.09135135727984    0.00358920460282   -0.89021068710214
  -0.10406135102584    0.00408858161717   -0.89703768551177
  -0.10489412177794    0.00412130126913   -0.89779654365743
  -0.11699328747719    0.00459667878416   -0.90498433596488
  -0.12658732058301    0.00497362937152   -0.91066421303351
  -0.12991909426174    0.00510453511588   -0.91305562714067
  -0.14267219427970    0.00560560578027   -0.92029570451699
  -0.14761947352298    0.00579998491113   -0.92356791993647
  -0.15592502936022    0.00612631108874   -0.92886761198024
  -0.16806415157713    0.00660325849962   -0.93587304479077
  -0.16890947042904    0.00663647116777   -0.93663048673239
  -0.18148412367812    0.00713053063951   -0.94466227093787
  -0.18889139596480    0.00742156316029   -0.94919523005292
  -0.19468383383796    0.00764914866416   -0.95285407613589
  -0.20734958886780    0.00814678753461   -0.95984322713497
  -0.21126928919933    0.00830079298008   -0.96222387046919
  -0.22017749716061    0.00865079742412   -0.96792750604856
  -0.23162664110250    0.00910063551474   -0.97485244113344
  -0.23337436686581    0.00916930384700   -0.97624811013627
  -0.24609032333401    0.00966891513735   -0.98379858861961
  -0.25243015707755    0.00991800788354   -0.98788371893797
  -0.25893489634925    0.01017357978558   -0.99210949823879
  -0.27192065811482    0.01068379175493   -0.99985986360560
  -0.27279207768257    0.01071802992299   -1.00056454556369
  -0.28468799754096    0.01118542188718   -1.00745377247636
  -0.29522346590234    0.01159936156648   -1.01366682148141
  -0.29767776157489    0.01169579110608   -1.01525983988946
  -0.31036946472339    0.01219444948090   -1.02279516345804
  -0.31518360509069    0.01238359757108   -1.02664276593871
  -0.32323969361896    0.01270012215142   -1.03328087140311
  -0.33277126496236    0.01307461860945   -1.03977571718597
  -0.33611111559466    0.01320584169818   -1.04295927028230
  -0.34830367259606    0.01368488856746   -1.05248578445006
  -0.34915802463838    0.01371845615063   -1.05322789295960
  -0.36192404868142    0.01422003460134   -1.06165735918307
  -0.36677102074176    0.01441047265226   -1.06551251569557
  -0.37504149442657    0.01473542044834   -1.07239927620024
  -0.38269968273544    0.01503631148648   -1.07840822244821
  -0.38771248353445    0.01523326496628   -1.08263739785827
  -0.39853993706163    0.01565867677398   -1.09079055022555
  -0.40104547643780    0.01575711968418   -1.09313990591956
  -0.41341914519233    0.01624328245363   -1.10268209070752
  -0.41506662724967    0.01630801219995   -1.10425109385659
  -0.42633128428962    0.01675060178046   -1.11315032842121
  -0.43198243036530    0.01697263591449   -1.11724933796806
  -0.43927458964666    0.01725914563297   -1.12284441004605
  -0.44891646394571    0.01763797590593   -1.13007266319308
  -0.45208663905421    0.01776253242518   -1.13250639668905
  -0.46493034035249    0.01826716282356   -1.14229488542124
  -0.46574924887808    0.01829933782716   -1.14308570393478
  -0.47800855718872    0.01878100736253   -1.15350394323416
  -0.48112118933570    0.01890330301266   -1.15589257612248
  -0.49078315188863    0.01928292255527   -1.16330469922506
  -0.49741554481174    0.01954350998293   -1.16873826413041
  -0.50399930667766    0.01980218669116   -1.17405740154727
  -0.51487856072202    0.02022963374672   -1.18187331295854
  -0.51651653424284    0.02029398990163   -1.18345427878029
  -0.52944304306498    0.02080187381649   -1.19395951574723
  -0.53026705394251    0.02083424929204   -1.19474219366895
  -0.54261157246212    0.02131926674564   -1.20489067276957
  -0.54583586060758    0.02144594937190   -1.20731091016058
  -0.55529698963403    0.02181767814376   -1.21402010064783
  -0.56405332707722    0.02216171557890   -1.22053376034492
  -0.56815737462057    0.02232296404604   -1.22450180218727
  -0.57873966113580    0.02273874321561   -1.23332030573350
  -0.58130278824635    0.02283944875406   -1.23554675937492
  -0.59391010453288    0.02333479156003   -1.24402218514760
  -0.59713832817181    0.02346162881225   -1.24643709416714
  -0.60723182394440    0.02385820334124   -1.25550553449308
  -0.61189540626807    0.02404143598977   -1.25896062253858
  -0.61972258881631    0.02434896682966   -1.26417322572199
  -0.63018384405814    0.02475999066755   -1.27218455961743
  -0.63265732873579    0.02485717414522   -1.27453545365986
  -0.64549762867244    0.02536167090374   -1.28434193148438
  -0.64632257107771    0.02539408297912   -1.28512341168694
  -0.65849316547443    0.02587226693531   -1.29469846686717
  -0.66248927102953    0.02602927435018   -1.29789479913830
  -0.67139042320924    0.02637900157182   -1.30518631523414
  -0.67869354635896    0.02666594206186   -1.31076914492262
  -0.68441891120448    0.02689089225930   -1.31544542656896
  -0.69481523882974    0.02729936508418   -1.32367740011520
  -0.69718522286867    0.02739248201068   -1.32535556953096
  -0.71001005627536    0.02789637108758   -1.33508410949121
  -0.71169374789378    0.02796252351144   -1.33660800436991
  -0.72286139757642    0.02840130166249   -1.34417800661375
  -0.72931758572072    0.02865496598554   -1.34965535616001
  -0.73597002942224    0.02891634121044   -1.35580069819647
  -0.74388300953749    0.02922724304592   -1.36244595296637
  -0.74871712111760    0.02941717580718   -1.36586795479562
  -0.76094457782182    0.02989759388953   -1.37518919604716
  -0.76177562333964    0.02993024575685   -1.37596739335190
  -0.77462921928864    0.03043526491712   -1.38651728613622
  -0.77629827344077    0.03050084223336   -1.38806435732566
  -0.78768849271385    0.03094836516744   -1.39838263448811
  -0.79071161532761    0.03106714397843   -1.40100494775290
  -0.80021012772052    0.03144034154676   -1.40941295743644
  -0.80587093735138    0.03166275536291   -1.41421337875443
  -0.81328322765687    0.03195398504218   -1.42117533590584
  -0.81962833075506    0.03220328482188   -1.42699969628317
  -0.82595045548950    0.03245168177922   -1.43198384569820
  -0.83404235746318    0.03276961347366   -1.43993294231444
  -0.83905769104670    0.03296666646683   -1.44475861774321
  -0.84935804381036    0.03337136842913   -1.45284347547376
  -0.85182726409894    0.03346838435850   -1.45526431626101
  -0.86268796838932    0.03389510259225   -1.46543539825112
  -0.86491928719967    0.03398277134707   -1.46715099554492
  -0.87754056366274    0.03447866264988   -1.47798671156877
  -0.87835665564151    0.03451072699105   -1.47878208545390
  -0.89070229340933    0.03499578842003   -1.49056320785122
  -0.89152181994139    0.03502798770517   -1.49135563621417
  -0.90327001116979    0.03548957539568   -1.50135360180979
  -0.90664513631571    0.03562218442383   -1.50459339619358
  -0.91667109966110    0.03601610559652   -1.51375919460161
  -0.91989567843331    0.03614279964154   -1.51698647812200
  -0.92914729419850    0.03650629661495   -1.52480406326412
  -0.93498649896205    0.03673571959495   -1.53023892083495
  -0.94226689371932    0.03702176708402   -1.53655291825289
  -0.94942850156734    0.03730314742271   -1.54317724218130
  -0.95508729590038    0.03752548205759   -1.54804090750242
  -0.96451500860859    0.03789589789874   -1.55611723389908
  -0.96775057890395    0.03802302380187   -1.55945935933483
  -0.97687505521353    0.03838152545246   -1.56898042676702
  -0.98086371377423    0.03853824027413   -1.57224906536955
  -0.99285438192848    0.03900935490900   -1.58193903942936
  -0.99366054961315    0.03904102932360   -1.58274588210253
  -1.00650128385875    0.03954554314617   -1.59432585827153
  -1.00732376439097    0.03957785849429   -1.59511084191483
  -1.01971803187448    0.04006483059000   -1.60674604975795
  -1.02118425183388    0.04012243852910   -1.60772206409753
  -1.03223326565811    0.04055655546458   -1.61675950758737
  -1.03626339024526    0.04071489949087   -1.62079456614177
  -1.04518976966834    0.04106561789359   -1.62902927912190
  -1.05081685006871    0.04128670648466   -1.63380027799700
  -1.05816166887083    0.04157528520135   -1.64022747107470
  -1.06488542479925    0.04183946229127   -1.64625473821432
  -1.07125663561899    0.04208978784615   -1.65193600821730
  -1.07979044489702    0.04242508212586   -1.65953335224792
  -1.08401758745132    0.04259116700916   -1.66423669399024
  -1.09232276620590    0.04291747837114   -1.67205981616121
  -1.09710653604829    0.04310543320015   -1.67612183394449
  -1.10733470440645    0.04350729902944   -1.68522050129623
  -1.10971864134157    0.04360096416672   -1.68702443409456
  -1.12146891136473    0.04406263353330   -1.69772356631742
  -1.12313122275843    0.04412794592583   -1.69928017123895
  -1.13558029629357    0.04461707135718   -1.70943994269067
  -1.13721951503714    0.04468147643702   -1.71102494919719
  -1.14867890175285    0.04513171696732   -1.72147841262329
  -1.15174014531512    0.04525199355446   -1.72393244352501
  -1.16175500463250    0.04564547844871   -1.73403863807095
  -1.16482895568379    0.04576625431445   -1.73663961620985
  -1.17425211317716    0.04613649118071   -1.74493257682700
  -1.17902013036138    0.04632382708610   -1.74979069823231
  -1.18735316847473    0.04665123304527   -1.75925457733761
  -1.19048581206238    0.04677431494704   -1.76251026042906
  -1.20000209775193    0.04714821083010   -1.77395375612827
  -1.20097943917943    0.04718661067937   -1.77541735651417
  -1.21276380879665    0.04764961982265   -1.78783579881386
  -1.21356373804731    0.04768104912851   -1.78864864221191
  -1.22419909943492    0.04809891361549   -1.80125778189243
  -1.22575468115036    0.04816003258755   -1.80302545335964
  -1.23552593805542    0.04854394631695   -1.81432452424224
  -1.23883349295688    0.04867390050296   -1.81819240933196
  -1.24670824590360    0.04898330038890   -1.82725943978886
  -1.25157441006546    0.04917449249953   -1.83288280221255
  -1.25749614709019    0.04940715818091   -1.83994323107644
  -1.26466235008654    0.04968871906347   -1.84723557455148
  -1.26953486299061    0.04988016061687   -1.85287421867653
  -1.27765291685499    0.05019911982189   -1.86173006544506
  -1.28150220786260    0.05035035887749   -1.86581123472642
  -1.29035173831297    0.05069805787585   -1.87726299503703
  -1.29135941025256    0.05073764941418   -1.87867487210279
  -1.30299533266953    0.05119482605108   -1.89124416815705
  -1.30373718773025    0.05122397361580   -1.89209958900530
  -1.31376808962500    0.05161808882463   -1.90454289475551
  -1.31615277176577    0.05171178324112   -1.90711898371113
  -1.32602983745425    0.05209985420894   -1.91740748044797
  -1.32934824288057    0.05223023471324   -1.92131233427369
  -1.33722978598051    0.05253990138502   -1.93035006802988
  -1.34188880944449    0.05272295491547   -1.93536389019373
  -1.34860630361541    0.05298688598027   -1.94322943153390
  -1.35508494173151    0.05324143236511   -1.95039513292254
  -1.35984094963315    0.05342829642450   -1.95616206095835
  -1.36795788578925    0.05374721171465   -1.96501705866881
  -1.37189482142643    0.05390189433711   -1.96908653267671
  -1.38081412070783    0.05425233456031   -1.98028091754105
  -1.38243326944941    0.05431595108763   -1.98197929404684
  -1.39371408081836    0.05475917537345   -1.99407194528985
  -1.39449191642083    0.05478973661750   -1.99490395633859
  -1.40522987507687    0.05521163216214   -2.00759066396037
  -1.40678125418904    0.05527258601347   -2.00925796331184
  -1.41643359561116    0.05565182754082   -2.02055476539926
  -1.41946141487323    0.05577079088363   -2.02396344473229
  -1.42823181891291    0.05611538099685   -2.03381087863567
  -1.43234032093398    0.05627680448090   -2.03849541401618
  -1.43885103798962    0.05653261125071   -2.04654768143928
  -1.44508260867670    0.05677745032983   -2.05318169383762
  -1.45015295601211    0.05697666481920   -2.05945501576263
  -1.45794857141313    0.05728295538250   -2.06770537619844
  -1.46198374281695    0.05744149769875   -2.07257829602318
  -1.47117083468984    0.05780245952153   -2.08364198811706
  -1.47274641074925    0.05786436407350   -2.08527324083403
  -1.48400468545574    0.05830670289144   -2.09736821272725
  -1.48476560132417    0.05833659935733   -2.09821231223685
  -1.49513933946655    0.05874418463902   -2.11114373792733
  -1.49673170815566    0.05880674897521   -2.11289989625937
  -1.50725727778609    0.05922029973230   -2.12419448045824
  -1.50963079969211    0.05931355566198   -2.12661980240964
  -1.51864993322017    0.05966791838341   -2.13694576244192
  -1.52272439557587    0.05982800444536   -2.14177294747305
  -1.52938875611736    0.06008984788418   -2.14964896213624
  -1.53601147886143    0.06035005536947   -2.15756913408078
  -1.54068872550541    0.06053382489062   -2.16255503042504
  -1.54809557944356    0.06082484097444   -2.16955645366144
  -1.55310108529684    0.06102150783504   -2.17588061904685
  -1.56127055501873    0.06134248717461   -2.18620148429468
  -1.56370725329414    0.06143822531060   -2.18875690592503
  -1.57432765247521    0.06185550193088   -2.20067026903568
  -1.57508862882090    0.06188540077294   -2.20151441667004
  -1.58626567206968    0.06232454799821   -2.21457266017604
  -1.58705669687485    0.06235562744745   -2.21539413799859
  -1.59762711226542    0.06277094019926   -2.22735260617707
  -1.60015455599182    0.06287024373373   -2.23054445906378
  -1.60897529098769    0.06321681135560   -2.24024970825877
  -1.61298586985536    0.06337438742848   -2.24509925616735
  -1.61999883935405    0.06364992775052   -2.25336715462430
  -1.62560404289523    0.06387015679745   -2.25998008285314
  -1.63159783821674    0.06410565365702   -2.26615498590312
  -1.63934052208473    0.06440986453472   -2.27453547503300
  -1.64250632643775    0.06453424932651   -2.27861320114055
  -1.65161369929022    0.06489207898045   -2.28883355630182
  -1.65416150681903    0.06499218261089   -2.29189601021516
  -1.66448039317546    0.06539761276003   -2.30334372152594
  -1.66603642748976    0.06545874951475   -2.30500803272207
  -1.67677553994437    0.06588069039226   -2.31769697203174
  -1.67755141320384    0.06591117453565   -2.31853076760805
  -1.68850942580512    0.06634171602334   -2.33085741046497
  -1.69008378132184    0.06640357262006   -2.33260770973013
  -1.69940066235704    0.06676963387291   -2.34351482442667
  -1.70352920660432    0.06693184481817   -2.34824421410865
  -1.71129755184070    0.06723706393378   -2.35663091461624
  -1.71627989785469    0.06743282084182   -2.36211027625701
  -1.72208553821778    0.06766092507294   -2.36921858326551
  -1.72904208274735    0.06793424845191   -2.37761607789265
  -1.73319322173948    0.06809734714711   -2.38229957172286
  -1.74235039518761    0.06845713347178   -2.39335482194130
  -1.74396357668043    0.06852051554525   -2.39496920275553
  -1.75484911068932    0.06894820934130   -2.40574337875833
  -1.75656433904475    0.06901560084692   -2.40813728672294
  -1.76713467222210    0.06943091036857   -2.42100636339349
  -1.76792693416474    0.06946203842507   -2.42182699527999
  -1.77864759944028    0.06988325451094   -2.43371307661911
  -1.78094235317070    0.06997341563057   -2.43624041698261
  -1.78964976528999    0.07031553078449   -2.44687640794428
  -1.79352104643252    0.07046763383484   -2.45107547400350
  -1.80163687017600    0.07078650541818   -2.45994656688670
  -1.80655487146661    0.07097973421515   -2.46545552236201
  -1.81292990776031    0.07123021007331   -2.47286152202514
  -1.81970978021326    0.07149659198748   -2.48060162953754
  -1.82429651270815    0.07167680519802   -2.48563773894221
  -1.83228974264660    0.07199086005764   -2.49546277817572
  -1.83498271934369    0.07209666740024   -2.49843263964360
  -1.84607704802537    0.07253256476132   -2.51002389923400
  -1.84684250383220    0.07256263960188   -2.51091933729095
  -1.85746159178635    0.07297986470392   -2.52433287702416
  -1.85823761498143    0.07301035473830   -2.52516678803446
  -1.86939726193842    0.07344881846141   -2.53743802407886
  -1.87097439223816    0.07351078407965   -2.53905972727566
  -1.88022590871778    0.07387427715211   -2.55001171276542
  -1.88422248375382    0.07403130301294   -2.55488553011621
  -1.89138005887504    0.07431252490537   -2.56306726950144
  -1.89690817091534    0.07452972501899   -2.56878126016912
  -1.90321008234796    0.07477732779353   -2.57621452419755
  -1.90973335567630    0.07503362790064   -2.58345063251520
  -1.91465186128167    0.07522687651219   -2.58896503673777
  -1.92304444882734    0.07555662217493   -2.59999848598732
  -1.92462112703457    0.07561857003041   -2.60165521960573
  -1.93551914842629    0.07604675445706   -2.61330519434590
  -1.93707564493013    0.07610790937126   -2.61496986063378
  -1.94724196123434    0.07650734502672   -2.62746149990105
  -1.94879417416932    0.07656833163904   -2.62912944936469
  -1.95975285707501    0.07699889946306   -2.64076664046015
  -1.96129354750404    0.07705943335489   -2.64239433397896
  -1.97036029534056    0.07741566684759   -2.65353116114608
  -1.97422969661740    0.07756769603782   -2.65772934455233
  -1.98173809301290    0.07786270173565   -2.66639782794074
  -1.98733369541226    0.07808255355270   -2.67208366867113
  -1.99320680429033    0.07831330862898   -2.67914869559642
  -2.00029493741030    0.07859180213775   -2.68658099865311
  -2.00581192274803    0.07880856508203   -2.69230513944417
  -2.01288054974860    0.07908629219328   -2.70133091519628
  -2.01623025221718    0.07921790236171   -2.70535109825734
  -2.02631554913163    0.07961415475669   -2.71625001923572
  -2.02785616802541    0.07967468583788   -2.71794594286737
  -2.03859241785762    0.08009651424265   -2.73057400587261
  -2.03938493041483    0.08012765214583   -2.73139482897620
  -2.05032018645875    0.08055729952595   -2.74390154690657
  -2.05206644049398    0.08062591003386   -2.74619680511276
  -2.06151890347846    0.08099729831600   -2.75688010059525
  -2.06460329372516    0.08111848433885   -2.76026037092839
  -2.07227277759984    0.08141981918098   -2.76958181495999
  -2.07770496550944    0.08163325042523   -2.77542373291015
  -2.08416045698339    0.08188688737603   -2.78269020895904
  -2.09079929130792    0.08214772788705   -2.79060237055434
  -2.09546744134768    0.08233114000164   -2.79560212934812
  -2.10387408489934    0.08266143792636   -2.80581505069405
  -2.10616483243162    0.08275144164203   -2.80833645482732
  -2.11668947377338    0.08316495592656   -2.82040851282944
  -2.11748206800328    0.08319609703867   -2.82122939832300
  -2.12899009108386    0.08364824849695   -2.83399107573710
  -2.12975155926764    0.08367816666338   -2.83483560216437
  -2.14052072299378    0.08410128825856   -2.84734250665706
  -2.14210932223012    0.08416370449255   -2.84906360636232
  -2.15219630712869    0.08456002320860   -2.85996383846733
  -2.15550151210486    0.08468988506579   -2.86397354746730
  -2.16329285932716    0.08499600793189   -2.87308457896318
  -2.16804188369627    0.08518259760754   -2.87799228578491
  -2.17454365555919    0.08543805291977   -2.88603956600672
  -2.18084567169358    0.08568565980805   -2.89266554620649
  -2.18654053228960    0.08590941149027   -2.89901487450313
  -2.19396019180020    0.08620093070640   -2.90941920468612
  -2.19638128151851    0.08629605558051   -2.91184178106879
  -2.20707442161770    0.08671619019925   -2.92294491699760
  -2.20862582540982    0.08677714502025   -2.92464540480809
  -2.21938279809352    0.08719978762808   -2.93727803558929
  -2.22018985570935    0.08723149700816   -2.93808558190784
  -2.23129004290443    0.08766762455086   -2.95042862418688
  -2.23300274024591    0.08773491661268   -2.95277203585832
  -2.24229504238084    0.08810001215791   -2.96358507791319
  -2.24537559694218    0.08822104747627   -2.96696406951447
  -2.25368413206587    0.08854749071036   -2.97644140542917
  -2.25894953482926    0.08875436894837   -2.98340129971955
  -2.26417695294461    0.08895975476549   -2.98936117814114
  -2.27123928209980    0.08923723443372   -2.99602421760059
  -2.27697565432314    0.08946261711221   -3.00236141954546
  -2.28424083246508    0.08974806673884   -3.01205118330044
  -2.28680485051046    0.08984880728221   -3.01517442168629
  -2.29747142805532    0.09026789825536   -3.02549934263167
  -2.29985017998628    0.09036135967327   -3.02799164703227
  -2.31015018899149    0.09076604812926   -3.04026115097964
  -2.31091186294332    0.09079597438034   -3.04110583683678
  -2.32148568628813    0.09121142103103   -3.05396546955039
  -2.32304200478095    0.09127256895116   -3.05562778186962
  -2.33278664304307    0.09165543683122   -3.06688670420032
  -2.33614506581183    0.09178738962119   -3.07081363554737
  -2.34403045052225    0.09209720723026   -3.07985527916779
  -2.34888811616716    0.09228806543325   -3.08549812383259
  -2.35478367773484    0.09251970267812   -3.09252729675133
  -2.36239799952444    0.09281887019602   -3.10112878120819
  -2.36628976281672    0.09297177799222   -3.10534347019528
  -2.37456178990670    0.09329678682176   -3.11473719841523
  -2.37799251057595    0.09343158020397   -3.11857327900346
  -2.38776456319875    0.09381552519720   -3.12900805630308
  -2.38944391853699    0.09388150724814   -3.13138216259195
  -2.39978963077734    0.09428799138914   -3.14441700106596
  -2.40059690636369    0.09431970933331   -3.14522471600606
  -2.41268584032720    0.09479468484235   -3.15735840680873
  -2.41346246307493    0.09482519843321   -3.15819277990591
  -2.42280401410026    0.09519222897261   -3.16995541623929
  -2.42676255151813    0.09534776033135   -3.17483225655129
  -2.43387537351788    0.09562722386885   -3.18303291637904
  -2.43930781462406    0.09584066506122   -3.18887625322380
  -2.44572744951154    0.09609289320290   -3.19617431295604
  -2.45206498074610    0.09634189548327   -3.20357930090336
  -2.45707840764687    0.09653887356268   -3.20906190194102
  -2.46549916844623    0.09686972615557   -3.21928173638115
  -2.46780872952385    0.09696046905745   -3.22175211655174
  -2.47810273563920    0.09736492165926   -3.23164799667311
  -2.48069231920460    0.09746666667465   -3.23474805826236
  -2.49062614909458    0.09785696791403   -3.24744292594609
  -2.49140502621568    0.09788757007946   -3.24827574648008
  -2.50253862263715    0.09832501027424   -3.26054384020349
  -2.50409210253420    0.09838604666563   -3.26221277266807
  -2.51433632612703    0.09878854330680   -3.27373229590372
  -2.51679818503837    0.09888527000687   -3.27693665203882
  -2.52488346293593    0.09920294144065   -3.28662168180416
  -2.52957808015342    0.09938739345348   -3.29162245312658
  -2.53642412729170    0.09965637537813   -3.29934004888869
  -2.54310308906230    0.09991879250079   -3.30717156503022
  -2.54743105489739    0.10008883874158   -3.31196926792751
  -2.55562012403497    0.10041058814429   -3.32211563325937
  -2.55825199703301    0.10051399471601   -3.32511490936579
  -2.56905594152605    0.10093848285125   -3.33625057344341
  -2.57057269413512    0.10099807622356   -3.33794515873972
  -2.58144678583156    0.10142532044993   -3.35040723596413
  -2.58222578507932    0.10145592741373   -3.35124015442207
  -2.59284406389933    0.10187312072481   -3.36410489028464
  -2.59435941276705    0.10193265894397   -3.36576253648539
  -2.60427490650856    0.10232223975411   -3.37684607362440
  -2.60784725853499    0.10246259784750   -3.38144083229279
  -2.61499012306939    0.10274324175940   -3.38963209164140
  -2.62019275621342    0.10294765377235   -3.39485524137781
  -2.62685589807493    0.10320944932909   -3.40277828418791
  -2.63309936027728    0.10345475562712   -3.41021887122404
  -2.63855104278118    0.10366895281607   -3.41605805318750
  -2.64619570742067    0.10396931250779   -3.42542968961916
  -2.64867796421625    0.10406684064291   -3.42860005055253
  -2.65879059789171    0.10446416710215   -3.43945677743845
  -2.66117934545294    0.10455802124945   -3.44190297059261
  -2.67151113648012    0.10496395842449   -3.45420051113655
  -2.67231878042309    0.10499569084143   -3.45500851905258
  -2.68392243320735    0.10545159960100   -3.46706888753425
  -2.68536679091761    0.10550834857000   -3.46880281792416
  -2.69446254987595    0.10586572191278   -3.48052641838613
  -2.69753367355903    0.10598638669093   -3.48390458080438
  -2.70583954059096    0.10631272509540   -3.49338608165384
  -2.71065528532661    0.10650193622139   -3.49826841541890
  -2.71733747588741    0.10676448020357   -3.50615596874733
  -2.72381174028969    0.10701885474473   -3.51338358591894
  -2.72944288043411    0.10724010284358   -3.51911267396137
  -2.73677857305599    0.10752832299167   -3.52879768394666
  -2.73916013946126    0.10762189499058   -3.53196655073965
  -2.75006911408170    0.10805050977076   -3.54367848982977
  -2.75092447985098    0.10808411718336   -3.54454322430201
  -2.76237521657095    0.10853401785441   -3.55723566184209
  -2.76315447499417    0.10856463500124   -3.55806879386095
  -2.77389613103063    0.10898667581635   -3.57075220090209
  -2.77569409334450    0.10905731794806   -3.57302440711236
  -2.78601358001967    0.10946277168379   -3.58368168155187
  -2.78836105149557    0.10955500408928   -3.58622638421520
  -2.79650138740440    0.10987483875822   -3.59666976642478
  -2.80133428141686    0.11006472368112   -3.60232142079507
  -2.80782701737587    0.11031982397172   -3.60953906222905
  -2.81445726049916    0.11058032693352   -3.61669507866741
  -2.81993724916730    0.11079563627470   -3.62250833174781
  -2.82768024641141    0.11109985946498   -3.63272433480935
  -2.82985519891170    0.11118531358145   -3.63522516148647
  -2.84014396167272    0.11158956017131   -3.64590401736164
  -2.84255697444169    0.11168436770121   -3.64837953972226
  -2.85286302320416    0.11208929345992   -3.66066979475881
  -2.85364241854378    0.11211991598621   -3.66150304291137
  -2.86498950837117    0.11256574435975   -3.67439088416456
  -2.86579744278825    0.11259748818946   -3.67519913302929
  -2.87611487653064    0.11300286126524   -3.68669892215308
  -2.87949659262350    0.11313572925240   -3.69076314957866
  -2.88781553757758    0.11346258148983   -3.70005027491501
  -2.89180407624263    0.11361929160079   -3.70418459698128
  -2.89911921705453    0.11390670426606   -3.71303202438436
  -2.90475353370563    0.11412807717020   -3.71950808123301
  -2.91042620242966    0.11435095693139   -3.72598506696787
  -2.91758428777346    0.11463219887052   -3.73499064195424
  -2.92138722337544    0.11478161661726   -3.73921698354473
  -2.93057986394656    0.11514279644898   -3.74865502491710
  -2.93305375615216    0.11523999593847   -3.75184812999267
  -2.94296773795622    0.11562951734442   -3.76450392648632
  -2.94377579631262    0.11566126604371   -3.76531228164127
  -2.95593385798096    0.11613895758767   -3.77753802153112
  -2.95667747645166    0.11616817443695   -3.77839487027639
  -2.96618314395992    0.11654165313053   -3.79066340587844
  -2.96923268452754    0.11666146990576   -3.79400657772201
  -2.97771792388348    0.11699485586804   -3.80330188819704
  -2.98298597790212    0.11720183827415   -3.80950431345731
  -2.98855175087547    0.11742051808986   -3.81611777799028
  -2.99502100531151    0.11767469578891   -3.82319013785328
  -2.99921560911922    0.11783950222137   -3.82961390917654
  -3.00355536524503    0.11801001170394   -3.84252150492510
  -3.00648710504421    0.11812520007437   -3.85547848898168
  -3.00717744841245    0.11815232373918   -3.86835245225708
  -3.00834912064656    0.11819835886663   -3.88138121004666
  -3.00849786294120    0.11820420296731   -3.89430549528427
  -3.00857301217079    0.11820715558858   -3.90713838693811
  -3.00885442345421    0.11821821226802   -3.90878842175153
  -3.00958737322662    0.11824700994301   -3.92015316458651
  -3.00955898773312    0.11824589467393   -3.93312489254345
  -3.00898085518564    0.11822317978427   -3.94606557331550
  -3.00841684156957    0.11820101962894   -3.94695298439182
  -3.00264174835837    0.11797411559870   -3.95922635753994
  -2.99497972228180    0.11767307377425   -3.96770291456131
  -2.98958591153526    0.11746115037284   -3.97204200516094
  -2.98298612768178    0.11720184415901   -3.97613049324864
  -2.96958760787487    0.11667541488205   -3.98450137248822
  -2.96870956106642    0.11664091632899   -3.98518971564852
  -2.95667858975184    0.11616821817864   -3.99255047660812
  -2.94623692602153    0.11575796409333   -3.99837341170344
  -2.94375423745278    0.11566041899380   -3.99987394477772
  -2.93103547863225    0.11516069759874   -4.00596883007708
  -2.92063501496641    0.11475206226838   -4.01161394135763
  -2.91814519788035    0.11465423708864   -4.01310947903246
  -2.90540865389567    0.11415381691257   -4.02063532873787
  -2.89934281959767    0.11391548963391   -4.02418551660484
  -2.89192160010039    0.11362390912574   -4.02785857494520
  -2.87945201023653    0.11313397760564   -4.03418130135312
  -2.87425815986249    0.11292991066867   -4.03694341314090
  -2.86594684039852    0.11260335803755   -4.04123288353031
  -2.85319137164440    0.11210219430527   -4.04798895722894
  -2.85001201811102    0.11197727716473   -4.04964368875192
  -2.84045712979457    0.11160186458033   -4.05471367942712
  -2.82752794594011    0.11109387556316   -4.06202630007545
  -2.82591385035382    0.11103045757486   -4.06283291165288
  -2.81461520951321    0.11058653276719   -4.06847921280439
  -2.80299471658669    0.11012996235662   -4.07509453580382
  -2.80138064026851    0.11006654512536   -4.07590115496187
  -2.78846808198277    0.10955920932857   -4.08235412614401
  -2.77705363223779    0.10911073437666   -4.08900635842989
  -2.77614816183391    0.10907515834760   -4.08966534314209
  -2.76264362590896    0.10854456368602   -4.09611082665454
  -2.75464065932179    0.10823012627243   -4.10099750326864
  -2.74990576938005    0.10804409193995   -4.10359576072547
  -2.73714270198550    0.10754262965627   -4.10962143750483
  -2.72904749392093    0.10722456806517   -4.11435791894372
  -2.72424447265436    0.10703585684564   -4.11685017178843
  -2.71127944848422    0.10652645965864   -4.12474915077038
  -2.70713804722472    0.10636374355999   -4.12714960135217
  -2.69823268729819    0.10601385101554   -4.13111853125310
  -2.68549671605384    0.10551345334250   -4.13785824635723
  -2.68216138376738    0.10538240778006   -4.13999634748996
  -2.67260734286168    0.10500702849052   -4.14506662451975
  -2.65935122095614    0.10448619404234   -4.15173379921265
  -2.65778092102100    0.10442449678986   -4.15257357200273
  -2.64680179880562    0.10399312590317   -4.15872894531952
  -2.63514326997097    0.10353506105770   -4.16544989418285
  -2.63352932802166    0.10347164910581   -4.16625656356288
  -2.62077883771995    0.10297068097745   -4.17222541474652
  -2.60876323931740    0.10249858683046   -4.17876792767116
  -2.60788201373709    0.10246396338311   -4.17944463577555
  -2.59514230007497    0.10196341867008   -4.18621042222051
  -2.58591142822375    0.10160073672727   -4.19130037635873
  -2.58173748642258    0.10143674210726   -4.19337251033619
  -2.56961120435006    0.10096029918702   -4.19950019190314
  -2.56022134815498    0.10059137073233   -4.20451752859767
  -2.55605530099377    0.10042768629357   -4.20662244113526
  -2.54332764443461    0.09992761530540   -4.21333313278832
  -2.53609962418291    0.09964362561626   -4.21745396876351
  -2.53041255682011    0.09942018013101   -4.22060909525953
  -2.51744401450590    0.09891064471575   -4.22852328718329
  -2.51495117243846    0.09881270068417   -4.23012047393709
  -2.50441413305884    0.09839869927940   -4.23485403023006
  -2.49167173044778    0.09789804891728   -4.24160943525429
  -2.48917044890176    0.09779977329768   -4.24306178550477
  -2.47876100043217    0.09739078495342   -4.24806320149041
  -2.46608659926067    0.09689280637513   -4.25543808297306
  -2.46436154144928    0.09682502866913   -4.25650275317256
  -2.45277107616139    0.09636963804770   -4.26228545877157
  -2.44054907171607    0.09588943418519   -4.26885781071204
  -2.43964183221901    0.09585378864827   -4.26951410364925
  -2.42709769007957    0.09536092796129   -4.27553276350926
  -2.41567230617978    0.09491202340527   -4.28170060635143
  -2.41403755465632    0.09484779384298   -4.28245855098475
  -2.40127558133533    0.09434637454557   -4.28763271891187
  -2.38840305061576    0.09384061143614   -4.29263253084815
  -2.38352691791115    0.09364902766039   -4.29501666318386
  -2.37529156021007    0.09332545957507   -4.29860731493769
  -2.36268310346906    0.09283007196051   -4.30264262198584
  -2.35022295916034    0.09234051155729   -4.30736890292749
  -2.34933551950926    0.09230564395844   -4.30793369278695
  -2.33671763042772    0.09180988574621   -4.31263083468683
  -2.32377607551197    0.09130141066873   -4.31750606177592
  -2.31645004529534    0.09101357015758   -4.32063485992738
  -2.31072048907344    0.09078845528051   -4.32281195199501
  -2.29782034297366    0.09028160715984   -4.32763597008566
  -2.28550191069789    0.08979761463755   -4.33300253894227
  -2.28198336091158    0.08965937043994   -4.33433078088626
  -2.27197878220080    0.08926628947182   -4.33814151002555
  -2.25939909542036    0.08877203223210   -4.34218104012259
  -2.24946489698380    0.08838171651249   -4.34631437221257
  -2.24618161117654    0.08825271586179   -4.34778856047963
  -2.23326326517804    0.08774515266514   -4.35263565135384
  -2.22055868833806    0.08724598848161   -4.35715803939427
  -2.21481910894757    0.08702047979318   -4.35954410634412
  -2.20753460096589    0.08673427069508   -4.36189364305747
  -2.19439363177970    0.08621796060957   -4.36680342680391
  -2.18253912448104    0.08575219574929   -4.37210747254331
  -2.18165172634374    0.08571732978151   -4.37275318370028
  -2.16857117081833    0.08520339335520   -4.37728856451101
  -2.15616947271211    0.08471612930953   -4.38164963440947
  -2.14694821738596    0.08435382520102   -4.38513487675749
  -2.14285251354690    0.08419290455891   -4.38653434267554
  -2.12997409777849    0.08368691022528   -4.39134436764173
  -2.11726083167836    0.08318740463979   -4.39646203294323
  -2.11307041763500    0.08302276282362   -4.39802387363885
  -2.10412927308029    0.08267146429729   -4.40104232043165
  -2.09124153668542    0.08216510375525   -4.40586083471483
  -2.07902677724954    0.08168518454995   -4.41116511506636
  -2.07808339260344    0.08164811886625   -4.41169882835444
  -2.06539650682288    0.08114964976634   -4.41636693971878
  -2.05303745737678    0.08066406139109   -4.42141352914066
  -2.04609742614376    0.08039138682131   -4.42402369102353
  -2.03954685852601    0.08013401431864   -4.42606261778020
  -2.02668869070808    0.07962881552915   -4.43086388455276
  -2.01407025496486    0.07913303583853   -4.43583665956104
  -2.00993095698221    0.07897040237786   -4.43721086666307
  -2.00095663100203    0.07861780014978   -4.44012239431816
  -1.98795723740338    0.07810705258425   -4.44538141642438
  -1.97907357522829    0.07775801254677   -4.44931631325590
  -1.97507256822150    0.07760081255334   -4.45100463852348
  -1.96210997663653    0.07709151094287   -4.45507971700168
  -1.94976904641021    0.07660663447370   -4.46015257021089
  -1.94204171372340    0.07630302674555   -4.46289523800757
  -1.93625856626656    0.07607580626313   -4.46477532951253
  -1.92340563732085    0.07557081330949   -4.46957822500191
  -1.91070252456406    0.07507170664995   -4.47469683661391
  -1.90898137661866    0.07500408256300   -4.47549054388793
  -1.89772018708713    0.07456162922127   -4.47961738255840
  -1.88467554116857    0.07404910368725   -4.48490494069734
  -1.87594846778526    0.07370621604016   -4.48843292130553
  -1.87192799841809    0.07354825136850   -4.49007952459392
  -1.85869946623766    0.07302850092358   -4.49423929371032
  -1.84640817493209    0.07254557477292   -4.49940200473589
  -1.84117530356509    0.07233997469695   -4.50137845172991
  -1.83300582362186    0.07201899495578   -4.50428286311401
  -1.82012535452438    0.07151291994664   -4.50910366214965
  -1.80815323436901    0.07104253406462   -4.51406178904823
  -1.80726583220359    0.07100766793858   -4.51470761634065
  -1.79427512269434    0.07049726157186   -4.51880232346307
  -1.78124998048918    0.06998550234083   -4.52327391041864
  -1.77253143954610    0.06964294993423   -4.52684181477179
  -1.76849719406056    0.06948444399740   -4.52845534865515
  -1.75544346601358    0.06897156162559   -4.53375723213709
  -1.74314512132548    0.06848835834678   -4.53895275146148
  -1.73870975363881    0.06831409227575   -4.54036898708199
  -1.72968963246613    0.06795969074965   -4.54301765275578
  -1.71671288880945    0.06744983310277   -4.54747008083662
  -1.70470009515240    0.06697784915452   -4.55251753076303
  -1.70380987156503    0.06694287217451   -4.55311597772588
  -1.69102712615854    0.06644063673964   -4.55750486618197
  -1.67811743467589    0.06593341357985   -4.56234527094384
  -1.66914631592906    0.06558093736431   -4.56540792634227
  -1.66504331564899    0.06541973004425   -4.56683794889205
  -1.65203439699445    0.06490860823826   -4.57049950833977
  -1.63912170773270    0.06440126729541   -4.57454563295628
  -1.63180458838662    0.06411377689332   -4.57763412633372
  -1.62583425722892    0.06387920194326   -4.58133926164043
  -1.61333150696693    0.06338796754758   -4.58995020156141
  -1.61224029800066    0.06334509383052   -4.59078887598881
  -1.61061220092470    0.06328112572219   -4.60349730544513
      
      
