# shadow point cont 3D ind 173  size 1362
# norm  0.2104718 -0.9775999  0.0000000
# angle  1.3587388
   1.75737644600597    0.37835324959726   -4.60364109752439
   1.75953674068046    0.37881834887183   -4.59106461918354
   1.76859778475144    0.38076914061983   -4.58553342886944
   1.78072952982911    0.38338103699744   -4.57900308803669
   1.78320227866577    0.38391340589308   -4.57758016851154
   1.79339839457878    0.38610857221486   -4.57335222289571
   1.80582997338431    0.38878502110513   -4.56959416485017
   1.81836784994092    0.39148435530243   -4.56560961153598
   1.82395427343499    0.39268708081262   -4.56387929961090
   1.83108082631939    0.39422138750506   -4.56072198424005
   1.84387956462993    0.39697688376856   -4.55561902236964
   1.85552598977406    0.39948429349827   -4.55111821985785
   1.85636817282718    0.39966561076562   -4.55043928026572
   1.86906603386350    0.40239938872022   -4.54638205953864
   1.88170097367684    0.40511962008995   -4.54235014255175
   1.89192282508477    0.40732032711882   -4.53853261947810
   1.89440822175163    0.40785541902106   -4.53707456624711
   1.90683340778794    0.41053049158412   -4.53329813197547
   1.91962353697594    0.41328413435204   -4.52902137623181
   1.92819904685761    0.41513039332407   -4.52544285928010
   1.93214464053275    0.41597985741697   -4.52383020152149
   1.94491490744822    0.41872922394949   -4.51934070610096
   1.95741262239832    0.42141991157914   -4.51495696418079
   1.96364063587124    0.42276076779772   -4.51236289763956
   1.96994282433128    0.42411759347320   -4.50991597015232
   1.98281470452813    0.42688883677282   -4.50563670350883
   1.99549206413323    0.42961820088477   -4.50107131739499
   1.99777244047055    0.43010915306493   -4.50001971870570
   2.00777503909241    0.43226265620400   -4.49623072487225
   2.02058685750147    0.43502096853903   -4.49237159712862
   2.03300680342536    0.43769491293541   -4.48737340879879
   2.03550961956938    0.43823375515296   -4.48650698561782
   2.04592901259193    0.44047699177871   -4.48225918194620
   2.05834426642864    0.44314992599515   -4.47845392722219
   2.07092958677846    0.44585947457389   -4.47430845438627
   2.07179478214169    0.44604574626198   -4.47355316341610
   2.08371707054628    0.44861254779774   -4.46899530003037
   2.09640679995536    0.45134457505880   -4.46453389053720
   2.10647508050695    0.45351221914735   -4.46074808481749
   2.10883150910966    0.45401954495185   -4.45991321425814
   2.12159844619710    0.45676819459116   -4.45529249957901
   2.13433191772676    0.45950963928438   -4.45082395297142
   2.14065549269390    0.46087106935437   -4.44847695426335
   2.14694825269593    0.46222586513596   -4.44598803936439
   2.15944704324003    0.46491678433494   -4.44160489487619
   2.17210862902753    0.46764275243281   -4.43756123734998
   2.17753287246669    0.46881056149072   -4.43502459161472
   2.18459208382289    0.47033036993147   -4.43249366591442
   2.19744940086898    0.47309847786677   -4.42745109825377
   2.20972732153546    0.47574184502525   -4.42355031356522
   2.21311633307173    0.47647148011885   -4.42196198312441
   2.22271538082929    0.47853810103001   -4.41858426307252
   2.23521463184579    0.48122911936611   -4.41420132483781
   2.24709545766509    0.48378699424081   -4.40951047117112
   2.24795780689941    0.48397265317339   -4.40891421329454
   2.26032926495013    0.48663615840380   -4.40428166996890
   2.27316385490639    0.48939937332468   -4.40047257707756
   2.28337653423304    0.49159810565611   -4.39658235684365
   2.28570369317408    0.49209912986733   -4.39567895958833
   2.29848417970074    0.49485069662457   -4.39037384334427
   2.31088235174428    0.49751995322716   -4.38651826199107
   2.31899119273664    0.49926574101606   -4.38378992366460
   2.32373135944130    0.50028627220641   -4.38232012482278
   2.33621525595296    0.50297398480410   -4.37714461882707
   2.34900746590548    0.50572807554890   -4.37264342395991
   2.35294278680761    0.50657532797163   -4.37106256085806
   2.36146374956567    0.50840984325522   -4.36747978475441
   2.37415703346646    0.51114263577832   -4.36341031393569
   2.38646949262355    0.51379343887928   -4.35935689877545
   2.39066978813440    0.51469773884267   -4.35756271794800
   2.39950583356915    0.51660008965170   -4.35411137771380
   2.41186523650831    0.51926099948450   -4.34944845243224
   2.42472914120878    0.52203052570468   -4.34566074157429
   2.42694458009453    0.52250749721731   -4.34480410700609
   2.43712284036046    0.52469881931885   -4.34057939946248
   2.45003044624335    0.52747775415743   -4.33638143855359
   2.46091102325432    0.52982028109806   -4.33203428005568
   2.46248949895315    0.53016011802453   -4.33122781202704
   2.47516308300282    0.53288866928066   -4.32635414036819
   2.48781948468089    0.53561352126896   -4.32231011703940
   2.49646711604141    0.53747530758914   -4.31910966214254
   2.50041376292548    0.53832499843198   -4.31749748557597
   2.51284052650160    0.54100041063048   -4.31303307614028
   2.52573614991905    0.54377676571176   -4.30859691270876
   2.53188074238224    0.54509966185685   -4.30593722733751
   2.53817771775128    0.54645536518320   -4.30347316683100
   2.55107758550809    0.54923263404683   -4.29930810313928
   2.56331539276658    0.55186736501453   -4.29487534017440
   2.56740803461216    0.55274848775020   -4.29300544553601
   2.57608221566807    0.55461599007024   -4.28975681155389
   2.58897524603880    0.55739178688316   -4.28560678959462
   2.60121247790274    0.56002639397165   -4.28104000581937
   2.60217148962500    0.56023286379338   -4.28029131048704
   2.61387457436099    0.56275247201406   -4.27593726963609
   2.62677484511991    0.56552982764177   -4.27152698873079
   2.63600584802920    0.56751721057029   -4.26724100677339
   2.63916313829205    0.56819695737899   -4.26562815082876
   2.65198657995239    0.57095777213456   -4.26027087308449
   2.66429415253104    0.57360752318270   -4.25504605954193
   2.66511038831194    0.57378325414850   -4.25428563862820
   2.67711775682264    0.57636837295186   -4.24943759603659
   2.68974882191502    0.57908777011598   -4.24460219120283
   2.69598835153033    0.58043110569515   -4.24136433412574
   2.70233109382420    0.58179666238262   -4.23820020889923
   2.71495246348113    0.58451397217411   -4.23396559574608
   2.72673869181429    0.58705148074291   -4.22844072879767
   2.72757954624702    0.58723251196578   -4.22774022812482
   2.74023773202095    0.58995774805988   -4.22206214325187
   2.75288696894577    0.59268105751717   -4.21639875982792
   2.75446538890655    0.59302088244355   -4.21565491333793
   2.76542493214146    0.59538041036738   -4.21140617982463
   2.77819954647128    0.59813071287372   -4.20668458753188
   2.78598199637764    0.59980623050035   -4.20265403491124
   2.79075231937336    0.60083325417030   -4.20031036982243
   2.80355392035501    0.60358936675077   -4.19497542235192
   2.81585697626509    0.60623814538561   -4.19036294387140
   2.81753764664877    0.60659998425207   -4.18951689228924
   2.82881614385941    0.60902818117022   -4.18368916736189
   2.84124910860792    0.61170492844621   -4.17921713474320
   2.84596373363827    0.61271996065795   -4.17677225653263
   2.85392149736531    0.61443322236264   -4.17288947759000
   2.86646665389300    0.61713412389671   -4.16784845190463
   2.87440446004287    0.61884308884745   -4.16395859494996
   2.87917572244246    0.61987031476576   -4.16161639222807
   2.89184648232766    0.62259825799518   -4.15673531216537
   2.90299675213152    0.62499884827495   -4.15141167704303
   2.90459602789429    0.62534316333802   -4.15065411050803
   2.91708312179935    0.62803156431650   -4.14548222024887
   2.92958382367998    0.63072289501547   -4.14045449557258
   2.93520922295123    0.63193401179094   -4.13802891489514
   2.94250421993468    0.63350458354906   -4.13451789898388
   2.95513770748600    0.63622450225495   -4.12968294025424
   2.96376017770700    0.63808087152352   -4.12563482827370
   2.96757808332081    0.63890284509607   -4.12378244423861
   2.98024780888240    0.64163056564145   -4.11807539630131
   2.99274247738832    0.64432059738883   -4.11303044408743
   2.99357139424440    0.64449905851869   -4.11230518704960
   3.00565775150084    0.64710118315406   -4.10632106752608
   3.01810838689526    0.64978173482057   -4.10179547466361
   3.02295290054077    0.65082473131951   -4.09951799677593
   3.03094684111240    0.65254578169505   -4.09661649855964
   3.04327201737272    0.65519932271669   -4.09125328247137
   3.05285858622118    0.65726325698902   -4.08658695694212
   3.05604377951142    0.65794901116235   -4.08503519476541
   3.06883583044060    0.66070306767032   -4.07970527945782
   3.08129995681616    0.66338652386908   -4.07458173044474
   3.08218879860598    0.66357788649962   -4.07393228011575
   3.09409613612844    0.66614146919467   -4.06843719019594
   3.10686665190303    0.66889088930516   -4.06313153638810
   3.11146436666439    0.66988075139454   -4.06120057424872
   3.11920377481989    0.67154700237466   -4.05765318905938
   3.13200653706098    0.67430336496775   -4.05229955430974
   3.14131517184555    0.67630746160172   -4.04798025509212
   3.14447366653169    0.67698746771597   -4.04636755503508
   3.15714697322425    0.67971595925868   -4.04146762190550
   3.16972033972055    0.68242293424008   -4.03597504279889
   3.17135862930203    0.68277564875856   -4.03509331780319
   3.18239639106955    0.68515201669186   -4.03021451889970
   3.19505231074400    0.68787676490750   -4.02534763094704
   3.20216830863541    0.68940879916940   -4.02224478563225
   3.20781069450656    0.69062357306414   -4.01927511851395
   3.22014129389520    0.69327828165477   -4.01382416622254
   3.23134189651130    0.69568970830549   -4.00922422462627
   3.23293747909010    0.69603322824685   -4.00845542196743
   3.24557508150397    0.69875403285947   -4.00280918505351
   3.25824413612131    0.70148160895433   -3.99792172206660
   3.26206856192884    0.70230498628787   -3.99623310729294
   3.27068118747295    0.70415923605295   -3.99204890001403
   3.28330197157009    0.70687641977672   -3.98631748890736
   3.29131789320995    0.70860220255243   -3.98306538094541
   3.29615843011725    0.70964434288203   -3.98098384020706
   3.30890318959419    0.71238821780672   -3.97572689069345
   3.31965559651840    0.71470315044965   -3.97044311293556
   3.32119083535486    0.71503367872320   -3.96956399730070
   3.33417483762396    0.71782906127340   -3.96363382188789
   3.34412818580587    0.71997196107017   -3.95762033594932
   3.34644981418180    0.72047179458187   -3.95594195200775
   3.35722786137343    0.72279224742994   -3.94472590825872
   3.35871723288928    0.72311290072774   -3.94305000016088
   3.36481458720418    0.72442562676559   -3.93207034014293
   3.36645836263653    0.72477952235686   -3.91932310185480
   3.36642726355312    0.72477282689938   -3.90644682033666
   3.36561907963190    0.72459882945361   -3.89351287691348
   3.36482464733158    0.72442779265436   -3.88052221434420
   3.36428564110392    0.72431174764974   -3.86766574930315
   3.36318877942330    0.72407559950848   -3.85490406021921
   3.35922457988091    0.72322212967717   -3.84200278941213
   3.35839738330301    0.72304403891351   -3.83877938829441
   3.35418281202402    0.72213666545765   -3.82916736151496
   3.34607120119699    0.72039028133895   -3.82047186614755
   3.34211466590696    0.71953846157801   -3.81642736818001
   3.33359537445148    0.71770430611645   -3.80820629401886
   3.32870093917827    0.71665056177228   -3.80352449072825
   3.32075225972189    0.71493925585990   -3.79620408256494
   3.31462055455965    0.71361913427811   -3.79033955677414
   3.30867354666074    0.71233877697672   -3.78509459524018
   3.30055776750886    0.71059149544116   -3.77725476973217
   3.29562279966068    0.70952902466192   -3.77258945938686
   3.28693061684871    0.70765764666520   -3.76445482002075
   3.28297453648875    0.70680592484814   -3.76041071207518
   3.27367846770106    0.70480453360251   -3.75131132325662
   3.27049019710920    0.70411811690348   -3.74814982287113
   3.25924210834368    0.70169646675227   -3.73857127204706
   3.25767081103116    0.70135817529194   -3.73691813027125
   3.24675660389614    0.69900840797504   -3.72565042420283
   3.24498645334849    0.69862730453332   -3.72408379832622
   3.23297632166871    0.69604159083523   -3.71293473186526
   3.23216525117624    0.69586697192692   -3.71214949862648
   3.21949088666966    0.69313825264282   -3.70075958946979
   3.21872051797363    0.69297239660202   -3.69997557357719
   3.20703264507853    0.69045606340501   -3.68923441196526
   3.20467324712897    0.68994809831685   -3.68686513856752
   3.19417908672195    0.68768876469439   -3.67730502099507
   3.19042873651854    0.68688133542116   -3.67390113493745
   3.18172142663425    0.68500670065098   -3.66578031478851
   3.17636677531812    0.68385387438515   -3.66076443113209
   3.16906571767758    0.68228199780169   -3.65364955500163
   3.16353708829032    0.68109171503715   -3.64803098820594
   3.15638992671065    0.67955297140871   -3.64162555139275
   3.14851928830805    0.67785846729561   -3.63511799235387
   3.14379365448369    0.67684106495252   -3.63091345150233
   3.13604356355895    0.67517251403236   -3.62190867721899
   3.13145146791848    0.67418386170805   -3.61771046158501
   3.12141355282230    0.67202275513099   -3.60937336570683
   3.11824968926619    0.67134159312928   -3.60613891501271
   3.10757291474261    0.66904294371617   -3.59603096000589
   3.10598078416979    0.66870016697225   -3.59443625272424
   3.09413388707620    0.66614959676107   -3.58310851001424
   3.09331850784201    0.66597405020495   -3.58232850702178
   3.08069065162283    0.66325534389314   -3.57098000617043
   3.07987369597780    0.66307945794465   -3.57020217649059
   3.06783391729644    0.66048736141412   -3.55903644816288
   3.06563671272470    0.66001431564658   -3.55727243832433
   3.05498362895085    0.65772076671845   -3.54710968062618
   3.05266251706204    0.65722104440351   -3.54474292241754
   3.04233189750137    0.65499692020405   -3.53578934782361
   3.03778365170485    0.65401770850413   -3.53151062325766
   3.03005189895149    0.65235310568897   -3.52330866036694
   3.02578942740524    0.65143541957539   -3.51888252643865
   3.01705208524785    0.64955431902599   -3.51144958840094
   3.01045772456670    0.64813459031709   -3.50531344377866
   3.00473550664320    0.64690262903118   -3.49990685249529
   2.99725325686428    0.64529174280097   -3.49312827053315
   2.99172484105605    0.64410150601880   -3.48808619299828
   2.98324367642348    0.64227555904745   -3.47988823656635
   2.97927178315667    0.64142043280061   -3.47656514117935
   2.96914686594237    0.63924059515761   -3.46679884251828
   2.96681900375469    0.63873941954135   -3.46504430573694
   2.95496271337668    0.63618682700895   -3.45374157567561
   2.95414753939704    0.63601132464298   -3.45296173538906
   2.94152038222810    0.63329276883275   -3.44160711181371
   2.94071655487267    0.63311970933105   -3.44081309359611
   2.92864030765590    0.63051976133028   -3.42908163415993
   2.92709715905675    0.63018753012937   -3.42811051535927
   2.91561663396154    0.62771583774569   -3.41619532075024
   2.91484418743667    0.62754953436004   -3.41537205898833
   2.90337204869634    0.62507964751133   -3.40542251469002
   2.90021828815633    0.62440066063206   -3.40225230104204
   2.89070365586315    0.62235221389487   -3.39417578239434
   2.88519026016520    0.62116521085782   -3.38925435055203
   2.87807472494821    0.61963327620712   -3.38197937676804
   2.87254048530703    0.61844178558651   -3.37632111747738
   2.86539618095389    0.61690365710285   -3.36916559996022
   2.85894621674537    0.61551501614113   -3.36364380795723
   2.85258037355183    0.61414448596009   -3.35793101472808
   2.84428043087229    0.61235755505441   -3.35025195923320
   2.84031220610302    0.61150321861443   -3.34623906741186
   2.83143435724009    0.60959186776279   -3.33752128005379
   2.82764503554549    0.60877604814704   -3.33416109264500
   2.81641691094343    0.60635869616777   -3.32458785582866
   2.81485048935480    0.60602145442332   -3.32293588338929
   2.80337358182221    0.60355054088050   -3.31125187379814
   2.80254535821950    0.60337222900418   -3.31047210332308
   2.79014822517837    0.60070319609295   -3.29894705602932
   2.78934461610206    0.60053018358552   -3.29815320817002
   2.77729108252479    0.59793512570339   -3.28781174747901
   2.77486266542661    0.59741230118132   -3.28544077680311
   2.76405118544492    0.59508465044187   -3.27467800957584
   2.76248820588736    0.59474814974733   -3.27308857121955
   2.75160312149638    0.59240465239318   -3.26316078937051
   2.74783117218970    0.59159257295468   -3.25975717096301
   2.73912772492300    0.58971876978431   -3.25169503024275
   2.73421684477058    0.58866148495028   -3.24703398957613
   2.72648854271374    0.58699762505064   -3.24036757261733
   2.72000384490987    0.58560150614150   -3.23416916284789
   2.71334547376249    0.58416799633980   -3.22798702242117
   2.70556782069212    0.58249351144494   -3.22133607258111
   2.70102371133613    0.58151519029737   -3.21709326502081
   2.69357557339757    0.57991164815425   -3.20854555663284
   2.68818004516772    0.57875002131914   -3.20355728814428
   2.67904510165173    0.57678331943691   -3.19516968051793
   2.67591675778389    0.57610980462399   -3.19267138213246
   2.66546027273866    0.57385858229469   -3.18234376580643
   2.66308934924951    0.57334813582279   -3.17991949045012
   2.65222320679295    0.57100871656042   -3.16921228547237
   2.65079882659262    0.57070205552676   -3.16823052411578
   2.63819853357983    0.56798928341803   -3.15769619484640
   2.63661799142724    0.56764900159571   -3.15608006643738
   2.62528643539426    0.56520938141199   -3.14439650398587
   2.62373336689088    0.56487501451158   -3.14343433080356
   2.61251742712899    0.56246028585976   -3.13385756633393
   2.60935648303365    0.56177975240150   -3.13062542046809
   2.60023147183776    0.55981518889183   -3.12216537033691
   2.59530948326148    0.55875551247671   -3.11752904614796
   2.58723188703043    0.55701645150893   -3.10961619627638
   2.58248951895359    0.55599544637554   -3.10480538071457
   2.57456646460321    0.55428965740414   -3.09755808089795
   2.56826785645536    0.55293360254970   -3.09188816283318
   2.56173166725425    0.55152639783278   -3.08564675793602
   2.55468323847366    0.55000891081983   -3.07917828513972
   2.54909296267460    0.54880535593008   -3.07432322731809
   2.53982602572698    0.54681023660552   -3.06598306160374
   2.53666547079579    0.54612978693211   -3.06275121107129
   2.52720614681821    0.54409324776372   -3.05296913864635
   2.52437017274369    0.54348267852039   -3.05025866658059
   2.51296329388223    0.54102684175599   -3.04012807944444
   2.51135636439870    0.54068087888995   -3.03858278846810
   2.49893852405393    0.53800738781290   -3.02781433039766
   2.49813531087729    0.53783446054043   -3.02702078260452
   2.48641523796768    0.53531119486167   -3.01635497917606
   2.48391284526204    0.53477244380802   -3.01409719749695
   2.47336014038686    0.53250050589134   -3.00297382570923
   2.47187959464419    0.53218175273280   -3.00137212491026
   2.46102007003742    0.52984375825620   -2.99145003177150
   2.45782126818955    0.52915507423708   -2.98827888212282
   2.44815171260282    0.52707327338745   -2.97961482256039
   2.44344023553559    0.52605891891443   -2.97553059822656
   2.43534627941489    0.52431633575456   -2.96761682970757
   2.43001419156259    0.52316836727539   -2.96256767694652
   2.42305539607121    0.52167017780470   -2.95597730596466
   2.41638780426467    0.52023468284701   -2.94984359408402
   2.41004749833359    0.51886965069473   -2.94344987613069
   2.40236689067175    0.51721605912968   -2.93671598386208
   2.39780445835071    0.51623379315095   -2.93250274358234
   2.38958244043046    0.51446363900700   -2.92407345823217
   2.38477461284573    0.51342854081030   -2.92000670643030
   2.37412873611752    0.51113654351849   -2.91066318327170
   2.37256847918459    0.51080062898969   -2.90902542246841
   2.36168726648950    0.50845796518985   -2.89753670662316
   2.36004006084405    0.50810333109303   -2.89596156547683
   2.34769036529041    0.50544451120565   -2.88525951970269
   2.34687442097386    0.50526884299048   -2.88448245947917
   2.33463678424986    0.50263414873789   -2.87431176325139
   2.33226715253858    0.50212398037849   -2.87188846909061
   2.32180098216095    0.49987067285168   -2.86078181396082
   2.32021488338192    0.49952919471899   -2.85924721916327
   2.30896730865123    0.49710765523659   -2.84967465512149
   2.30521594420644    0.49630000760290   -2.84624174694687
   2.29688426525808    0.49450624405732   -2.83858734765547
   2.29114137534802    0.49326983220914   -2.83319942346025
   2.28389237714921    0.49170916373024   -2.82685563037328
   2.27698190896965    0.49022137885756   -2.82019196738915
   2.27142681905200    0.48902539928988   -2.81457148416922
   2.26351231304532    0.48732145072872   -2.80732782192677
   2.25861992482135    0.48626814710272   -2.80262400240613
   2.25071320571978    0.48456587501836   -2.79461555316591
   2.24598405600334    0.48354771572352   -2.79050845486287
   2.23599306899148    0.48139671249867   -2.78132415912160
   2.23354624904402    0.48086992594682   -2.77899884093397
   2.22187655597667    0.47835750676431   -2.76827469792178
   2.22105454218992    0.47818053182639   -2.76751588178624
   2.20867092181860    0.47551440811686   -2.75597970735184
   2.20788119544396    0.47534438447690   -2.75517205583426
   2.19603692305821    0.47279437935054   -2.74467269926335
   2.19416248093160    0.47239082251933   -2.74252952836463
   2.18261211630337    0.46990409407759   -2.73174996920333
   2.18104373219371    0.46956642981342   -2.73016029013597
   2.17037322853911    0.46726913048309   -2.72084690615629
   2.16639933592181    0.46641357378735   -2.71683854054696
   2.15750355982331    0.46449836330288   -2.70820673216574
   2.15280373043011    0.46348651650847   -2.70408863111991
   2.14510493093320    0.46182900834380   -2.69661835523512
   2.13893086714676    0.46049976718882   -2.69080160568425
   2.13263592424481    0.45914450144118   -2.68512324729538
   2.12595679462290    0.45770652245684   -2.67824538799460
   2.11978609054790    0.45637800462881   -2.67245500146199
   2.11109620381549    0.45450712096509   -2.66519416926941
   2.10680970055462    0.45358426095872   -2.66068021288124
   2.09772996002987    0.45162944396954   -2.65220089476584
   2.09472573198368    0.45098265059388   -2.64959411246257
   2.08411015634333    0.44869717695561   -2.63948165246256
   2.08172229551733    0.44818308397049   -2.63709387257093
   2.07009602225101    0.44568001282656   -2.62635903925518
   2.06930645300364    0.44551002301521   -2.62555150637122
   2.05744435802785    0.44295618078561   -2.61345934094654
   2.05661857470663    0.44277839428815   -2.61269737095714
   2.04394902510812    0.44005071162663   -2.60226856146095
   2.04226587224379    0.43968833829607   -2.60071964342499
   2.03154774703756    0.43738078631392   -2.58993214501822
   2.02916588517713    0.43686798487230   -2.58744646009027
   2.01871872479228    0.43461877008986   -2.57797881958374
   2.01480367726305    0.43377588241011   -2.57470649439278
   2.00594941368575    0.43186960933761   -2.56599697058876
   2.00137966858910    0.43088576895949   -2.56178976362487
   1.99347754734430    0.42918448676780   -2.55453136475561
   1.98716203725431    0.42782479302043   -2.54887891555538
   1.98065755086004    0.42642441373924   -2.54263301323747
   1.97358249436060    0.42490119392841   -2.53612020459616
   1.96822579112544    0.42374792589596   -2.53110229616835
   1.95957040028286    0.42188446900301   -2.52299910297337
   1.95557543376843    0.42102437521593   -2.51901348254406
   1.94659752735242    0.41909148253673   -2.51058646732993
   1.94259807724156    0.41823042345660   -2.50725364465232
   1.93134972659293    0.41580871692344   -2.49695914971408
   1.93056030435854    0.41563875876316   -2.49615172837699
   1.91931078706078    0.41321680105701   -2.48424228478672
   1.91767293806588    0.41286418139434   -2.48269211260892
   1.90551046233916    0.41024566888110   -2.47176626010685
   1.90469501618200    0.41007010791683   -2.47098956533933
   1.89220499217741    0.40738107610442   -2.46036956849217
   1.89049983137990    0.40701396458982   -2.45880845405980
   1.87964623648364    0.40467724674650   -2.44811066700107
   1.87726829112777    0.40416528850625   -2.44571322504787
   1.86721450276885    0.40200076450514   -2.43660553438754
   1.86323813750816    0.40114467546321   -2.43259658651498
   1.85473407997213    0.39931379977870   -2.42511599047119
   1.84840914492427    0.39795207689099   -2.41948505128499
   1.84195670158163    0.39656290218567   -2.41319177442789
   1.83498304681114    0.39506151359589   -2.40657253002779
   1.82949142215359    0.39387919774121   -2.40169661011859
   1.82084344906780    0.39201733784951   -2.39361357903312
   1.81686580982346    0.39116097452607   -2.38958529278462
   1.80858590243498    0.38937835710571   -2.38116302906497
   1.80390417989826    0.38837040861550   -2.37702308825963
   1.79468687398685    0.38638597457347   -2.36785199088650
   1.79139456032187    0.38567715798686   -2.36479702769144
   1.78024494913541    0.38327670950371   -2.35529464289720
   1.77881528380894    0.38296891061217   -2.35425620585550
   1.76695823045032    0.38041615381434   -2.34215695614375
   1.76614451523098    0.38024096551124   -2.34137820579402
   1.75373581637192    0.37756944254456   -2.33062499663287
   1.75210521809390    0.37721838392040   -2.32907182536986
   1.74093256280237    0.37481297417123   -2.31873508235632
   1.73853842542951    0.37429752988093   -2.31633567706816
   1.72850283666698    0.37213692415041   -2.30723145673186
   1.72451079405003    0.37127745986199   -2.30322024297178
   1.71581460163011    0.36940521861927   -2.29513955539662
   1.71029606605367    0.36821710899534   -2.29030960236791
   1.70291216875135    0.36662739749933   -2.28254266332790
   1.69766858494420    0.36549848344254   -2.27739344800085
   1.69077212193532    0.36401371380421   -2.27149470990753
   1.68344933184079    0.36243715834583   -2.26448644847842
   1.67773383978709    0.36120664510180   -2.25905656646626
   1.66911778784220    0.35935165765192   -2.25173262241675
   1.66517192728834    0.35850213610154   -2.24769648489680
   1.65641987328977    0.35661786817560   -2.23888267259625
   1.65251825332537    0.35577787137493   -2.23560992568058
   1.64283741884119    0.35369364224222   -2.22621467347463
   1.63972229920035    0.35302297453089   -2.22368155156925
   1.62808307263985    0.35051711461569   -2.21298616623369
   1.62729393495124    0.35034721771651   -2.21217896527388
   1.61492516904216    0.34768429208902   -2.20044588244091
   1.61407843592965    0.34750199521951   -2.19972425461141
   1.60164842092311    0.34482588300636   -2.18917362628230
   1.60006823925777    0.34448567879491   -2.18753892578925
   1.58951579764092    0.34221379755626   -2.17729697378907
   1.58623087295467    0.34150657177515   -2.17426429544804
   1.57659492793301    0.33943200709086   -2.16475667057615
   1.57281356061418    0.33861790000740   -2.16135179901534
   1.56411442445374    0.33674502499393   -2.15329722476504
   1.55860292154513    0.33555842946377   -2.14844348180847
   1.55134517500827    0.33399587751697   -2.14134902021933
   1.54523014573019    0.33267934615910   -2.13549731676118
   1.53903540449535    0.33134565326595   -2.12966468697248
   1.53096496290607    0.32960813265224   -2.12263351862220
   1.52606557807256    0.32855332269562   -2.11798206623547
   1.51800830199236    0.32681863654185   -2.11007218783259
   1.51344325737278    0.32583580814996   -2.10587168801590
   1.50459487869213    0.32393080206256   -2.09715818577874
   1.50062378229530    0.32307584737734   -2.09317140356737
   1.48939453857218    0.32065825445761   -2.08362863201950
   1.48859238710678    0.32048555576560   -2.08283588416768
   1.47656208527467    0.31789549954733   -2.07093397630975
   1.47574861675885    0.31772036435811   -2.07015541438898
   1.46314759212250    0.31500743473494   -2.05882788825816
   1.46233253748467    0.31483195806259   -2.05805148938906
   1.45035202093636    0.31225262033549   -2.04691611922709
   1.44818255240834    0.31178554598193   -2.04510031008484
   1.43792567122124    0.30957729723893   -2.03460823925015
   1.43487451843316    0.30892040123067   -2.03203239019221
   1.42543143728072    0.30688735905103   -2.02392682238883
   1.42060646224080    0.30584856910381   -2.01925349680885
   1.41294009809500    0.30419804408753   -2.01157273272336
   1.40711306843038    0.30294351742415   -2.00639068853365
   1.40005635846629    0.30142424751904   -1.99990438032529
   1.39315324727856    0.29993804656525   -1.99324632212042
   1.38770019670220    0.29876403549297   -1.98816800413965
   1.37867541704320    0.29682105126859   -1.98059496855684
   1.37484569841867    0.29599653442137   -1.97728883117436
   1.36605193894889    0.29410328754241   -1.96768203678765
   1.36215744285237    0.29326482447036   -1.96441377813360
   1.35193220754524    0.29106338890706   -1.95471009963812
   1.34951174263039    0.29054227644527   -1.95232499037206
   1.33891501534570    0.28826086075180   -1.94220097179767
   1.33654826858484    0.28775131350597   -1.93977991055426
   1.32466142477034    0.28519214299080   -1.92926871005454
   1.32384806564857    0.28501703135350   -1.92849023525593
   1.31184771061228    0.28243342251168   -1.91735050748014
   1.31019288618831    0.28207714813476   -1.91583481811801
   1.29868221727937    0.27959896595778   -1.90507868352937
   1.29651302321126    0.27913195069389   -1.90326309229468
   1.28716274618870    0.27711888872066   -1.89507584253681
   1.28197649263081    0.27600231754359   -1.88979865537795
   1.27377423325404    0.27423641730276   -1.88211749223202
   1.26831156724932    0.27306033608291   -1.87723794939841
   1.26147124376418    0.27158765296781   -1.87058365827998
   1.25512498926784    0.27022134012294   -1.86398960847440
   1.24869869639967    0.26883779546746   -1.85848821330854
   1.24129351935741    0.26724350256331   -1.85161648227860
   1.23593116356079    0.26608901756622   -1.84659492083990
   1.22593773270711    0.26393748819600   -1.83816612381063
   1.22354539613043    0.26342243160697   -1.83588113095037
   1.21388187345597    0.26134192960938   -1.82559229397939
   1.21086113577811    0.26069158180303   -1.82297552040744
   1.19948612553083    0.25824260617174   -1.81288284169858
   1.19790847170673    0.25790294619027   -1.81126895263028
   1.18582960971616    0.25530243524342   -1.80014332026154
   1.18500963869439    0.25512590010130   -1.79937274590253
   1.17302847561168    0.25254642317898   -1.78824520753239
   1.17139875684268    0.25219555390815   -1.78669272660705
   1.16013446009828    0.24977041427040   -1.77644233848328
   1.15712265469190    0.24912198953178   -1.77393420170060
   1.14803840972643    0.24716620276188   -1.76464823817740
   1.14456560565382    0.24641852760721   -1.76087771845162
   1.13512398902743    0.24438580073178   -1.75277337091589
   1.12967866693202    0.24321345355791   -1.74792596946576
   1.12251488766401    0.24167113223477   -1.74066772326482
   1.11626955277194    0.24032654681222   -1.73501554333410
   1.10985462831823    0.23894544971234   -1.72857137153225
   1.10260051808807    0.23738368064188   -1.72234120503970
   1.09694472395909    0.23616602002476   -1.71686020166743
   1.08925447296608    0.23451035230483   -1.70939663808501
   1.08464203387036    0.23351732014920   -1.70516546765156
   1.07564850447803    0.23158106393120   -1.69668815519797
   1.07190213654657    0.23077449201869   -1.69325908647582
   1.06128769964790    0.22848926354509   -1.68313945021615
   1.05963014079533    0.22813240046109   -1.68150578501978
   1.04763200931863    0.22554927033912   -1.67045061836479
   1.04683014128190    0.22537663266771   -1.66965810901213
   1.03478276838040    0.22278290114436   -1.65775795524843
   1.03395780816227    0.22260529185636   -1.65699661415861
   1.02142372614480    0.21990677460196   -1.64646116818163
   1.01981452266992    0.21956032215839   -1.64486192754778
   1.00900167718084    0.21723237743290   -1.63496376419921
   1.00574415066910    0.21653105032443   -1.63177460546701
   0.99579030340666    0.21438804307843   -1.62185210367781
   0.99220056761693    0.21361519318373   -1.61904717838927
   0.98392253055971    0.21183297843515   -1.61210306494005
   0.97799452786544    0.21055671284727   -1.60614262000557
   0.97074945531629    0.20899688953862   -1.59905933912750
   0.96463721150636    0.20768095787636   -1.59320999327990
   0.95847281197765    0.20635379738163   -1.58736006609989
   0.95063817645861    0.20466704448656   -1.58009932114963
   0.94599519120713    0.20366743591565   -1.57578120851593
   0.93624481680458    0.20156823523024   -1.56739196514208
   0.93309005783738    0.20088903339522   -1.56416469542351
   0.92362581494259    0.19885143521166   -1.55448292170129
   0.92063256705327    0.19820700580193   -1.55185943075601
   0.90962709384840    0.19583758941429   -1.54137255227538
   0.90792231470238    0.19547056006710   -1.53976624777140
   0.89563705623417    0.19282561312124   -1.52904783886950
   0.89487631994549    0.19266183088348   -1.52821607901280
   0.88373469808114    0.19026310245638   -1.51703361942322
   0.88157062143306    0.18979718894420   -1.51501683780365
   0.87019438440122    0.18734794919311   -1.50506712115093
   0.86778061018390    0.18682827720081   -1.50266009550581
   0.85744652122438    0.18460340605931   -1.49297074400799
   0.85422414620435    0.18390964686900   -1.48993988086436
   0.84485609573862    0.18189275837357   -1.48086431739727
   0.84072944668138    0.18100431407678   -1.47707076555599
   0.83208275085804    0.17914272917249   -1.46979479094276
   0.82583335103785    0.17779726859381   -1.46412341018474
   0.81958660779441    0.17645237996114   -1.45765376523462
   0.81333607377249    0.17510667519522   -1.45103538238608
   0.80704878181075    0.17375305665191   -1.44536298959057
   0.79921710842315    0.17206694148705   -1.43810550062314
   0.79443632863834    0.17103766652931   -1.43326150478900
   0.78508826052580    0.16902508012196   -1.42500949657477
   0.78209218787841    0.16838004255773   -1.42247839374766
   0.77161550108938    0.16612447090678   -1.41228965163256
   0.76921216218769    0.16560704557916   -1.40986598906501
   0.75742058215711    0.16306838482005   -1.39938191381896
   0.75663196210657    0.16289859936543   -1.39857516929948
   0.74460548362716    0.16030936629346   -1.38667563717099
   0.74381686800613    0.16013958179249   -1.38586889772375
   0.73160066260840    0.15750950158374   -1.37405620155815
   0.73077323568653    0.15733136122832   -1.37329477928888
   0.71906488711522    0.15481061973355   -1.36278700981290
   0.71767664526035    0.15451173908211   -1.36062823866997
   0.71053005005047    0.15297311738989   -1.34771151703508
   0.70635531604722    0.15207432067509   -1.34097016900019
   0.69960159785422    0.15062028319155   -1.33494490844593
   0.69317644307702    0.14923698356065   -1.33142920484080
   0.68069330550772    0.14654943435897   -1.32760522417226
   0.67200231178472    0.14467831236641   -1.32203792155064
   0.66827158413269    0.14387510771796   -1.31951266202680
   0.65726989518482    0.14150650605953   -1.30903026835368
   0.65555518181926    0.14113733793084   -1.30741382703704
   0.64300673515876    0.13843572804971   -1.29768144435094
   0.64135254566497    0.13807959036967   -1.29616632550045
   0.63006422072455    0.13564927759666   -1.28603962740901
   0.62764877188615    0.13512924506788   -1.28364524612161
   0.61744719199274    0.13293290238190   -1.27474609948981
   0.61291305712698    0.13195672868589   -1.27051115485528
   0.60520703730335    0.13029766602555   -1.26349594305852
   0.59705611952086    0.12854281934076   -1.25763268329824
   0.59226106736534    0.12751047162200   -1.25293869512768
   0.58345470155721    0.12561451066940   -1.24417986925983
   0.58045183451684    0.12496801031063   -1.24128609240899
   0.56869501532898    0.12243683336516   -1.23168422879417
   0.56707879117372    0.12208886940865   -1.23020998544221
   0.55436301323009    0.11935123404483   -1.21989295574679
   0.55298321231243    0.11905417067962   -1.21888481833585
   0.54194334534151    0.11667734950789   -1.20759138041520
   0.53955648449788    0.11616347181334   -1.20584731965015
   0.52925246179468    0.11394507376747   -1.19793289547714
   0.52380709259610    0.11277271645255   -1.19307197627788
   0.51664514438654    0.11123078934599   -1.18582927512317
   0.51033671978371    0.10987262106409   -1.18018261695899
   0.50414748070385    0.10854011275392   -1.17511441892518
   0.49514183396461    0.10660124773939   -1.16749915072760
   0.49101651833301    0.10571309052164   -1.16370474682131
   0.47929956284483    0.10319049600615   -1.15458751750795
   0.47847119303579    0.10301215265244   -1.15382734966049
   0.46662361318146    0.10046143544672   -1.14186363199224
   0.46580902327942    0.10028605882936   -1.14108766244188
   0.45349017449352    0.09763388007732   -1.13100539602137
   0.45101094732682    0.09710011643371   -1.12876305376401
   0.44081388570881    0.09490474650697   -1.11986981359307
   0.43617118221723    0.09390519859739   -1.11566574225154
   0.42814011264804    0.09217615455782   -1.10861375963515
   0.42122155649719    0.09068662839048   -1.10274753800655
   0.41573058907042    0.08950445403389   -1.09789941659584
   0.40769582013309    0.08777461354120   -1.09002485913097
   0.40320084672258    0.08680687108591   -1.08638169885298
   0.39251678722731    0.08450665325944   -1.07732074092975
   0.39028323084125    0.08402578115105   -1.07554719846710
   0.37788362566725    0.08135621600354   -1.06480345066340
   0.37706904991934    0.08118084243349   -1.06402750385782
   0.36536228510429    0.07866044191252   -1.05411478619887
   0.36144109689282    0.07781623217848   -1.05092926625860
   0.35283028338502    0.07596237253461   -1.04361222250685
   0.34641312965262    0.07458079548358   -1.03803805451711
   0.34008847689964    0.07321913337236   -1.03314550236384
   0.32963683310032    0.07096895333604   -1.02536058188206
   0.32732299391913    0.07047079679409   -1.02372135849663
   0.31483683944126    0.06778259806899   -1.01459534297039
   0.31102113960110    0.06696109938708   -1.01201358681499
   0.30235873263313    0.06509613196185   -1.00610306393503
   0.29312169890220    0.06310745063141   -0.99992084938233
   0.28909542053740    0.06224061557932   -0.99681283943595
   0.27756528653503    0.05975824267737   -0.98923244015687
   0.27301332203969    0.05877823036255   -0.98619611424258
   0.26386311574480    0.05680824248999   -0.97987448723240
   0.25542621551228    0.05499182539463   -0.97390587220830
   0.25158613710570    0.05416507814470   -0.97131043664066
   0.23914249092317    0.05148603121614   -0.96296629765335
   0.23655756658028    0.05092951156588   -0.96085073463734
   0.22642455034244    0.04874793024873   -0.95434344800131
   0.21794664669167    0.04692268534839   -0.94766966367915
   0.21397142586080    0.04606684269576   -0.94439395225764
   0.20165577173533    0.04341535173611   -0.93536470073548
   0.19981138151484    0.04301826491101   -0.93429749321851
   0.18837125633989    0.04055527040259   -0.92717550207843
   0.18017858750249    0.03879143495086   -0.92162800085754
   0.17597425965031    0.03788626684709   -0.91862364168316
   0.16365666921443    0.03523435901071   -0.90975997880375
   0.16283213570622    0.03505684159096   -0.90906267082468
   0.15066417789302    0.03243714881537   -0.90193983853811
   0.14275692434141    0.03073476166694   -0.89630388187845
   0.13782047267152    0.02967197142924   -0.89257535627635
   0.12522742358679    0.02696075889741   -0.88448420939036
   0.12372179456706    0.02663660545061   -0.88357940627695
   0.11302519931461    0.02433368874623   -0.87663020476011
   0.10501620922952    0.02260939829521   -0.87045600983602
   0.10027847433083    0.02158939065899   -0.86699379871242
   0.08737856587300    0.01881211303266   -0.85867365010773
   0.08587313418733    0.01848800207077   -0.85776904720815
   0.07512083108242    0.01617309177955   -0.85082923261408
   0.06622498602523    0.01425786644866   -0.84470637869192
   0.06213260085251    0.01337679897321   -0.84241388734765
   0.04942245724523    0.01064037665027   -0.83773895036583
   0.03678980752988    0.00792063832574   -0.83565528900994
   0.02425346345967    0.00522163406412   -0.83744625640361
   0.01157687669862    0.00249243634115   -0.84205279525375
   0.00315128695040    0.00067845432935   -0.84568477268614
  -0.00066242818099   -0.00014261705594   -0.84756619852060
  -0.01321068709224   -0.00284418651571   -0.85481546749640
  -0.01954589673856   -0.00420812146660   -0.85888570997499
  -0.02605293725186   -0.00560905063522   -0.86341577863106
  -0.03850407443862   -0.00828971033480   -0.87080164069756
  -0.04000363670893   -0.00861255764462   -0.87171684331496
  -0.05106464369134   -0.01099393014175   -0.87915931757380
  -0.05828202150608   -0.01254779093008   -0.88444064443613
  -0.06386235562523   -0.01374920543214   -0.88844688640732
  -0.07639117148033   -0.01644658891145   -0.89662061390797
  -0.07790779174910   -0.01677310871226   -0.89752042845836
  -0.08906936241787   -0.01917613200458   -0.90540082186948
  -0.09623089853124   -0.02071797038916   -0.91020516167201
  -0.10167322007995   -0.02188967156223   -0.91347389773080
  -0.11425838695615   -0.02459918709896   -0.92178581401379
  -0.11650606420610   -0.02508309934980   -0.92335233035245
  -0.12683742564950   -0.02730738327244   -0.93067043273693
  -0.13564123787651   -0.02920279445341   -0.93603038077928
  -0.13971018196536   -0.03007881519555   -0.93901367957860
  -0.15215465762754   -0.03275804070640   -0.94800550684185
  -0.15375034363398   -0.03310158291516   -0.94895326191366
  -0.16475345363627   -0.03547049051859   -0.95623170713596
  -0.17392310974312   -0.03744466582611   -0.96216612887985
  -0.17726171519786   -0.03816344877429   -0.96470605608840
  -0.19033531695300   -0.04097812158912   -0.97347557072307
  -0.19180611854918   -0.04129477688782   -0.97441817713739
  -0.20242165850817   -0.04358024284410   -0.98162984502835
  -0.21118136196187   -0.04546615765463   -0.98786844489485
  -0.21527241516190   -0.04634693836387   -0.99089381587117
  -0.22786325265208   -0.04905767475185   -0.99897590481302
  -0.23021269493543   -0.04956349644114   -1.00059758423894
  -0.24032185702058   -0.05173994209359   -1.00731916826448
  -0.24970746876492   -0.05376061143339   -1.01372896517250
  -0.25294798751221   -0.05445827686597   -1.01619122488752
  -0.26552162503495   -0.05716531019785   -1.02485022704049
  -0.26780916548510   -0.05765780477114   -1.02663677878272
  -0.27801864745518   -0.05985584872972   -1.03414756350998
  -0.28433378019882   -0.06121546123654   -1.03963674223056
  -0.29095455578784   -0.06264087692631   -1.04643008332489
  -0.29720759633427   -0.06398712133284   -1.05224204906177
  -0.30346677435645   -0.06533468710333   -1.05710038275406
  -0.31283891591648   -0.06735245638832   -1.06518671276879
  -0.31607065656081   -0.06804823194479   -1.06839818365871
  -0.32788944297845   -0.07059275008578   -1.07811623137110
  -0.32871419222127   -0.07077031395198   -1.07887734290246
  -0.34122934670348   -0.07346475621466   -1.08938880623329
  -0.34284390307080   -0.07381236110581   -1.09099598435557
  -0.35379712320268   -0.07617052770118   -1.10090174691903
  -0.35709176322878   -0.07687984514023   -1.10388919119850
  -0.36673617825045   -0.07895623336781   -1.11253458638539
  -0.37080227910041   -0.07983164197663   -1.11641393710151
  -0.37901377935348   -0.08159953172608   -1.12348948771591
  -0.38687844567995   -0.08329275008483   -1.12990776170203
  -0.39201765239224   -0.08439919234105   -1.13508287541115
  -0.40181016574611   -0.08650746530532   -1.14263434118663
  -0.40412496001235   -0.08700582747171   -1.14455185801437
  -0.41606410512621   -0.08957625816202   -1.15580071614798
  -0.41688452585778   -0.08975289012413   -1.15656393931768
  -0.42974049954413   -0.09252070884164   -1.16676579781249
  -0.43132953785975   -0.09286281984001   -1.16824774664256
  -0.44211968666348   -0.09518587809699   -1.17834513626206
  -0.44537038657908   -0.09588573547777   -1.18134822599823
  -0.45468522878217   -0.09789116853397   -1.18963941832846
  -0.46095258687973   -0.09924049542861   -1.19455962077414
  -0.46727150528927   -0.10060092296799   -1.20012395988309
  -0.47520301602826   -0.10230853255222   -1.20735355124436
  -0.47992088736635   -0.10332426367574   -1.21142121957202
  -0.48962481360984   -0.10541346433416   -1.22003610761170
  -0.49277928893355   -0.10609260510232   -1.22245634167945
  -0.50487559034938   -0.10869687065919   -1.23257993938861
  -0.50567730925717   -0.10886947622399   -1.23337229268693
  -0.51769017584105   -0.11145577873153   -1.24367481725416
  -0.52084169792501   -0.11213428368381   -1.24619857676856
  -0.53050012144334   -0.11421368786181   -1.25557970382333
  -0.53443354892468   -0.11506053264171   -1.25895278331049
  -0.54298668478767   -0.11690197461356   -1.26547204927926
  -0.54949089990353   -0.11830229549003   -1.27169737673266
  -0.55578681853959   -0.11965777130773   -1.27734915539589
  -0.56370831819936   -0.12136322556301   -1.28459669416894
  -0.56839631770248   -0.12237252544872   -1.28864656087140
  -0.57900188811477   -0.12465584501776   -1.29777815945735
  -0.58081026693383   -0.12504517879098   -1.29964339546652
  -0.59320262147475   -0.12771318291802   -1.31002942620152
  -0.59400435267266   -0.12788579112881   -1.31082179870157
  -0.60607771478254   -0.13048511798233   -1.32051451206455
  -0.60927769981868   -0.13117405673523   -1.32352326072279
  -0.61891244098653   -0.13324836223657   -1.33219566443053
  -0.62360963648575   -0.13425964196845   -1.33624346932772
  -0.63156015569328   -0.13597134396889   -1.34347572258477
  -0.63795311967727   -0.13734771310335   -1.34896509235765
  -0.64406523597966   -0.13866361731396   -1.35481437460201
  -0.65262101199933   -0.14050562769666   -1.36239230151245
  -0.65679197580303   -0.14140361270874   -1.36606730007164
  -0.66772504395438   -0.14375744069621   -1.37498457145956
  -0.66913793691584   -0.14406162859204   -1.37599756063464
  -0.68163018930716   -0.14675114016356   -1.38672863215905
  -0.68322960499224   -0.14709548535112   -1.38831420589286
  -0.69474205503612   -0.14957405099641   -1.39979881533308
  -0.69615097607842   -0.14987738376043   -1.40079146451913
  -0.70685006838941   -0.15218083806745   -1.40999270285794
  -0.71016810336626   -0.15289519230761   -1.41390028712908
  -0.71968314867788   -0.15494372796535   -1.42279153783346
  -0.72437378694428   -0.15595359596194   -1.42680615987089
  -0.73219823096306   -0.15763815468442   -1.43408304321702
  -0.73778730931009   -0.15884145176949   -1.43971276877642
  -0.74487867792301   -0.16036818348647   -1.44618974655370
  -0.75258478907579   -0.16202726580946   -1.45276153658746
  -0.75748987957827   -0.16308330416447   -1.45829152049637
  -0.76479918558250   -0.16465695657417   -1.46531996609104
  -0.77029429747835   -0.16584002321161   -1.47017228961173
  -0.77940148445697   -0.16780074926771   -1.47846949786415
  -0.78264859323522   -0.16849983349684   -1.48187597867765
  -0.79261995452137   -0.17064661141349   -1.49088792781172
  -0.79584810999440   -0.17134161510277   -1.49402785528302
  -0.80699416898238   -0.17374129881759   -1.50440731152640
  -0.80780984571368   -0.17391690942317   -1.50523447425295
  -0.82039968878158   -0.17662743171763   -1.51651213163876
  -0.82118823072529   -0.17679720035629   -1.51731908412575
  -0.83309416575179   -0.17936048110186   -1.52947511695021
  -0.83389871094126   -0.17953369514919   -1.53026189773492
  -0.84576803412734   -0.18208909357175   -1.54058366526980
  -0.84886995325602   -0.18275691928717   -1.54315230912333
  -0.85858423662633   -0.18484834977665   -1.55248447934565
  -0.86233067522232   -0.18565493690283   -1.55591371602457
  -0.87100626953610   -0.18752274348933   -1.56478881156008
  -0.87559912074654   -0.18851155848360   -1.56896583996046
  -0.88356859632787   -0.19022734168454   -1.57642170074736
  -0.88921281657682   -0.19144251051048   -1.58171244422665
  -0.89644185151306   -0.19299888101140   -1.58879245980903
  -0.90405535324601   -0.19463802504797   -1.59488446515779
  -0.90875822545281   -0.19565052694302   -1.59885242530344
  -0.91744085438633   -0.19751984804352   -1.60756954749203
  -0.92137537136393   -0.19836692738582   -1.61176389856162
  -0.93105886561848   -0.20045172915211   -1.62053493187403
  -0.93455990734138   -0.20120548371383   -1.62403124778272
  -0.94415900314961   -0.20327211497004   -1.63276643138745
  -0.94711684889956   -0.20390892249858   -1.63538893145737
  -0.95922372576035   -0.20651546488918   -1.64579675331682
  -0.96002846325620   -0.20668872033898   -1.64658167406231
  -0.97234901918741   -0.20934126662980   -1.65797457914836
  -0.97309323664423   -0.20950149245611   -1.65881849070101
  -0.98456537433413   -0.21197137907867   -1.67153295264232
  -0.98540005855896   -0.21215108189054   -1.67227130188880
  -0.99759576841049   -0.21477674952365   -1.68218808277440
  -0.99996196642168   -0.21528617862676   -1.68460868643620
  -1.00982148191880   -0.21740887677506   -1.69388816592456
  -1.01381872534089   -0.21826946076753   -1.69790474702759
  -1.02251866542220   -0.22014250886064   -1.70598856142314
  -1.02737097607412   -0.22118718401113   -1.71063102018909
  -1.03532128420422   -0.22289884056779   -1.71866715367193
  -1.04082822797388   -0.22408445454101   -1.72351712028310
  -1.04787858941276   -0.22560235764442   -1.72999661431674
  -1.05486095667177   -0.22710562198390   -1.73662376032573
  -1.06034605319240   -0.22828653236747   -1.74149471391743
  -1.06908652502294   -0.23016830671788   -1.74952061875585
  -1.07315480600713   -0.23104418469731   -1.75337934674597
  -1.08368118089461   -0.23331045391596   -1.76261905319071
  -1.08522339468249   -0.23364248385727   -1.76426185278093
  -1.09613954591851   -0.23599266972816   -1.77507834675640
  -1.09855685931808   -0.23651310368646   -1.77740272792291
  -1.11060834722481   -0.23910772114726   -1.78766908202826
  -1.11139700627979   -0.23927751499931   -1.78847610777659
  -1.12327481761936   -0.24183474087350   -1.80061310153932
  -1.12479018352087   -0.24216099061611   -1.80149304820589
  -1.13605700061223   -0.24458667287037   -1.81253193369251
  -1.13830634271318   -0.24507094355425   -1.81428419887303
  -1.14876028451565   -0.24732161833771   -1.82378654641030
  -1.15199752097199   -0.24801857711154   -1.82682772863144
  -1.16146306504616   -0.25005645543170   -1.83651080608973
  -1.16531593772602   -0.25088595721660   -1.83989455473306
  -1.17408403637181   -0.25277367946471   -1.84780827246560
  -1.17935041892370   -0.25390750196282   -1.85286808932634
  -1.18636452855258   -0.25541760025573   -1.85967908930185
  -1.19360070431560   -0.25697550813643   -1.86589006721924
  -1.19952320549033   -0.25825058927815   -1.87181505548552
  -1.20654526441950   -0.25976239901064   -1.87838418263608
  -1.21194739713004   -0.26092544775323   -1.88250777731195
  -1.22121621911556   -0.26292097291583   -1.89158616852508
  -1.22440624081510   -0.26360776661848   -1.89481201282094
  -1.23522318878937   -0.26593659458593   -1.90469445875284
  -1.23682865138567   -0.26628224163941   -1.90632739599362
  -1.24803663079723   -0.26869525647264   -1.91740916358995
  -1.24967062948094   -0.26904704718499   -1.91901783465229
  -1.26209300877394   -0.27172151547204   -1.92973800221820
  -1.26290626010274   -0.27189660390212   -1.93051638981623
  -1.27488744987684   -0.27447608657094   -1.94164413165104
  -1.27651715128393   -0.27482695210385   -1.94319660249626
  -1.28767649010929   -0.27722949489286   -1.95352217705821
  -1.29072941302352   -0.27788677199931   -1.95610121808488
  -1.30069251881478   -0.28003177255441   -1.96603031783021
  -1.30424271951770   -0.28079611076762   -1.96885526766175
  -1.31272320544172   -0.28262191161684   -1.97712709912360
  -1.31751106520729   -0.28365271085455   -1.98194556119265
  -1.32534524924412   -0.28533936654805   -1.98923216877655
  -1.33162527212663   -0.28669142009955   -1.99501532875788
  -1.33820820202097   -0.28810868782443   -2.00110697798476
  -1.34526456331196   -0.28962788266219   -2.00759181672342
  -1.35078678780333   -0.29081678648873   -2.01324081192882
  -1.35794274450205   -0.29235742365676   -2.02046510627766
  -1.36349975537357   -0.29355381679499   -2.02527566361672
  -1.37307320558117   -0.29561492669784   -2.03321500931860
  -1.37622882081390   -0.29629431288200   -2.03644305188620
  -1.38628754291434   -0.29845989908986   -2.04632923647756
  -1.38870580858412   -0.29898053806658   -2.04871411758317
  -1.40093443515563   -0.30161329248408   -2.05885893081022
  -1.40174776126144   -0.30178839701323   -2.05963737729949
  -1.41370281133886   -0.30436225195261   -2.07074302401358
  -1.41528066432639   -0.30470195481284   -2.07235708017306
  -1.42656074299840   -0.30713049221071   -2.08424964755310
  -1.42738811442959   -0.30730862061930   -2.08500746119899
  -1.43954008828433   -0.30992487213867   -2.09596285576771
  -1.44170982618940   -0.31039200448758   -2.09777896954750
  -1.45176903042363   -0.31255769449614   -2.10766552073599
  -1.45556500314198   -0.31337494603985   -2.11107318537178
  -1.46426110048742   -0.31524716681357   -2.11915422725627
  -1.46916342035288   -0.31630260866604   -2.12378022024542
  -1.47706237407551   -0.31800320890804   -2.13103609136423
  -1.48332752920494   -0.31935206151606   -2.13672057098460
  -1.48952143002813   -0.32068557347330   -2.14255487344081
  -1.49696347368115   -0.32228780355108   -2.14938620716188
  -1.50242364788976   -0.32346334830126   -2.15431509269655
  -1.51074468319945   -0.32525482033139   -2.16274933402088
  -1.51456031307849   -0.32607630395107   -2.16620285873864
  -1.52553845406544   -0.32843983586615   -2.17586520628480
  -1.52736811248474   -0.32883375101744   -2.17807381397222
  -1.53796481717215   -0.33111516184584   -2.18817297396077
  -1.54015881741898   -0.33158751774027   -2.18997153398672
  -1.55241335357589   -0.33422585034557   -2.20090355062669
  -1.55322677395936   -0.33440097517217   -2.20168206866266
  -1.56539394425837   -0.33702049840038   -2.21339235838960
  -1.56619606842380   -0.33719319121487   -2.21418507659120
  -1.57800762148143   -0.33973615205419   -2.22550267862196
  -1.57961110442132   -0.34008137289880   -2.22709755798505
  -1.59053155658974   -0.34243248473621   -2.23697691910762
  -1.59442691031566   -0.34327113245104   -2.24020956554078
  -1.60325689304180   -0.34517217799305   -2.24890987476574
  -1.60784483387922   -0.34615993581167   -2.25312116830862
  -1.61568459744601   -0.34784779274654   -2.26041197240402
  -1.62126375508342   -0.34904895395872   -2.26603229614241
  -1.62839320726345   -0.35058388485317   -2.27249570241903
  -1.63556031005619   -0.35212692171246   -2.27880540026988
  -1.64093467275791   -0.35328399172858   -2.28462656730100
  -1.64810587614532   -0.35482791142280   -2.29185210056629
  -1.65343349425628   -0.35597491759184   -2.29615130791694
  -1.66302896059319   -0.35804076744332   -2.30480614706183
  -1.66624099593503   -0.35873230055916   -2.30802084306517
  -1.67664070165068   -0.36097129861863   -2.31751917223344
  -1.67900800083895   -0.36148096479897   -2.31994064637553
  -1.69045028600070   -0.36394442434038   -2.33083793851404
  -1.69136956649180   -0.36414234025184   -2.33167389695779
  -1.70446054589125   -0.36696075437561   -2.34234500639898
  -1.70523562543331   -0.36712762463502   -2.34316560308965
  -1.71649118734090   -0.36955088371162   -2.35424726445670
  -1.71890811597177   -0.37007123483139   -2.35664899784257
  -1.72911731073488   -0.37226921695592   -2.36635534140831
  -1.73243836457950   -0.37298422114131   -2.36950077516210
  -1.74233503658759   -0.37511491887711   -2.37866507816749
  -1.74608362552238   -0.37592196895913   -2.38209596625327
  -1.75476432501257   -0.37779087466135   -2.39097514593816
  -1.75874011688912   -0.37864684025690   -2.39498444890602
  -1.76724300960579   -0.38047746516236   -2.40246471189894
  -1.77356663934603   -0.38183890702470   -2.40809434151909
  -1.78001763968330   -0.38322777105910   -2.41438522000017
  -1.78698998079332   -0.38472887682518   -2.42100482713579
  -1.79248096432651   -0.38591105464939   -2.42587995762717
  -1.80053642728649   -0.38764535044859   -2.43375923334747
  -1.80549724081842   -0.38871338565796   -2.43916149288480
  -1.81465198079982   -0.39068434960769   -2.44680524010408
  -1.81772696174854   -0.39134637568471   -2.44929296664882
  -1.82815852862890   -0.39359223327347   -2.45959183818993
  -1.83060464174055   -0.39411886764756   -2.46192462885480
  -1.84216672201367   -0.39660811840165   -2.47190284048576
  -1.84375182107413   -0.39694938130057   -2.47347052896595
  -1.85578132444321   -0.39953926561425   -2.48381120697945
  -1.85735980463224   -0.39987910350743   -2.48542572668868
  -1.86860643508366   -0.40230043969182   -2.49733254313326
  -1.86941541292647   -0.40247460806444   -2.49807159070257
  -1.88123439019966   -0.40501916729556   -2.50782819100603
  -1.88438056216546   -0.40569652039754   -2.51108076038059
  -1.89353444100416   -0.40766729894809   -2.52031722193949
  -1.89763994125952   -0.40855119002696   -2.52414824755248
  -1.90649104172836   -0.41045678210003   -2.53285434720454
  -1.91102954548440   -0.41143389639350   -2.53709297132110
  -1.91857625254420   -0.41305865991319   -2.54397113352165
  -1.92509654404496   -0.41446244194478   -2.55017608149303
  -1.93158488659065   -0.41585934554630   -2.55643410352328
  -1.93932021707178   -0.41752471862610   -2.56308118880336
  -1.94401114635917   -0.41853464927786   -2.56715810522523
  -1.95286242894696   -0.42044028056011   -2.57584566487938
  -1.95683410253848   -0.42129535951210   -2.57985674071924
  -1.96628097135241   -0.42332921715392   -2.58876326238349
  -1.96946129786647   -0.42401392353775   -2.59196910859434
  -1.98046075006112   -0.42638204363580   -2.60173559574346
  -1.98208749493175   -0.42673227264307   -2.60327589459917
  -1.99392635618527   -0.42928111278314   -2.61458046450254
  -1.99475187765498   -0.42945884290544   -2.61534223000830
  -2.00752420013147   -0.43220865198867   -2.62650860724520
  -2.00831993343504   -0.43237996888660   -2.62729466533501
  -2.02015419105491   -0.43492781789028   -2.63861942833425
  -2.02173960636952   -0.43526914887694   -2.64021107722889
  -2.03278436912727   -0.43764702408400   -2.65073038273408
  -2.03576879027815   -0.43828955314666   -2.65332875210702
  -2.04541473586736   -0.44036627089681   -2.66284147154647
  -2.04919059791117   -0.44117919272557   -2.66624460947892
  -2.05788852851694   -0.44305180818991   -2.67430008835885
  -2.06340545865547   -0.44423957217210   -2.67915652140888
  -2.07051011525884   -0.44576916471858   -2.68561607656833
  -2.07758351387340   -0.44729202759613   -2.69211153941553
  -2.08310961584743   -0.44848176622284   -2.69776338592630
  -2.09080684832625   -0.45013893701734   -2.70523231111682
  -2.09540417168534   -0.45112871484003   -2.70948837592295
  -2.10442472383299   -0.45307078890502   -2.71794965475236
  -2.10841436672247   -0.45392973654564   -2.72193474637639
  -2.11981943946957   -0.45638518446379   -2.73127385645414
  -2.12064950629030   -0.45656389317456   -2.73209430161739
  -2.13285525861987   -0.45919172289663   -2.74377659404140
  -2.13366916545903   -0.45936695245440   -2.74455546351234
  -2.14626686346109   -0.46207916587193   -2.75590191218250
  -2.14705637243086   -0.46224914270586   -2.75670936588966
  -2.15884727920540   -0.46478765851673   -2.76810522579349
  -2.16049736251023   -0.46514291215741   -2.76960668087335
  -2.17133399633257   -0.46747597837706   -2.77952148362222
  -2.17456551912009   -0.46817170703018   -2.78269603787007
  -2.18440149131103   -0.47028933643727   -2.79194348373988
  -2.18829104068251   -0.47112673450728   -2.79531989672484
  -2.19684819609478   -0.47296904186544   -2.80508762439681
  -2.20015935927765   -0.47368191664707   -2.80809284018645
  -2.21003948566621   -0.47580905220419   -2.81664781402156
  -2.21515353400241   -0.47691007800376   -2.82110867408263
  -2.22211322327412   -0.47840845990032   -2.82769931309248
  -2.22936580747626   -0.47996990042553   -2.83402978470393
  -2.23489299147002   -0.48115987200499   -2.83968241334748
  -2.24326176251766   -0.48296162127062   -2.84729329614074
  -2.24735069270423   -0.48384194490701   -2.85116366572638
  -2.25686525178514   -0.48589037588202   -2.85997976184480
  -2.26016017599659   -0.48659975450457   -2.86310222658727
  -2.27022807820921   -0.48876731713888   -2.87299505038549
  -2.27246764230170   -0.48924948267262   -2.87477467581512
  -2.28485165236332   -0.49191569028028   -2.88555425640754
  -2.28561340659714   -0.49207969167589   -2.88638682684298
  -2.29727360264361   -0.49459006620330   -2.89782969991844
  -2.29898334426114   -0.49495816394265   -2.89941056790703
  -2.31069727074300   -0.49748010633014   -2.91075073679573
  -2.31149171901477   -0.49765114656796   -2.91151171066151
  -2.32293724524025   -0.50011530389214   -2.92084738690707
  -2.32692334628907   -0.50097348899441   -2.92485744325655
  -2.33576967621403   -0.50287805399625   -2.93356710098921
  -2.34035147026232   -0.50386448844579   -2.93777667097308
  -2.34843910480145   -0.50560571060476   -2.94563252277964
  -2.35395958730839   -0.50679423939185   -2.95049070574547
  -2.36106689907406   -0.50832440357981   -2.95695214312043
  -2.36811289955228   -0.50984136779295   -2.96348890319812
  -2.37347888821614   -0.51099663492589   -2.96930610407216
  -2.38069760919220   -0.51255078488928   -2.97647190492639
  -2.38633355922817   -0.51376417318496   -2.98118941201166
  -2.39495131467533   -0.51561952738927   -2.98934717113356
  -2.39863637923451   -0.51641290103105   -2.99295012738069
  -2.40881985820993   -0.51860534669135   -3.00181576148745
  -2.41195961370384   -0.51928131836308   -3.00509810470471
  -2.42258786604891   -0.52156952122447   -3.01519364505990
  -2.42403973093350   -0.52188209955583   -3.01614551370141
  -2.43607217577918   -0.52447261715285   -3.02805253439692
  -2.43688641745586   -0.52464791879925   -3.02883164570812
  -2.44949711878142   -0.52736293175909   -3.04017582334466
  -2.45030006812142   -0.52753580222901   -3.04096913957456
  -2.46219785858233   -0.53009732949549   -3.05216334764706
  -2.46391090080494   -0.53046613783652   -3.05368821785151
  -2.47461997218592   -0.53277174058110   -3.06297421063585
  -2.47873916737261   -0.53365858010154   -3.06680952920951
  -2.48760474950319   -0.53556728999480   -3.07552289865813
  -2.49155420434769   -0.53641758537571   -3.07956156671390
  -2.49988142899907   -0.53821038993624   -3.08721715486477
  -2.50626171961976   -0.53958403056697   -3.09280182476224
  -2.51309796108890   -0.54105583484701   -3.09947862820202
  -2.51998259324816   -0.54253805737006   -3.10545850947266
  -2.52514756620445   -0.54365004695347   -3.11065019131559
  -2.53262823155152   -0.54526059206442   -3.11828016586218
  -2.53818783959110   -0.54645754435830   -3.12309581305496
  -2.54763727089147   -0.54849195368902   -3.13126226826440
  -2.55079712800900   -0.54917225312708   -3.13449342058643
  -2.56086931838656   -0.55134073897915   -3.14438937927678
  -2.56307149922442   -0.55181485610874   -3.14618993068128
  -2.57508996607545   -0.55440236432225   -3.15730106909668
  -2.57590437903288   -0.55457770284443   -3.15808030619119
  -2.58851892220113   -0.55729354293136   -3.16942648976655
  -2.58932204310990   -0.55746645033908   -3.17021993299957
  -2.60096066056449   -0.55997217911721   -3.18094661621504
  -2.60338963557695   -0.56049512375507   -3.18331782627764
  -2.61419311974308   -0.56282105304047   -3.19407382616705
  -2.61577321492625   -0.56316123863280   -3.19568952818805
  -2.62609192896903   -0.56538279964132   -3.20459317249224
  -2.63157420685900   -0.56656310318959   -3.20942572009940
  -2.63891780588375   -0.56814413869343   -3.21727892236648
  -2.64385777686857   -0.56920768661982   -3.22187414289184
  -2.65211532268524   -0.57098548971974   -3.22962252400977
  -2.65804111767348   -0.57226128000095   -3.23487481402822
  -2.66438366484928   -0.57362679468060   -3.24130014291486
  -2.67088010013734   -0.57502544060397   -3.24759936619664
  -2.67702301784006   -0.57634797618257   -3.25342346209147
  -2.68556387313681   -0.57818677421768   -3.26086882548237
  -2.68966130014304   -0.57906892717148   -3.26474160078342
  -2.69912662131312   -0.58110675750165   -3.27365723796911
  -2.70211873754123   -0.58175094327109   -3.27626440555673
  -2.71269515609261   -0.58402798660868   -3.28619657053298
  -2.71534391922378   -0.58459825039045   -3.28850847799631
  -2.72664988667229   -0.58703236149608   -3.29883939960155
  -2.72823041587741   -0.58737264053088   -3.30045518502356
  -2.74021401096879   -0.58995264105097   -3.31162688713577
  -2.74101733209318   -0.59012559156397   -3.31242048191684
  -2.75305530082979   -0.59271729842359   -3.32436033049658
  -2.75384101881209   -0.59288645907927   -3.32512076483942
  -2.76550085505265   -0.59539675614249   -3.33506816774451
  -2.76925454734937   -0.59620490494958   -3.33850272448683
  -2.77798601845249   -0.59808474149407   -3.34736195197948
  -2.78212701438558   -0.59897627459241   -3.35116352593237
  -2.79118336081874   -0.60092605496545   -3.35971366924413
  -2.79572750560390   -0.60190438374072   -3.36395638770497
  -2.80327745316780   -0.60352984492269   -3.37079278677832
  -2.80994652918535   -0.60496565942264   -3.37683891816255
  -2.81627425225978   -0.60632798255677   -3.38254355109932
  -2.82397989587008   -0.60798696422050   -3.39001867876670
  -2.82854105884972   -0.60896895691717   -3.39425022874892
  -2.83741524793809   -0.61087951983997   -3.40294857326255
  -2.84140089242565   -0.61173760664717   -3.40690988518488
  -2.85243085266954   -0.61411229495638   -3.41588014104719
  -2.85422029237885   -0.61449755124595   -3.41806601119989
  -2.86527408952987   -0.61687737150699   -3.42860795551318
  -2.86687389229744   -0.61722180003123   -3.43015434445120
  -2.87929858910043   -0.61989676726511   -3.44091827981832
  -2.88011500929810   -0.62007253793481   -3.44169567285690
  -2.89234384645026   -0.62270533768914   -3.45346022029222
  -2.89314976645904   -0.62287884772732   -3.45429206269263
  -2.90427368147815   -0.62527376397039   -3.46479717784273
  -2.90761653452458   -0.62599346140113   -3.46774963626988
  -2.91743954206778   -0.62810829959260   -3.47710087346293
  -2.92060139591610   -0.62878902891555   -3.48033356858831
  -2.92972047187989   -0.63075231460318   -3.48879778017008
  -2.93463188709689   -0.63180971463360   -3.49346788765462
  -2.94236347685515   -0.63347428235684   -3.50092530765273
  -2.94874289774445   -0.63484773573929   -3.50651402932239
  -2.95539589078647   -0.63628008766521   -3.51260951119822
  -2.96308835246081   -0.63793623133238   -3.51933359944736
  -2.96781259476286   -0.63895333408855   -3.52421485498190
  -2.97496824622404   -0.64049390554066   -3.53221481386985
  -2.98051178037679   -0.64168739721725   -3.53702908949444
  -2.99016326275497   -0.64376530700688   -3.54499698288938
  -2.99332554320161   -0.64444612817405   -3.54823002078528
  -3.00277479754624   -0.64648049940719   -3.55781211452174
  -3.00621112632805   -0.64722032163722   -3.56078390464461
  -3.01706341396804   -0.64955675803563   -3.57003206586941
  -3.01943544042801   -0.65006744197094   -3.57245673633443
  -3.03107174583030   -0.65257267297723   -3.58318458070741
  -3.03187548509354   -0.65274571351317   -3.58397850440726
  -3.04392221046645   -0.65533930562726   -3.59592325275941
  -3.04532595159756   -0.65564152318557   -3.59688465367595
  -3.05659332292703   -0.65806732476418   -3.60712488774203
  -3.05914097162134   -0.65861581917727   -3.60946464322132
  -3.06902435617630   -0.66074365619926   -3.61876190071767
  -3.07360256861862   -0.66172931954921   -3.62297509968519
  -3.08187271403345   -0.66350983527164   -3.63149381161751
  -3.08644483126642   -0.66449418635736   -3.63566618188344
  -3.09452313774974   -0.66623340023845   -3.64281278306824
  -3.10065123912953   -0.66755274594618   -3.64867425462430
  -3.10700797252342   -0.66892131483868   -3.65503802443161
  -3.11439696621426   -0.67051212355842   -3.66112212969192
  -3.12027498781662   -0.67177762849876   -3.66667534953136
  -3.12835070093097   -0.67351628404213   -3.67447394769874
  -3.13249359173757   -0.67440822509606   -3.67830602306034
  -3.14216342949277   -0.67649008669496   -3.68707808208303
  -3.14513760241557   -0.67713040937185   -3.68967049816747
  -3.15619968955291   -0.67951201442024   -3.70021703517928
  -3.15779583783053   -0.67985565615338   -3.70176457997023
  -3.17023577408623   -0.68253390435559   -3.71254869536731
  -3.17102661707107   -0.68270416839544   -3.71335718041561
  -3.18288520518660   -0.68525725561779   -3.72547720197470
  -3.18368917985187   -0.68543034683447   -3.72627131989546
  -3.19554281262651   -0.68798236719983   -3.73761314251548
  -3.19714214967869   -0.68832669545817   -3.73918096270407
  -3.20819595208039   -0.69070651684965   -3.74893432419869
  -3.21137029899087   -0.69138993585851   -3.75214096929139
  -3.22104779045051   -0.69347344525687   -3.76166913502637
  -3.22482539769214   -0.69428674281689   -3.76504192780723
  -3.23351890983704   -0.69615840701149   -3.77234263107682
  -3.23923759587509   -0.69738960790237   -3.77784319793667
  -3.24615838713044   -0.69887961527512   -3.78451469932774
  -3.25250103517717   -0.70024515167171   -3.79094104870488
  -3.25901119975854   -0.70164675343459   -3.79725034074986
  -3.26594874523916   -0.70314036789767   -3.80387307768967
  -3.27148723459041   -0.70433277345691   -3.80871663263598
  -3.28036640895193   -0.70624440968093   -3.81666005878716
  -3.28430841006303   -0.70709310031502   -3.82074715112702
  -3.29174003939358   -0.70869308824783   -3.82966475462901
  -3.29700965121788   -0.70982760599011   -3.84112875983567
  -3.29770430957059   -0.70997716202046   -3.84281199613839
  -3.30115125825143   -0.71071927065493   -3.85579880202586
  -3.30159060129669   -0.71081385873777   -3.86875886382763
  -3.30193568907825   -0.71088815419328   -3.88168453788058
  -3.30198473195893   -0.71089871284923   -3.89457076035018
  -3.30248540979217   -0.71100650596643   -3.90746274124348
  -3.30303481660800   -0.71112479015909   -3.92055879611584
  -3.30240781482742   -0.71098980020761   -3.93344338765246
  -3.30130872994578   -0.71075317342369   -3.94655924464800
  -3.29758166878940   -0.70995075815110   -3.95633037351432
  -3.29479216940543   -0.70935019464687   -3.95984957805658
  -3.28429127016611   -0.70708941019176   -3.96840418124951
  -3.27947487329813   -0.70605246707665   -3.97236577435765
  -3.27165455579485   -0.70436879676971   -3.97732889820624
  -3.25895548084582   -0.70163475746655   -3.98393726267481
  -3.25584072582940   -0.70096416825680   -3.98546501328524
  -3.24636243259589   -0.69892354511445   -3.99030402732685
  -3.23388937212323   -0.69623816545491   -3.99628642477974
  -3.22824333557924   -0.69502260559088   -3.99865292133602
  -3.22120032641045   -0.69350628538981   -4.00125342741164
  -3.20841316248740   -0.69075328102674   -4.00649247443558
  -3.19898533923758   -0.68872352378759   -4.01135142840388
  -3.19579890625400   -0.68803750271526   -4.01290350496766
  -3.18313579966459   -0.68531120719731   -4.01778065295268
  -3.17050577637371   -0.68259203432718   -4.02341192104003
  -3.16964614060503   -0.68240695958847   -4.02400872974456
  -3.15773485670054   -0.67984252725960   -4.02950507037735
  -3.14532013961645   -0.67716970860298   -4.03482030180111
  -3.13977289901414   -0.67597541894867   -4.03735435443752
  -3.13258254504191   -0.67442737624141   -4.04035723659786
  -3.11994377537137   -0.67170632032500   -4.04519330917045
  -3.10965763107786   -0.66949177140003   -4.04994912402399
  -3.10731507010351   -0.66898743121780   -4.05082462236486
  -3.09469012052097   -0.66626935068849   -4.05644917218878
  -3.08225501637239   -0.66359214281172   -4.06243698833860
  -3.08056241500938   -0.66322773527262   -4.06323723560406
  -3.06955566210881   -0.66085804337370   -4.06740867327895
  -3.05675473022925   -0.65810207484715   -4.07260647561125
  -3.05112413400224   -0.65688983919639   -4.07551256619992
  -3.04413775090236   -0.65538571026898   -4.07822281144305
  -3.03150397524974   -0.65266572953650   -4.08386238317161
  -3.02065839410998   -0.65033073700982   -4.08905951464498
  -3.01907916635946   -0.64999073817085   -4.08986651169354
  -3.00606476664914   -0.64718881122279   -4.09484652673425
  -2.99361445513514   -0.64450832928591   -4.10076170297921
  -2.99126987966741   -0.64400355539460   -4.10170734919303
  -2.98095769074489   -0.64178339920771   -4.10643986039047
  -2.96829514291074   -0.63905722398662   -4.11130907857710
  -2.96120942066862   -0.63753170790147   -4.11450646599117
  -2.95568102987006   -0.63634147650373   -4.11692541174057
  -2.94327213540849   -0.63366991142494   -4.12294475242147
  -2.93413474011244   -0.63170268168826   -4.12691866426019
  -2.93013130223005   -0.63084076406338   -4.12834552176752
  -2.91800342282787   -0.62822969994393   -4.13343221979480
  -2.90512494235349   -0.62545703564173   -4.13951870127494
  -2.90276023949760   -0.62494792843713   -4.14038187915288
  -2.89247674714144   -0.62273395045933   -4.14436821659593
  -2.87984010983243   -0.62001335362835   -4.14920473573576
  -2.87129231145368   -0.61817306078679   -4.15334879525063
  -2.86746815543438   -0.61734974153715   -4.15521589493619
  -2.85459789137430   -0.61457884618267   -4.16126906046075
  -2.84211931325535   -0.61189227860497   -4.16584139849226
  -2.84123306586828   -0.61170147453473   -4.16628546083880
  -2.82932670555950   -0.60913810222828   -4.17175035226683
  -2.81693539664287   -0.60647032321825   -4.17780845281390
  -2.81350304729485   -0.60573135773790   -4.17918425135455
  -2.80387957900874   -0.60365947922449   -4.18273546341244
  -2.79166873881269   -0.60103055411344   -4.18829659986612
  -2.78271941930899   -0.59910381603543   -4.19196424218271
  -2.77862897437172   -0.59822316628174   -4.19400537655868
  -2.76600711447615   -0.59550575094463   -4.19963483524296
  -2.75496819099876   -0.59312913290174   -4.20457990175351
  -2.75335644103410   -0.59278213221327   -4.20529787525916
  -2.74088239854076   -0.59009654113021   -4.21045604428196
  -2.72831392351698   -0.58739061925529   -4.21584399078475
  -2.72499255239968   -0.58667554676288   -4.21757023482712
  -2.71558062898046   -0.58464921266769   -4.22097115167823
  -2.70283422491550   -0.58190498367246   -4.22705146466946
  -2.69582153844997   -0.58039519177860   -4.23042000340002
  -2.69037326897040   -0.57922221004952   -4.23300098330670
  -2.67793396037660   -0.57654409697938   -4.23839588167394
  -2.66555667815600   -0.57387933783800   -4.24380564953193
  -2.66462655714446   -0.57367908802355   -4.24428861896489
  -2.65225722730253   -0.57101604098450   -4.24885862170636
  -2.64007998041250   -0.56839434832299   -4.25446168209149
  -2.63508754125964   -0.56731950429558   -4.25659386233247
  -2.62701038422910   -0.56558053788520   -4.26013230164701
  -2.61477094655502   -0.56294545589820   -4.26502310581126
  -2.60582318385080   -0.56101905299036   -4.26922242661816
  -2.60176748701513   -0.56014588430721   -4.27139936131367
  -2.58924242461156   -0.55744930892487   -4.27582080549657
  -2.57662377998569   -0.55473258581722   -4.28145256556831
  -2.57494118275056   -0.55437033211049   -4.28215066698245
  -2.56381542980247   -0.55197502017167   -4.28595093624693
  -2.55106842234832   -0.54923066127015   -4.29041974649416
  -2.54018891490736   -0.54688836460192   -4.29483568034112
  -2.53858940351311   -0.54654399880872   -4.29559355904176
  -2.52593663188736   -0.54381992835023   -4.30044647638212
  -2.51365232794244   -0.54117518690785   -4.30462581380357
  -2.50615146902673   -0.53956029423533   -4.30766249792208
  -2.50053876290788   -0.53835191022407   -4.30976672213428
  -2.48803415940960   -0.53565973952880   -4.31415068140157
  -2.47570836232173   -0.53300606484648   -4.31919123149279
  -2.46927335290975   -0.53162064356822   -4.32132459365463
  -2.46286705948533   -0.53024140468033   -4.32345073584787
  -2.45010588510167   -0.52749399571868   -4.32787133243515
  -2.43766154870549   -0.52481480019101   -4.33307664296249
  -2.43522119858253   -0.52428940655593   -4.33390192590116
  -2.42473607003419   -0.52203201744176   -4.33798398827487
  -2.41237984191917   -0.51937179113071   -4.34196545584555
  -2.40121008342962   -0.51696700504669   -4.34648778483934
  -2.39959859685343   -0.51662006106427   -4.34720588178249
  -2.38696532498421   -0.51390018879352   -4.35204364301866
  -2.37430319199658   -0.51117410288655   -4.35608921518775
  -2.36566694927242   -0.50931476847563   -4.35943052876808
  -2.36167961243128   -0.50845631731424   -4.36092203261986
  -2.34893540649913   -0.50571256156462   -4.36539449151757
  -2.33643171905330   -0.50302058809028   -4.36977888185869
  -2.33088578897851   -0.50182658058517   -4.37220929798774
  -2.32366947998221   -0.50027294990743   -4.37507035975946
  -2.31132148292670   -0.49761449569713   -4.37907289804433
  -2.29883390147331   -0.49492598975224   -4.38352086538954
  -2.29543960783016   -0.49419521745078   -4.38527560596321
  -2.28590040016875   -0.49214147977524   -4.38913092557080
  -2.27323648756066   -0.48941501072600   -4.39317642550281
  -2.26138132612247   -0.48686266124799   -4.39785334502705
  -2.26050520405404   -0.48667403710182   -4.39845262677463
  -2.24800199080748   -0.48398216571991   -4.40283728516121
  -2.23553080657696   -0.48129719000473   -4.40730920499981
  -2.22507758812295   -0.47904667095413   -4.41095457763009
  -2.22269801025171   -0.47853436124251   -4.41172363277807
  -2.21055350241619   -0.47591971711503   -4.41670217131791
  -2.19743945331314   -0.47309633621403   -4.42139751647870
  -2.19115025376920   -0.47174230697902   -4.42377186726587
  -2.18484434037148   -0.47038467934543   -4.42621817224477
  -2.17217389841614   -0.46765680456452   -4.43026615070776
  -2.15990686848553   -0.46501578212012   -4.43512260519172
  -2.15641175310193   -0.46426330346587   -4.43681032406365
  -2.14681322996753   -0.46219679550311   -4.44038165831158
  -2.13447941029704   -0.45954139360394   -4.44442084042395
  -2.12181189797178   -0.45681414955588   -4.44928717857285
  -2.12093760765033   -0.45662591977451   -4.44973762274642
  -2.10904665488191   -0.45406586462471   -4.45444394075438
  -2.09631577390217   -0.45132497766229   -4.45811325491589
  -2.08629389371193   -0.44916732331016   -4.46263865511332
  -2.08404882211582   -0.44868397204192   -4.46369724293390
  -2.07111548029941   -0.44589949640181   -4.46816660557386
  -2.05848297578041   -0.44317978933724   -4.47219728683726
  -2.05135048059327   -0.44164420330050   -4.47529843072128
  -2.04577464027294   -0.44044375628801   -4.47747277173597
  -2.03348381248280   -0.43779761029850   -4.48230113768128
  -2.02100106516372   -0.43511014511550   -4.48674431112322
  -2.01598244875195   -0.43402966527170   -4.48875968436411
  -2.00811032732649   -0.43233484187213   -4.49125370823208
  -1.99524287366142   -0.42956455157987   -4.49602177008366
  -1.98300866560571   -0.42693059550025   -4.50081272791856
  -1.98193788636183   -0.42670006276070   -4.50134689478322
  -1.97005976056381   -0.42414276918537   -4.50526176966939
  -1.95743509540050   -0.42142474988992   -4.50929043249536
  -1.94631833487130   -0.41903137396823   -4.51383387771163
  -1.94472382279192   -0.41868808449936   -4.51456955234962
  -1.93244180512832   -0.41604383528048   -4.51941799582317
  -1.91942800693504   -0.41324203783564   -4.52425047216556
  -1.91310712281152   -0.41188118708912   -4.52659974065586
  -1.90695463840302   -0.41055659185266   -4.52862967393430
  -1.89420852584937   -0.40781242561818   -4.53311746672167
  -1.88210246462995   -0.40520605883057   -4.53837093974562
  -1.87777535766008   -0.40427445707437   -4.54021690555539
  -1.86917029915595   -0.40242183645036   -4.54289534034685
  -1.85637506250488   -0.39966709407442   -4.54639127942020
  -1.84377538688473   -0.39695445488685   -4.55081642299750
  -1.84053211723257   -0.39625619719994   -4.55254635039042
  -1.83111250066405   -0.39422820681304   -4.55607041320978
  -1.81839511737298   -0.39149022582696   -4.56054240491317
  -1.80629439684970   -0.38888500886115   -4.56522960560388
  -1.80344746182893   -0.38827207978784   -4.56605914387094
  -1.79299944479373   -0.38602268057341   -4.56905952303872
  -1.78052662210457   -0.38333735210732   -4.57344347361677
  -1.76899671712967   -0.38085502851369   -4.57872139354089
  -1.76811797327343   -0.38066583991137   -4.57937616746765
  -1.75576198008078   -0.37800566417779   -4.58705927237779
  -1.75065182628163   -0.37690547685011   -4.59092783391466
  -1.74989445420614   -0.37674241890850   -4.60365344075708
      
      
