# shadow point cont 2D ind 202  size 1284
# norm -0.0157073 -0.9998766  0.0000000
# angle  1.5865043
   1.60816840  -4.59326613
   1.61654724  -4.58537736
   1.62574346  -4.57975433
   1.62853263  -4.57802227
   1.64027421  -4.57380845
   1.65327633  -4.57104482
   1.66603701  -4.56621086
   1.67177295  -4.56377948
   1.67912208  -4.56082731
   1.69199791  -4.55601353
   1.70414638  -4.55132475
   1.70503642  -4.55072646
   1.71786538  -4.54711981
   1.73074194  -4.54230646
   1.74336755  -4.53868309
   1.74419441  -4.53791637
   1.75674412  -4.53296356
   1.76961802  -4.52814622
   1.77606683  -4.52569252
   1.78253587  -4.52330592
   1.79531554  -4.51892369
   1.80826753  -4.51486798
   1.81390468  -4.51245658
   1.82128948  -4.50959396
   1.83419227  -4.50476412
   1.84672438  -4.50085827
   1.85014436  -4.49924083
   1.85992574  -4.49551609
   1.87270390  -4.49123889
   1.88495640  -4.48682431
   1.88584645  -4.48622607
   1.89848529  -4.48158973
   1.91158573  -4.47697275
   1.91965235  -4.47383346
   1.92460074  -4.47170548
   1.93751306  -4.46687029
   1.95044529  -4.46282793
   1.95443525  -4.46109807
   1.96347614  -4.45754958
   1.97612827  -4.45361926
   1.98899033  -4.44884134
   1.98990478  -4.44819445
   2.00192953  -4.44316571
   2.01481655  -4.43959366
   2.02766264  -4.43560207
   2.02854907  -4.43494549
   2.04096998  -4.42933338
   2.05362252  -4.42540328
   2.06172362  -4.42223785
   2.06667222  -4.42011005
   2.07934162  -4.41623355
   2.09251597  -4.41123265
   2.09643738  -4.40950105
   2.10523587  -4.40530707
   2.11836233  -4.40154586
   2.13101377  -4.39747478
   2.13272566  -4.39645404
   2.14400826  -4.39157345
   2.15688410  -4.38797923
   2.16910603  -4.38363622
   2.16999612  -4.38303806
   2.18262127  -4.37836120
   2.19584453  -4.37334454
   2.20296324  -4.37068554
   2.20844180  -4.36869266
   2.22146301  -4.36459282
   2.23459457  -4.35964203
   2.23853317  -4.35784068
   2.24749605  -4.35401766
   2.26016210  -4.35010548
   2.27322087  -4.34558086
   2.27555518  -4.34471799
   2.28595108  -4.34046005
   2.29919014  -4.33625270
   2.30955389  -4.33201945
   2.31193430  -4.33111603
   2.32487124  -4.32625391
   2.33781600  -4.32219676
   2.34505525  -4.31909930
   2.35067875  -4.31661952
   2.36349452  -4.31220528
   2.37647059  -4.30759148
   2.38046264  -4.30579386
   2.38932818  -4.30252851
   2.40240241  -4.29801480
   2.41501259  -4.29358254
   2.41585203  -4.29284082
   2.42823758  -4.28834224
   2.44113106  -4.28353504
   2.44760574  -4.28050569
   2.45400245  -4.27716642
   2.46667835  -4.27327582
   2.47823475  -4.26732089
   2.47988241  -4.26660300
   2.49276487  -4.26021218
   2.50323747  -4.25464555
   2.50565907  -4.25303185
   2.51843748  -4.24698513
   2.52828571  -4.24166184
   2.53151501  -4.24004890
   2.54443224  -4.23359715
   2.55470764  -4.22849168
   2.55715195  -4.22691436
   2.57010561  -4.22037027
   2.57919175  -4.21590207
   2.58334431  -4.21374455
   2.59609231  -4.20701261
   2.60479221  -4.20270133
   2.60869400  -4.20086267
   2.62194846  -4.19404870
   2.62931202  -4.19031060
   2.63483922  -4.18689735
   2.64761125  -4.18085259
   2.65486825  -4.17690618
   2.66050497  -4.17365450
   2.67344660  -4.16714160
   2.67845133  -4.16423785
   2.68652530  -4.16020565
   2.69928338  -4.15423857
   2.70500363  -4.15125412
   2.71217310  -4.14706320
   2.72514314  -4.14128944
   2.73145864  -4.13792459
   2.73802880  -4.13410081
   2.75112719  -4.12791809
   2.75598370  -4.12562761
   2.76420891  -4.12022780
   2.77658517  -4.11376566
   2.78001206  -4.11204845
   2.78989376  -4.10772558
   2.80270227  -4.10118272
   2.80580448  -4.09936726
   2.81538591  -4.09433565
   2.82833847  -4.08784147
   2.83081304  -4.08633344
   2.84155079  -4.08036515
   2.85409816  -4.07504364
   2.85665254  -4.07343084
   2.86739048  -4.06746258
   2.87995978  -4.06128107
   2.88167298  -4.06038951
   2.89323569  -4.05453025
   2.90564020  -4.04838290
   2.90646385  -4.04759638
   2.91892763  -4.04128851
   2.93168628  -4.03539978
   2.93255779  -4.03472191
   2.94475105  -4.02843173
   2.95736660  -4.02247503
   2.95819845  -4.02170504
   2.97057943  -4.01395814
   2.98174660  -4.00877413
   2.98336156  -4.00796737
   2.99644955  -4.00177388
   3.00672765  -3.99600824
   3.00915005  -3.99439465
   3.02215795  -3.98856547
   3.03333632  -3.98286561
   3.03494569  -3.98204845
   3.04811753  -3.97439897
   3.05599242  -3.97020055
   3.06072169  -3.96760593
   3.07403108  -3.95924364
   3.07617188  -3.95754914
   3.08636552  -3.94758059
   3.08843465  -3.94474980
   3.09241258  -3.93192306
   3.09409318  -3.91921106
   3.09349483  -3.90633211
   3.09267225  -3.89339987
   3.09242607  -3.88041569
   3.09183549  -3.86753636
   3.09056022  -3.85467169
   3.08774509  -3.84188598
   3.08616914  -3.83702112
   3.08328122  -3.82903160
   3.07373854  -3.81674262
   3.07300633  -3.81593668
   3.06143823  -3.80316768
   3.06067473  -3.80232190
   3.05034666  -3.79007414
   3.04795608  -3.78758775
   3.03901758  -3.77713613
   3.03497233  -3.77309271
   3.02728524  -3.76460204
   3.02167899  -3.75797599
   3.01555230  -3.75126032
   3.00908022  -3.74479112
   3.00261767  -3.73827033
   2.99597143  -3.72953885
   2.99271522  -3.72560908
   2.98256271  -3.71445572
   2.98053079  -3.71261277
   2.97064869  -3.70234136
   2.96803580  -3.69929411
   2.95770239  -3.68697956
   2.95686479  -3.68608195
   2.94597117  -3.67363935
   2.94436965  -3.67199402
   2.93383672  -3.66070304
   2.93144921  -3.65821611
   2.92251041  -3.64776747
   2.91846609  -3.64372485
   2.90956870  -3.63483116
   2.90541018  -3.63001756
   2.89963552  -3.62206837
   2.89255519  -3.61467149
   2.88671570  -3.60916304
   2.87911942  -3.60042892
   2.87479470  -3.59598325
   2.86689737  -3.58693174
   2.86346308  -3.58307276
   2.85355060  -3.57197630
   2.85192033  -3.57034126
   2.84060965  -3.55823347
   2.83977943  -3.55739189
   2.82845682  -3.54446043
   2.82767668  -3.54362701
   2.81654694  -3.53135565
   2.81496798  -3.52968094
   2.80522335  -3.51842243
   2.80200932  -3.51515573
   2.79366857  -3.50563818
   2.78907317  -3.50059990
   2.78176925  -3.49255623
   2.77573380  -3.48559984
   2.77022589  -3.47979422
   2.76316885  -3.47234875
   2.75809786  -3.46686522
   2.75007310  -3.45790839
   2.74619192  -3.45373715
   2.73735658  -3.44397136
   2.73486905  -3.44080860
   2.72435205  -3.42951106
   2.72214840  -3.42767617
   2.71247836  -3.41551442
   2.71081703  -3.41379807
   2.69949451  -3.40182645
   2.69871673  -3.40099157
   2.68877134  -3.38910090
   2.68555941  -3.38583440
   2.67664303  -3.37616974
   2.67245547  -3.37141276
   2.66475957  -3.36300492
   2.65986512  -3.35738003
   2.65319485  -3.35030848
   2.64660940  -3.34308907
   2.64129828  -3.33715343
   2.63419501  -3.32970091
   2.62919391  -3.32420860
   2.62094618  -3.31383222
   2.61860934  -3.31133600
   2.60751407  -3.29980061
   2.60670569  -3.29899247
   2.59498358  -3.28646705
   2.59420439  -3.28559670
   2.58386591  -3.27252846
   2.58204665  -3.27030628
   2.57214402  -3.26000316
   2.56896053  -3.25667668
   2.55961436  -3.24667029
   2.55620439  -3.24279529
   2.54870050  -3.23414574
   2.54307200  -3.22843002
   2.53545209  -3.22075864
   2.53055225  -3.21432064
   2.52546964  -3.20806321
   2.51737641  -3.19919937
   2.51333516  -3.19515924
   2.50430413  -3.18555469
   2.50122816  -3.18219358
   2.49171313  -3.17152582
   2.48990896  -3.16927133
   2.47919185  -3.15659473
   2.47837022  -3.15580112
   2.46605072  -3.14385290
   2.46503459  -3.14225566
   2.45453267  -3.13032052
   2.45291634  -3.12870460
   2.44281351  -3.11779742
   2.43952013  -3.11370288
   2.43190163  -3.10446750
   2.42708549  -3.09959673
   2.41982091  -3.09151222
   2.41391910  -3.08447209
   2.40826238  -3.07881673
   2.40063225  -3.07022479
   2.39673077  -3.06604376
   2.38833319  -3.05675774
   2.38502762  -3.05276325
   2.37512844  -3.04246290
   2.37272313  -3.04000425
   2.36260152  -3.02751807
   2.36178801  -3.02667975
   2.34949460  -3.01478955
   2.34873217  -3.01394468
   2.33876306  -3.00126412
   2.33636337  -2.99880899
   2.32668339  -2.98827714
   2.32343881  -2.98426341
   2.31532940  -2.97541470
   2.31051364  -2.97052755
   2.30320926  -2.96249015
   2.29763419  -2.95674691
   2.29129112  -2.94936405
   2.28467166  -2.94224053
   2.27979087  -2.93661756
   2.27169717  -2.92775668
   2.26765759  -2.92371788
   2.25843823  -2.91347437
   2.25613130  -2.91092100
   2.24644838  -2.89968850
   2.24459443  -2.89748488
   2.23394448  -2.88553323
   2.23230712  -2.88380492
   2.22160406  -2.87202449
   2.22003980  -2.87034999
   2.21029305  -2.85910165
   2.20708967  -2.85583684
   2.19817501  -2.84617878
   2.19420343  -2.84206666
   2.18631309  -2.83302201
   2.18145265  -2.82737535
   2.17498981  -2.82010657
   2.16844289  -2.81289779
   2.16262950  -2.80741145
   2.15488977  -2.79804681
   2.15191768  -2.79464767
   2.14283775  -2.78520205
   2.14002191  -2.78154925
   2.12930636  -2.76965543
   2.12849268  -2.76881360
   2.11681654  -2.75632615
   2.11605441  -2.75548152
   2.10487116  -2.74239959
   2.10406346  -2.74159200
   2.09315879  -2.72988193
   2.09079447  -2.72739637
   2.08188886  -2.71691291
   2.07801350  -2.71272142
   2.06979655  -2.70397192
   2.06505388  -2.69821226
   2.05822453  -2.69132118
   2.05146256  -2.68342944
   2.04635099  -2.67815111
   2.03944592  -2.67052762
   2.03443309  -2.66505608
   2.02601144  -2.65485157
   2.02314822  -2.65212506
   2.01380252  -2.64206306
   2.01117749  -2.63903487
   2.00027434  -2.62732601
   1.99950501  -2.62647414
   1.98836147  -2.61339720
   1.98755390  -2.61258971
   1.97549187  -2.60047581
   1.97475431  -2.59961704
   1.96514266  -2.58735662
   1.96191249  -2.58412676
   1.95343270  -2.57484089
   1.94842359  -2.56933184
   1.94134836  -2.56188837
   1.93591399  -2.55604341
   1.93003525  -2.54897705
   1.92254316  -2.54032314
   1.91850419  -2.53626162
   1.90982508  -2.52720265
   1.90639432  -2.52330746
   1.89710634  -2.51246774
   1.89528922  -2.51024732
   1.88398477  -2.49894369
   1.88242956  -2.49727191
   1.87208612  -2.48420783
   1.87129306  -2.48338703
   1.86056681  -2.47149307
   1.85814452  -2.46907094
   1.84826469  -2.45868805
   1.84509616  -2.45464107
   1.83654522  -2.44545584
   1.83254627  -2.44139925
   1.82507069  -2.43270763
   1.81943584  -2.42623392
   1.81252439  -2.41941923
   1.80672485  -2.41313583
   1.80106126  -2.40668228
   1.79375194  -2.39863061
   1.78904843  -2.39373516
   1.78103485  -2.38309017
   1.77921803  -2.38087000
   1.76791527  -2.36956772
   1.76638715  -2.36791579
   1.75580421  -2.35503663
   1.75499689  -2.35422934
   1.74409753  -2.34252355
   1.74173932  -2.34001687
   1.73158416  -2.32920377
   1.72919533  -2.32676555
   1.71947440  -2.31628756
   1.71636805  -2.31301296
   1.70776831  -2.30296815
   1.70373195  -2.29893189
   1.69561449  -2.29021868
   1.69067592  -2.28379822
   1.68496174  -2.27733823
   1.67769649  -2.27007313
   1.67272906  -2.26459170
   1.66457786  -2.25493768
   1.66200623  -2.25186800
   1.65206534  -2.24081174
   1.64964368  -2.23839011
   1.63915645  -2.22623779
   1.63839483  -2.22539359
   1.62683872  -2.21276155
   1.62603152  -2.21195435
   1.61573897  -2.20045166
   1.61254316  -2.19717841
   1.60254779  -2.18709064
   1.60007876  -2.18387328
   1.59253155  -2.17442051
   1.58708344  -2.16937582
   1.57965388  -2.16147619
   1.57381891  -2.15437413
   1.56831617  -2.14859152
   1.56118864  -2.14122903
   1.55645230  -2.13545756
   1.54833881  -2.12659707
   1.54430316  -2.12256140
   1.53532787  -2.11299811
   1.53229629  -2.10961228
   1.52271181  -2.09814607
   1.52109760  -2.09653183
   1.50966214  -2.08463495
   1.50891962  -2.08377947
   1.49826719  -2.07083266
   1.49671479  -2.06927792
   1.48618939  -2.05799257
   1.48360264  -2.05493486
   1.47468805  -2.04528083
   1.47054047  -2.04053790
   1.46342797  -2.03233944
   1.45814292  -2.02712180
   1.45131658  -2.01942982
   1.44482581  -2.01219081
   1.43923521  -2.00650338
   1.43199999  -1.99759870
   1.42807918  -1.99342682
   1.41940384  -1.98515466
   1.41531118  -1.98047529
   1.40652180  -1.96904333
   1.40554317  -1.96757915
   1.39411944  -1.95562692
   1.39302048  -1.95428501
   1.38121157  -1.94190832
   1.38042974  -1.94107795
   1.36997233  -1.92886404
   1.36743050  -1.92577845
   1.35746404  -1.91554857
   1.35484113  -1.91252217
   1.34592192  -1.90300243
   1.34192906  -1.89799610
   1.33506939  -1.89032939
   1.32841172  -1.88326808
   1.32222819  -1.87737896
   1.31617664  -1.87056583
   1.31110698  -1.86428836
   1.30309911  -1.85539758
   1.29980214  -1.85137903
   1.29008084  -1.84090187
   1.28772842  -1.83845929
   1.27740505  -1.82701320
   1.27584835  -1.82534935
   1.26508380  -1.81266008
   1.26429126  -1.81183972
   1.25315718  -1.79971320
   1.25162728  -1.79794122
   1.24199087  -1.78661266
   1.23875096  -1.78317254
   1.22886274  -1.77389708
   1.22542610  -1.76921888
   1.21775051  -1.76079470
   1.21303223  -1.75575624
   1.20616031  -1.74810322
   1.19970529  -1.74164790
   1.19264536  -1.73499102
   1.18694070  -1.72934287
   1.17946210  -1.72231447
   1.17368399  -1.71683545
   1.16573299  -1.70941085
   1.16097639  -1.70533735
   1.15070036  -1.69611754
   1.14826890  -1.69383934
   1.13777993  -1.68334982
   1.13537160  -1.68148287
   1.12228670  -1.67145552
   1.12150845  -1.67062368
   1.10995919  -1.65850917
   1.10822577  -1.65704268
   1.09643078  -1.64643554
   1.09478128  -1.64483530
   1.08378348  -1.63548882
   1.07963030  -1.63172731
   1.07052697  -1.62307399
   1.06634776  -1.61922268
   1.05770479  -1.61174106
   1.05137168  -1.60591500
   1.04493967  -1.60024205
   1.03746112  -1.59321369
   1.03184134  -1.58835997
   1.02290783  -1.58032083
   1.01873908  -1.57647213
   1.00788681  -1.56716394
   1.00627326  -1.56555029
   0.99540222  -1.55455325
   0.99312900  -1.55285439
   0.98102143  -1.54154322
   0.98018965  -1.54076494
   0.96750355  -1.53001748
   0.96583675  -1.52846524
   0.95443943  -1.51815030
   0.95135827  -1.51554227
   0.94142389  -1.50609251
   0.93749800  -1.50282129
   0.92896252  -1.49508154
   0.92302624  -1.48975969
   0.91578529  -1.48344430
   0.90876876  -1.47660649
   0.90344011  -1.47208971
   0.89336944  -1.46373261
   0.89010334  -1.46066739
   0.88091827  -1.45123012
   0.87695349  -1.44797314
   0.86650684  -1.43827949
   0.86401492  -1.43588350
   0.85319597  -1.42577449
   0.85077584  -1.42335421
   0.83860331  -1.41277424
   0.83773956  -1.41203760
   0.82536535  -1.40116904
   0.82367415  -1.39958133
   0.81225657  -1.38926951
   0.80913994  -1.38667913
   0.79975341  -1.37918574
   0.79403135  -1.37355562
   0.78664465  -1.36647952
   0.78122600  -1.36082860
   0.77407594  -1.34956939
   0.77317234  -1.34792378
   0.76392966  -1.33495664
   0.76042885  -1.33298035
   0.74770094  -1.33009261
   0.73496256  -1.32515776
   0.73082872  -1.32217211
   0.72199942  -1.31569539
   0.71453390  -1.30947412
   0.70892725  -1.30542632
   0.69690561  -1.29615773
   0.69601837  -1.29545831
   0.68301155  -1.28455847
   0.68216395  -1.28381292
   0.67068951  -1.27512188
   0.66496155  -1.27015830
   0.65742236  -1.26408815
   0.64859407  -1.25761242
   0.64459513  -1.25437204
   0.63250585  -1.24465655
   0.63166216  -1.24389538
   0.61866491  -1.23345613
   0.61630949  -1.23180678
   0.60587680  -1.22371820
   0.59952756  -1.21870197
   0.59309877  -1.21380744
   0.58454796  -1.20638553
   0.57967093  -1.20239655
   0.56794766  -1.19302706
   0.56709258  -1.19228488
   0.55409020  -1.18266390
   0.55147298  -1.18057551
   0.54111530  -1.17315688
   0.53326663  -1.16725676
   0.52855657  -1.16379450
   0.51586295  -1.15456798
   0.51496437  -1.15389490
   0.50230909  -1.14343675
   0.50067138  -1.14184043
   0.49031950  -1.13445580
   0.48343814  -1.12819389
   0.47671345  -1.12293045
   0.46621059  -1.11568016
   0.46395859  -1.11400214
   0.45179440  -1.10268085
   0.45093935  -1.10193869
   0.43803365  -1.09225899
   0.43486057  -1.08981899
   0.42539560  -1.08232249
   0.41949964  -1.07692526
   0.41222210  -1.07128621
   0.40382753  -1.06445879
   0.39876446  -1.06070640
   0.38668467  -1.05242024
   0.38438628  -1.05065541
   0.37344918  -1.04146779
   0.36930601  -1.03841887
   0.36056101  -1.03258573
   0.35005778  -1.02533523
   0.34760942  -1.02373856
   0.33473255  -1.01565586
   0.32977900  -1.01250997
   0.32168023  -1.00783032
   0.30917230  -0.99968075
   0.30824264  -0.99911987
   0.29609207  -0.99223167
   0.28747613  -0.98618367
   0.28344150  -0.98352711
   0.27001925  -0.97479802
   0.26844559  -0.97391234
   0.25730024  -0.96725962
   0.24701757  -0.96058819
   0.24449389  -0.95893151
   0.23167591  -0.95165530
   0.22535387  -0.94747159
   0.21879111  -0.94278074
   0.20655873  -0.93457868
   0.20566626  -0.93396795
   0.19265544  -0.92715062
   0.18473893  -0.92195569
   0.17996614  -0.91940764
   0.16673705  -0.91112049
   0.16359870  -0.90937880
   0.15404073  -0.90354769
   0.14337111  -0.89651682
   0.14090450  -0.89501546
   0.12806105  -0.88768690
   0.12162592  -0.88358635
   0.11531180  -0.88016362
   0.10225048  -0.87155543
   0.10063895  -0.87069155
   0.08920381  -0.86370386
   0.07900413  -0.85747720
   0.07654944  -0.85599277
   0.06369038  -0.84870715
   0.05723768  -0.84467427
   0.05068079  -0.84127443
   0.03756428  -0.83706073
   0.02470888  -0.83558858
   0.01185240  -0.83746212
  -0.00092573  -0.84162879
  -0.01196649  -0.84616840
  -0.01363536  -0.84698591
  -0.02661398  -0.85323194
  -0.03641984  -0.85845475
  -0.03959973  -0.86021396
  -0.05251157  -0.86747062
  -0.05975985  -0.87151131
  -0.06550943  -0.87531370
  -0.07810617  -0.88248030
  -0.08127284  -0.88478078
  -0.09107553  -0.89116781
  -0.10309864  -0.89772531
  -0.10396067  -0.89843332
  -0.11692986  -0.90624947
  -0.12329323  -0.91045481
  -0.12977377  -0.91456647
  -0.14259569  -0.92192056
  -0.14503257  -0.92350569
  -0.15580361  -0.93036009
  -0.16555129  -0.93573347
  -0.16872627  -0.93826830
  -0.18143676  -0.94623780
  -0.18641850  -0.94903695
  -0.19479670  -0.95404074
  -0.20708089  -0.96063049
  -0.20880119  -0.96208311
  -0.22013473  -0.96941582
  -0.22913905  -0.97477775
  -0.23333584  -0.97772484
  -0.24616837  -0.98586450
  -0.24925900  -0.98771111
  -0.25886479  -0.99361269
  -0.27100047  -1.00071127
  -0.27187504  -1.00140912
  -0.28465896  -1.00894562
  -0.29198046  -1.01354151
  -0.29768858  -1.01754306
  -0.31008660  -1.02434539
  -0.31268935  -1.02679866
  -0.32325033  -1.03478310
  -0.33031971  -1.03969617
  -0.33609425  -1.04527118
  -0.34444636  -1.05224683
  -0.34919773  -1.05551232
  -0.36181280  -1.06408166
  -0.36346399  -1.06563981
  -0.37501160  -1.07487354
  -0.37897738  -1.07811911
  -0.38770160  -1.08497217
  -0.39603769  -1.09110007
  -0.40110915  -1.09547240
  -0.41119926  -1.10409621
  -0.41376435  -1.10632261
  -0.42659980  -1.11606523
  -0.42809523  -1.11701963
  -0.43944677  -1.12593548
  -0.44432489  -1.12974901
  -0.45227176  -1.13643009
  -0.46031373  -1.14284920
  -0.46518463  -1.14691729
  -0.47661543  -1.15569043
  -0.47806191  -1.15659836
  -0.49106973  -1.16650251
  -0.49351250  -1.16861977
  -0.50424520  -1.17710715
  -0.51030276  -1.18157960
  -0.51666984  -1.18660009
  -0.52567598  -1.19447508
  -0.52974483  -1.19773959
  -0.54251033  -1.20678819
  -0.54333762  -1.20756737
  -0.55539203  -1.21709258
  -0.55947693  -1.22044782
  -0.56845421  -1.22759005
  -0.57510120  -1.23297896
  -0.58150359  -1.23784144
  -0.59312738  -1.24631758
  -0.59410292  -1.24725232
  -0.60684611  -1.25841533
  -0.60769213  -1.25917286
  -0.61999752  -1.26732954
  -0.62565316  -1.27193972
  -0.63297103  -1.27841687
  -0.64180695  -1.28498098
  -0.64590880  -1.28809531
  -0.65811648  -1.29758294
  -0.65896017  -1.29834411
  -0.67156018  -1.30826030
  -0.67421114  -1.31060638
  -0.68474883  -1.31852417
  -0.69037757  -1.32337128
  -0.69739248  -1.32863903
  -0.70721330  -1.33645627
  -0.71066544  -1.33944888
  -0.72321436  -1.34781355
  -0.72485460  -1.34939833
  -0.73630063  -1.36050105
  -0.73874777  -1.36223957
  -0.74908784  -1.36958484
  -0.75694098  -1.37545206
  -0.76175801  -1.37951237
  -0.77074704  -1.38828401
  -0.77476712  -1.39154895
  -0.78671293  -1.40125541
  -0.78755317  -1.40209320
  -0.80036648  -1.41341877
  -0.80124184  -1.41427951
  -0.81349663  -1.42625271
  -0.81432012  -1.42703884
  -0.82665623  -1.43795533
  -0.82834676  -1.43954315
  -0.83936280  -1.44864598
  -0.84339653  -1.45267999
  -0.85227076  -1.46155482
  -0.85716034  -1.46571691
  -0.86508913  -1.47142272
  -0.87243994  -1.47849849
  -0.87814732  -1.48415037
  -0.88615489  -1.49140766
  -0.89104905  -1.49625246
  -0.90125420  -1.50454677
  -0.90378802  -1.50705906
  -0.91459348  -1.51702464
  -0.91701378  -1.51944510
  -0.92957610  -1.52963752
  -0.93039579  -1.53042839
  -0.94267461  -1.54146582
  -0.94434136  -1.54301801
  -0.95573941  -1.55333299
  -0.95876498  -1.55595541
  -0.96844635  -1.56563743
  -0.97178741  -1.56883058
  -0.98135508  -1.57693356
  -0.98689686  -1.58194618
  -0.99434035  -1.58903828
  -1.00071820  -1.59468450
  -1.00711515  -1.60056219
  -1.01470928  -1.60736323
  -1.02048467  -1.61283878
  -1.02907911  -1.62046488
  -1.03307267  -1.62373271
  -1.04307542  -1.63301078
  -1.04616933  -1.63560590
  -1.05824209  -1.64612601
  -1.05907388  -1.64690430
  -1.07173825  -1.65763740
  -1.07400605  -1.65941501
  -1.08482864  -1.67032956
  -1.08655293  -1.67189102
  -1.09793965  -1.68142449
  -1.10172945  -1.68486638
  -1.11026748  -1.69330305
  -1.11532699  -1.69808567
  -1.12361954  -1.70499994
  -1.13001165  -1.71067481
  -1.13637142  -1.71652048
  -1.14453497  -1.72358547
  -1.14942094  -1.72840849
  -1.15825146  -1.73649599
  -1.16228572  -1.74053048
  -1.17176640  -1.74960832
  -1.17499383  -1.75283593
  -1.18455100  -1.76253908
  -1.18779970  -1.76653552
  -1.19516517  -1.77542866
  -1.20081324  -1.78107704
  -1.20792260  -1.78836161
  -1.21346275  -1.79492860
  -1.21856425  -1.80124929
  -1.22683462  -1.80992347
  -1.23078874  -1.81398125
  -1.23934914  -1.82323009
  -1.24267351  -1.82708927
  -1.25241989  -1.83833520
  -1.25397660  -1.83999908
  -1.26516631  -1.85228197
  -1.26597311  -1.85308900
  -1.27780036  -1.86499185
  -1.27869004  -1.86600673
  -1.28795651  -1.87871274
  -1.29118416  -1.88194054
  -1.29960676  -1.89124931
  -1.30444753  -1.89690669
  -1.31091746  -1.90415342
  -1.31700542  -1.91018331
  -1.32366244  -1.91724401
  -1.33025545  -1.92435255
  -1.33508233  -1.92999613
  -1.34262547  -1.93862821
  -1.34621956  -1.94307986
  -1.35573812  -1.95295156
  -1.35896592  -1.95617948
  -1.36925416  -1.96767829
  -1.37004010  -1.96853728
  -1.38129713  -1.98136271
  -1.38208732  -1.98218426
  -1.39329067  -1.99508091
  -1.39407132  -1.99590769
  -1.40429280  -2.00776619
  -1.40754557  -2.01086657
  -1.41694736  -2.02076199
  -1.42024841  -2.02476892
  -1.42836480  -2.03364872
  -1.43355543  -2.03974469
  -1.44039294  -2.04657963
  -1.44585204  -2.05237526
  -1.45229955  -2.05968290
  -1.45882897  -2.06693755
  -1.46376406  -2.07240921
  -1.47214435  -2.08267366
  -1.47453260  -2.08510850
  -1.48485501  -2.09578802
  -1.48714160  -2.09823723
  -1.49753641  -2.11050126
  -1.49832908  -2.11132173
  -1.50985648  -2.12401830
  -1.51064806  -2.12483973
  -1.52258395  -2.13714830
  -1.52352155  -2.13855516
  -1.53327722  -2.14985876
  -1.53661842  -2.15372454
  -1.54518143  -2.16297335
  -1.54909499  -2.16632376
  -1.55677283  -2.17552071
  -1.56226667  -2.18213670
  -1.56804541  -2.18857162
  -1.57557878  -2.19632204
  -1.58017395  -2.20134816
  -1.58795650  -2.21058964
  -1.59199197  -2.21462513
  -1.60127338  -2.22471337
  -1.60363320  -2.22716051
  -1.61414300  -2.23923832
  -1.61490458  -2.24008248
  -1.62637026  -2.25257490
  -1.62736429  -2.25362022
  -1.63799689  -2.26547090
  -1.64050955  -2.26866707
  -1.65074561  -2.27920514
  -1.65244825  -2.28156789
  -1.66019341  -2.29170138
  -1.66579411  -2.29737381
  -1.67290615  -2.30481739
  -1.67870208  -2.31109763
  -1.68432349  -2.31756427
  -1.69126923  -2.32519727
  -1.69621074  -2.33067296
  -1.70418404  -2.33972551
  -1.70821995  -2.34376133
  -1.71770406  -2.35445547
  -1.71871116  -2.35589883
  -1.73022984  -2.36778598
  -1.73187105  -2.36937158
  -1.74319063  -2.38158757
  -1.74391228  -2.38245367
  -1.75382669  -2.39501473
  -1.75621612  -2.39745268
  -1.76584335  -2.40796854
  -1.76892490  -2.41136022
  -1.77730337  -2.42079773
  -1.78239346  -2.42620689
  -1.78929137  -2.43378530
  -1.79474233  -2.43961085
  -1.80118911  -2.44689631
  -1.80771036  -2.45414082
  -1.81275567  -2.45958932
  -1.82095369  -2.46833724
  -1.82483059  -2.47252274
  -1.83374495  -2.48219127
  -1.83688460  -2.48546027
  -1.84666176  -2.49752794
  -1.84746906  -2.49833520
  -1.85937676  -2.50983880
  -1.86030350  -2.51128951
  -1.87088115  -2.52416648
  -1.87266846  -2.52641679
  -1.88232771  -2.53693684
  -1.88534175  -2.54034599
  -1.89457625  -2.55042779
  -1.89792721  -2.55443821
  -1.90628749  -2.56307470
  -1.91135798  -2.56844865
  -1.91766223  -2.57585470
  -1.92436796  -2.58370105
  -1.92915632  -2.58860213
  -1.93688263  -2.59782847
  -1.94037630  -2.60161566
  -1.95040302  -2.61184510
  -1.95258506  -2.61442420
  -1.96271938  -2.62608366
  -1.96425719  -2.62772382
  -1.97543633  -2.64000977
  -1.97624374  -2.64081711
  -1.98672020  -2.65307272
  -1.98909990  -2.65624771
  -1.99844810  -2.66624685
  -2.00160965  -2.66951202
  -2.01027017  -2.67939480
  -2.01419373  -2.68360465
  -2.02297316  -2.69250979
  -2.02706779  -2.69730367
  -2.03313090  -2.70502104
  -2.04023475  -2.71246696
  -2.04588712  -2.71811870
  -2.05348801  -2.72666815
  -2.05677456  -2.73065186
  -2.06627651  -2.74052294
  -2.06945075  -2.74378402
  -2.07919694  -2.75505557
  -2.08078765  -2.75668560
  -2.09171948  -2.76921576
  -2.09249847  -2.77004820
  -2.10422109  -2.78250870
  -2.10521562  -2.78394869
  -2.11566745  -2.79530231
  -2.11786460  -2.79789592
  -2.12603548  -2.80834310
  -2.13108274  -2.81379310
  -2.13830398  -2.82112016
  -2.14360063  -2.82711611
  -2.14964028  -2.83400536
  -2.15686989  -2.84211590
  -2.16156988  -2.84709997
  -2.16978097  -2.85585317
  -2.17359937  -2.86006526
  -2.18236670  -2.87071775
  -2.18482818  -2.87312151
  -2.19569242  -2.88404136
  -2.19671040  -2.88548810
  -2.20837740  -2.89797455
  -2.20912055  -2.89883052
  -2.21951940  -2.91189892
  -2.22113474  -2.91351399
  -2.23183642  -2.92461729
  -2.23440220  -2.92771287
  -2.24251352  -2.93737508
  -2.24714835  -2.94240479
  -2.25505848  -2.95065941
  -2.26006786  -2.95613534
  -2.26652993  -2.96340302
  -2.27303060  -2.97064550
  -2.27805198  -2.97614034
  -2.28588042  -2.98522477
  -2.28983559  -2.98939861
  -2.29908077  -2.99870796
  -2.30227941  -3.00199056
  -2.31200570  -3.01405107
  -2.31280554  -3.01487450
  -2.32432458  -3.02757783
  -2.32513237  -3.02838546
  -2.33664347  -3.04029764
  -2.33820469  -3.04208701
  -2.34806153  -3.05387802
  -2.35037754  -3.05644956
  -2.35966752  -3.06654445
  -2.36384394  -3.07129793
  -2.37153509  -3.07970049
  -2.37619380  -3.08471782
  -2.38285759  -3.09261539
  -2.38915534  -3.09925341
  -2.39494917  -3.10555283
  -2.40221346  -3.11444007
  -2.40551564  -3.11843419
  -2.41521040  -3.12812668
  -2.41837216  -3.13140140
  -2.42813774  -3.14347172
  -2.42894566  -3.14427945
  -2.44104608  -3.15639973
  -2.44180848  -3.15724451
  -2.45224840  -3.17019241
  -2.45381189  -3.17193972
  -2.46409194  -3.18264476
  -2.46747240  -3.18660572
  -2.47540410  -3.19556790
  -2.47999190  -3.19988251
  -2.48788270  -3.20892795
  -2.49294287  -3.21520406
  -2.49924110  -3.22181947
  -2.50586639  -3.22894215
  -2.51074637  -3.23456506
  -2.51877927  -3.24349998
  -2.52264990  -3.24768651
  -2.53176558  -3.25796635
  -2.53418975  -3.26038984
  -2.54489660  -3.27149716
  -2.54654435  -3.27320341
  -2.55705680  -3.28605805
  -2.55788987  -3.28683733
  -2.56934219  -3.29876006
  -2.57110830  -3.30121177
  -2.58132469  -3.31253850
  -2.58285714  -3.31429470
  -2.59155217  -3.32505341
  -2.59621451  -3.33006268
  -2.60367772  -3.33797323
  -2.60934730  -3.34440193
  -2.61522326  -3.35069408
  -2.62218813  -3.35824535
  -2.62753215  -3.36419509
  -2.63495750  -3.37210850
  -2.63902598  -3.37693765
  -2.64824697  -3.38799050
  -2.64975408  -3.38965903
  -2.66067007  -3.40055035
  -2.66309477  -3.40297426
  -2.67360203  -3.41509202
  -2.67443201  -3.41599025
  -2.68532281  -3.42842289
  -2.68692103  -3.43006758
  -2.69741168  -3.44143238
  -2.69985127  -3.44461482
  -2.70876415  -3.45427727
  -2.71295290  -3.45903170
  -2.72008124  -3.46720444
  -2.72571136  -3.47290382
  -2.73219885  -3.48016148
  -2.73863752  -3.48745829
  -2.74352408  -3.49306008
  -2.75176546  -3.50183889
  -2.75563239  -3.50604370
  -2.76393679  -3.51548300
  -2.76737246  -3.51932093
  -2.77719832  -3.53155188
  -2.77788221  -3.53224784
  -2.79021028  -3.54336092
  -2.79120921  -3.54481859
  -2.80173172  -3.55770258
  -2.80333147  -3.55934719
  -2.81325256  -3.57042961
  -2.81664337  -3.57439076
  -2.82517820  -3.58356126
  -2.82919899  -3.58763750
  -2.83730585  -3.59649129
  -2.84233447  -3.60200376
  -2.84885182  -3.60925388
  -2.85546600  -3.61719217
  -2.86019188  -3.62222327
  -2.86782992  -3.63144205
  -2.87126747  -3.63526019
  -2.88131918  -3.64552696
  -2.88362374  -3.64804733
  -2.89378999  -3.65966845
  -2.89530658  -3.66135867
  -2.90623889  -3.67387078
  -2.90704749  -3.67467905
  -2.91803015  -3.68633160
  -2.92038761  -3.68897431
  -2.92969019  -3.69973357
  -2.93288450  -3.70305799
  -2.94161067  -3.71291312
  -2.94543883  -3.71712990
  -2.95415365  -3.72620446
  -2.95854498  -3.73154227
  -2.96426083  -3.73875524
  -2.97113759  -3.74560233
  -2.97700078  -3.75186655
  -2.98444475  -3.75980750
  -2.98852563  -3.76459702
  -2.99777564  -3.77484338
  -3.00009148  -3.77738171
  -3.01016157  -3.78904827
  -3.01177909  -3.79066509
  -3.02290005  -3.80299173
  -3.02372163  -3.80382849
  -3.03569766  -3.81621426
  -3.03660986  -3.81775953
  -3.04462042  -3.82922072
  -3.04957074  -3.84055853
  -3.05028117  -3.84227194
  -3.05305363  -3.85531644
  -3.05349420  -3.86821255
  -3.05388935  -3.88116207
  -3.05432952  -3.89405784
  -3.05472538  -3.90700807
  -3.05473945  -3.91993076
  -3.05517900  -3.93282601
  -3.05470651  -3.94637382
  -3.05098249  -3.95617730
  -3.04874801  -3.95972222
  -3.03688109  -3.97095881
  -3.03436208  -3.97272598
  -3.02368582  -3.97886647
  -3.01393246  -3.98516717
  -3.01059526  -3.98740984
  -2.99784042  -3.99419547
  -2.99079431  -3.99854882
  -2.98549859  -4.00156562
  -2.97177203  -4.00773690
  -2.96627888  -4.01098062
  -2.95908128  -4.01513313
  -2.94639811  -4.02222911
  -2.94290920  -4.02413260
  -2.93347631  -4.02868541
  -2.92005735  -4.03519377
  -2.91694158  -4.03671765
  -2.90720683  -4.04228836
  -2.89447190  -4.04901913
  -2.89358898  -4.04970038
  -2.88132926  -4.05528468
  -2.86862972  -4.06192986
  -2.86699397  -4.06286785
  -2.85568762  -4.06851666
  -2.84347779  -4.07548507
  -2.84259585  -4.07616171
  -2.83013985  -4.08264656
  -2.81854039  -4.08869367
  -2.81692524  -4.08950066
  -2.80397590  -4.09523361
  -2.79358565  -4.10156514
  -2.79110826  -4.10308759
  -2.77870419  -4.10914661
  -2.76755849  -4.11439134
  -2.76503024  -4.11577281
  -2.75264190  -4.12288831
  -2.74356854  -4.12769151
  -2.73940129  -4.12985320
  -2.72674485  -4.13603126
  -2.71772766  -4.14060448
  -2.71356012  -4.14276551
  -2.70043603  -4.14962093
  -2.69397508  -4.15284754
  -2.68751414  -4.15607415
  -2.67479901  -4.16213424
  -2.66828289  -4.16599387
  -2.66168176  -4.16976399
  -2.64961874  -4.17655980
  -2.64409204  -4.17940236
  -2.63577278  -4.18278751
  -2.62312030  -4.18957621
  -2.61973943  -4.19160057
  -2.61022507  -4.19675432
  -2.59728139  -4.20329742
  -2.59395722  -4.20486345
  -2.58396964  -4.20983229
  -2.57176979  -4.21655920
  -2.56836108  -4.21833515
  -2.55827513  -4.22307887
  -2.54699571  -4.23019839
  -2.54540551  -4.23104864
  -2.53243312  -4.23679416
  -2.52044875  -4.24328379
  -2.51956423  -4.24395583
  -2.50661916  -4.25046295
  -2.49619852  -4.25617198
  -2.49395293  -4.25729724
  -2.48074923  -4.26341715
  -2.47124886  -4.26915639
  -2.46813115  -4.27095701
  -2.45473979  -4.27682376
  -2.44362181  -4.28200437
  -2.44199003  -4.28277359
  -2.42906501  -4.28842463
  -2.41617280  -4.29321577
  -2.41205204  -4.29487640
  -2.40318486  -4.29814666
  -2.39029973  -4.30374643
  -2.37883637  -4.30765118
  -2.37717675  -4.30830953
  -2.36468683  -4.31314338
  -2.35145914  -4.31756244
  -2.34491423  -4.32042989
  -2.33843496  -4.32279770
  -2.32565747  -4.32718719
  -2.31263980  -4.33240470
  -2.31095019  -4.33318376
  -2.29967676  -4.33730382
  -2.28692961  -4.34245783
  -2.27712987  -4.34630239
  -2.27398935  -4.34733343
  -2.26100983  -4.35144392
  -2.24799054  -4.35665703
  -2.24163445  -4.35924590
  -2.23524357  -4.36182782
  -2.22224676  -4.36596507
  -2.20960969  -4.37128628
  -2.20614094  -4.37256391
  -2.19627593  -4.37603886
  -2.18338409  -4.38084945
  -2.17363373  -4.38477994
  -2.17032288  -4.38615099
  -2.15796496  -4.39059848
  -2.14459053  -4.39539310
  -2.13901179  -4.39780889
  -2.13172332  -4.40098693
  -2.11874816  -4.40507048
  -2.10597742  -4.40951278
  -2.10345206  -4.41073234
  -2.09293736  -4.41472062
  -2.08001660  -4.41955953
  -2.07026519  -4.42348992
  -2.06707512  -4.42441694
  -2.05460889  -4.42932925
  -2.04122225  -4.43410362
  -2.03629979  -4.43619477
  -2.02820375  -4.43936703
  -2.01541350  -4.44375475
  -2.00266767  -4.44898921
  -2.00091768  -4.44966059
  -1.98953924  -4.45345993
  -1.97680974  -4.45788611
  -1.96765357  -4.46199630
  -1.96359941  -4.46356528
  -1.95101478  -4.46831907
  -1.93774237  -4.47325664
  -1.93303065  -4.47508915
  -1.92517056  -4.47801028
  -1.91221245  -4.48290089
  -1.89925810  -4.48777827
  -1.89755754  -4.48838841
  -1.88606065  -4.49261442
  -1.87349995  -4.49736786
  -1.86518610  -4.50096315
  -1.86023520  -4.50309188
  -1.84761541  -4.50710841
  -1.83449408  -4.51153327
  -1.82892638  -4.51395261
  -1.82163839  -4.51713130
  -1.80885753  -4.52163340
  -1.79569271  -4.52607455
  -1.79412227  -4.52674560
  -1.78271803  -4.53132078
  -1.77014842  -4.53610192
  -1.76172767  -4.53954229
  -1.75674586  -4.54145450
  -1.74409097  -4.54538750
  -1.73101827  -4.54988434
  -1.72554064  -4.55255801
  -1.71849003  -4.55544726
  -1.70544487  -4.55961135
  -1.69223551  -4.56360562
  -1.68903537  -4.56520763
  -1.67922649  -4.56888010
  -1.66643931  -4.57326697
  -1.65500931  -4.57775918
  -1.65321722  -4.57910417
  -1.64108541  -4.58589571
  -1.63533920  -4.59089173
  -1.63368485  -4.60357570
         
