# shadow point cont 3D ind 89  size 1352
# norm  0.7654832 -0.6434559  0.0000000
# angle  0.6990044
   1.17429494390743    1.39699257791807   -4.60375629936781
   1.17708119840027    1.40030722801248   -4.59064409862775
   1.18065424946165    1.40455788568513   -4.58726360581555
   1.18880894436424    1.41425906707335   -4.58103872338297
   1.19559648793783    1.42233382550076   -4.57699455228259
   1.19711541264255    1.42414080470128   -4.57619953540875
   1.20550603766160    1.43412265886537   -4.57120238594665
   1.21390593753344    1.44411554679961   -4.56712855440261
   1.21800115915017    1.44898740138196   -4.56447419522322
   1.22216038484567    1.45393539801316   -4.56200837282318
   1.23045594872018    1.46380416328586   -4.55796179601005
   1.23870447714701    1.47361697313471   -4.55360265974131
   1.24229991379138    1.47789426167506   -4.55122087118172
   1.24702154034029    1.48351131493647   -4.54795318536107
   1.25536477138122    1.49343678715322   -4.54457996520442
   1.26375022952117    1.50341249457215   -4.54046865139500
   1.26719204735652    1.50750703146468   -4.53828535565729
   1.27195384849200    1.51317187816975   -4.53490330237705
   1.28030188050206    1.52310306182918   -4.53053637234556
   1.28851801229125    1.53287733122227   -4.52605064203402
   1.28905471280745    1.53351581360830   -4.52531707232375
   1.29685498278816    1.54279535562230   -4.52119769301185
   1.30516977427446    1.55268699490216   -4.51650233537008
   1.31236013003314    1.56124095630648   -4.51236663042394
   1.31347458959862    1.56256676610362   -4.51151605026908
   1.32181369165489    1.57248732629980   -4.50747442008921
   1.33015944685736    1.58241580136942   -4.50312164110839
   1.33525260074720    1.58847483979006   -4.49958129918266
   1.33843527496789    1.59226108811491   -4.49714848015631
   1.34681977114125    1.60223565113635   -4.49267960056807
   1.35500373340763    1.61197165025941   -4.48859474926700
   1.35765747472510    1.61512865689003   -4.48680725606743
   1.36336822679001    1.62192241708665   -4.48344528729179
   1.37165305894199    1.63177841543328   -4.47941420471919
   1.37996764527619    1.64166981065525   -4.47457730584126
   1.38102767058239    1.64293086307895   -4.47385932466071
   1.38832486397259    1.65161192319816   -4.46974864097009
   1.39675812724742    1.66164450169447   -4.46557669937573
   1.40475212886772    1.67115451533232   -4.46149767283537
   1.40540048464915    1.67192582770083   -4.46066038202678
   1.41329770036847    1.68132070060167   -4.45558461094889
   1.42153899552656    1.69112490543796   -4.45120220993689
   1.42772538965818    1.69848451022105   -4.44788282258651
   1.42985750099888    1.70102096303788   -4.44636656053985
   1.43824246444489    1.71099608194727   -4.44189812234639
   1.44652365456640    1.72084774757532   -4.43782975726459
   1.45156235441192    1.72684200508539   -4.43492449167556
   1.45465136942228    1.73051683232104   -4.43322510184155
   1.46307934333400    1.74054311835985   -4.42782656947251
   1.47141461086135    1.75045911683288   -4.42299159664653
   1.47248101389936    1.75172775648504   -4.42232314452124
   1.47987550529695    1.76052456656542   -4.41805449715305
   1.48810429962338    1.77031389986612   -4.41367423555253
   1.49630596700710    1.78007096177043   -4.40987566309834
   1.49684647603810    1.78071397493208   -4.40917583031445
   1.50472697922285    1.79008896587152   -4.40480681845686
   1.51303151505998    1.79996840458300   -4.39995906626105
   1.51914604537662    1.80724251703159   -4.39632007578964
   1.52128463475794    1.80978667640860   -4.39478123220108
   1.52966270015903    1.81975358910234   -4.39029805082625
   1.53790260613174    1.82955614130300   -4.38591585243693
   1.54209988445183    1.83454940699920   -4.38366921031701
   1.54637440325396    1.83963456134796   -4.38095177888030
   1.55451166000309    1.84931499754683   -4.37624315299394
   1.56279494542165    1.85916915583180   -4.37196452705107
   1.56490450933099    1.86167878523903   -4.37051105596696
   1.57122407875306    1.86919682116695   -4.36692531711304
   1.57943326259309    1.87896282497612   -4.36254487662552
   1.58765724147556    1.88874642961426   -4.35817611909846
   1.58929992621949    1.89070063916530   -4.35734803604356
   1.59616189168278    1.89886393312471   -4.35322521963635
   1.60441010766721    1.90867637127842   -4.34884444981672
   1.61069673910290    1.91615522273846   -4.34514112797979
   1.61278688958651    1.91864175708615   -4.34355337284144
   1.62101498912211    1.92843026383331   -4.33917097618188
   1.62928013190374    1.93826283884463   -4.33486759404856
   1.63497250439142    1.94503473389305   -4.33164152635484
   1.63760011584201    1.94816065529225   -4.33002438006097
   1.64603648723160    1.95819693133768   -4.32501239304703
   1.65405261512064    1.96773326735167   -4.32053870794177
   1.65734481350281    1.97164981040484   -4.31875206751695
   1.66257962083144    1.97787736594603   -4.31579993007201
   1.67084047464106    1.98770483860882   -4.31147884879839
   1.67909470647989    1.99752443348580   -4.30667863244630
   1.67969349606676    1.99823677974338   -4.30599637304376
   1.68753307628396    2.00756308693243   -4.30129380571045
   1.69583261949909    2.01743658620262   -4.29726519632269
   1.70357346667020    2.02664543624573   -4.29301524784937
   1.70415973788953    2.02734289010628   -4.29243048897067
   1.71254131247020    2.03731397747340   -4.28793482077626
   1.72067815601150    2.04699392210218   -4.28327481302858
   1.72590654252554    2.05321383916176   -4.28005342691699
   1.72907330376328    2.05698115670675   -4.27792432057960
   1.73730278721640    2.06677130982266   -4.27278866243802
   1.74522657834455    2.07619779799110   -4.26756492241213
   1.74579459022323    2.07687352974214   -4.26697686587777
   1.75410510994209    2.08676008714079   -4.26132064155104
   1.76232562665892    2.09653957303542   -4.25535070245257
   1.76337659327718    2.09778984884812   -4.25458671971786
   1.77065018180945    2.10644282759689   -4.24970614816900
   1.77903762311907    2.11642089428112   -4.24436053042155
   1.78255638180482    2.12060696337132   -4.24160256860718
   1.78714563534530    2.12606653991766   -4.23812531595199
   1.79578490626166    2.13634419410615   -4.23337099135102
   1.80267530994711    2.14454131941727   -4.22838161712390
   1.80370478963362    2.14576603343707   -4.22755097584315
   1.81219678251791    2.15586847924307   -4.22149347850410
   1.82036787625935    2.16558916940654   -4.21621063905493
   1.82095140232967    2.16628335751789   -4.21543922465372
   1.82882940844441    2.17565537783372   -4.21020545869389
   1.83696221843512    2.18533052397447   -4.20440516091478
   1.83915432132132    2.18793834535523   -4.20269397446981
   1.84546062865115    2.19544060411872   -4.19811021835320
   1.85364015487059    2.20517132592650   -4.19359842383846
   1.85885742656785    2.21137802031436   -4.18962994372884
   1.86208866576993    2.21522204366318   -4.18682394520917
   1.87030830531468    2.22500048603556   -4.18164934040499
   1.87807128849012    2.23423567003671   -4.17670957659223
   1.87862064409754    2.23488920747224   -4.17600813975986
   1.88702929592493    2.24489250711523   -4.16989507681613
   1.89526137737679    2.25468575092398   -4.16471041533216
   1.89584100671661    2.25537530331445   -4.16411879904957
   1.90375535398240    2.26479055665155   -4.15894802978453
   1.91206368290023    2.27467450777757   -4.15320127155607
   1.91408664020341    2.27708110618170   -4.15148160418104
   1.92030176236234    2.28447488708140   -4.14651465944220
   1.92870397125458    2.29447052192720   -4.14198239785378
   1.93424825493536    2.30106624405997   -4.13821301355787
   1.93682013899470    2.30412586971945   -4.13650965408468
   1.94522886980942    2.31412926332922   -4.13120287820878
   1.95297212339074    2.32334097614308   -4.12539727271052
   1.95354330811947    2.32402048245517   -4.12475190991629
   1.96186706922530    2.33392279238638   -4.11829953508910
   1.97004320942629    2.34364948603865   -4.11319126321188
   1.97065617268133    2.34437869391123   -4.11250923203888
   1.97849091250155    2.35369924275251   -4.10701440786512
   1.98653970763050    2.36327444114254   -4.10181568452976
   1.98987115976978    2.36723768218042   -4.09943826422429
   1.99521883987963    2.37359951611430   -4.09606779713558
   2.00353921783362    2.38349780130024   -4.09040973460085
   2.00863304757350    2.38955764374162   -4.08686228137005
   2.01175809698202    2.39327533907190   -4.08444264612764
   2.02006780081334    2.40316092585508   -4.07960824708712
   2.02781177513078    2.41237349608813   -4.07380274279597
   2.02838585781004    2.41305644992881   -4.07315702915313
   2.03670717228070    2.42295584923589   -4.06751505306436
   2.04526086840094    2.43313169990760   -4.06228734594295
   2.04621148662882    2.43426259689023   -4.06152746312931
   2.05333346860770    2.44273521785840   -4.05622870174336
   2.06164768468274    2.45262617260389   -4.05058593102770
   2.06617065459730    2.45800689525246   -4.04768386005033
   2.06977817723377    2.46229856181711   -4.04516909443110
   2.07828056381255    2.47241337241625   -4.03930027236886
   2.08488259890570    2.48026744184927   -4.03478551252230
   2.08649334615510    2.48218365716126   -4.03333382568029
   2.09481938489134    2.49208867666112   -4.02767557783913
   2.10312752352843    2.50197240142085   -4.02285619774931
   2.10418803162289    2.50323402819057   -4.02207696356039
   2.11165483784501    2.51211686714613   -4.01623442787001
   2.11963102129489    2.52160568350986   -4.01053999612397
   2.12234811808608    2.52483806058044   -4.00890121246133
   2.12828444833843    2.53190017844582   -4.00495924433799
   2.13639475112353    2.54154854903128   -3.99947716735478
   2.14058423397821    2.54653254090118   -3.99629807308982
   2.14481341182726    2.55156375567092   -3.99335209106390
   2.15313309540872    2.56146121480096   -3.98851535332983
   2.15976145016826    2.56934659525918   -3.98334801346197
   2.16133515361977    2.57121874165052   -3.98177083523353
   2.16967053388578    2.58113487424239   -3.97608377673405
   2.17788238794135    2.59090405465664   -3.97095334958375
   2.17846640456921    2.59159882635667   -3.97029346584126
   2.18630534382997    2.60092437103592   -3.96479859318667
   2.19449379479267    2.61066571010825   -3.95808759402587
   2.19499923275130    2.61126700118975   -3.95744417203779
   2.20264730023313    2.62036547646034   -3.94755534974937
   2.20411628650316    2.62211304671681   -3.94453625603379
   2.20699657171142    2.62553955985910   -3.93192392084380
   2.20795260955753    2.62667690425640   -3.91902173471181
   2.20764624938688    2.62631244481052   -3.90608742687686
   2.20711600068190    2.62568163778103   -3.89315340113336
   2.20688258572889    2.62540395715349   -3.88022120233480
   2.20653940223309    2.62499569107095   -3.86729214180699
   2.20569572233393    2.62399201259700   -3.85448430901311
   2.20328843705436    2.62112820083835   -3.84148502748707
   2.20277830265963    2.62052132267127   -3.83904864616599
   2.20022081202517    2.61747882005898   -3.82854831850807
   2.19467187458911    2.61087756161558   -3.81697074291958
   2.19359303825353    2.60959413076934   -3.81539159825074
   2.18607899258900    2.60065509370889   -3.80443229894831
   2.18502684964008    2.59940341848184   -3.80284696764614
   2.17787743770346    2.59089816563735   -3.79290515253339
   2.17577330104028    2.58839499271929   -3.78970512494889
   2.16941481292572    2.58083065741418   -3.78016538803801
   2.16691886712758    2.57786137122847   -3.77676592511422
   2.16120659700379    2.57106580508267   -3.76865269637085
   2.15795914095563    2.56720248946513   -3.76398765077032
   2.15288205429496    2.56116256532240   -3.75650591837740
   2.14920975718181    2.55679384020985   -3.75089012767851
   2.14441605943390    2.55109104790086   -3.74380715324482
   2.13986467482718    2.54567652189287   -3.73790250247253
   2.13621946563197    2.54134002175115   -3.73224104201247
   2.13192295525357    2.53622870526230   -3.72516447722036
   2.12787866348455    2.53141743905224   -3.71931649049995
   2.12252856700302    2.52505273049703   -3.71229661547687
   2.11930333010920    2.52121584775639   -3.70752486848877
   2.11337702502562    2.51416565626983   -3.69895680332335
   2.11122309398905    2.51160324578936   -3.69585115814657
   2.10481772215064    2.50398313555770   -3.68644998665271
   2.10263624979391    2.50138796071929   -3.68330980465823
   2.09560784021156    2.49302665756283   -3.67320066143789
   2.09456290844673    2.49178356107547   -3.67158782572266
   2.08666166132081    2.48238389223718   -3.66047371125423
   2.08610376011665    2.48172018858636   -3.65967206007846
   2.07817911807819    2.47229268813783   -3.64775877312233
   2.07764236653894    2.47165414505255   -3.64697868229110
   2.06944796164324    2.46190572292134   -3.63620158132700
   2.06843316560572    2.46069847721201   -3.63452620712059
   2.06123714012239    2.45213777085550   -3.62226584197077
   2.06069266266441    2.45149003667970   -3.62150279006831
   2.05291917931428    2.44224236121193   -3.61173984143209
   2.05041476053410    2.43926299519655   -3.60833866154619
   2.04457642426968    2.43231745526120   -3.59962799843845
   2.04184244395208    2.42906499280986   -3.59580963797442
   2.03600095228980    2.42211569907533   -3.58707644329753
   2.03300798011646    2.41855512859536   -3.58283124635848
   2.02792307632436    2.41250590485148   -3.57536235136892
   2.02376883135263    2.40756383350691   -3.56969138695973
   2.01973483036898    2.40276480966481   -3.56382920743337
   2.01440007914107    2.39641835649383   -3.55675363533385
   2.01127675259206    2.39270271075251   -3.55190239327989
   2.00562419159626    2.38597817719446   -3.54368110214852
   2.00307038871313    2.38294006169229   -3.54036081202416
   1.99675549198312    2.37542758460302   -3.53081655626904
   1.99475897336017    2.37305243880817   -3.52746855203491
   1.98907323062429    2.36628843080219   -3.51863479085252
   1.98589075714699    2.36250242129046   -3.51448121134199
   1.97900676207914    2.35431291995087   -3.50500717766560
   1.97783059993582    2.35291370607094   -3.50280421837862
   1.97093894583032    2.34471509320547   -3.49247571101268
   1.96950354751668    2.34300748064960   -3.49067522489610
   1.96157155542675    2.33357123625868   -3.47953958958669
   1.96105107849897    2.33295205416235   -3.47873114356029
   1.95297571837905    2.32334525289826   -3.46701560405165
   1.95243915403131    2.32270693250417   -3.46623574186892
   1.94465851533700    2.31345074472630   -3.45568980599722
   1.94307513608666    2.31156708758187   -3.45329669522086
   1.93620152886168    2.30338994407406   -3.44295707981029
   1.93462610319114    2.30151574885571   -3.44056589141819
   1.92798655080277    2.29361704720893   -3.43145384883822
   1.92482853493326    2.28986013353615   -3.42748380817981
   1.91931493791229    2.28330091759479   -3.41898637865081
   1.91640915908939    2.27984407613455   -3.41470636884731
   1.91134314009437    2.27381731857048   -3.40800094420219
   1.90745118799934    2.26918728229332   -3.40193015282902
   1.90289810314180    2.26377073359266   -3.39526120061133
   1.89830752942132    2.25830958650252   -3.38864818374848
   1.89469406878453    2.25401085583320   -3.38374768998283
   1.88936942565218    2.24767642769438   -3.37586051284230
   1.88623971822142    2.24395319097731   -3.37103680382285
   1.88091373088656    2.23761716371645   -3.36312933357169
   1.87792204168207    2.23405811951228   -3.35888566563884
   1.87133805992009    2.22622552711089   -3.34968217003759
   1.86972047661995    2.22430117933423   -3.34737101779447
   1.86283327404111    2.21610786219940   -3.33706123439870
   1.86125765770092    2.21423344015210   -3.33469251834683
   1.85333396104826    2.20480706437583   -3.32429522251229
   1.85283342710900    2.20421160733009   -3.32346033619938
   1.84503166067377    2.19493028506840   -3.31137099470670
   1.84447388546393    2.19426673130591   -3.31054888212324
   1.83641800326002    2.18468310182183   -3.29887648967197
   1.83588160775667    2.18404498229241   -3.29809682691225
   1.82810600487149    2.17479478533313   -3.28755453096873
   1.82652177235762    2.17291011310911   -3.28516150246793
   1.81974903488793    2.16485296866987   -3.27545579451764
   1.81755446897468    2.16224221716450   -3.27243626379381
   1.81132861737996    2.15483567205914   -3.26350965090545
   1.80833748407959    2.15127728918279   -3.25926662606233
   1.80311495515374    2.14506434056607   -3.25119602682020
   1.79988364004581    2.14122022691633   -3.24653762931319
   1.79479486002166    2.13516639183744   -3.23907062336452
   1.79099748864926    2.13064887292077   -3.23371124997507
   1.78606258190818    2.12477809222315   -3.22598399091263
   1.78167723721302    2.11956109454932   -3.22067582735888
   1.77816612160266    2.11538411799558   -3.21562494156476
   1.77332594331237    2.10962603040232   -3.20780671898573
   1.76971295426237    2.10532786075326   -3.20289673494115
   1.76365973601059    2.09812668781615   -3.19448691908028
   1.76151127139430    2.09557078042810   -3.19138446826880
   1.75514868224933    2.08800156635801   -3.18188540616744
   1.75318954514137    2.08567089124683   -3.17926228956930
   1.74591645091882    2.07701850055051   -3.16875367935715
   1.74487611395840    2.07578087024325   -3.16713752534800
   1.73707669955278    2.06650234605877   -3.15577426983590
   1.73654633110766    2.06587139658118   -3.15501875957336
   1.72862196060444    2.05644421916284   -3.14309710691083
   1.72808307318584    2.05580313514215   -3.14233956499444
   1.71999416865652    2.04618022085679   -3.13064323645958
   1.71947394825890    2.04556134393994   -3.12983533624287
   1.71171986002905    2.03633674175476   -3.12006715045205
   1.70957122162912    2.03378062762610   -3.11690398534562
   1.70289896013662    2.02584301379977   -3.10643857460533
   1.70177699466812    2.02450827465241   -3.10476587208731
   1.69494697970711    2.01638299040667   -3.09522030862784
   1.69187738146101    2.01273126220223   -3.09105988054671
   1.68634971114576    2.00615530405505   -3.08277586555119
   1.68324579049293    2.00246274441580   -3.07865579497839
   1.67817532588487    1.99643069815620   -3.07118200855954
   1.67410713461061    1.99159100005039   -3.06537214968864
   1.66985467849343    1.98653209243570   -3.05906228099839
   1.66569416923306    1.98158256881964   -3.05259864156212
   1.66163530606240    1.97675396783348   -3.04675185157501
   1.65670883787824    1.97089322601190   -3.03994002340908
   1.65296856981892    1.96644363969170   -3.03435463082620
   1.64762378484538    1.96008524993847   -3.02654214821910
   1.64512760258194    1.95711568244332   -3.02307608317158
   1.63865390864811    1.94941429326149   -3.01381697542449
   1.63671585848599    1.94710870410252   -3.01119039600341
   1.63039865750549    1.93959348577618   -3.00077449555528
   1.62823486387126    1.93701934231857   -2.99769786667216
   1.62097440749778    1.92838198615974   -2.98796380359504
   1.61991792441478    1.92712514771953   -2.98638102062586
   1.61200510810558    1.91771171567527   -2.97523928049245
   1.61148511818834    1.91709311294796   -2.97443140990529
   1.60368668092093    1.90781575120979   -2.96234214392965
   1.60315060127681    1.90717800744031   -2.96156284241192
   1.59484802589612    1.89730090097349   -2.95022583355551
   1.59431090632471    1.89666192006105   -2.94944870059289
   1.58639793583639    1.88724830459858   -2.93827919204043
   1.58535802131878    1.88601117684776   -2.93666352730446
   1.57846957483179    1.87781637990543   -2.92717162422306
   1.57580840857744    1.87465054024546   -2.92320957108807
   1.56987085317570    1.86758696488882   -2.91472807826595
   1.56677166579405    1.86390003615580   -2.91061080692447
   1.56172945118787    1.85790159733287   -2.90310409547624
   1.55815652846215    1.85365109233393   -2.89732436271044
   1.55349318486849    1.84810337502285   -2.89082367925451
   1.54919539495051    1.84299053633780   -2.88461044029665
   1.54493594138505    1.83792330425288   -2.87829887837303
   1.54035357642117    1.83247192265828   -2.87169295444958
   1.53660462787233    1.82801200964843   -2.86622638809001
   1.53141948580345    1.82184353807043   -2.85891219439546
   1.52841750885448    1.81827225511588   -2.85469217928545
   1.52213869176023    1.81080269993787   -2.84588598469712
   1.51998294478840    1.80823812914147   -2.84275692412921
   1.51296527887020    1.79988960711733   -2.83266034781700
   1.51204381524497    1.79879339372397   -2.83163556614396
   1.50451766442993    1.78983995584753   -2.81993852113963
   1.50346744750401    1.78859057190159   -2.81833876277073
   1.49543188124675    1.77903111115537   -2.80743445717213
   1.49492200397125    1.77842453886856   -2.80661239014410
   1.48735754331028    1.76942552592538   -2.79409297874907
   1.48680651295641    1.76876999613828   -2.79334981687431
   1.47839747169588    1.75876623320861   -2.78298548785339
   1.47734731961735    1.75751692640796   -2.78140046405538
   1.46995052140523    1.74871737204022   -2.77026441561233
   1.46853335606601    1.74703145022743   -2.76841827048773
   1.46196432563149    1.73921664457851   -2.75836856966579
   1.45975040974814    1.73658287350318   -2.75543991565794
   1.45331796913188    1.72893056107057   -2.74684191464846
   1.45071900104258    1.72583871506559   -2.74280369509159
   1.44523920641349    1.71931971192666   -2.73516395434319
   1.44110390992205    1.71440018252222   -2.72947768519183
   1.43694568237556    1.70945337333270   -2.72301667408338
   1.43275531263513    1.70446832638475   -2.71660510977036
   1.42859756511310    1.69952208825328   -2.71095060855655
   1.42330265097998    1.69322302703102   -2.70383535030379
   1.42033197127802    1.68968897664909   -2.69957681120128
   1.41507460373240    1.68343458248796   -2.69077739238225
   1.41186807258022    1.67961995291495   -2.68606819830090
   1.40581922269888    1.67242397678220   -2.67766996341548
   1.40353920062695    1.66971156289632   -2.67398916090021
   1.39692661937351    1.66184494729019   -2.66486904199507
   1.39534340460174    1.65996148581666   -2.66247804369010
   1.38835134981077    1.65164343190860   -2.65235138960360
   1.38679219209767    1.64978858976328   -2.64992871311764
   1.37925413204122    1.64082098413285   -2.63902590772818
   1.37872578022448    1.64019243372450   -2.63823272694907
   1.37080734038481    1.63077231168268   -2.62633287109777
   1.37027153992454    1.63013490004250   -2.62555388220474
   1.36197498973244    1.62026496140330   -2.61420745487704
   1.36144665703187    1.61963643373638   -2.61341429582545
   1.35379321126903    1.61053156022768   -2.60268757226341
   1.35221235487714    1.60865090438591   -2.60029459071645
   1.34547872439579    1.60064028332882   -2.59057482039623
   1.34337641051865    1.59813927887671   -2.58737672860846
   1.33716437929962    1.59074917509417   -2.57846222968311
   1.33454032303364    1.58762748309794   -2.57445947870385
   1.32885017508596    1.58085823445950   -2.56634979919993
   1.32526073441110    1.57658807898649   -2.56139139728475
   1.32040627786288    1.57081300535369   -2.55443920857506
   1.31637929985440    1.56602233634973   -2.54858514218953
   1.31232813266827    1.56120289084305   -2.54272988681492
   1.30750651647327    1.55546688552945   -2.53571965088059
   1.30376068480192    1.55101068049327   -2.53025595351333
   1.29819318277080    1.54438733679639   -2.52274625007673
   1.29559507783806    1.54129651764015   -2.51870902551793
   1.28987929594308    1.53449677373790   -2.50982718969328
   1.28723717487423    1.53135359106280   -2.50584310721919
   1.28039715617556    1.52321640593359   -2.49710982684078
   1.27883834733604    1.52136197882352   -2.49468755369352
   1.27169412110404    1.51286289511985   -2.48398936701217
   1.27064125382286    1.51161035819548   -2.48238764065132
   1.26325084291408    1.50281840244288   -2.47127249109969
   1.26219910581959    1.50156721003799   -2.46968362708923
   1.25441827188253    1.49231078999081   -2.45835404585534
   1.25389869550196    1.49169267922478   -2.45754665215584
   1.24622502708657    1.48256374796495   -2.44686635285616
   1.24484713451630    1.48092454675419   -2.44487697959138
   1.23727344076139    1.47191454971902   -2.43413236120053
   1.23622052206869    1.47066195163326   -2.43254518933098
   1.22909098712962    1.46218034533361   -2.42262742084184
   1.22662336861728    1.45924475852489   -2.41919625154172
   1.22090835673355    1.45244593066167   -2.41031531312685
   1.21823802652511    1.44926918916147   -2.40634762718843
   1.21240694423232    1.44233227886776   -2.39847377798617
   1.20872217647614    1.43794871813334   -2.39372856311614
   1.20419182077508    1.43255920903042   -2.38627393289965
   1.20060435061123    1.42829139776340   -2.38048047752409
   1.19591382088360    1.42271133863942   -2.37398354790629
   1.19150812078457    1.41747012528769   -2.36804102998252
   1.18714016821200    1.41227381804287   -2.36187436135560
   1.18220531471030    1.40640310068114   -2.35501246453251
   1.17921840054279    1.40284973706960   -2.35077422607337
   1.17344695654990    1.39598377510343   -2.34196541492446
   1.17077657843836    1.39280697661562   -2.33805903463996
   1.16460408743861    1.38546391160571   -2.32906617668703
   1.16257876934570    1.38305450470295   -2.32656785317396
   1.15571197092639    1.37488546124789   -2.31626215470667
   1.15413861281410    1.37301372568718   -2.31386675139488
   1.14647431055200    1.36389593681257   -2.30313450408996
   1.14593098587160    1.36324957403135   -2.30237276394828
   1.13754328971582    1.35327120417098   -2.29121917120268
   1.13704222037478    1.35267511018788   -2.29038694068403
   1.12943508657391    1.34362533141281   -2.27791133283255
   1.12889177760335    1.34297898732070   -2.27714961059256
   1.12102633513262    1.33362191326476   -2.26600225550301
   1.11995313501611    1.33234518751102   -2.26444915646572
   1.11254609426425    1.32353344817042   -2.25421092053836
   1.11091010379082    1.32158720241608   -2.25188311511104
   1.10415741372279    1.31355390724185   -2.24138912908541
   1.10219155867631    1.31121524017746   -2.23879611028692
   1.09597685695689    1.30382195945097   -2.22988637005712
   1.09335972111884    1.30070850029820   -2.22588343516650
   1.08773771369654    1.29402031460626   -2.21843377426083
   1.08389041904385    1.28944340477390   -2.21318170432157
   1.07925484446891    1.28392872270090   -2.20661908052702
   1.07481153482243    1.27864276738811   -2.19981808346142
   1.07127911877981    1.27444045090940   -2.19476680071896
   1.06559255776113    1.26767546943844   -2.18670139664036
   1.06282231650386    1.26437986938879   -2.18209143589695
   1.05781341436069    1.25842106052749   -2.17466307352460
   1.05418720083147    1.25410715846009   -2.16968819280382
   1.04793364310467    1.24666765292934   -2.16087174201436
   1.04631987445458    1.24474784322706   -2.15844107826274
   1.03923402823129    1.23631821093276   -2.14856202757961
   1.03769386390151    1.23448596414617   -2.14610293687788
   1.03066452982562    1.22612356117180   -2.13524428903706
   1.02959358915954    1.22484952335901   -2.13365020891363
   1.02169258196610    1.21545013995489   -2.12254825632949
   1.02115711758058    1.21481312812391   -2.12176965019352
   1.01300703129407    1.20511742934678   -2.11103010427214
   1.01196831607790    1.20388172833734   -2.10941583666137
   1.00483067802109    1.19539048221476   -2.09871646849377
   1.00360863958329    1.19393669189027   -2.09655191502333
   0.99632451207801    1.18527117551870   -2.08686158798861
   0.99416111976397    1.18269750948913   -2.08381783759974
   0.98787962630858    1.17522477039496   -2.07420291438039
   0.98585153825356    1.17281206822424   -2.07090389545039
   0.97972757367988    1.16552673237122   -2.06262817606354
   0.97690270499215    1.16216614514326   -2.05819683981366
   0.97133096070190    1.15553775466954   -2.05069835246569
   0.96730640885316    1.15074997193122   -2.04484711992065
   0.96312010396170    1.14576976070523   -2.03840714185492
   0.95883676571539    1.14067411436029   -2.03217874390879
   0.95458312886340    1.13561380209188   -2.02588035592961
   0.95003936355962    1.13020834033960   -2.01922216855700
   0.94650872686896    1.12600814065573   -2.01419042647058
   0.94075721997638    1.11916589673527   -2.00617067785387
   0.93809575858827    1.11599970597127   -2.00227382758603
   0.93238347381330    1.10920412239579   -1.99339616792256
   0.92985974906186    1.10620178915339   -1.98999928315384
   0.92238710115083    1.09731200066945   -1.98066479942193
   0.92141188714763    1.09615184347774   -1.97897208716999
   0.91392752446669    1.08724811859162   -1.96704500315567
   0.91340477740697    1.08662623584713   -1.96632848695586
   0.90536542649840    1.07706227271435   -1.95467140673788
   0.90483005027966    1.07642536577044   -1.95389290624225
   0.89683663225859    1.06691604640772   -1.94372887029356
   0.89523046061690    1.06500527443860   -1.94134906434948
   0.88811633822333    1.05654200357655   -1.92984823462625
   0.88758781772644    1.05591325249892   -1.92905667419870
   0.87993797265047    1.04681266252466   -1.91834247343436
   0.87796054339572    1.04446022627636   -1.91574426670312
   0.87170439432186    1.03701763796592   -1.90686979207011
   0.86942321116525    1.03430384280297   -1.90321103489254
   0.86345222354548    1.02720049501889   -1.89473795103410
   0.86026283371504    1.02340625751125   -1.88996275921814
   0.85485254191418    1.01696993797381   -1.88229619323527
   0.85089291700505    1.01225939515995   -1.87715657901124
   0.84699910741150    1.00762714912138   -1.87108369724394
   0.84301247016802    1.00288447125422   -1.86435370612594
   0.83826939764893    0.99724190492958   -1.85801997050927
   0.83327863114344    0.99130467101533   -1.85120954263975
   0.83009190208539    0.98751359887879   -1.84652090781981
   0.82402999391035    0.98030208802925   -1.83810786802974
   0.82191448457491    0.97778538568333   -1.83502194407225
   0.81568384523768    0.97037314487027   -1.82533843544438
   0.81356297265573    0.96785006217196   -1.82212672400181
   0.80663651340906    0.95961004358970   -1.81276208528259
   0.80504007545032    0.95771085123514   -1.81040964196655
   0.79829035363781    0.94968108722738   -1.79991935734598
   0.79684437730362    0.94796089059603   -1.79812284202173
   0.78946252193540    0.93917911288834   -1.78701606643102
   0.78839192131432    0.93790547960794   -1.78545925569864
   0.78035720357341    0.92834702829385   -1.77528974761628
   0.77928451147662    0.92707090690256   -1.77373725871184
   0.77200990563840    0.91841671792218   -1.76168500780757
   0.77149059176975    0.91779891945181   -1.76087827636506
   0.76376494702064    0.90860815487420   -1.75110106162286
   0.76165614804460    0.90609943546504   -1.74789538252874
   0.75527079568846    0.89850314128427   -1.73845712691007
   0.75310811537404    0.89593032228055   -1.73539062999297
   0.74694694686472    0.88860072700002   -1.72641664675384
   0.74395815130797    0.88504512520563   -1.72211371917196
   0.73871495918125    0.87880759474224   -1.71499220606793
   0.73511127229767    0.87452049135682   -1.70932091824064
   0.73045974387500    0.86898682988944   -1.70190899311685
   0.72618169671453    0.86389747805141   -1.69651865304905
   0.72216823795946    0.85912289214206   -1.69155108393772
   0.71712787811723    0.85312665982737   -1.68310850493526
   0.71386906695679    0.84924983567208   -1.67849670618843
   0.70808484963392    0.84236867799441   -1.67061397820677
   0.70548907050975    0.83928062572169   -1.66657961837478
   0.69930102532871    0.83191905677806   -1.65756938911369
   0.69716017285794    0.82937220513095   -1.65449664271127
   0.69043397726624    0.82137042894347   -1.64479446904321
   0.68885546763959    0.81949256491618   -1.64239208278288
   0.68160865367106    0.81087143835838   -1.63188487212461
   0.68055062304118    0.80961275888879   -1.63028786559725
   0.67278340369890    0.80037253535847   -1.61897537895916
   0.67226426534204    0.79975494568459   -1.61816853176597
   0.66414265398276    0.79009312192514   -1.60634986005247
   0.66356335231714    0.78940395935022   -1.60567876850932
   0.65536690288387    0.77965310494779   -1.59435586205808
   0.65487348034192    0.77906610793103   -1.59355988400042
   0.64747642822671    0.77026625150906   -1.58327347687538
   0.64536624783983    0.76775588871321   -1.58006556025913
   0.63897844664920    0.76015668129192   -1.57062425078836
   0.63644514216919    0.75714295158582   -1.56733866726767
   0.63086723534535    0.75050722989285   -1.55906517385201
   0.62770980468959    0.74675101241592   -1.55425117297974
   0.62251303412485    0.74056870707112   -1.54697360227069
   0.61879541777136    0.73614606820997   -1.54152079359650
   0.61408440126398    0.73054163711759   -1.53429116812129
   0.60993155640259    0.72560123140546   -1.52864349600527
   0.60572543032352    0.72059744002857   -1.52231479935333
   0.60121923818883    0.71523667696006   -1.51553465477012
   0.59758170974109    0.71090931417117   -1.51067053671601
   0.59257353231501    0.70495136746499   -1.50324359553574
   0.58884574128121    0.70051662435954   -1.49768377133440
   0.58301464208955    0.69357969396219   -1.48974469017317
   0.58104316126682    0.69123433422855   -1.48724613441354
   0.57506137994178    0.68411814578104   -1.47717923739156
   0.57242152759232    0.68097766207366   -1.47321157774748
   0.56532880424655    0.67253984845394   -1.46406959831145
   0.56431395936423    0.67133254463670   -1.46244317871279
   0.55716985185164    0.66283360216682   -1.45093377562580
   0.55607503729032    0.66153116292505   -1.44934123166355
   0.54817454674516    0.65213239414830   -1.43825366761169
   0.54763936498331    0.65149571853880   -1.43747542692669
   0.53952495611249    0.64184246317434   -1.42672596269112
   0.53848701353776    0.64060768133293   -1.42511210334786
   0.53115030097722    0.63187960748183   -1.41376747100613
   0.53003260759918    0.63054995059997   -1.41232214914092
   0.52237504860802    0.62144018381512   -1.40174743815258
   0.52094775727551    0.61974221567825   -1.39993250120065
   0.51445966902932    0.61202370239346   -1.39065541167539
   0.51138844505278    0.60837004014906   -1.38646877649831
   0.50602483980476    0.60198926097493   -1.37875600210185
   0.50248442734078    0.59777743160395   -1.37373779693179
   0.49778187317740    0.59218306768577   -1.36731011672323
   0.49260302205488    0.58602208009245   -1.36084555834645
   0.48941517033197    0.58222967238473   -1.35616799924645
   0.48418455443600    0.57600710315498   -1.34814467096544
   0.48119188280709    0.57244689021578   -1.34470378479849
   0.47383484182441    0.56369463278543   -1.33518954147164
   0.47289332758506    0.56257456630537   -1.33421166500388
   0.46471929908805    0.55285038482842   -1.32338563618288
   0.46359026064781    0.55150723136482   -1.32196449848369
   0.45606660885146    0.54255676643020   -1.31200122318599
   0.45410192341746    0.54021949078793   -1.30939597499820
   0.44833594862026    0.53336003521593   -1.30209687013081
   0.44396558684676    0.52816086188042   -1.29605877345443
   0.43979193052031    0.52319569794006   -1.29038946863667
   0.43446876726699    0.51686303033000   -1.28339994916638
   0.43138428999481    0.51319360138599   -1.27934594229188
   0.42518425236747    0.50581776570421   -1.27045749024112
   0.42303732002831    0.50326368117999   -1.26727553466587
   0.41529532422515    0.49405346467398   -1.25754603079781
   0.41476018500288    0.49341683967144   -1.25676785981448
   0.40659504969520    0.48370323792112   -1.24591718892569
   0.40545548698420    0.48234756432515   -1.24451845862027
   0.39829353167536    0.47382738933697   -1.23631801452049
   0.39504605663516    0.46996405112566   -1.23175526406542
   0.38984661802810    0.46377857176114   -1.22450062789628
   0.38569434485226    0.45883884615112   -1.21885385664493
   0.38167948221226    0.45406259011890   -1.21372765325352
   0.37626625103972    0.44762277377649   -1.20612643888850
   0.37322683948645    0.44400695698089   -1.20192050817821
   0.36640992939135    0.43589726285626   -1.19310859679705
   0.36478246469940    0.43396115974412   -1.19087877335728
   0.35692183253541    0.42460980823928   -1.18053447077460
   0.35638565651206    0.42397194981285   -1.17975847997386
   0.34823944412841    0.41428085959983   -1.16902102805341
   0.34675643193441    0.41251660349132   -1.16723375920887
   0.34017353504757    0.40468530170481   -1.15885515331086
   0.33695108308384    0.40085173203870   -1.15430025655312
   0.33182333457956    0.39475153835306   -1.14677098832390
   0.32794017645460    0.39013196376696   -1.14164124701075
   0.32319705634512    0.38448934082670   -1.13534404532990
   0.31782572235656    0.37809936720511   -1.12825708051464
   0.31523837019532    0.37502134001572   -1.12497513657229
   0.30788663774707    0.36627539784989   -1.11558237998885
   0.30701684526257    0.36524065470339   -1.11446507075333
   0.29899900549860    0.35570228216819   -1.10266303598058
   0.29844879947184    0.35504773303664   -1.10192086011533
   0.29024051339727    0.34528279724849   -1.09219065331676
   0.28862603585397    0.34336214421587   -1.08979512008413
   0.28180655102959    0.33524938708078   -1.08029286452846
   0.27927256617810    0.33223484797503   -1.07689531782783
   0.27358588617488    0.32546972495486   -1.06962328292243
   0.26948334033752    0.32058915715962   -1.06395479765591
   0.26534771477577    0.31566923627876   -1.05803869500077
   0.25900301219731    0.30812130084977   -1.05110181627564
   0.25689467303533    0.30561312845551   -1.04802910376779
   0.24930467351948    0.29658373337462   -1.03770621387785
   0.24871423555482    0.29588132257176   -1.03707684162746
   0.24021262219791    0.28576743183114   -1.02794134561599
   0.23811885057096    0.28327658961311   -1.02551445858066
   0.23201449522548    0.27601458175481   -1.01964350269865
   0.22539387427000    0.26813840176784   -1.01212238679298
   0.22376285878418    0.26619807447614   -1.01048077252994
   0.21542772726024    0.25628223779871   -1.00269167068937
   0.21232902816165    0.25259588994855   -0.99931064544108
   0.20710261115905    0.24637831590584   -0.99383249972359
   0.20048651774765    0.23850752208313   -0.98630213631899
   0.19880991302887    0.23651295984782   -0.98469897452246
   0.19027462432118    0.22635900743842   -0.97654318999273
   0.18779247000004    0.22340612819640   -0.97387290372510
   0.18230379127474    0.21687655614841   -0.96847893393257
   0.17484021717621    0.20799756226831   -0.96087969962097
   0.17371457536382    0.20665844958163   -0.95948382035679
   0.16544447015564    0.19681997105085   -0.95136123388888
   0.16235206185827    0.19314110701270   -0.94807055640191
   0.15726339386285    0.18708740520808   -0.94302852313814
   0.14948397544271    0.17783266912169   -0.93488148910364
   0.14891893033439    0.17716046677030   -0.93418908506619
   0.14065551938256    0.16732995201939   -0.92609033780406
   0.13700086671193    0.16298221750667   -0.92207348709927
   0.13228191523988    0.15736834663360   -0.91727977494204
   0.12482170618241    0.14849335595338   -0.90972321530114
   0.12371760209162    0.14717986548143   -0.90824977381045
   0.11593386459507    0.13791999123300   -0.90067345585105
   0.11158853059314    0.13275059202817   -0.89611438103379
   0.10732457722783    0.12767800678472   -0.89166421797936
   0.09940700287750    0.11825891436683   -0.88326466738690
   0.09880341442225    0.11754085916573   -0.88269130741488
   0.09080981242093    0.10803132093207   -0.87529164022531
   0.08654868531541    0.10296209793076   -0.87066550818501
   0.08239431408422    0.09801987638242   -0.86668597858851
   0.07428751675329    0.08837567603841   -0.85821788591043
   0.07371756974862    0.08769764217694   -0.85751906983630
   0.06592140840475    0.07842298797686   -0.84916219855745
   0.05958019785451    0.07087920681722   -0.84464770532090
   0.05748492370786    0.06838657713610   -0.84314619996243
   0.04910624263118    0.05841893200777   -0.83855576610346
   0.04076169187921    0.04849188980510   -0.83621087584012
   0.03250292362240    0.03866689820705   -0.83686838664966
   0.02423379587684    0.02882958250852   -0.83975290647539
   0.01658502970209    0.01973027604230   -0.84578280949919
   0.01603602740246    0.01907715891715   -0.84650640420431
   0.00754303530818    0.00897352440728   -0.85486056472072
   0.00356497857853    0.00424105429431   -0.85846858885512
  -0.00054290008807   -0.00064585766764   -0.86266517877185
  -0.00883221044362   -0.01050718348091   -0.87079393336138
  -0.00937896134651   -0.01115762224613   -0.87152858193863
  -0.01736031446676   -0.02065258867562   -0.87989418267899
  -0.02142127828735   -0.02548368868673   -0.88409921987140
  -0.02541399982840   -0.03023360470015   -0.88849455789196
  -0.03372524743137   -0.04012102802155   -0.89678590665226
  -0.03425756642260   -0.04075429795402   -0.89755098540472
  -0.04215351761683   -0.05014766652056   -0.90517205835739
  -0.04718022471373   -0.05612765693283   -0.91027835559003
  -0.05031399443097   -0.05985572632340   -0.91362854700505
  -0.05868765361653   -0.06981739719062   -0.92227270010704
  -0.05967347557517   -0.07099017406964   -0.92319343771917
  -0.06692972599202   -0.07962252663869   -0.93057876997785
  -0.07215260548332   -0.08583589230339   -0.93608623866542
  -0.07540270440516   -0.08970235199895   -0.93981399854322
  -0.08337173696912   -0.09918266135631   -0.94824786834412
  -0.08393992377821   -0.09985860121222   -0.94898957777818
  -0.09187663847567   -0.10930046382341   -0.95705971599897
  -0.09652657226803   -0.11483222824891   -0.96191490405715
  -0.10022915761126   -0.11923698556344   -0.96588936053883
  -0.10860617605578   -0.12920265275191   -0.97372077007101
  -0.10914361798731   -0.12984201715801   -0.97445315748733
  -0.11676615650489   -0.13891012205722   -0.98303693805613
  -0.12101003960328   -0.14395883083414   -0.98753824040016
  -0.12523134782557   -0.14898068355201   -0.99224737321187
  -0.13343261200789   -0.15873726579030   -0.99971528691386
  -0.13398668410755   -0.15939641417111   -1.00044559351686
  -0.14166945090768   -0.16853616926699   -1.00871358435955
  -0.14683023793280   -0.17467566702070   -1.01372284789424
  -0.15002933294173   -0.17848145023277   -1.01754471117503
  -0.15833648629023   -0.18836400285013   -1.02552109515140
  -0.15888252170444   -0.18901359043875   -1.02627429274851
  -0.16654977465829   -0.19813488958520   -1.03535412161086
  -0.17011473551698   -0.20237592279922   -1.03947098373201
  -0.17478727192080   -0.20793457627895   -1.04593866365845
  -0.17946301363713   -0.21349704293851   -1.05238469382533
  -0.18312537433199   -0.21785394725366   -1.05725776402924
  -0.18893558188006   -0.22476602403892   -1.06502116303216
  -0.19158299958819   -0.22791550782754   -1.06900693306166
  -0.19965166834414   -0.23751434875267   -1.07754035038271
  -0.20017477947009   -0.23813666460625   -1.07833921905743
  -0.20804666753414   -0.24750140662165   -1.09024175659637
  -0.20904537751424   -0.24868951565416   -1.09111947853865
  -0.21641292162329   -0.25745426806261   -1.10148287239434
  -0.21802256281791   -0.25936916756350   -1.10373652366951
  -0.22457593028361   -0.26716533986030   -1.11208550013535
  -0.22822807386137   -0.27151008944649   -1.11700910331304
  -0.23290852491432   -0.27707815853868   -1.12340687178053
  -0.23758468046932   -0.28264111751880   -1.12985233872432
  -0.24122679557748   -0.28697393679936   -1.13471397453193
  -0.24740944139873   -0.29432908242866   -1.14275062224648
  -0.24952223927981   -0.29684255910998   -1.14600665983670
  -0.25597399836098   -0.30451785363260   -1.15531558120710
  -0.25812474323314   -0.30707647371266   -1.15836573380856
  -0.26611701569326   -0.31658443026601   -1.16789010617762
  -0.26664428039638   -0.31721168739650   -1.16867970934539
  -0.27467067649788   -0.32676023892471   -1.17947401069656
  -0.27617711937595   -0.32855236919883   -1.18116952261914
  -0.28288793692027   -0.33653585098918   -1.19006679455312
  -0.28594580948539   -0.34017362981115   -1.19426743782452
  -0.29126287957390   -0.34649904872610   -1.20128182034950
  -0.29547547773796   -0.35151053957810   -1.20680694371313
  -0.29952960746172   -0.35633350944899   -1.21262449004895
  -0.30515093823832   -0.36302089017363   -1.22008249956263
  -0.30772471170751   -0.36608276355762   -1.22332324581613
  -0.31494110656178   -0.37466770220787   -1.23302711273740
  -0.31609473959458   -0.37604011447348   -1.23456640305428
  -0.32428421996859   -0.38578267817849   -1.24512813040474
  -0.32480680019329   -0.38640436244876   -1.24595838973589
  -0.33251775355303   -0.39557764950761   -1.25653574335252
  -0.33413986803147   -0.39750738777198   -1.25896752997019
  -0.34095379528182   -0.40561353337416   -1.26768848516001
  -0.34404407304664   -0.40928986283769   -1.27173687579378
  -0.34927949483187   -0.41551814936330   -1.27896747837458
  -0.35351258585586   -0.42055401941694   -1.28443646110199
  -0.35753687723947   -0.42534149229456   -1.28948744910725
  -0.36321581438952   -0.43209740407826   -1.29756929436463
  -0.36580085441738   -0.43517268065275   -1.30095805628567
  -0.37281876819660   -0.44352149754318   -1.31007427179383
  -0.37441633306338   -0.44542203051679   -1.31241926208203
  -0.38217084303467   -0.45464713442402   -1.32296294946566
  -0.38270702357206   -0.45528499822054   -1.32373896300141
  -0.39081492289963   -0.46493050954791   -1.33381695594880
  -0.39244812918778   -0.46687344311378   -1.33606411539027
  -0.39908147400665   -0.47476475996464   -1.34433654292036
  -0.40266671156957   -0.47902991523202   -1.34920435992650
  -0.40738035528350   -0.48463747176412   -1.35644213914823
  -0.41115168100669   -0.48912400563837   -1.36185925077712
  -0.41582779533167   -0.49468691556946   -1.36748828499006
  -0.42187316063791   -0.50187874629942   -1.37502201577917
  -0.42397470516976   -0.50437883550476   -1.37823584627900
  -0.43037341994074   -0.51199102619812   -1.38764915138899
  -0.43244496861279   -0.51445543101794   -1.39006697168541
  -0.44030081871167   -0.52380109356916   -1.40043596769031
  -0.44081990364630   -0.52441861968963   -1.40124274558809
  -0.44887889652755   -0.53400594977140   -1.41294419304378
  -0.44940660415616   -0.53463373382540   -1.41373658749115
  -0.45717152363136   -0.54387122133334   -1.42504355970038
  -0.45864907040982   -0.54562897554470   -1.42681649765455
  -0.46556052102434   -0.55385113920234   -1.43708151599968
  -0.46716404632673   -0.55575876297059   -1.43936419352487
  -0.47384841130216   -0.56371077562910   -1.44920028610621
  -0.47637816251888   -0.56672027821793   -1.45247503543141
  -0.48221781662147   -0.57366738591114   -1.46195457971226
  -0.48471258663258   -0.57663527332922   -1.46536584301195
  -0.49032112956424   -0.58330744107474   -1.47282953680719
  -0.49402757024071   -0.58771678486217   -1.47829295240159
  -0.49873925469255   -0.59332201057046   -1.48552739490165
  -0.50289204304248   -0.59826234905409   -1.49117507792088
  -0.50713484669521   -0.60330977367529   -1.49745468651733
  -0.51167711793023   -0.60871345801808   -1.50411111128399
  -0.51536887425619   -0.61310533266049   -1.50971475965994
  -0.52066705510519   -0.61940828011072   -1.51677321322565
  -0.52400565541826   -0.62338002492848   -1.52206248949633
  -0.52941590848766   -0.62981629838928   -1.52976057203333
  -0.53186449044176   -0.63272923847647   -1.53335056722284
  -0.53880064977544   -0.64098079670609   -1.54263730623556
  -0.54037806916980   -0.64285736374542   -1.54503018416532
  -0.54762559756064   -0.65147934021120   -1.55554666925286
  -0.54879345276739   -0.65286867179641   -1.55776515221218
  -0.55634321860284   -0.66185020313303   -1.56865742913828
  -0.55687838993926   -0.66248686633998   -1.56943567142502
  -0.56516971335043   -0.67235058697219   -1.58075976831114
  -0.56570593510764   -0.67298849980561   -1.58153585645055
  -0.57371130260207   -0.68251203478398   -1.59326656844756
  -0.57461990118618   -0.68359294336227   -1.59427539275255
  -0.58175793008600   -0.69208465444878   -1.60496625357408
  -0.58338625438005   -0.69402178018115   -1.60732135175036
  -0.59032342406653   -0.70227454037061   -1.61666559967465
  -0.59239629470173   -0.70474051785555   -1.61991156996736
  -0.59837003785668   -0.71184714374469   -1.62917199717468
  -0.60099264258986   -0.71496710893408   -1.63318510203117
  -0.60671883692873   -0.72177923993458   -1.64123869322689
  -0.61034306891581   -0.72609078467287   -1.64608934251311
  -0.61514396370744   -0.73180213889956   -1.65312547042998
  -0.61965467251794   -0.73716827520298   -1.65902646673324
  -0.62325410614905   -0.74145031873341   -1.66469571884060
  -0.62751615811603   -0.74652064199032   -1.67185976967381
  -0.63177150932332   -0.75158299373070   -1.67730099800604
  -0.63704567917621   -0.75785737665076   -1.68444274257135
  -0.64016051006620   -0.76156291558489   -1.68928393410725
  -0.64606553426286   -0.76858779039846   -1.69779291212576
  -0.64814424927725   -0.77106072061226   -1.70117031318949
  -0.65508614851233   -0.77931910727941   -1.71046506136068
  -0.65679160344695   -0.78134799099214   -1.71344677633378
  -0.66430121628876   -0.79028175457298   -1.72357733826334
  -0.66482036399215   -0.79089935536590   -1.72438421663606
  -0.67297134965856   -0.80059612408467   -1.73602739786772
  -0.67349971004861   -0.80122468469220   -1.73681658588733
  -0.68156552880160   -0.81082013512927   -1.74838572628326
  -0.68210298190742   -0.81145951282881   -1.74915936502549
  -0.68974010763116   -0.82054497130587   -1.75908156163902
  -0.69177297779919   -0.82296336248718   -1.76233885437737
  -0.69791683144773   -0.83027235925274   -1.77300024072691
  -0.69959707065242   -0.83227124523131   -1.77531266079628
  -0.70648305983068   -0.84046311885178   -1.78389384049510
  -0.70906470836408   -0.84353436075627   -1.78794938479605
  -0.71457883008063   -0.85009420089841   -1.79638849589365
  -0.71783071165907   -0.85396278132014   -1.80097912389053
  -0.72322622695522   -0.86038152208188   -1.80870640724860
  -0.72673077210791   -0.86455068213208   -1.81374989241532
  -0.73132876061171   -0.87002065017247   -1.82034477720221
  -0.73607606510125   -0.87566825103409   -1.82666105763993
  -0.73971030282601   -0.87999169903513   -1.83230948112278
  -0.74477243284874   -0.88601383010783   -1.83977378869557
  -0.74791199776419   -0.88974879371942   -1.84459039573656
  -0.75365274484529   -0.89657823729798   -1.85262121491967
  -0.75632425781013   -0.89975638585688   -1.85651773162151
  -0.76281436055954   -0.90747729568271   -1.86579802346743
  -0.76452201809169   -0.90950879970171   -1.86880267415451
  -0.77086160188924   -0.91705064560526   -1.87830518570601
  -0.77282755498662   -0.91938942931528   -1.88090846938990
  -0.78050727335800   -0.92852555786713   -1.89165503089388
  -0.78105757397274   -0.92918021952467   -1.89239738456224
  -0.78928657575075   -0.93896979961883   -1.90370045064063
  -0.78981991321457   -0.93960428117080   -1.90448369983786
  -0.79786032031744   -0.94916950079849   -1.91542632162588
  -0.79889872853734   -0.95040483659174   -1.91704022693340
  -0.80603794769753   -0.95889796366400   -1.92773268630779
  -0.80804647301650   -0.96128739314909   -1.93030450147999
  -0.81460478289182   -0.96908944515233   -1.94024053197425
  -0.81655196440460   -0.97140589736506   -1.94286346734531
  -0.82265286915015   -0.97866380023889   -1.95194213704309
  -0.82567398106287   -0.98225784698246   -1.95615130508292
  -0.83099677108034   -0.98859007057484   -1.96400190364111
  -0.83459504271060   -0.99287073173828   -1.96888911669604
  -0.83926805161981   -0.99842994733107   -1.97615190547506
  -0.84290262928219   -1.00275379973677   -1.98180076039087
  -0.84739074465554   -1.00809305790009   -1.98785350845421
  -0.85231959864595   -1.01395663798103   -1.99460469838747
  -0.85611761511858   -1.01847492433712   -2.00002083663432
  -0.86111730013286   -1.02442276809912   -2.00756982764881
  -0.86421199231122   -1.02810434914189   -2.01163532064526
  -0.87000340410021   -1.03499406567083   -2.02039161242187
  -0.87240920228281   -1.03785610831394   -2.02395007517139
  -0.87932901644904   -1.04608822161815   -2.03331453303341
  -0.88095293858062   -1.04802011034569   -2.03563540011057
  -0.88820653874512   -1.05664931005873   -2.04616069106808
  -0.88911535880081   -1.05773048210928   -2.04716976836608
  -0.89693274676771   -1.06703038842765   -2.05924587328541
  -0.89748310849153   -1.06768512278321   -2.05998830177865
  -0.90599113813574   -1.07780664661956   -2.07097732833577
  -0.90688279256856   -1.07886739769508   -2.07202505099818
  -0.91393539535969   -1.08725748214987   -2.08371013488520
  -0.91502450877221   -1.08855313905590   -2.08522572916513
  -0.92247799112356   -1.09742012735258   -2.09539052582810
  -0.92444503350198   -1.09976020691893   -2.09798732623347
  -0.93078640270849   -1.10730417682300   -2.10749637564237
  -0.93287245684476   -1.10978583797689   -2.11069625629518
  -0.93909489170597   -1.11718831838676   -2.11960231504902
  -0.94210412244096   -1.12076823076212   -2.12380695958015
  -0.94743120650706   -1.12710556274239   -2.13163944859552
  -0.95103851012344   -1.13139696875119   -2.13655097508496
  -0.95573672238044   -1.13698616734782   -2.14375373220444
  -0.95986648320567   -1.14189911128183   -2.14946419322021
  -0.96391395012857   -1.14671415479368   -2.15528253772108
  -0.96870884769560   -1.15241837445993   -2.16232124560010
  -0.97232968688942   -1.15672588298312   -2.16722024401471
  -0.97786858086080   -1.16331519328206   -2.17554153085780
  -0.98041850611833   -1.16634869579137   -2.17970650879605
  -0.98594343497372   -1.17292139257812   -2.18792001989998
  -0.98907724974846   -1.17664951557106   -2.19203810981364
  -0.99634813570124   -1.18529927921317   -2.20172443649728
  -0.99689959695439   -1.18595532161687   -2.20254199258387
  -1.00492811855277   -1.19550640172906   -2.21421913549303
  -1.00546350036984   -1.19614331533298   -2.21499764654040
  -1.01348209707422   -1.20568258835758   -2.22672321348222
  -1.01401004600177   -1.20631065947135   -2.22751592753070
  -1.02218432322646   -1.21603513684561   -2.23905329198368
  -1.02309327938041   -1.21711647080460   -2.24006251139765
  -1.03036397736679   -1.22576601083366   -2.25136203751779
  -1.03184269177352   -1.22752515410664   -2.25312421432973
  -1.03871557498820   -1.23570143630016   -2.26258523096913
  -1.04087257242484   -1.23826749470414   -2.26571585651631
  -1.04677168336317   -1.24528533484722   -2.27437736369680
  -1.05040299400894   -1.24960530066720   -2.27917593373117
  -1.05542246299492   -1.25557668030643   -2.28748178425748
  -1.05842984960404   -1.25915439882908   -2.29168433138661
  -1.06349995398717   -1.26518601654935   -2.29836059392512
  -1.06775743431610   -1.27025090118588   -2.30463448504801
  -1.07193533058716   -1.27522110914961   -2.31105171719196
  -1.07702546005799   -1.28127654958925   -2.31769578487222
  -1.08024103063722   -1.28510193285966   -2.32236025361869
  -1.08593547961066   -1.29187629818628   -2.33046431495041
  -1.08854938969712   -1.29498591984400   -2.33447069578248
  -1.09515462430452   -1.30284379555898   -2.34358137409148
  -1.09671277759374   -1.30469744279776   -2.34600286681188
  -1.10307515511400   -1.31226640510986   -2.35629390328870
  -1.10516818045168   -1.31475635950957   -2.35949536424350
  -1.11308423734067   -1.32417364668914   -2.36899257980651
  -1.11366535660104   -1.32486497155418   -2.36986213124801
  -1.12151359148989   -1.33420157471880   -2.38172115044998
  -1.12203299530453   -1.33481948019285   -2.38252833632608
  -1.13008403732988   -1.34439735158903   -2.39423330291749
  -1.13060344775395   -1.34501526492594   -2.39504049622023
  -1.13826174688120   -1.35412591220903   -2.40591832161033
  -1.13982317682926   -1.35598345750436   -2.40815819419010
  -1.14657564153062   -1.36401648457255   -2.41865185492645
  -1.14859045920277   -1.36641339971593   -2.42121575217159
  -1.15488648032596   -1.37390342155852   -2.42995357704957
  -1.15795130014916   -1.37754946514228   -2.43411913463187
  -1.16319741878416   -1.38379047710780   -2.44125540399329
  -1.16686595418713   -1.38815472712554   -2.44686743822123
  -1.17176794928521   -1.39398635469452   -2.45457428465718
  -1.17488461504009   -1.39769407646409   -2.45941767279082
  -1.17984383263590   -1.40359377841679   -2.46625853575597
  -1.18453486065698   -1.40917443033245   -2.47268816455635
  -1.18840804006270   -1.41378213379809   -2.47873323826082
  -1.19305421967066   -1.41930943208177   -2.48530236382528
  -1.19633214137805   -1.42320899097877   -2.48989737286977
  -1.20179623456413   -1.42970931499500   -2.49830149867881
  -1.20491080281872   -1.43341454148656   -2.50234399133808
  -1.21124683839832   -1.44095216627500   -2.51108400758509
  -1.21330902949200   -1.44340543891069   -2.51435617665321
  -1.22032260851840   -1.45174909898975   -2.52448085850270
  -1.22139005035011   -1.45301897443628   -2.52600746589007
  -1.22949392638818   -1.46265969948265   -2.53691761107692
  -1.23002382307853   -1.46329008774015   -2.53770492242787
  -1.23788119121073   -1.47263755621015   -2.54961601418932
  -1.23840077540811   -1.47325567627539   -2.55042317239408
  -1.24631592460523   -1.48267188362506   -2.56154470776233
  -1.24737218213549   -1.48392845373787   -2.56313053779432
  -1.25475452519522   -1.49271081162470   -2.57425662877332
  -1.25580585534993   -1.49396151991625   -2.57584409818771
  -1.26285702144781   -1.50234989521797   -2.58515834925828
  -1.26550965389567   -1.50550558268885   -2.58901848203777
  -1.27116890687167   -1.51223807731896   -2.59807518537847
  -1.27389754663537   -1.51548418641402   -2.60183584654295
  -1.27982138420701   -1.52253144244055   -2.61038550683108
  -1.28282537635742   -1.52610512276680   -2.61458499107779
  -1.28800420442238   -1.53226608292982   -2.62189087922136
  -1.29165913587298   -1.53661414909138   -2.62749790951662
  -1.29633494487920   -1.54217669580194   -2.63395703358289
  -1.30099286949993   -1.54771796646602   -2.64046073425242
  -1.30451682401183   -1.55191021673806   -2.64548850723690
  -1.31021511297747   -1.55868915028720   -2.65358115023135
  -1.31282808657820   -1.56179765786057   -2.65760114113955
  -1.31868804772140   -1.56876892369664   -2.66621036700902
  -1.32139740887364   -1.57199209811310   -2.67008599290872
  -1.32840002284324   -1.58032271368145   -2.67941840701999
  -1.32945083837943   -1.58157280976033   -2.68102007968068
  -1.33723506274567   -1.59083326321022   -2.69233919648212
  -1.33776327486360   -1.59146164742675   -2.69313220321572
  -1.34567901185124   -1.60087855403770   -2.70503060928432
  -1.34621467185625   -1.60151579858616   -2.70580942927435
  -1.35450930329387   -1.61138345459119   -2.71716556496156
  -1.35502890923342   -1.61200160052186   -2.71797297473551
  -1.36269505875249   -1.62112158697409   -2.72948094857759
  -1.36375153325437   -1.62237841520582   -2.73106701760994
  -1.37100708506575   -1.63100993668327   -2.74159086401272
  -1.37258624611507   -1.63288857567145   -2.74398412136682
  -1.37923458248179   -1.64079772712271   -2.75309554981519
  -1.38196596465567   -1.64404709870875   -2.75685778633150
  -1.38786136257578   -1.65106052168310   -2.76551202792986
  -1.39037628122155   -1.65405237879740   -2.76961331748297
  -1.39597080582489   -1.66070786972699   -2.77709025694962
  -1.39971661341593   -1.66516404611618   -2.78257057492404
  -1.40442231861885   -1.67076215864870   -2.78973698110419
  -1.40868045028525   -1.67582781814473   -2.79528867624908
  -1.41281802016614   -1.68075005207260   -2.80181529327585
  -1.41728949165470   -1.68606950994330   -2.80855780975990
  -1.42090732683571   -1.69037344476157   -2.81343748334109
  -1.42660914032377   -1.69715657123658   -2.82153312912810
  -1.42922061287504   -1.70026329309594   -2.82555223528374
  -1.43549730817403   -1.70773032409358   -2.83435868744655
  -1.43765219733453   -1.71029387440016   -2.83748174086952
  -1.44457437713737   -1.71852880196903   -2.84764621832636
  -1.44565349492810   -1.71981256764662   -2.84946701434886
  -1.45380546621810   -1.72951050890629   -2.85934896460270
  -1.45478194093996   -1.73067216590399   -2.86104972979818
  -1.46235632206866   -1.73968298066906   -2.87261118772065
  -1.46289210182697   -1.74032036768128   -2.87339013919878
  -1.47078323070662   -1.74970799941167   -2.88452290049127
  -1.47185784220877   -1.75098640421145   -2.88607833841475
  -1.47939389340258   -1.75995162001110   -2.89683850786955
  -1.48091641583921   -1.76176287923071   -2.89868684576035
  -1.48754440083663   -1.76964781980376   -2.90935571645183
  -1.48911339181438   -1.77151436003039   -2.91174642680124
  -1.49573041718977   -1.77938626255818   -2.92086453738711
  -1.49878528458297   -1.78302046629633   -2.92502379864291
  -1.50417619971003   -1.78943373449590   -2.93277690539530
  -1.50729477955515   -1.79314373335085   -2.93762241445946
  -1.51236259442926   -1.79917262737116   -2.94509308733293
  -1.51602658849186   -1.80353147481195   -2.95070250770362
  -1.52080877084183   -1.80922056790038   -2.95781283871672
  -1.52486535551799   -1.81404645828993   -2.96361919684989
  -1.52889303916458   -1.81883796675182   -2.96871363200588
  -1.53393302307008   -1.82483375183575   -2.97618717840926
  -1.53745230507887   -1.82902044349390   -2.98119659199915
  -1.54359848736269   -1.83633221050575   -2.98941733673458
  -1.54576730168009   -1.83891232678744   -2.99251072618295
  -1.55282527987351   -1.84730880605567   -3.00253437127555
  -1.55381561712951   -1.84848695452974   -3.00425496358633
  -1.56076259016234   -1.85675137720840   -3.01523192057258
  -1.56240052713839   -1.85869993860732   -3.01755064442724
  -1.56966996798970   -1.86734798309356   -3.02808098937998
  -1.57070964214102   -1.86858482489416   -3.02969632475249
  -1.57867512188622   -1.87806090766309   -3.04085263349610
  -1.57922608793652   -1.87871636095184   -3.04159572886064
  -1.58747415818713   -1.88852862573423   -3.05291890346198
  -1.58838397626781   -1.88961098507893   -3.05392900840668
  -1.59556558988545   -1.89815454645027   -3.06453982346462
  -1.59722970199767   -1.90013424693493   -3.06681984011528
  -1.60397974019400   -1.90816438732671   -3.07654582534179
  -1.60646915092943   -1.91112589911626   -3.07994243938992
  -1.61229771462299   -1.91805981317428   -3.08866218710574
  -1.61490638232286   -1.92116319825984   -3.09266139069159
  -1.62050099157632   -1.92781878989292   -3.10013995802297
  -1.62461858777721   -1.93271726225828   -3.10586899864207
  -1.62880436510542   -1.93769684587197   -3.11309728805052
  -1.63250866171263   -1.94210363898092   -3.11858947180124
  -1.63740373128005   -1.94792702763601   -3.12472395156128
  -1.64243238258978   -1.95390933096881   -3.13153640001900
  -1.64532226603413   -1.95734726259217   -3.13591718135755
  -1.65119803286508   -1.96433733156505   -3.14452245289898
  -1.65388982177195   -1.96753960127056   -3.14843950868038
  -1.65999919254377   -1.97480757569918   -3.15752762577680
  -1.66195780872270   -1.97713763109043   -3.16015214894248
  -1.66922822567323   -1.98578683678696   -3.17065547840363
  -1.67026814104794   -1.98702396555743   -3.17227108857525
  -1.67806353778603   -1.99629771014906   -3.18363677985638
  -1.67861462788507   -1.99695331101162   -3.18438001251042
  -1.68716620605782   -2.00712664208045   -3.19529598047030
  -1.68768618582779   -2.00774523273613   -3.19610381029091
  -1.69535601534622   -2.01686959707640   -3.20761600812239
  -1.69678604154574   -2.01857081873057   -3.20943418794269
  -1.70380307614781   -2.02691858971345   -3.22113236390445
  -1.70433170217971   -2.02754746634013   -3.22192583404060
  -1.71190077576026   -2.03655196701400   -3.23203876397713
  -1.71409259504618   -2.03915945101149   -3.23505002399848
  -1.72044573817270   -2.04671742768528   -3.24457704493779
  -1.72253266705691   -2.04920012947754   -3.24777184562694
  -1.72864988290111   -2.05647743674707   -3.25604938893798
  -1.73227610413121   -2.06079134797579   -3.26093865334117
  -1.73709670872465   -2.06652614984395   -3.26874956811848
  -1.74073495098832   -2.07085436181948   -3.27361324400388
  -1.74540685565567   -2.07641226375790   -3.28012724166856
  -1.74957630689239   -2.08137242513978   -3.28653377095992
  -1.75372763290155   -2.08631102395892   -3.29224677960508
  -1.75918844841015   -2.09280744870680   -3.29992328025397
  -1.76180515120502   -2.09592039269247   -3.30395701559016
  -1.76776927658040   -2.10301557685077   -3.31244668531522
  -1.77023972693204   -2.10595453253925   -3.31588105695250
  -1.77648083685454   -2.11337922961807   -3.32557659941980
  -1.77857261198037   -2.11586769671112   -3.32877033596944
  -1.78546184838479   -2.12406343337374   -3.33813113725944
  -1.78737260987619   -2.12633655873761   -3.34097441951080
  -1.79507394184469   -2.13549839976902   -3.35082937730654
  -1.79559406389827   -2.13611715969151   -3.35163737344960
  -1.80340600181712   -2.14541058239456   -3.36375366679385
  -1.80394220271164   -2.14604847040882   -3.36453309448543
  -1.81184776929490   -2.15545327786230   -3.37567651387028
  -1.81330058256991   -2.15718160801718   -3.37746464838584
  -1.82016995518865   -2.16535371385238   -3.38779768780692
  -1.82173042748598   -2.16721011988455   -3.39022180351275
  -1.82836253700670   -2.17509996717075   -3.40012095175863
  -1.83093466120643   -2.17815987851172   -3.40343457419295
  -1.83682503806734   -2.18516732821464   -3.41119106850048
  -1.84004835935700   -2.18900193206887   -3.41595494698175
  -1.84502263397915   -2.19491954651804   -3.42435665238637
  -1.84787641667814   -2.19831453111724   -3.42867175079938
  -1.85396061072194   -2.20555255421008   -3.43631436886820
  -1.85775171263204   -2.21006261470043   -3.44174007191271
  -1.86178337621356   -2.21485885786682   -3.44759942818886
  -1.86646533761656   -2.22042872373743   -3.45487243031710
  -1.87011351571173   -2.22476875581226   -3.46050201479648
  -1.87533537442289   -2.23098090711230   -3.46773404888418
  -1.87856711879552   -2.23482553143409   -3.47237116500562
  -1.88444244389406   -2.24181507490278   -3.48028359201458
  -1.88702609248945   -2.24488869616841   -3.48439781512263
  -1.89338705331766   -2.25245597312173   -3.49386803846151
  -1.89481778783947   -2.25415803742706   -3.49568702764186
  -1.90249090276088   -2.26328631022626   -3.50639576272931
  -1.90353145018748   -2.26452419091329   -3.50801212054829
  -1.91146576648946   -2.27396320028843   -3.51912657402488
  -1.91202412927000   -2.27462745305069   -3.51992287746330
  -1.92002266706340   -2.28414286311828   -3.53163000727597
  -1.92055791540393   -2.28477961793269   -3.53241329292298
  -1.92824428431588   -2.29392365825820   -3.54236511515863
  -1.93034805501011   -2.29642639580359   -3.54556468062022
  -1.93669914092846   -2.30398192513264   -3.55509492269128
  -1.93879421070578   -2.30647431168708   -3.55829242193585
  -1.94515420041527   -2.31404043335514   -3.56782498083061
  -1.94723904063749   -2.31652065038383   -3.57102014830567
  -1.95334930047966   -2.32378968248939   -3.57934418500903
  -1.95686166959278   -2.32796815026480   -3.58439654332309
  -1.96167496349331   -2.33369425501323   -3.59227663401911
  -1.96482709504230   -2.33744416844122   -3.59703495108915
  -1.97000537816170   -2.34360448031320   -3.60356288799513
  -1.97428549258644   -2.34869629145912   -3.60990933129383
  -1.97821116942583   -2.35336644816583   -3.61590668240918
  -1.98366321286197   -2.35985243727299   -3.62271413121157
  -1.98714936799446   -2.36399971975157   -3.62796469367668
  -1.99198578044773   -2.36975332734055   -3.63572706703858
  -1.99498168604217   -2.37331738754645   -3.63994904374593
  -2.00167283668383   -2.38127747273002   -3.64895983886873
  -2.00330417109687   -2.38321817943147   -3.65129025770861
  -2.01006973739281   -2.39126679272907   -3.66179908326713
  -2.01163391244761   -2.39312760372333   -3.66420529507547
  -2.01930723202332   -2.40225611998824   -3.67493692144564
  -2.01983822182493   -2.40288780865866   -3.67573348576296
  -2.02842454290471   -2.41310247140783   -3.68669335852121
  -2.02892663855384   -2.41369978633189   -3.68752679591154
  -2.03649158191532   -2.42269937351668   -3.69998760798432
  -2.03704319183575   -2.42335559278149   -3.70073144600237
  -2.04506842403281   -2.43290275967811   -3.71091556845249
  -2.04703264562016   -2.43523948350816   -3.71350789772746
  -2.05359508652378   -2.44304644996317   -3.72336891342826
  -2.05566173428261   -2.44550502444246   -3.72604700924776
  -2.06159394760009   -2.45256224462224   -3.73537316889890
  -2.06419652351721   -2.45565838265685   -3.73941558089010
  -2.06979881057668   -2.46232310814345   -3.74769428156409
  -2.07305924598804   -2.46620186457860   -3.75230953857938
  -2.07838179781991   -2.47253380481499   -3.76016785928893
  -2.08202542278393   -2.47686842028605   -3.76503578291322
  -2.08670171565582   -2.48243154262434   -3.77161465097152
  -2.09116530906359   -2.48774162838590   -3.77837509674352
  -2.09478018302560   -2.49204204040865   -3.78327740373088
  -2.10013330729814   -2.49841035095636   -3.79109539444295
  -2.10336567349273   -2.50225571502472   -3.79581507262988
  -2.10857150833868   -2.50844880363451   -3.80390078847115
  -2.11156673091519   -2.51201205129244   -3.80812369489109
  -2.11825786335739   -2.51997211482514   -3.81713720978782
  -2.12002060222015   -2.52206914600189   -3.82011258020077
  -2.12563928689854   -2.52875337881248   -3.83009150112839
  -2.12838002942876   -2.53201388588744   -3.84216317197911
  -2.12873803170119   -2.53243978103419   -3.84305125852460
  -2.13070071684772   -2.53477467704708   -3.85603495491032
  -2.13093216180248   -2.53505001407862   -3.86896027417119
  -2.13097553817217   -2.53510161650340   -3.88185857964551
  -2.13147136493599   -2.53569147368757   -3.89480865045472
  -2.13144565571610   -2.53566088887618   -3.90775177593954
  -2.13119640775587   -2.53536437261141   -3.92065155013109
  -2.13068616620319   -2.53475736696454   -3.93357484567787
  -2.12943253984425   -2.53326599826880   -3.94665443027375
  -2.12821729741893   -2.53182029277772   -3.95219671317893
  -2.12557249395786   -2.52867391901163   -3.95944927870129
  -2.12007649525443   -2.52213563879780   -3.96862148136805
  -2.11677611949774   -2.51820936758259   -3.97251247413455
  -2.11127634930504   -2.51166660064033   -3.97822483486174
  -2.10374038517538   -2.50270148841601   -3.98527854303041
  -2.10319023966828   -2.50204701128129   -3.98601845420353
  -2.09476310357844   -2.49202172195199   -3.99134992247875
  -2.08655319243371   -2.48225485290938   -3.99730708747543
  -2.08550151809333   -2.48100373515950   -3.99807117797029
  -2.07823426096195   -2.47235828852190   -4.00295094964625
  -2.06979943020705   -2.46232384528281   -4.00831488871153
  -2.06629570131732   -2.45815565629470   -4.01106234268660
  -2.06170894316249   -2.45269904836817   -4.01455295461658
  -2.05349181374262   -2.44292359215004   -4.01982844847108
  -2.04806488008546   -2.43646747473317   -4.02385136529259
  -2.04486739327083   -2.43266360469931   -4.02599649699912
  -2.03664643033842   -2.42288358796714   -4.03117176782060
  -2.02936896512511   -2.41422599734921   -4.03681751270636
  -2.02832490511201   -2.41298393793581   -4.03762458617008
  -2.01992137595463   -2.40298673244491   -4.04291428364452
  -2.01157795167056   -2.39306103033766   -4.04788918561338
  -2.01003523319855   -2.39122574503187   -4.04942370673689
  -2.00348610141415   -2.38343461168664   -4.05406287139201
  -1.99483464633789   -2.37314246268911   -4.05960381349152
  -1.99036067657228   -2.36782003275887   -4.06255785816924
  -1.98673506180068   -2.36350684299970   -4.06503827756274
  -1.97831444267500   -2.35348930653573   -4.07038699565104
  -1.97218749276706   -2.34620041919863   -4.07552059079687
  -1.97010026502629   -2.34371736187354   -4.07713528228889
  -1.96178836016381   -2.33382915664751   -4.08197070970523
  -1.95353919768760   -2.32401559250582   -4.08717197363582
  -1.95193980908011   -2.32211288993057   -4.08852743964449
  -1.94505737088592   -2.31392524071591   -4.09372862634295
  -1.93673679452395   -2.30402671949517   -4.09948335029752
  -1.93419770188594   -2.30100610394339   -4.10118606439329
  -1.92841999609699   -2.29413269267100   -4.10503199996634
  -1.92031109277467   -2.28448598694761   -4.11051553285698
  -1.91499379141921   -2.27816029290739   -4.11422728847250
  -1.91178965654770   -2.27434851405459   -4.11630675531337
  -1.90357881191520   -2.26458053449412   -4.12147865468667
  -1.89582420542547   -2.25535531576435   -4.12732358235423
  -1.89524518055772   -2.25466648248027   -4.12793639274486
  -1.88694109540378   -2.24478757992122   -4.13277002044501
  -1.87861856607683   -2.23488673536800   -4.13922479565240
  -1.87804528968633   -2.23420474072366   -4.13984118866745
  -1.87028700245859   -2.22497514322710   -4.14487031822825
  -1.86188786430586   -2.21498316146719   -4.14940102875470
  -1.85733944686702   -2.20957216533177   -4.15298392330966
  -1.85379073226981   -2.20535045938032   -4.15565798476550
  -1.84536826295076   -2.19533072184547   -4.16098930531265
  -1.83866099947846   -2.18735146813450   -4.16605953729549
  -1.83713376690853   -2.18553460553450   -4.16697798791930
  -1.82862474474728   -2.17541190095651   -4.17275911808394
  -1.82087200855168   -2.16618890721035   -4.17853798120814
  -1.82031038968781   -2.16552078086908   -4.17919307405497
  -1.81199332061670   -2.15562643207480   -4.18406365658913
  -1.80395874875330   -2.14606815430298   -4.19018030238015
  -1.80221458583826   -2.14399322188533   -4.19168778213086
  -1.79526619778674   -2.13572711583860   -4.19661030369511
  -1.78723788433491   -2.12617628334666   -4.20085724064124
  -1.78241975026303   -2.12044442051888   -4.20442396656543
  -1.77872918151015   -2.11605395866531   -4.20662354989244
  -1.77041369999073   -2.10616149849189   -4.21227218285288
  -1.76363856127271   -2.09810149742270   -4.21702995150222
  -1.76200257872941   -2.09615526110239   -4.21838230738261
  -1.75378534404885   -2.08637967966153   -4.22357885774501
  -1.74603732502971   -2.07716229767461   -4.23014757363697
  -1.74546600502398   -2.07648263043107   -4.23080662441300
  -1.73724646349134   -2.06670430465818   -4.23518856654931
  -1.72898484283317   -2.05687591971884   -4.24079714611754
  -1.72532174508500   -2.05251813857286   -4.24339373427598
  -1.72060347118423   -2.04690507376819   -4.24648066371320
  -1.71221183598525   -2.03692201784992   -4.25180997421605
  -1.70608635801685   -2.02963488159641   -4.25623095044749
  -1.70398482440052   -2.02713480537664   -4.25776956442737
  -1.69568162932027   -2.01725696168814   -4.26341124665438
  -1.68793857189031   -2.00804548222450   -4.26921905229882
  -1.68734161530754   -2.00733531658870   -4.26987013499742
  -1.67902578900486   -1.99744244624605   -4.27470744191946
  -1.67067464900866   -1.98750756519051   -4.28007828191868
  -1.66805029942608   -1.98438552425204   -4.28172284666847
  -1.66231296666239   -1.97756014249466   -4.28484897497075
  -1.65413873373446   -1.96783571781776   -4.28966024264997
  -1.64574807577336   -1.95785382446437   -4.29405642464603
  -1.64517767360095   -1.95717524911546   -4.29461053407584
  -1.63736192820457   -1.94787729687077   -4.29853992134765
  -1.62912879972463   -1.93808280747166   -4.30292397961810
  -1.62089064288312   -1.92828233611392   -4.30740342627642
  -1.62030371156999   -1.92758409697694   -4.30787525215901
  -1.61241516322821   -1.91819953516715   -4.31224446417132
  -1.60418495225002   -1.90840851655561   -4.31662853937341
  -1.59790588698048   -1.90093866613744   -4.32048355385026
  -1.59585327504849   -1.89849678929107   -4.32146551114690
  -1.58753741945549   -1.88860388410338   -4.32549508479181
  -1.57906460081843   -1.87852424881973   -4.33045668204100
  -1.57444645582019   -1.87303030173279   -4.33307437688011
  -1.57075293824703   -1.86863633183375   -4.33527028051422
  -1.56259085061506   -1.85892635573164   -4.33920022048266
  -1.55422153682490   -1.84896985433667   -4.34370856312242
  -1.55007183471528   -1.84403318737937   -4.34621493644559
  -1.54589251217042   -1.83906128265800   -4.34852215766325
  -1.53764471019527   -1.82924933702781   -4.35290568890129
  -1.52925765695944   -1.81927173201312   -4.35738030890029
  -1.52664486467122   -1.81616344013703   -4.35892362901377
  -1.52101406967236   -1.80946480036003   -4.36177349165508
  -1.51263883277706   -1.79950125258037   -4.36626905779790
  -1.50438393867256   -1.78968086984321   -4.37144954061657
  -1.50282020495242   -1.78782058387995   -4.37223264250817
  -1.49604899440939   -1.77976525593937   -4.37547503393355
  -1.48769439859963   -1.76982626369701   -4.37916717593450
  -1.47945799528501   -1.76002787841147   -4.38434874160875
  -1.47888508453470   -1.75934631874868   -4.38493460843338
  -1.47110322995761   -1.75008868450352   -4.38918120583332
  -1.46276155478454   -1.74016506321515   -4.39288628027419
  -1.45455790492339   -1.73040564286908   -4.39777271169359
  -1.45396832149716   -1.72970424866247   -4.39814399085473
  -1.44602826810179   -1.72025841419033   -4.40218476128941
  -1.43780284692251   -1.71047309373288   -4.40657499607145
  -1.43019799285033   -1.70142602702268   -4.41116372163365
  -1.42954914094052   -1.70065412443817   -4.41176134087740
  -1.42123419792595   -1.69076230489366   -4.41579169413550
  -1.41285542928440   -1.68079455559434   -4.42027694242941
  -1.40763765968045   -1.67458726887491   -4.42341443667878
  -1.40453099715495   -1.67089144738411   -4.42510031522033
  -1.39614671604883   -1.66091714021606   -4.42966737192750
  -1.38853808395859   -1.65186557901049   -4.43493490320983
  -1.38430904968374   -1.64683453504288   -4.43687700893111
  -1.37959796923658   -1.64123002788495   -4.43882337293410
  -1.37127279226549   -1.63132603357858   -4.44364675353843
  -1.36299295689264   -1.62147597961874   -4.44771605762907
  -1.35988344239425   -1.61777676529638   -4.44945488408711
  -1.35465515795292   -1.61155696966694   -4.45253162726332
  -1.34644118416022   -1.60178526752077   -4.45691582008956
  -1.33815789632043   -1.59193110635540   -4.46151971990080
  -1.33548553652683   -1.58875195037201   -4.46267166682981
  -1.32962710675765   -1.58178250632539   -4.46588577198435
  -1.32147688693739   -1.57208664869066   -4.46981752752459
  -1.31316960488888   -1.56220394296613   -4.47465665004419
  -1.31259670225235   -1.56152239295584   -4.47524258799215
  -1.30475771882870   -1.55219679573848   -4.47993362247005
  -1.29653709556671   -1.54241718309309   -4.48352682093559
  -1.28872095898907   -1.53311876548206   -4.48822673065568
  -1.28812919957066   -1.53241478262008   -4.48880376398213
  -1.27982815422343   -1.52253949634791   -4.49285071631421
  -1.27160167743387   -1.51275292009034   -4.49724511038307
  -1.26629685903508   -1.50644207632085   -4.50082797691405
  -1.26311523151610   -1.50265707319810   -4.50298293334729
  -1.25501888062316   -1.49302530039320   -4.50671125322481
  -1.24660163516800   -1.48301177739510   -4.51061505518066
  -1.24143606532615   -1.47686658979361   -4.51403334871760
  -1.23824458620115   -1.47306986676986   -4.51622337873507
  -1.22993041593509   -1.46317896652075   -4.52025475430018
  -1.22177618576914   -1.45347833800355   -4.52387490834055
  -1.21699652781263   -1.44779224804389   -4.52695376533533
  -1.21331733934462   -1.44341532467447   -4.52914202400049
  -1.20506667403967   -1.43359997270204   -4.53354710622154
  -1.19661753391815   -1.42354850641516   -4.53852114958449
  -1.19556407085223   -1.42229526071922   -4.53926545372373
  -1.18843979452121   -1.41381991028949   -4.54242328368329
  -1.18006881780435   -1.40386143060426   -4.54689046324939
  -1.17178242475748   -1.39400357534886   -4.55209052662163
  -1.17020471628271   -1.39212666440685   -4.55277990674195
  -1.16340358477715   -1.38403574118180   -4.55571975418810
  -1.15495045056643   -1.37397952335187   -4.55988749308663
  -1.14708270006082   -1.36461970355678   -4.56485264240255
  -1.14659965236770   -1.36404504891353   -4.56541377019672
  -1.13852763498635   -1.35444222431731   -4.56903478707714
  -1.13021490086620   -1.34455303257011   -4.57271568797497
  -1.12336049559632   -1.33639873254716   -4.57802188773153
  -1.11924213646492   -1.33149935256633   -4.58188406713976
  -1.11401608125137   -1.32528220892367   -4.58558058782855
  -1.11039217937661   -1.32097105690143   -4.59121412099593
      
      
