# shadow point cont 2D ind 127  size 1402
# norm  0.5424415 -0.8400936  0.0000000
# angle  0.9974557
   1.91080844  -4.60365514
   1.91301174  -4.59822359
   1.91586388  -4.59153243
   1.92555571  -4.58477148
   1.93804050  -4.57842785
   1.93894709  -4.57773514
   1.95083905  -4.57366323
   1.96382297  -4.56934470
   1.97652403  -4.56553953
   1.97984167  -4.56396753
   1.98954978  -4.56013316
   2.00246035  -4.55592593
   2.01532227  -4.55191082
   2.01615972  -4.55118618
   2.02842963  -4.54597583
   2.04123859  -4.54158937
   2.05321865  -4.53814288
   2.05411042  -4.53737480
   2.06730999  -4.53181888
   2.07989749  -4.52790680
   2.08488895  -4.52567249
   2.09301075  -4.52259841
   2.10580546  -4.51821350
   2.11856380  -4.51403311
   2.12189545  -4.51244995
   2.13166289  -4.50853720
   2.14467027  -4.50405548
   2.15726470  -4.50022781
   2.15902425  -4.49939224
   2.17050998  -4.49438522
   2.18328157  -4.49058337
   2.19227809  -4.48701707
   2.19632876  -4.48551223
   2.20916138  -4.48032438
   2.22195455  -4.47633440
   2.22841769  -4.47369680
   2.23496225  -4.47065554
   2.24786700  -4.46582170
   2.26070620  -4.46225450
   2.26397475  -4.46071149
   2.27385909  -4.45650969
   2.28676655  -4.45247346
   2.29803406  -4.44836917
   2.29966845  -4.44762809
   2.31233898  -4.44303083
   2.32544574  -4.43841027
   2.33438166  -4.43550250
   2.33842282  -4.43392705
   2.35136239  -4.42829932
   2.36416788  -4.42424048
   2.36904110  -4.42241369
   2.37718776  -4.41942582
   2.38998207  -4.41504147
   2.40286626  -4.41021469
   2.40375624  -4.40959837
   2.41583623  -4.40455804
   2.42874599  -4.40053124
   2.43998957  -4.39646297
   2.44167295  -4.39569382
   2.45468820  -4.39120986
   2.46734258  -4.38657348
   2.47557478  -4.38360668
   2.48052566  -4.38153796
   2.49317736  -4.37689505
   2.50629690  -4.37264902
   2.50957055  -4.37099583
   2.51928971  -4.36703782
   2.53210318  -4.36264993
   2.54499727  -4.35862766
   2.54664496  -4.35790982
   2.55804756  -4.35333842
   2.57083534  -4.34895619
   2.58059037  -4.34510267
   2.58388041  -4.34365945
   2.59652165  -4.33899096
   2.60972385  -4.33480051
   2.61612426  -4.33225445
   2.62264758  -4.32916848
   2.63556799  -4.32514083
   2.64843760  -4.32106018
   2.65238348  -4.31919400
   2.66124459  -4.31511833
   2.67402135  -4.31142550
   2.68635294  -4.30638533
   2.68724404  -4.30579045
   2.70005213  -4.30140294
   2.71294898  -4.29738300
   2.72400347  -4.29291956
   2.72561802  -4.29211257
   2.73870212  -4.28734800
   2.75184565  -4.28321419
   2.75821255  -4.28057678
   2.76476701  -4.27757828
   2.77739319  -4.27287209
   2.79038807  -4.26846335
   2.79358234  -4.26731681
   2.80323575  -4.26320152
   2.81633149  -4.25869426
   2.82594861  -4.25453150
   2.82923395  -4.25305816
   2.84202982  -4.24867379
   2.85509838  -4.24418746
   2.86074204  -4.24183599
   2.86798637  -4.23855994
   2.88073052  -4.23480209
   2.89377967  -4.22977184
   2.89546987  -4.22893078
   2.90661061  -4.22452020
   2.91969137  -4.21920982
   2.92697277  -4.21605485
   2.93259837  -4.21357559
   2.94554766  -4.20953410
   2.95859990  -4.20504251
   2.96333721  -4.20319704
   2.97137199  -4.19987556
   2.98417203  -4.19548847
   2.99723399  -4.19100417
   2.99809747  -4.19037641
   3.00997092  -4.18505521
   3.02321733  -4.18086742
   3.03113311  -4.17731998
   3.03581854  -4.17538526
   3.04878583  -4.17050619
   3.06160471  -4.16588970
   3.06500570  -4.16423596
   3.07489517  -4.15992970
   3.08755639  -4.15600184
   3.09910477  -4.15180133
   3.10075325  -4.15105932
   3.11338270  -4.14635357
   3.12658418  -4.14140430
   3.13452841  -4.13864086
   3.13937439  -4.13622180
   3.15230783  -4.13137487
   3.16501764  -4.12720039
   3.16839782  -4.12555829
   3.17828807  -4.12125214
   3.19095039  -4.11732442
   3.20236760  -4.11279883
   3.20400380  -4.11204131
   3.21693146  -4.10720180
   3.22985660  -4.10236723
   3.23626935  -4.09985512
   3.24262608  -4.09720693
   3.25559617  -4.09313223
   3.26843945  -4.08851178
   3.27179870  -4.08688174
   3.28168978  -4.08257570
   3.29435326  -4.07864810
   3.30500321  -4.07420997
   3.30741045  -4.07336019
   3.32018909  -4.06819145
   3.33326256  -4.06368584
   3.33964362  -4.06108324
   3.34604449  -4.05851954
   3.35898352  -4.05366788
   3.37204009  -4.04917693
   3.37369131  -4.04847042
   3.38511882  -4.04389014
   3.39775147  -4.03918464
   3.40762972  -4.03560737
   3.41099076  -4.03420966
   3.42343614  -4.02921211
   3.43667178  -4.02500515
   3.44228010  -4.02246074
   3.44960681  -4.01937588
   3.46240169  -4.01499309
   3.47531146  -4.01019787
   3.47695358  -4.00941445
   3.48824664  -4.00453592
   3.50105367  -4.00013564
   3.50939306  -3.99681008
   3.51437680  -3.99474916
   3.52717424  -3.99036834
   3.53995634  -3.98521767
   3.54402728  -3.98361211
   3.55303068  -3.97989184
   3.56582860  -3.97551106
   3.57711636  -3.97065859
   3.57874890  -3.96988983
   3.59202215  -3.96489185
   3.60434372  -3.95971279
   3.60832051  -3.95733612
   3.61752710  -3.95058960
   3.62286944  -3.94485944
   3.62932431  -3.93206485
   3.63018721  -3.92803748
   3.63224742  -3.91927598
   3.63126945  -3.90628869
   3.63060918  -3.89339500
   3.63040518  -3.88047248
   3.62973417  -3.87884628
   3.62891177  -3.86757183
   3.62677012  -3.85464699
   3.62303805  -3.84163122
   3.61868329  -3.82902821
   3.61706402  -3.82741020
   3.60572923  -3.81608429
   3.60409597  -3.81456415
   3.59136315  -3.80455425
   3.58970325  -3.80300571
   3.57820923  -3.79262113
   3.57576533  -3.79031747
   3.56524691  -3.78217545
   3.56022673  -3.77742538
   3.55229626  -3.77003118
   3.54518787  -3.76416749
   3.53954216  -3.75930328
   3.52913867  -3.75107096
   3.52659697  -3.74877302
   3.51447307  -3.73821503
   3.51364326  -3.73746216
   3.50112556  -3.72580123
   3.50030403  -3.72500742
   3.48756513  -3.71576606
   3.48431154  -3.71261594
   3.47460205  -3.70451324
   3.46834548  -3.69938536
   3.46204247  -3.69353928
   3.45373284  -3.68651760
   3.44870393  -3.68187747
   3.43899096  -3.67383738
   3.43560140  -3.67071607
   3.42364706  -3.66079496
   3.42281270  -3.66001478
   3.41008274  -3.64923545
   3.40768450  -3.64763339
   3.39674593  -3.63911163
   3.39147437  -3.63467555
   3.38457335  -3.62858871
   3.37764704  -3.62185853
   3.37102354  -3.61636911
   3.36212275  -3.60910021
   3.35809811  -3.60576142
   3.34703902  -3.59580204
   3.34532361  -3.59431384
   3.33275702  -3.58341594
   3.33194328  -3.58261213
   3.31961479  -3.57303804
   3.31617774  -3.57005441
   3.30649865  -3.56193499
   3.30144039  -3.55740147
   3.29317720  -3.55096575
   3.28480196  -3.54396914
   3.28079943  -3.54067614
   3.26920726  -3.53135742
   3.26750253  -3.52970801
   3.25557693  -3.51823350
   3.25471293  -3.51748617
   3.24160306  -3.50709923
   3.23996004  -3.50559316
   3.22866120  -3.49658675
   3.22330065  -3.49223971
   3.21590209  -3.48590692
   3.20922966  -3.47966735
   3.20295150  -3.47460464
   3.19320340  -3.46657391
   3.18981513  -3.46350488
   3.17790770  -3.45353237
   3.17708529  -3.45273827
   3.16450581  -3.44176828
   3.16279093  -3.44028048
   3.15116304  -3.43102523
   3.14696905  -3.42785781
   3.13827359  -3.41957114
   3.13332622  -3.41487600
   3.12511382  -3.40850745
   3.11719355  -3.40185652
   3.11216637  -3.39721843
   3.10248623  -3.38905060
   3.09940600  -3.38652156
   3.08683335  -3.37644199
   3.08601963  -3.37563881
   3.07398172  -3.36661513
   3.06976408  -3.36270027
   3.06060897  -3.35493918
   3.05556648  -3.35029199
   3.04769898  -3.34357531
   3.04055660  -3.33696217
   3.03489336  -3.33208458
   3.02424916  -3.32417352
   3.02180863  -3.32176817
   3.01050129  -3.31124023
   3.00903487  -3.31024728
   2.99575313  -3.29936814
   2.99490500  -3.29860907
   2.98280853  -3.28880780
   2.97890356  -3.28545788
   2.97004690  -3.27813568
   2.96356180  -3.27249322
   2.95709944  -3.26683744
   2.94753619  -3.25939259
   2.94417148  -3.25631444
   2.93348789  -3.24677579
   2.93102314  -3.24448081
   2.91864501  -3.23421319
   2.91782655  -3.23341632
   2.90534651  -3.22401469
   2.90195821  -3.22091083
   2.89261603  -3.21243610
   2.88750240  -3.20793046
   2.87911892  -3.20090720
   2.87219652  -3.19490670
   2.86652908  -3.19009061
   2.85716067  -3.18244933
   2.85324988  -3.17908545
   2.84152644  -3.16898884
   2.84068087  -3.16822628
   2.82758620  -3.15711274
   2.82673830  -3.15635383
   2.81465051  -3.14655634
   2.81009992  -3.14300701
   2.80191937  -3.13584840
   2.79559128  -3.13003795
   2.78928001  -3.12488379
   2.77985459  -3.11756194
   2.77564909  -3.11362464
   2.76493910  -3.10412980
   2.76327350  -3.10252378
   2.75032782  -3.09202292
   2.74947096  -3.09127944
   2.73725699  -3.08170474
   2.73395807  -3.07854849
   2.72408758  -3.06986575
   2.71925099  -3.06579111
   2.71136400  -3.05911039
   2.70335143  -3.05255613
   2.69844076  -3.04859629
   2.68802724  -3.03959200
   2.68546049  -3.03735567
   2.67288333  -3.02735973
   2.67206431  -3.02656412
   2.65967089  -3.01706124
   2.65640386  -3.01386414
   2.64669166  -3.00499477
   2.64247529  -3.00114447
   2.63377433  -2.99366574
   2.62659151  -2.98789454
   2.62062494  -2.98264639
   2.61158655  -2.97545060
   2.60771505  -2.97208311
   2.59643479  -2.96232171
   2.59480221  -2.96073493
   2.58269254  -2.94947374
   2.58182543  -2.94875146
   2.56875887  -2.93909372
   2.56568972  -2.93654627
   2.55619843  -2.92902972
   2.55032580  -2.92365026
   2.54287844  -2.91734590
   2.53502412  -2.91061552
   2.53033461  -2.90641573
   2.52042294  -2.89781407
   2.51721504  -2.89532650
   2.50511998  -2.88480704
   2.50427484  -2.88404479
   2.49139317  -2.87345413
   2.48910480  -2.87170390
   2.47861456  -2.86280121
   2.47369565  -2.85885828
   2.46515644  -2.85121731
   2.45901624  -2.84611146
   2.45276993  -2.84178742
   2.44352384  -2.83326511
   2.43966579  -2.82986498
   2.42857757  -2.81993705
   2.42689255  -2.81838781
   2.41364241  -2.80823801
   2.41219961  -2.80724439
   2.40090828  -2.79671359
   2.39773500  -2.79425886
   2.38798382  -2.78702028
   2.38229802  -2.78141458
   2.37520276  -2.77555953
   2.36629319  -2.76831966
   2.36209131  -2.76447300
   2.35102610  -2.75531723
   2.34957194  -2.75430897
   2.33662863  -2.74300347
   2.33578369  -2.74224135
   2.32376389  -2.73249981
   2.32043087  -2.72933693
   2.31083950  -2.72119237
   2.30581294  -2.71648305
   2.29725438  -2.70902931
   2.29016703  -2.70396865
   2.28441691  -2.69912858
   2.27646237  -2.69097955
   2.27180054  -2.68752453
   2.26035623  -2.67798281
   2.25867187  -2.67648704
   2.24591869  -2.66737428
   2.24337291  -2.66509201
   2.23309787  -2.65597508
   2.22897401  -2.65201412
   2.22033034  -2.64527444
   2.21365666  -2.63906355
   2.20721752  -2.63338535
   2.19910202  -2.62615812
   2.19427698  -2.62209318
   2.18304036  -2.61310524
   2.18136583  -2.61158587
   2.16877353  -2.60138734
   2.16703026  -2.59995797
   2.15485237  -2.58885065
   2.15335298  -2.58796864
   2.14258970  -2.57929179
   2.13756511  -2.57465326
   2.12962359  -2.56802767
   2.12139394  -2.56176395
   2.11660053  -2.55765445
   2.10765461  -2.54886079
   2.10363384  -2.54560209
   2.09237358  -2.53585208
   2.09068170  -2.53435277
   2.07774086  -2.52471268
   2.07601302  -2.52316341
   2.06485504  -2.51333035
   2.06082298  -2.51009104
   2.05173234  -2.50228870
   2.04473197  -2.49709311
   2.03928137  -2.49204672
   2.03105123  -2.48411809
   2.02610876  -2.48020094
   2.01566248  -2.47125505
   2.01319550  -2.46888708
   2.00062816  -2.45874059
   1.99977218  -2.45799770
   1.98740246  -2.44783976
   1.98428959  -2.44528198
   1.97468579  -2.43714176
   1.96856088  -2.43191075
   1.96204959  -2.42612522
   1.95353438  -2.41952250
   1.94844500  -2.41493821
   1.93839810  -2.40635429
   1.93605489  -2.40464107
   1.92316808  -2.39414438
   1.92233563  -2.39336557
   1.90986295  -2.38166980
   1.90901612  -2.38091163
   1.89710315  -2.37178446
   1.89228222  -2.36774300
   1.88440696  -2.36104233
   1.87767398  -2.35489184
   1.87107647  -2.34941552
   1.86165539  -2.34187330
   1.85851661  -2.33924706
   1.84732520  -2.32956136
   1.84510531  -2.32774506
   1.83341209  -2.31764290
   1.83049397  -2.31546522
   1.81947437  -2.30655362
   1.81618418  -2.30339072
   1.80646780  -2.29535954
   1.80010009  -2.29040797
   1.79380111  -2.28457312
   1.78627319  -2.27761885
   1.78072579  -2.27345536
   1.76982650  -2.26406203
   1.76812962  -2.26255020
   1.75515831  -2.25206066
   1.75429209  -2.25133898
   1.74157522  -2.24076152
   1.73934138  -2.23897416
   1.72926583  -2.23046977
   1.72431315  -2.22570168
   1.71606398  -2.21865381
   1.70882897  -2.21296600
   1.70343576  -2.20867490
   1.69445537  -2.19986256
   1.69043220  -2.19660513
   1.67837313  -2.18686645
   1.67752884  -2.18610478
   1.66446385  -2.17499214
   1.66362999  -2.17421565
   1.65167173  -2.16432586
   1.64763945  -2.16111651
   1.63860443  -2.15323265
   1.63296697  -2.14837659
   1.62586468  -2.14251888
   1.61760927  -2.13548497
   1.61277159  -2.13144353
   1.60173587  -2.12230712
   1.60006573  -2.12071149
   1.58729340  -2.10998625
   1.58643778  -2.10924361
   1.57409289  -2.09910187
   1.57157778  -2.09677103
   1.56092150  -2.08808510
   1.55553031  -2.08376661
   1.54837089  -2.07714404
   1.54155665  -2.07116162
   1.53511802  -2.06625649
   1.52566893  -2.05793924
   1.52235726  -2.05478520
   1.51030782  -2.04503955
   1.50947572  -2.04426099
   1.49657056  -2.03294396
   1.49572408  -2.03218604
   1.48390529  -2.02303309
   1.47976288  -2.01905953
   1.47073002  -2.01117721
   1.46504701  -2.00636921
   1.45763526  -2.00008467
   1.44980876  -1.99337342
   1.44501188  -1.98919972
   1.43346747  -1.98066237
   1.43185341  -1.97904827
   1.41942656  -1.96792844
   1.41856710  -1.96719117
   1.40643402  -1.95766224
   1.40310529  -1.95448826
   1.39344595  -1.94638386
   1.38709212  -1.94140031
   1.38036040  -1.93530207
   1.37308343  -1.92885761
   1.36742399  -1.92402483
   1.35704190  -1.91579798
   1.35455555  -1.91349917
   1.34259092  -1.90275186
   1.34172500  -1.90203040
   1.32856370  -1.89189116
   1.32627553  -1.89012512
   1.31597825  -1.88182217
   1.31034236  -1.87699327
   1.30288762  -1.86993948
   1.29706388  -1.86449036
   1.29003376  -1.85860369
   1.28129937  -1.85106651
   1.27700041  -1.84740341
   1.26623031  -1.83883302
   1.26380955  -1.83641214
   1.25197177  -1.82626467
   1.25023353  -1.82480364
   1.23859510  -1.81482696
   1.23597507  -1.81252179
   1.22501753  -1.80343232
   1.22041234  -1.79992896
   1.21272252  -1.79385500
   1.20460906  -1.78662942
   1.19955435  -1.78202192
   1.18917539  -1.77387565
   1.18692276  -1.77206431
   1.17545876  -1.76096501
   1.17391877  -1.75998494
   1.16113811  -1.75027396
   1.15856639  -1.74792755
   1.14794672  -1.73922858
   1.14318618  -1.73514461
   1.13535992  -1.72820823
   1.12771680  -1.72233409
   1.12176685  -1.71704600
   1.11252744  -1.70932452
   1.10943015  -1.70671155
   1.09860974  -1.69661605
   1.09629887  -1.69485653
   1.08340113  -1.68433017
   1.08254294  -1.68359318
   1.07029320  -1.67410785
   1.06633864  -1.67079685
   1.05786765  -1.66313206
   1.05199946  -1.65759891
   1.04450717  -1.65147874
   1.03729445  -1.64497770
   1.03192714  -1.64055919
   1.02050834  -1.63179882
   1.01890804  -1.63026888
   1.00630392  -1.61924384
   1.00540438  -1.61857166
   0.99312509  -1.60927608
   0.98985628  -1.60606829
   0.98025974  -1.59780574
   0.97451363  -1.59316674
   0.96730915  -1.58668525
   0.96015965  -1.58006168
   0.95446445  -1.57520698
   0.94392829  -1.56720316
   0.94169912  -1.56550361
   0.92992145  -1.55388514
   0.92886465  -1.55306306
   0.91545355  -1.54251315
   0.91395224  -1.54156394
   0.90268399  -1.53267243
   0.89850539  -1.52881923
   0.88979874  -1.52136448
   0.88334492  -1.51571690
   0.87710626  -1.51064577
   0.86815994  -1.50262243
   0.86396783  -1.49878268
   0.85338030  -1.48997925
   0.85090620  -1.48768007
   0.83858328  -1.47719520
   0.83769757  -1.47649357
   0.82538560  -1.46709355
   0.82137080  -1.46389688
   0.81221960  -1.45538284
   0.80682326  -1.45100079
   0.79966764  -1.44528536
   0.79217731  -1.43827138
   0.78648037  -1.43345920
   0.77554931  -1.42509801
   0.77384159  -1.42350238
   0.76153479  -1.41242294
   0.76069104  -1.41166170
   0.74751226  -1.40070385
   0.74602173  -1.39974918
   0.73498160  -1.39064332
   0.73089891  -1.38662671
   0.72213008  -1.37915141
   0.71609887  -1.37400333
   0.70852012  -1.36792078
   0.69868529  -1.36066456
   0.69646126  -1.35893902
   0.68557415  -1.34808938
   0.68325008  -1.34631551
   0.67037547  -1.33578278
   0.66952941  -1.33502520
   0.65754388  -1.32530076
   0.65422275  -1.32210785
   0.64455703  -1.31403447
   0.63886284  -1.30921716
   0.63167583  -1.30353753
   0.62357004  -1.29629311
   0.61870128  -1.29227353
   0.60868478  -1.28386271
   0.60531429  -1.28073129
   0.59333145  -1.27060256
   0.59242669  -1.26993832
   0.57999124  -1.26080781
   0.57667995  -1.25774201
   0.56747832  -1.24919816
   0.56233873  -1.24450592
   0.55423281  -1.23819840
   0.54764175  -1.23192880
   0.54146573  -1.22664242
   0.53156104  -1.21887522
   0.52824313  -1.21582077
   0.51649895  -1.20554890
   0.51559935  -1.20487720
   0.50227032  -1.19421824
   0.50083085  -1.19321993
   0.48989552  -1.18386378
   0.48501611  -1.17989504
   0.47686288  -1.17284285
   0.47045148  -1.16701182
   0.46384780  -1.16158101
   0.45434846  -1.15408672
   0.45100715  -1.15107360
   0.44056616  -1.14138437
   0.43806673  -1.13898367
   0.42572017  -1.12858650
   0.42485007  -1.12785787
   0.41265256  -1.11808486
   0.40914847  -1.11537786
   0.39914450  -1.10695247
   0.39371785  -1.10268119
   0.38666818  -1.09672033
   0.37899818  -1.08998397
   0.37332667  -1.08517811
   0.36373915  -1.07705739
   0.36067213  -1.07444349
   0.34916646  -1.06412362
   0.34745633  -1.06263930
   0.33470249  -1.05285965
   0.33238938  -1.05106502
   0.32179725  -1.04156731
   0.31785203  -1.03816473
   0.30922762  -1.03136790
   0.30164856  -1.02528729
   0.29565978  -1.02011849
   0.28610657  -1.01273214
   0.28296729  -1.01017731
   0.27032967  -1.00020598
   0.26948912  -0.99943848
   0.25758707  -0.98941650
   0.25368855  -0.98620068
   0.24476801  -0.97810658
   0.23830477  -0.97311318
   0.23154702  -0.96798982
   0.22209071  -0.96044061
   0.21892961  -0.95793940
   0.20655067  -0.94776631
   0.20568818  -0.94703409
   0.19254530  -0.93610874
   0.19170673  -0.93531186
   0.18040812  -0.92647023
   0.17522023  -0.92176176
   0.16724121  -0.91599644
   0.15783001  -0.90872096
   0.15446317  -0.90548971
   0.14379116  -0.89614263
   0.14111380  -0.89381657
   0.12818912  -0.88426446
   0.12735403  -0.88349106
   0.11539277  -0.87361400
   0.11137718  -0.87037929
   0.10278191  -0.86354060
   0.09528386  -0.85745627
   0.08935761  -0.85210424
   0.07821110  -0.84427180
   0.07656854  -0.84353220
   0.06336440  -0.83764793
   0.05043715  -0.83493555
   0.03773895  -0.83762244
   0.02504381  -0.84346171
   0.02181243  -0.84584911
   0.01201379  -0.85364252
   0.00639202  -0.85851108
  -0.00071822  -0.86361946
  -0.01035455  -0.87156187
  -0.01367139  -0.87481207
  -0.02507993  -0.88437572
  -0.02678994  -0.88585986
  -0.03950722  -0.89498641
  -0.04199054  -0.89723427
  -0.05229389  -0.90625904
  -0.05645975  -0.91031210
  -0.06541867  -0.91737455
  -0.07251968  -0.92322043
  -0.07828491  -0.92804010
  -0.08834013  -0.93555497
  -0.09164080  -0.93869334
  -0.10395802  -0.94824744
  -0.10477663  -0.94904028
  -0.11685299  -0.95883683
  -0.12085570  -0.96203451
  -0.12978366  -0.97001989
  -0.13696788  -0.97501337
  -0.14262705  -0.97980382
  -0.15159330  -0.98776856
  -0.15559292  -0.99099901
  -0.16682129  -1.00066800
  -0.16852454  -1.00229112
  -0.18154352  -1.01261953
  -0.18301527  -1.01359180
  -0.19416683  -1.02253207
  -0.19832697  -1.02659432
  -0.20716637  -1.03306954
  -0.21513594  -1.03947849
  -0.22001403  -1.04434201
  -0.22892668  -1.05241063
  -0.23311204  -1.05631967
  -0.24446004  -1.06505249
  -0.24612329  -1.06660872
  -0.25875751  -1.07665695
  -0.26039896  -1.07823502
  -0.27198269  -1.08835824
  -0.27508976  -1.09084991
  -0.28462270  -1.09924751
  -0.29035418  -1.10392622
  -0.29773555  -1.11018040
  -0.30627039  -1.11694650
  -0.31036889  -1.12031485
  -0.32167748  -1.12977445
  -0.32328555  -1.13070260
  -0.33625008  -1.14189124
  -0.33708334  -1.14266721
  -0.34930551  -1.15377584
  -0.35161629  -1.15557076
  -0.36211118  -1.16444205
  -0.36697259  -1.16846804
  -0.37523584  -1.17548235
  -0.38238016  -1.18120561
  -0.38796585  -1.18620758
  -0.39715473  -1.19386691
  -0.40137386  -1.19769471
  -0.41352235  -1.20661856
  -0.41433571  -1.20741760
  -0.42653805  -1.21869849
  -0.42894383  -1.22033154
  -0.43975037  -1.22954881
  -0.44372550  -1.23282649
  -0.45243364  -1.24028338
  -0.45888710  -1.24593055
  -0.46532569  -1.25158234
  -0.47410828  -1.25898703
  -0.47812124  -1.26222960
  -0.48935011  -1.27188537
  -0.49110485  -1.27354701
  -0.50421474  -1.28367805
  -0.50504986  -1.28445155
  -0.51701415  -1.29431789
  -0.52032659  -1.29738069
  -0.52980423  -1.30582230
  -0.53558136  -1.31044623
  -0.54285869  -1.31608467
  -0.55057809  -1.32279426
  -0.55586371  -1.32720461
  -0.56677845  -1.33644482
  -0.56849996  -1.33809683
  -0.58143554  -1.34841062
  -0.58224224  -1.34921738
  -0.59432551  -1.36073983
  -0.59602593  -1.36222243
  -0.60772796  -1.37131624
  -0.61232970  -1.37481563
  -0.62027039  -1.38144767
  -0.62822551  -1.38794403
  -0.63315802  -1.39275182
  -0.64288738  -1.40079372
  -0.64604632  -1.40324858
  -0.65872924  -1.41323095
  -0.65954779  -1.41402308
  -0.67178895  -1.42505744
  -0.67352094  -1.42662258
  -0.68478762  -1.43551170
  -0.68953725  -1.43958040
  -0.69747257  -1.44633413
  -0.70485812  -1.45262113
  -0.71085857  -1.45859549
  -0.71860129  -1.46551260
  -0.72334375  -1.46882166
  -0.73541269  -1.47852449
  -0.73623665  -1.47931000
  -0.74912948  -1.48982563
  -0.75080008  -1.49136761
  -0.76214441  -1.50089983
  -0.76604343  -1.50430576
  -0.77501636  -1.51238284
  -0.78075757  -1.51701400
  -0.78801821  -1.52346854
  -0.79529593  -1.52991473
  -0.80102173  -1.53470588
  -0.81097641  -1.54233184
  -0.81444088  -1.54537053
  -0.82651882  -1.55435453
  -0.82814513  -1.55595439
  -0.83959357  -1.56706170
  -0.84131903  -1.56861995
  -0.85258798  -1.57751113
  -0.85739337  -1.58156410
  -0.86527431  -1.58824094
  -0.87256010  -1.59466709
  -0.87811299  -1.59885058
  -0.88780395  -1.60760214
  -0.89114162  -1.61082493
  -0.90389635  -1.61992939
  -0.90471590  -1.62071908
  -0.91725882  -1.63221806
  -0.91873017  -1.63319123
  -0.92985813  -1.64229415
  -0.93403249  -1.64611571
  -0.94279553  -1.65358306
  -0.94937872  -1.65901639
  -0.95602073  -1.66525520
  -0.96392200  -1.67191325
  -0.96855752  -1.67538033
  -0.98001861  -1.68494006
  -0.98171395  -1.68640599
  -0.99470510  -1.69676913
  -0.99552625  -1.69756051
  -1.00753092  -1.70819150
  -1.01007448  -1.71044520
  -1.02058503  -1.71929469
  -1.02538895  -1.72337117
  -1.03332323  -1.72999724
  -1.04068902  -1.73630827
  -1.04624729  -1.74128158
  -1.05662425  -1.74942118
  -1.05897232  -1.75121483
  -1.07197224  -1.76152388
  -1.07341168  -1.76251790
  -1.08502347  -1.77350964
  -1.08739472  -1.77517160
  -1.09797512  -1.78391791
  -1.10261464  -1.78815442
  -1.11049973  -1.79500168
  -1.11808016  -1.80096820
  -1.12403312  -1.80625421
  -1.13327546  -1.81397700
  -1.13639984  -1.81658296
  -1.14867436  -1.82687057
  -1.14952956  -1.82761291
  -1.16272614  -1.83858925
  -1.16353579  -1.83937747
  -1.17523308  -1.84948357
  -1.17923762  -1.85282153
  -1.18824535  -1.85990251
  -1.19480010  -1.86542149
  -1.20100015  -1.87129702
  -1.20894599  -1.87883720
  -1.21390290  -1.88273493
  -1.22474887  -1.89105189
  -1.22733006  -1.89337426
  -1.23960016  -1.90295734
  -1.24124075  -1.90454247
  -1.25265765  -1.91500056
  -1.25587656  -1.91738782
  -1.26566977  -1.92529782
  -1.27067489  -1.92995016
  -1.27831584  -1.93603417
  -1.28703173  -1.94353487
  -1.29113749  -1.94752515
  -1.30104172  -1.95613783
  -1.30420236  -1.95861712
  -1.31676126  -1.96779662
  -1.31849636  -1.96946772
  -1.33036644  -1.98080358
  -1.33122783  -1.98153419
  -1.34327480  -1.99050843
  -1.34795762  -1.99471553
  -1.35603785  -2.00196990
  -1.36320862  -2.00776091
  -1.36896703  -2.01244567
  -1.37797450  -2.02036901
  -1.38208896  -2.02429081
  -1.39394013  -2.03347312
  -1.39477206  -2.03425155
  -1.40766051  -2.04557769
  -1.40849408  -2.04635397
  -1.42045356  -2.05624707
  -1.42453680  -2.05941075
  -1.43390674  -2.06769027
  -1.43930622  -2.07202153
  -1.44625327  -2.07804826
  -1.45450621  -2.08507975
  -1.45934296  -2.08912030
  -1.47058732  -2.09809757
  -1.47226875  -2.09959843
  -1.48470026  -2.11054048
  -1.48552069  -2.11133315
  -1.49781608  -2.12165817
  -1.50037077  -2.12399468
  -1.51079887  -2.13212888
  -1.51643930  -2.13695994
  -1.52373601  -2.14341663
  -1.53116357  -2.14965636
  -1.53682227  -2.15448919
  -1.54644125  -2.16261946
  -1.54955129  -2.16521323
  -1.56223214  -2.17514174
  -1.56306417  -2.17592024
  -1.57569099  -2.18741688
  -1.57719323  -2.18836680
  -1.58840979  -2.19732696
  -1.59310499  -2.20153344
  -1.60122480  -2.20878584
  -1.60782818  -2.21423363
  -1.61427538  -2.21989323
  -1.62291383  -2.22739344
  -1.62706647  -2.23137544
  -1.63788916  -2.23968632
  -1.64031219  -2.24144827
  -1.65300276  -2.25219752
  -1.65383648  -2.25297390
  -1.66569199  -2.26290972
  -1.66971454  -2.26623494
  -1.67886103  -2.27395658
  -1.68512851  -2.27901327
  -1.69176363  -2.28526993
  -1.69903956  -2.29171435
  -1.70472073  -2.29651699
  -1.71452511  -2.30448027
  -1.71760076  -2.30705526
  -1.73006924  -2.31739086
  -1.73090087  -2.31816233
  -1.74386450  -2.32907626
  -1.74483094  -2.32987113
  -1.75617176  -2.33956014
  -1.76109596  -2.34350498
  -1.76941472  -2.35049272
  -1.77634750  -2.35649940
  -1.78202135  -2.36134227
  -1.79181544  -2.36926162
  -1.79511379  -2.37241027
  -1.80760422  -2.38178194
  -1.80843643  -2.38256056
  -1.82089585  -2.39426710
  -1.82236397  -2.39524365
  -1.83348915  -2.40438476
  -1.83842932  -2.40829195
  -1.84715130  -2.41638596
  -1.85257729  -2.42067987
  -1.85945888  -2.42595762
  -1.86839622  -2.43397677
  -1.87239482  -2.43724857
  -1.88382448  -2.44679192
  -1.88552092  -2.44829961
  -1.89819391  -2.45827391
  -1.89986173  -2.45982693
  -1.91137293  -2.47006489
  -1.91457681  -2.47252878
  -1.92425697  -2.48061290
  -1.92982475  -2.48554711
  -1.93681924  -2.49237887
  -1.94366488  -2.49832040
  -1.95031285  -2.50372831
  -1.96054085  -2.51134830
  -1.96284701  -2.51311161
  -1.97588901  -2.52344896
  -1.97670979  -2.52424187
  -1.98859733  -2.53496407
  -1.99109555  -2.53732641
  -2.00158242  -2.54622675
  -2.00645639  -2.55022435
  -2.01467496  -2.55731912
  -2.02113412  -2.56297070
  -2.02761013  -2.56859580
  -2.03643607  -2.57593876
  -2.04057528  -2.57978835
  -2.05246834  -2.58816590
  -2.05442258  -2.59024797
  -2.06632527  -2.60094569
  -2.06715933  -2.60172230
  -2.07902900  -2.61166757
  -2.08297747  -2.61502997
  -2.09219966  -2.62350673
  -2.09765218  -2.62777550
  -2.10474287  -2.63367143
  -2.11375860  -2.64078198
  -2.11803491  -2.64450683
  -2.12848734  -2.65345313
  -2.13094894  -2.65582055
  -2.14303908  -2.66633688
  -2.14388359  -2.66709869
  -2.15675060  -2.67767733
  -2.15907893  -2.67939351
  -2.16951991  -2.68753513
  -2.17517229  -2.69237346
  -2.18262764  -2.69942830
  -2.18978173  -2.70521132
  -2.19557524  -2.70987315
  -2.20601140  -2.71805358
  -2.20845453  -2.72044764
  -2.22082121  -2.73080530
  -2.22165870  -2.73157590
  -2.23421204  -2.74232097
  -2.23591244  -2.74386590
  -2.24668438  -2.75262654
  -2.25175875  -2.75714034
  -2.25996018  -2.76425528
  -2.26706375  -2.77009148
  -2.27270160  -2.77498469
  -2.28180582  -2.78278330
  -2.28583891  -2.78602386
  -2.29808855  -2.79555523
  -2.29892120  -2.79633415
  -2.31181922  -2.80766694
  -2.31265352  -2.80844372
  -2.32460086  -2.81833283
  -2.32864949  -2.82154805
  -2.33769375  -2.82943699
  -2.34331109  -2.83434446
  -2.35045927  -2.84092852
  -2.35805710  -2.84699392
  -2.36396526  -2.85240501
  -2.37391787  -2.86026412
  -2.37624520  -2.86199215
  -2.38902230  -2.87270225
  -2.38987845  -2.87344523
  -2.40227621  -2.88361173
  -2.40473708  -2.88596656
  -2.41504225  -2.89427562
  -2.42132655  -2.89931755
  -2.42815595  -2.90617227
  -2.43461828  -2.91182597
  -2.44089507  -2.91688605
  -2.45054249  -2.92500591
  -2.45384057  -2.92816737
  -2.46490807  -2.93729578
  -2.46741825  -2.93947942
  -2.47982632  -2.94903623
  -2.48147525  -2.95058821
  -2.49279643  -2.96025153
  -2.49681300  -2.96353680
  -2.50571088  -2.97158915
  -2.51135924  -2.97645099
  -2.51842975  -2.98233122
  -2.52718171  -2.98975938
  -2.53120542  -2.99304778
  -2.54223566  -3.00214649
  -2.54465953  -3.00456956
  -2.55639324  -3.01547123
  -2.55727656  -3.01614480
  -2.57108590  -3.02580772
  -2.57317978  -3.02775387
  -2.58327443  -3.03700808
  -2.58810908  -3.04108010
  -2.59621112  -3.04828753
  -2.60346897  -3.05398475
  -2.60913966  -3.05878498
  -2.61959857  -3.06697555
  -2.62182080  -3.06879352
  -2.63394759  -3.08010127
  -2.63480403  -3.08084445
  -2.64787963  -3.09121162
  -2.64951110  -3.09279648
  -2.66050807  -3.10209045
  -2.66553033  -3.10586695
  -2.67419488  -3.11418219
  -2.67941699  -3.11863029
  -2.68652180  -3.12446302
  -2.69559313  -3.13151205
  -2.69961219  -3.13480574
  -2.71083611  -3.14454633
  -2.71256110  -3.14606148
  -2.72545306  -3.15660767
  -2.72630057  -3.15736629
  -2.73838635  -3.16715800
  -2.74164994  -3.17031162
  -2.75154341  -3.17897833
  -2.75580217  -3.18279053
  -2.76428287  -3.18968516
  -2.77235969  -3.19616737
  -2.77741701  -3.20073224
  -2.78909976  -3.20937704
  -2.78990803  -3.21018495
  -2.80203035  -3.22229927
  -2.80289743  -3.22302154
  -2.81617539  -3.23321293
  -2.81842516  -3.23495957
  -2.82890561  -3.24392006
  -2.83362374  -3.24807166
  -2.84165988  -3.25459684
  -2.84895940  -3.26103261
  -2.85480053  -3.26645884
  -2.86426839  -3.27402139
  -2.86735616  -3.27663408
  -2.87869411  -3.28626550
  -2.88087290  -3.28802035
  -2.89356969  -3.29806356
  -2.89519911  -3.29964789
  -2.90634466  -3.30950997
  -2.91037543  -3.31277377
  -2.91926520  -3.32085006
  -2.92496847  -3.32563962
  -2.93220419  -3.33134653
  -2.94106219  -3.33867357
  -2.94494768  -3.34209706
  -2.95585136  -3.35122520
  -2.95824075  -3.35301907
  -2.97016610  -3.36453484
  -2.97102254  -3.36525122
  -2.98431310  -3.37544662
  -2.98655940  -3.37719254
  -2.99687197  -3.38550728
  -3.00192480  -3.39009963
  -3.01020465  -3.39718945
  -3.01727987  -3.40306246
  -3.02294753  -3.40786406
  -3.03342903  -3.41606325
  -3.03585481  -3.41848771
  -3.04776519  -3.42919025
  -3.04862699  -3.42993515
  -3.06172838  -3.44031220
  -3.06335652  -3.44189633
  -3.07430604  -3.45121077
  -3.07859122  -3.45492882
  -3.08780522  -3.46274303
  -3.09394578  -3.46788041
  -3.10035423  -3.47282365
  -3.10929167  -3.48084797
  -3.11329987  -3.48412524
  -3.12399176  -3.49366345
  -3.12624976  -3.49541179
  -3.13934659  -3.50575824
  -3.14018194  -3.50653576
  -3.15212591  -3.51643152
  -3.15613623  -3.51973661
  -3.16503277  -3.52862787
  -3.16977571  -3.53278463
  -3.17765754  -3.53879729
  -3.18628023  -3.54532379
  -3.19134029  -3.54998108
  -3.20203204  -3.55874528
  -3.20368061  -3.56035121
  -3.21661837  -3.57086322
  -3.21746424  -3.57162598
  -3.22995542  -3.58241665
  -3.23175646  -3.58396657
  -3.24267371  -3.59330919
  -3.24745922  -3.59740948
  -3.25583139  -3.60436721
  -3.26230216  -3.61002695
  -3.26877709  -3.61565661
  -3.27886956  -3.62342945
  -3.28132726  -3.62584237
  -3.29174534  -3.63521818
  -3.29556347  -3.63809811
  -3.30738280  -3.64748559
  -3.30904367  -3.64903649
  -3.32054687  -3.65928312
  -3.32377980  -3.66175648
  -3.33348538  -3.66985591
  -3.33915155  -3.67466425
  -3.34642493  -3.68039124
  -3.35516273  -3.68783365
  -3.35935802  -3.69175958
  -3.36892545  -3.70075124
  -3.37231921  -3.70378848
  -3.38487490  -3.71317526
  -3.38573241  -3.71391923
  -3.39846408  -3.72444555
  -3.40083532  -3.72631785
  -3.41093415  -3.73563371
  -3.41505190  -3.73953938
  -3.42409675  -3.74664111
  -3.43137558  -3.75234708
  -3.43727342  -3.75777312
  -3.44659295  -3.76545399
  -3.44998061  -3.76855634
  -3.46170601  -3.77870312
  -3.46254524  -3.77949516
  -3.47585031  -3.79039748
  -3.47668619  -3.79117543
  -3.48863145  -3.80107615
  -3.49270503  -3.80429936
  -3.50198560  -3.81285352
  -3.50661537  -3.81712385
  -3.51431969  -3.82399153
  -3.52081171  -3.83042630
  -3.52727811  -3.84319501
  -3.52789158  -3.84565672
  -3.53000953  -3.85625291
  -3.53042722  -3.86915141
  -3.53119847  -3.88211880
  -3.53161842  -3.89504543
  -3.53168775  -3.90795301
  -3.53175434  -3.92096409
  -3.53114514  -3.93388415
  -3.52881500  -3.94698355
  -3.52809212  -3.94863172
  -3.52118110  -3.95991908
  -3.51458675  -3.96623041
  -3.50496412  -3.97283830
  -3.50185657  -3.97463789
  -3.48817759  -3.98245654
  -3.48283677  -3.98521609
  -3.47564469  -3.98860297
  -3.46272542  -3.99344680
  -3.45142774  -3.99832889
  -3.44979069  -3.99908655
  -3.43686404  -4.00392621
  -3.42406524  -4.00830835
  -3.41745676  -4.01115178
  -3.41100186  -4.01359671
  -3.39836659  -4.01830415
  -3.38526442  -4.02363659
  -3.38359976  -4.02431125
  -3.37221332  -4.02811014
  -3.35941299  -4.03248681
  -3.34801306  -4.03712476
  -3.34635248  -4.03778283
  -3.33342094  -4.04261183
  -3.32092226  -4.04756171
  -3.31412138  -4.05025772
  -3.30742943  -4.05273693
  -3.29476411  -4.05666575
  -3.28170226  -4.06195890
  -3.28006819  -4.06271367
  -3.26877459  -4.06759358
  -3.25595703  -4.07119297
  -3.24469899  -4.07607247
  -3.24305521  -4.07680925
  -3.22985428  -4.08175223
  -3.21705766  -4.08613468
  -3.21139980  -4.08855736
  -3.20398372  -4.09143340
  -3.19152696  -4.09573453
  -3.17826348  -4.10065406
  -3.17662311  -4.10136057
  -3.16521181  -4.10593225
  -3.15241581  -4.11031481
  -3.14053349  -4.11486221
  -3.13964262  -4.11548189
  -3.12655435  -4.11999290
  -3.11397264  -4.12525170
  -3.10960368  -4.12735003
  -3.10041455  -4.13059026
  -3.08793133  -4.13482873
  -3.07499159  -4.13967796
  -3.07409191  -4.14027210
  -3.06192301  -4.14497614
  -3.04912798  -4.14935890
  -3.03860850  -4.15336068
  -3.03619638  -4.15419894
  -3.02299790  -4.15914299
  -3.01057924  -4.16394938
  -3.00545849  -4.16626133
  -2.99727859  -4.16916367
  -2.98472172  -4.17398401
  -2.97140283  -4.17803626
  -2.97055271  -4.17863201
  -2.95851836  -4.18366019
  -2.94594892  -4.18850531
  -2.93596227  -4.19201736
  -2.93264361  -4.19334634
  -2.91959055  -4.19783390
  -2.90720178  -4.20266011
  -2.90204479  -4.20495312
  -2.89386541  -4.20785560
  -2.88108461  -4.21223276
  -2.86813837  -4.21708292
  -2.86729593  -4.21766362
  -2.85526235  -4.22269200
  -2.84230857  -4.22755093
  -2.83409917  -4.23048445
  -2.82923438  -4.23203935
  -2.81618981  -4.23652668
  -2.80383245  -4.24137340
  -2.79863773  -4.24364669
  -2.79045996  -4.24654897
  -2.77768197  -4.25092676
  -2.76538153  -4.25610068
  -2.76449262  -4.25667070
  -2.75170004  -4.26105410
  -2.73890857  -4.26544023
  -2.72914921  -4.26931076
  -2.72583288  -4.27073386
  -2.71279521  -4.27522148
  -2.70047067  -4.28008909
  -2.69437946  -4.28230826
  -2.68694635  -4.28489216
  -2.67432477  -4.28961382
  -2.66122828  -4.29410530
  -2.66033786  -4.29469108
  -2.64817192  -4.29939601
  -2.63552270  -4.30335353
  -2.62319703  -4.30772352
  -2.62232335  -4.30826234
  -2.60939951  -4.31309963
  -2.59661621  -4.31748055
  -2.58850343  -4.32064502
  -2.58355208  -4.32277429
  -2.57090922  -4.32674775
  -2.55782172  -4.33119144
  -2.55287955  -4.33330839
  -2.54478091  -4.33647844
  -2.53200451  -4.34085743
  -2.51955908  -4.34577614
  -2.51674225  -4.34690426
  -2.50611929  -4.35054299
  -2.49319328  -4.35457276
  -2.48169402  -4.35880327
  -2.48002328  -4.35952597
  -2.46757283  -4.36382956
  -2.45447059  -4.36826528
  -2.44481822  -4.37237045
  -2.44150202  -4.37392311
  -2.42871847  -4.37759522
  -2.41569140  -4.38197425
  -2.40909776  -4.38488061
  -2.40262632  -4.38726854
  -2.38985804  -4.39164628
  -2.37688656  -4.39730416
  -2.37445628  -4.39808723
  -2.36396325  -4.40133400
  -2.35094316  -4.40581727
  -2.33965191  -4.41066466
  -2.33800339  -4.41144970
  -2.32508028  -4.41547965
  -2.31233143  -4.41905600
  -2.30030384  -4.42411440
  -2.29937953  -4.42471122
  -2.28663278  -4.42921037
  -2.27326884  -4.43449575
  -2.26849076  -4.43627972
  -2.26085358  -4.43885678
  -2.24757814  -4.44291174
  -2.23521140  -4.44820732
  -2.23002514  -4.45013782
  -2.22178271  -4.45293896
  -2.20879829  -4.45661204
  -2.19660390  -4.46206464
  -2.19573900  -4.46270912
  -2.18304951  -4.46664514
  -2.17004497  -4.47113259
  -2.15772335  -4.47576399
  -2.15653517  -4.47620509
  -2.14418437  -4.47999384
  -2.13132104  -4.48485000
  -2.12252996  -4.48847877
  -2.11844023  -4.49003025
  -2.10551816  -4.49406092
  -2.09257661  -4.49855885
  -2.08692148  -4.50115200
  -2.07967510  -4.50373860
  -2.06652462  -4.50868160
  -2.05437744  -4.51274093
  -2.05056405  -4.51422210
  -2.04068131  -4.51754240
  -2.02793042  -4.52194059
  -2.01584763  -4.52700392
  -2.01495317  -4.52756521
  -2.00207045  -4.53161379
  -1.98923809  -4.53680301
  -1.97894800  -4.54044497
  -1.97640812  -4.54141001
  -1.96315544  -4.54576964
  -1.95051447  -4.54969926
  -1.94239381  -4.55286452
  -1.93742548  -4.55498454
  -1.92452532  -4.55902624
  -1.91171111  -4.56341493
  -1.90595451  -4.56555186
  -1.89866178  -4.56788673
  -1.88579514  -4.57193925
  -1.87376447  -4.57696033
  -1.86705376  -4.58090629
  -1.86074900  -4.58458919
  -1.85308435  -4.59116371
         
