# shadow point cont 2D ind 39  size 1160
# norm  0.9534542 -0.3015380  0.0000000
# angle  0.3063053
   1.63947647  -4.60319473
   1.64028547  -4.60077239
   1.64396976  -4.59004297
   1.65402470  -4.58254023
   1.66248713  -4.57712241
   1.66664668  -4.57456819
   1.67972187  -4.56861685
   1.68768865  -4.56440486
   1.69248912  -4.56185563
   1.70536986  -4.55540019
   1.71414944  -4.55117656
   1.71825615  -4.54875099
   1.73119651  -4.54249255
   1.73990028  -4.53825850
   1.74392008  -4.53581478
   1.75698326  -4.52797231
   1.76257738  -4.52534910
   1.76989978  -4.52130774
   1.78281101  -4.51506489
   1.78762653  -4.51249713
   1.79579078  -4.50780226
   1.80853957  -4.50138448
   1.81183883  -4.49958479
   1.82154503  -4.49467317
   1.83457099  -4.48787065
   1.83545823  -4.48710744
   1.84720823  -4.48092453
   1.86011996  -4.47446743
   1.86181472  -4.47360830
   1.87328335  -4.46666037
   1.88456789  -4.46110539
   1.88615733  -4.46020323
   1.89898080  -4.45352299
   1.90877911  -4.44810379
   1.91216796  -4.44600601
   1.92508953  -4.43956715
   1.93249101  -4.43583782
   1.93833276  -4.43198534
   1.95067703  -4.42525477
   1.95792342  -4.42206196
   1.96366038  -4.41906229
   1.97653972  -4.41260756
   1.98219222  -4.40935237
   1.98946557  -4.40534671
   2.00219313  -4.39936747
   2.00711647  -4.39622051
   2.01531407  -4.39163468
   2.02809931  -4.38572957
   2.03212397  -4.38336238
   2.04111815  -4.37791919
   2.05395257  -4.37118931
   2.05557464  -4.37040064
   2.06712016  -4.36451038
   2.07974792  -4.35829014
   2.08060989  -4.35759378
   2.09294685  -4.35079376
   2.10482338  -4.34468711
   2.10571074  -4.34404159
   2.11861176  -4.33758728
   2.12975778  -4.33170840
   2.13139757  -4.33085139
   2.14459918  -4.32335633
   2.15314617  -4.31879092
   2.15710837  -4.31705933
   2.17011076  -4.31068983
   2.17822427  -4.30592214
   2.18319563  -4.30290258
   2.19608451  -4.29644732
   2.20319228  -4.29290779
   2.20887423  -4.28969459
   2.22183660  -4.28275069
   2.22653081  -4.27997668
   2.23464260  -4.27439258
   2.24533587  -4.26747058
   2.24790916  -4.26525738
   2.26045082  -4.25745302
   2.26547170  -4.25444499
   2.27373084  -4.24910648
   2.28407784  -4.24165013
   2.28647543  -4.23997053
   2.29955847  -4.23135439
   2.30344908  -4.22873999
   2.31228757  -4.22221890
   2.32191715  -4.21567053
   2.32522764  -4.21334461
   2.33830140  -4.20553425
   2.34153659  -4.20313395
   2.35166166  -4.19566211
   2.36008915  -4.19019130
   2.36394613  -4.18752334
   2.37667260  -4.17918084
   2.38000326  -4.17691972
   2.38978853  -4.16977329
   2.39803510  -4.16440366
   2.40306452  -4.16063744
   2.41556430  -4.15283279
   2.41796616  -4.15112151
   2.42852106  -4.14395288
   2.43664035  -4.13838053
   2.44145045  -4.13508046
   2.45471538  -4.12660781
   2.45549185  -4.12583983
   2.46726985  -4.11732727
   2.47463165  -4.11265386
   2.48036587  -4.10953249
   2.49326209  -4.10058428
   2.49408637  -4.09983729
   2.50619418  -4.09096617
   2.51321217  -4.08657309
   2.51892439  -4.08263192
   2.53120293  -4.07395464
   2.53202420  -4.07324096
   2.54475957  -4.06569043
   2.55139854  -4.06110354
   2.55804631  -4.05573173
   2.56975131  -4.04793137
   2.57058866  -4.04713201
   2.58368669  -4.03853478
   2.58920587  -4.03510828
   2.59660133  -4.02966668
   2.60861813  -4.02229056
   2.60952020  -4.02156738
   2.62243539  -4.01188407
   2.62566219  -4.00948800
   2.63516390  -4.00356131
   2.64636411  -3.99616696
   2.64788209  -3.99523104
   2.66118524  -3.98606540
   2.66441413  -3.98364459
   2.67391334  -3.97693729
   2.68363273  -3.97052345
   2.68682232  -3.96805329
   2.69930304  -3.95943835
   2.70159321  -3.95710983
   2.70984438  -3.94456961
   2.71211101  -3.93323109
   2.71275174  -3.93165049
   2.71375635  -3.91878319
   2.71333972  -3.90585290
   2.71292711  -3.89696320
   2.71237433  -3.89276941
   2.71166812  -3.87999800
   2.71125297  -3.86709379
   2.71043239  -3.85416391
   2.70872946  -3.84115335
   2.70663757  -3.82834520
   2.70069987  -3.81512984
   2.70000986  -3.81425001
   2.69282637  -3.80254265
   2.68670080  -3.79264301
   2.68441845  -3.78927964
   2.67525952  -3.77653908
   2.67358120  -3.77415018
   2.66671435  -3.76339302
   2.66116879  -3.75442990
   2.65848936  -3.75048964
   2.64911831  -3.73790440
   2.64750835  -3.73546230
   2.64155977  -3.72512874
   2.63492354  -3.71584056
   2.63186445  -3.71166748
   2.62404733  -3.69908312
   2.62179253  -3.69575208
   2.61513667  -3.68617237
   2.60870045  -3.67641786
   2.60653542  -3.67304441
   2.59789817  -3.65993450
   2.59609305  -3.65682592
   2.59004431  -3.64740273
   2.58257016  -3.63704067
   2.58037202  -3.63440881
   2.57359893  -3.62169686
   2.56951061  -3.61527765
   2.56417461  -3.60857249
   2.55709148  -3.59793839
   2.55554301  -3.59546717
   2.54770695  -3.58286096
   2.54394656  -3.57706077
   2.53854467  -3.56961134
   2.53120936  -3.55914576
   2.52965900  -3.55667419
   2.52182788  -3.54411214
   2.51786775  -3.53841222
   2.51241791  -3.53097325
   2.50508450  -3.51897483
   2.50432339  -3.51805140
   2.49571758  -3.50493985
   2.49255512  -3.50004579
   2.48685433  -3.49199880
   2.47960481  -3.47978190
   2.47887611  -3.47896333
   2.47031820  -3.46639920
   2.46614084  -3.46077493
   2.46097627  -3.45321070
   2.45372330  -3.44099414
   2.45295281  -3.44017794
   2.44338037  -3.42771543
   2.44002233  -3.42129354
   2.43610179  -3.41476991
   2.42844237  -3.40357125
   2.42661046  -3.40116995
   2.41858116  -3.38878859
   2.41452649  -3.38315257
   2.40941824  -3.37600211
   2.40156186  -3.36382700
   2.40083251  -3.36288443
   2.39295703  -3.34982221
   2.38865550  -3.34355218
   2.38435148  -3.33724830
   2.37609266  -3.32437382
   2.37533507  -3.32353734
   2.36818867  -3.31146686
   2.36244340  -3.30417404
   2.35798185  -3.29824791
   2.35021427  -3.28585926
   2.34949692  -3.28504043
   2.34150170  -3.27259517
   2.33694196  -3.26595033
   2.33238228  -3.25930554
   2.32474423  -3.24667551
   2.32399461  -3.24576592
   2.31588982  -3.23367368
   2.31084559  -3.22654802
   2.30674487  -3.22086263
   2.29947833  -3.20809926
   2.29775570  -3.20561851
   2.29006303  -3.19484991
   2.28535187  -3.18748583
   2.28116361  -3.18193186
   2.27297391  -3.16908144
   2.27207215  -3.16752794
   2.26419719  -3.15607416
   2.25951239  -3.14869963
   2.25555297  -3.14298704
   2.24726193  -3.13019723
   2.24637941  -3.12864343
   2.23837189  -3.11727277
   2.23384495  -3.10903377
   2.23049568  -3.10421325
   2.22220697  -3.09142473
   2.22069865  -3.08892798
   2.21274472  -3.07835500
   2.20775851  -3.07035252
   2.20437891  -3.06561066
   2.19628264  -3.05269922
   2.19465829  -3.05028367
   2.18740323  -3.03976663
   2.18133132  -3.02960832
   2.17964913  -3.02717642
   2.17016409  -3.01404535
   2.16863005  -3.01161672
   2.16205583  -3.00123452
   2.15539233  -2.99166151
   2.15237629  -2.98822602
   2.14403457  -2.97497335
   2.14331990  -2.97410355
   2.13566291  -2.96224674
   2.12983097  -2.95347697
   2.12677852  -2.94932047
   2.11844997  -2.93651045
   2.11695119  -2.93404261
   2.11058306  -2.92350940
   2.10373769  -2.91413813
   2.10122477  -2.91083050
   2.09396899  -2.89795530
   2.09107084  -2.89449239
   2.08423997  -2.88451803
   2.07827628  -2.87503721
   2.07589616  -2.87177133
   2.06722338  -2.85869153
   2.06554288  -2.85631718
   2.05811762  -2.84593170
   2.05247673  -2.83703899
   2.05004249  -2.83300769
   2.04191797  -2.82012166
   2.03968868  -2.81755361
   2.03228705  -2.80715545
   2.02637369  -2.79684788
   2.02471799  -2.79440256
   2.01690168  -2.78133613
   2.01362519  -2.77652878
   2.00722921  -2.76840226
   2.00074522  -2.75791799
   1.99912160  -2.75550109
   1.99076237  -2.74279212
   1.98763381  -2.73866202
   1.98137928  -2.72964228
   1.97452180  -2.71779154
   1.97380457  -2.71692964
   1.96436332  -2.70383870
   1.96197115  -2.70058609
   1.95603674  -2.69108276
   1.94862733  -2.67990510
   1.94717086  -2.67812482
   1.93874387  -2.66489763
   1.93631863  -2.66170426
   1.93045803  -2.65214559
   1.92301246  -2.64095903
   1.92157523  -2.63922535
   1.91272872  -2.62628526
   1.91028896  -2.62225667
   1.90461137  -2.61338913
   1.89735304  -2.60288628
   1.89575599  -2.60045404
   1.88817120  -2.58777804
   1.88402120  -2.58218869
   1.87903427  -2.57496769
   1.87150822  -2.56413154
   1.86991158  -2.56169959
   1.86181633  -2.54879149
   1.85819182  -2.54260619
   1.85346493  -2.53605158
   1.84574768  -2.52453796
   1.84484745  -2.52296107
   1.83597321  -2.51003846
   1.83269019  -2.50522870
   1.82684186  -2.49726157
   1.82006785  -2.48455659
   1.81936855  -2.48368174
   1.81091767  -2.47129814
   1.80685508  -2.46566322
   1.80125961  -2.45836426
   1.79388540  -2.44632375
   1.79316369  -2.44545760
   1.78481821  -2.43272218
   1.78085576  -2.42702537
   1.77595094  -2.41978342
   1.76838950  -2.40708426
   1.76752969  -2.40550555
   1.75900155  -2.39394155
   1.75522083  -2.38813567
   1.75090367  -2.38105647
   1.74255051  -2.36833543
   1.74182885  -2.36746932
   1.73314021  -2.35522437
   1.72941618  -2.35018157
   1.72453802  -2.34212236
   1.71671265  -2.32958773
   1.71599102  -2.32872165
   1.70734970  -2.31642575
   1.70356584  -2.30982500
   1.69947734  -2.30339036
   1.69054776  -2.29132438
   1.68987465  -2.29044180
   1.68251470  -2.27756344
   1.67747673  -2.27044378
   1.67339277  -2.26481597
   1.66503923  -2.25206946
   1.66434085  -2.25119432
   1.65646904  -2.23895278
   1.65185089  -2.23154530
   1.64780566  -2.22589930
   1.63887927  -2.21383615
   1.63820621  -2.21295362
   1.63084418  -2.20007364
   1.62595052  -2.19364693
   1.62096804  -2.18728047
   1.61383727  -2.17428938
   1.61312325  -2.17342021
   1.60505051  -2.16131318
   1.60018336  -2.15405838
   1.59619276  -2.14839198
   1.58856991  -2.13576597
   1.58710434  -2.13399502
   1.57972638  -2.12278159
   1.57414059  -2.11546916
   1.57009054  -2.10981497
   1.56273615  -2.09702346
   1.56104080  -2.09461760
   1.55314166  -2.08398657
   1.54832872  -2.07590472
   1.54556849  -2.07135278
   1.53573051  -2.05855005
   1.53494042  -2.05772918
   1.52398979  -2.04536834
   1.52229687  -2.04296413
   1.51435257  -2.03237725
   1.50955111  -2.02589486
   1.50340727  -2.01913821
   1.49640027  -2.01076820
   1.49310085  -2.00674234
   1.48407453  -1.99503846
   1.48249276  -1.99328274
   1.47176483  -1.98059055
   1.47083513  -1.97906619
   1.46267229  -1.96784570
   1.45808288  -1.96279794
   1.45169268  -1.95470327
   1.44529408  -1.94569555
   1.44130177  -1.94164217
   1.43238376  -1.92941985
   1.43160321  -1.92859304
   1.42102523  -1.91596734
   1.41946760  -1.91422126
   1.40997396  -1.90345621
   1.40606800  -1.89851749
   1.39973426  -1.89035788
   1.39344008  -1.88294924
   1.38847327  -1.87741307
   1.38052706  -1.86600211
   1.37955084  -1.86454310
   1.36845271  -1.85147106
   1.36749793  -1.84997509
   1.35793041  -1.83856436
   1.35461378  -1.83462147
   1.34753090  -1.82560470
   1.34184545  -1.81835764
   1.33701418  -1.81270407
   1.32867624  -1.80245199
   1.32632295  -1.79995662
   1.31645818  -1.78727416
   1.31567466  -1.78644539
   1.30534899  -1.77413056
   1.30281520  -1.77017410
   1.29584044  -1.76106797
   1.29019194  -1.75461254
   1.28513413  -1.74834358
   1.27702976  -1.73870275
   1.27381646  -1.73545585
   1.26432112  -1.72559038
   1.26103258  -1.72240936
   1.25115930  -1.71375777
   1.24697316  -1.70985540
   1.23841924  -1.70225609
   1.23118710  -1.69658010
   1.22539005  -1.69109525
   1.21691839  -1.68343008
   1.21300301  -1.67989762
   1.20138688  -1.67072165
   1.19977316  -1.66910787
   1.18847718  -1.65781149
   1.18679265  -1.65624954
   1.17436440  -1.64533471
   1.17353091  -1.64455852
   1.16104548  -1.63441249
   1.15792807  -1.63183310
   1.14807270  -1.62316033
   1.14388375  -1.61930665
   1.13517979  -1.61185143
   1.12935694  -1.60640317
   1.12191508  -1.59931418
   1.11436657  -1.59309963
   1.10954393  -1.58903395
   1.10029201  -1.58061902
   1.09607144  -1.57676859
   1.08574381  -1.56780173
   1.08339138  -1.56603262
   1.07209624  -1.55473697
   1.07058520  -1.55379909
   1.05737284  -1.54283645
   1.05656816  -1.54204513
   1.04478827  -1.53199659
   1.04145626  -1.52890319
   1.03201181  -1.51966675
   1.02699812  -1.51589724
   1.01844670  -1.50834548
   1.01236975  -1.50313255
   1.00610806  -1.49807890
   0.99787502  -1.49019301
   0.99320299  -1.48597501
   0.98295071  -1.47688131
   0.98044337  -1.47446638
   0.96822776  -1.46417456
   0.96742101  -1.46336777
   0.95526405  -1.45126731
   0.95440885  -1.45052501
   0.94140407  -1.44017304
   0.93915442  -1.43837329
   0.92881167  -1.42928576
   0.92394411  -1.42529454
   0.91558935  -1.41758389
   0.90946961  -1.41236448
   0.90330028  -1.40712326
   0.89474670  -1.39967092
   0.88974111  -1.39502857
   0.88029642  -1.38672611
   0.87700923  -1.38352914
   0.86556342  -1.37399794
   0.86386090  -1.37252486
   0.85114767  -1.36339261
   0.84725962  -1.36077889
   0.83809614  -1.35309700
   0.83184274  -1.34802831
   0.82574266  -1.34336227
   0.81414973  -1.33509677
   0.81245482  -1.33352358
   0.79979637  -1.32401430
   0.79658850  -1.32182533
   0.78666162  -1.31415061
   0.78097879  -1.30933203
   0.77399477  -1.30421561
   0.76503618  -1.29621050
   0.76098506  -1.29294793
   0.74872872  -1.28346224
   0.74786313  -1.28274105
   0.73509854  -1.27378895
   0.73115723  -1.27039547
   0.72236048  -1.26348790
   0.71306092  -1.25790448
   0.70902774  -1.25468297
   0.69667541  -1.24490930
   0.69575551  -1.24428349
   0.68339977  -1.23590696
   0.67919321  -1.23207860
   0.67051932  -1.22540782
   0.66189475  -1.21853765
   0.65778238  -1.21547532
   0.64697495  -1.20623165
   0.64467109  -1.20445135
   0.63177697  -1.19457424
   0.62955750  -1.19292499
   0.61919275  -1.18438913
   0.61314085  -1.18029675
   0.60556599  -1.17426873
   0.59624276  -1.16736152
   0.59301625  -1.16494151
   0.58015321  -1.15519662
   0.57929523  -1.15445983
   0.56704693  -1.14499135
   0.56303842  -1.14173126
   0.55432317  -1.13508142
   0.54627346  -1.12862048
   0.54138362  -1.12461305
   0.52934128  -1.11567045
   0.52848621  -1.11492828
   0.51558037  -1.10524847
   0.51231095  -1.10285540
   0.50254372  -1.09576324
   0.49546918  -1.08989729
   0.48997596  -1.08558378
   0.47907309  -1.07727880
   0.47669754  -1.07562993
   0.46407983  -1.06567953
   0.46228745  -1.06414438
   0.45067478  -1.05573178
   0.44511850  -1.05157798
   0.43818904  -1.04634446
   0.42833437  -1.03839678
   0.42499180  -1.03620829
   0.41229020  -1.02864344
   0.40741460  -1.02544237
   0.39919831  -1.02004966
   0.38727711  -1.01242247
   0.38638970  -1.01177708
   0.37337441  -1.00474276
   0.36542265  -0.99976611
   0.36075414  -0.99690583
   0.34753671  -0.98946037
   0.34347851  -0.98708605
   0.33470230  -0.98210284
   0.32238540  -0.97376956
   0.32144932  -0.97319276
   0.30913617  -0.96624285
   0.30000123  -0.96112012
   0.29593706  -0.95877345
   0.28339300  -0.95168498
   0.27752772  -0.94802600
   0.27012633  -0.94344811
   0.25742839  -0.93579047
   0.25654351  -0.93513031
   0.24431133  -0.92812886
   0.23471794  -0.92235904
   0.23155561  -0.92059821
   0.21854717  -0.91274761
   0.21374688  -0.90945374
   0.20590129  -0.90491687
   0.19264137  -0.89755821
   0.19175397  -0.89691284
   0.18016211  -0.89036024
   0.16933049  -0.88368454
   0.16688372  -0.88214757
   0.15415986  -0.87459851
   0.14770717  -0.87056560
   0.14121696  -0.86655611
   0.12863896  -0.85967095
   0.12516589  -0.85751748
   0.11545485  -0.85200879
   0.10321169  -0.84468575
   0.10233364  -0.84416375
   0.08933270  -0.84051022
   0.07647450  -0.83787939
   0.06356595  -0.83672956
   0.05069661  -0.83730680
   0.03779242  -0.84041889
   0.02738626  -0.84542021
   0.02504677  -0.84638829
   0.01201672  -0.85338059
   0.00172826  -0.85863758
  -0.00072774  -0.86012741
  -0.01377682  -0.86792513
  -0.01935563  -0.87126061
  -0.02671300  -0.87595384
  -0.03957001  -0.88327458
  -0.04043640  -0.88398929
  -0.05236853  -0.89157702
  -0.06209503  -0.89708124
  -0.06540383  -0.89938513
  -0.07808668  -0.90631562
  -0.08458305  -0.91016221
  -0.09107380  -0.91417321
  -0.10401729  -0.92140589
  -0.10646262  -0.92289538
  -0.11688169  -0.92950333
  -0.12795647  -0.93601891
  -0.12975667  -0.93758921
  -0.14269474  -0.94563658
  -0.14835066  -0.94885686
  -0.15557024  -0.95291623
  -0.16842063  -0.96038213
  -0.17003901  -0.96181546
  -0.18131762  -0.96856551
  -0.19129610  -0.97432213
  -0.19465270  -0.97653650
  -0.20714678  -0.98359689
  -0.21352711  -0.98776745
  -0.22000639  -0.99185037
  -0.23308061  -0.99965144
  -0.23394686  -1.00031679
  -0.24610291  -1.00747517
  -0.25638122  -1.01343203
  -0.25885930  -1.01500725
  -0.27187251  -1.02285901
  -0.27663953  -1.02617233
  -0.28456490  -1.03139410
  -0.29632130  -1.03853265
  -0.29816900  -1.04006668
  -0.31025277  -1.04912419
  -0.31360986  -1.05217663
  -0.32327528  -1.05944328
  -0.33126069  -1.06523609
  -0.33639770  -1.06965747
  -0.34756893  -1.07782639
  -0.34907111  -1.07881153
  -0.36190821  -1.08867423
  -0.36442028  -1.09090308
  -0.37511044  -1.09951391
  -0.38067536  -1.10363059
  -0.38785391  -1.10943661
  -0.39631222  -1.11613030
  -0.40111735  -1.12023001
  -0.41376583  -1.12871762
  -0.41457984  -1.12943329
  -0.42670066  -1.13908176
  -0.43135915  -1.14254013
  -0.43942598  -1.14899393
  -0.44687772  -1.15522410
  -0.45276600  -1.15970952
  -0.46474798  -1.16796195
  -0.46559397  -1.16871944
  -0.47834372  -1.17859718
  -0.48150410  -1.18108282
  -0.49112046  -1.18929228
  -0.49768620  -1.19395748
  -0.50433636  -1.19935785
  -0.51519674  -1.20722650
  -0.51689274  -1.20867998
  -0.52984089  -1.21833441
  -0.53217356  -1.21999743
  -0.54250787  -1.22825319
  -0.54824547  -1.23305651
  -0.55561385  -1.23852947
  -0.56595587  -1.24598404
  -0.56835119  -1.24763070
  -0.58134653  -1.25795032
  -0.58217982  -1.25872633
  -0.59404777  -1.26715004
  -0.59977486  -1.27195014
  -0.60744484  -1.27859622
  -0.61609266  -1.28452827
  -0.61995277  -1.28716585
  -0.63220175  -1.29748724
  -0.63305680  -1.29822941
  -0.64596412  -1.30791068
  -0.64915244  -1.31035315
  -0.65864794  -1.31782320
  -0.66595626  -1.32353233
  -0.67179523  -1.32806842
  -0.68235734  -1.33599871
  -0.68465756  -1.33777882
  -0.69731853  -1.34766167
  -0.69979416  -1.34936109
  -0.71085964  -1.35909075
  -0.71536386  -1.36194780
  -0.72319122  -1.36705348
  -0.73290937  -1.37508490
  -0.73610394  -1.37754579
  -0.74835184  -1.38784558
  -0.74919554  -1.38860677
  -0.76202369  -1.39913307
  -0.76366656  -1.40073489
  -0.77475361  -1.41060658
  -0.77805468  -1.41382480
  -0.78810730  -1.42306574
  -0.79207475  -1.42636274
  -0.80061168  -1.43402591
  -0.80785288  -1.43974435
  -0.81389670  -1.44568705
  -0.82172308  -1.45238296
  -0.82640582  -1.45661494
  -0.83552047  -1.46524810
  -0.83955420  -1.46847539
  -0.85096804  -1.47799976
  -0.85263033  -1.47956203
  -0.86488326  -1.49069612
  -0.86570341  -1.49148855
  -0.87819651  -1.50240665
  -0.87986746  -1.50399070
  -0.89118575  -1.51365676
  -0.89453356  -1.51672805
  -0.90388171  -1.52519999
  -0.90951976  -1.53002037
  -0.91677138  -1.53649696
  -0.92342523  -1.54272293
  -0.92970495  -1.54779048
  -0.93870499  -1.55565890
  -0.94294037  -1.56029793
  -0.95169226  -1.56852052
  -0.95572616  -1.57174795
  -0.96777296  -1.58148012
  -0.96860470  -1.58225838
  -0.98126355  -1.59297670
  -0.98295726  -1.59455889
  -0.99437393  -1.60487787
  -0.99744491  -1.60748394
  -1.00716327  -1.61637072
  -1.01203190  -1.62036245
  -1.02039337  -1.62807550
  -1.02588147  -1.63309412
  -1.03294259  -1.63896784
  -1.04036217  -1.64602881
  -1.04607865  -1.65163192
  -1.05628536  -1.65924997
  -1.05874683  -1.66156148
  -1.06953279  -1.67174691
  -1.07209591  -1.67397959
  -1.08476071  -1.68395263
  -1.08559413  -1.68472877
  -1.09805037  -1.69646005
  -1.09885988  -1.69728171
  -1.11035498  -1.70836209
  -1.11285869  -1.71074548
  -1.12386914  -1.72147370
  -1.12608813  -1.72328946
  -1.13611547  -1.73192405
  -1.14037837  -1.73641837
  -1.14898464  -1.74546663
  -1.15223006  -1.74953752
  -1.16214084  -1.76140713
  -1.16286216  -1.76227296
  -1.17187619  -1.77513101
  -1.17519148  -1.77906478
  -1.18227346  -1.78808198
  -1.18775854  -1.79469503
  -1.19282042  -1.80096929
  -1.20084229  -1.80986496
  -1.20406981  -1.81389942
  -1.21363077  -1.82535910
  -1.21456506  -1.82680772
  -1.22452303  -1.83947906
  -1.22700234  -1.84268752
  -1.23475673  -1.85262026
  -1.23936736  -1.85762805
  -1.24579495  -1.86573596
  -1.25248354  -1.87441717
  -1.25573604  -1.87844128
  -1.26522977  -1.88977506
  -1.26617766  -1.89137071
  -1.27656675  -1.90443411
  -1.27812608  -1.90604702
  -1.28605764  -1.91678048
  -1.29160908  -1.92332420
  -1.29712651  -1.92987705
  -1.30427694  -1.93804221
  -1.30813038  -1.94301743
  -1.31675561  -1.95381243
  -1.31852572  -1.95607669
  -1.32918730  -1.96826631
  -1.33051455  -1.97005971
  -1.33883967  -1.98173277
  -1.34266361  -1.98593180
  -1.34931600  -1.99465058
  -1.35578583  -2.00271354
  -1.35982588  -2.00755269
  -1.36880613  -2.01875754
  -1.36973854  -2.02027315
  -1.38084591  -2.03334451
  -1.38162219  -2.03417816
  -1.39151496  -2.04611241
  -1.39463043  -2.05023037
  -1.40040178  -2.05901080
  -1.40782925  -2.06855355
  -1.41032894  -2.07183404
  -1.41788807  -2.08503981
  -1.42030913  -2.08826773
  -1.42701262  -2.09777049
  -1.43355407  -2.10740061
  -1.43587136  -2.11070136
  -1.44500835  -2.12397528
  -1.44574575  -2.12480166
  -1.45258014  -2.13668974
  -1.45946143  -2.14685069
  -1.46118051  -2.14925484
  -1.46977879  -2.16233722
  -1.47212201  -2.16561653
  -1.47916930  -2.17544049
  -1.48497789  -2.18502221
  -1.48673229  -2.18815525
  -1.49666135  -2.20144631
  -1.49754176  -2.20299261
  -1.50423271  -2.21416048
  -1.51091659  -2.22367177
  -1.51333519  -2.22692591
  -1.52163097  -2.24018456
  -1.52341132  -2.24335233
  -1.53009006  -2.25288136
  -1.53686172  -2.26234421
  -1.53919446  -2.26562861
  -1.54902172  -2.27813379
  -1.54975871  -2.27895758
  -1.55591765  -2.29161812
  -1.56258529  -2.30032248
  -1.56580071  -2.30440242
  -1.57373761  -2.31739416
  -1.57540503  -2.31977873
  -1.58251248  -2.33037780
  -1.58814768  -2.33845495
  -1.59135664  -2.34330473
  -1.59956508  -2.35613159
  -1.60101605  -2.35784020
  -1.60757517  -2.36909386
  -1.61424269  -2.37779831
  -1.61746236  -2.38188139
  -1.62475120  -2.39476273
  -1.62690489  -2.39736545
  -1.63417315  -2.40785599
  -1.63999542  -2.41661645
  -1.64251402  -2.42058327
  -1.65200542  -2.43363116
  -1.65287204  -2.43520961
  -1.65997680  -2.44660924
  -1.66569374  -2.45545088
  -1.66887929  -2.45951264
  -1.67718386  -2.47229628
  -1.67876834  -2.47470513
  -1.68608940  -2.48517933
  -1.69166039  -2.49409842
  -1.69417884  -2.49806517
  -1.70350298  -2.51120110
  -1.70419707  -2.51210289
  -1.71164363  -2.52409278
  -1.71716158  -2.53228388
  -1.72051912  -2.53700944
  -1.72913864  -2.55010147
  -1.72987470  -2.55099841
  -1.73778177  -2.56261603
  -1.74366877  -2.57137650
  -1.74666045  -2.57553583
  -1.75596019  -2.58716183
  -1.75678945  -2.58869012
  -1.76336796  -2.60154604
  -1.76899688  -2.60882668
  -1.77296920  -2.61450962
  -1.78098655  -2.62751852
  -1.78170327  -2.62833347
  -1.78975943  -2.64048607
  -1.79477389  -2.64760277
  -1.79805282  -2.65322765
  -1.80701708  -2.66609136
  -1.80770583  -2.66696996
  -1.81554991  -2.67924480
  -1.82070839  -2.68709236
  -1.82464551  -2.69200130
  -1.83248514  -2.70508010
  -1.83319946  -2.70594957
  -1.84228217  -2.71795976
  -1.84678704  -2.72490851
  -1.85051209  -2.73073502
  -1.85905086  -2.74310134
  -1.85972120  -2.74393945
  -1.86722726  -2.75673793
  -1.87218547  -2.76394346
  -1.87635229  -2.76948270
  -1.88437268  -2.78242438
  -1.88509428  -2.78331880
  -1.89408882  -2.79533080
  -1.89795991  -2.80188487
  -1.90194277  -2.80840426
  -1.91073993  -2.82060928
  -1.91139952  -2.82143925
  -1.91895222  -2.83421988
  -1.92402955  -2.84130688
  -1.92803589  -2.84698086
  -1.93605919  -2.85992471
  -1.93675989  -2.86081813
  -1.94506528  -2.87275187
  -1.95015610  -2.87990588
  -1.95446087  -2.88589597
  -1.96224931  -2.89579529
  -1.96400348  -2.89883936
  -1.97063679  -2.91172011
  -1.97534252  -2.91748063
  -1.98030450  -2.92464705
  -1.98844392  -2.93699755
  -1.98908257  -2.93791075
  -1.99752182  -2.95029427
  -2.00154516  -2.95595876
  -2.00639126  -2.96322490
  -2.01456287  -2.97527819
  -2.01526171  -2.97615377
  -2.02336754  -2.98904712
  -2.02757786  -2.99539473
  -2.03220105  -3.00200522
  -2.03998394  -3.01439919
  -2.04068760  -3.01521160
  -2.04921444  -3.02780102
  -2.05320038  -3.03349519
  -2.05729721  -3.04071350
  -2.06626181  -3.05279573
  -2.06693544  -3.05367881
  -2.07476969  -3.06675572
  -2.07893466  -3.07314514
  -2.08393453  -3.07948816
  -2.09187733  -3.09089997
  -2.09280739  -3.09241859
  -2.10140337  -3.10551917
  -2.10456222  -3.11040916
  -2.10948207  -3.11843785
  -2.11752358  -3.13066539
  -2.11820552  -3.13147461
  -2.12651297  -3.14425266
  -2.13081045  -3.15051834
  -2.13560346  -3.15703119
  -2.14337261  -3.16942310
  -2.14405743  -3.17023269
  -2.15185446  -3.18274581
  -2.15734063  -3.18961505
  -2.16136012  -3.19536023
  -2.16901426  -3.20579197
  -2.17135912  -3.20905004
  -2.17821734  -3.22177031
  -2.18232137  -3.22737456
  -2.18787135  -3.23470818
  -2.19547792  -3.24653852
  -2.19621929  -3.24745379
  -2.20481702  -3.26055592
  -2.20779494  -3.26475278
  -2.21349674  -3.27364834
  -2.22112894  -3.28469449
  -2.22259307  -3.28639758
  -2.23071834  -3.29930108
  -2.23402050  -3.30409384
  -2.24002893  -3.31242152
  -2.24678175  -3.32446607
  -2.24752726  -3.32528085
  -2.25685813  -3.33784772
  -2.26020108  -3.34267575
  -2.26491335  -3.35080840
  -2.27304080  -3.36282636
  -2.27379222  -3.36374254
  -2.28239135  -3.37684591
  -2.28555137  -3.38173695
  -2.29078268  -3.38955890
  -2.29880855  -3.40092923
  -2.29966663  -3.40248907
  -2.30903207  -3.41562085
  -2.31141340  -3.41968369
  -2.31692957  -3.42870490
  -2.32415007  -3.43843575
  -2.32654970  -3.44163891
  -2.33420179  -3.45433317
  -2.33763166  -3.45905088
  -2.34302463  -3.46729386
  -2.35001889  -3.47717296
  -2.35241305  -3.48040691
  -2.35949393  -3.49290222
  -2.36367427  -3.49851986
  -2.36836843  -3.50586100
  -2.37587721  -3.51515667
  -2.37903832  -3.51917826
  -2.38584370  -3.53191702
  -2.38882275  -3.53611490
  -2.39475385  -3.54483276
  -2.40234043  -3.55666591
  -2.40310888  -3.55758252
  -2.41222815  -3.57087035
  -2.41453015  -3.57417847
  -2.42064029  -3.58359415
  -2.42813905  -3.59477784
  -2.42898742  -3.59633509
  -2.43787614  -3.60926608
  -2.44092486  -3.61342788
  -2.44726760  -3.62239057
  -2.45386859  -3.63360604
  -2.45485609  -3.63510844
  -2.46427407  -3.64822704
  -2.46678955  -3.65220733
  -2.47237763  -3.66114131
  -2.47988192  -3.67232677
  -2.48071687  -3.67390284
  -2.48932004  -3.68700990
  -2.49248156  -3.69190231
  -2.49824863  -3.69991707
  -2.50540999  -3.70969382
  -2.50791490  -3.71286217
  -2.51654620  -3.72596628
  -2.51816329  -3.72838988
  -2.52412122  -3.73869432
  -2.53109175  -3.74780051
  -2.53349893  -3.75182157
  -2.54170818  -3.76471792
  -2.54441126  -3.76853263
  -2.55075978  -3.77749719
  -2.55681312  -3.78663428
  -2.55937464  -3.79060092
  -2.56758234  -3.80349784
  -2.57028536  -3.80732477
  -2.57546254  -3.81645442
  -2.58129124  -3.82921878
  -2.58299195  -3.83808690
  -2.58405349  -3.84208483
  -2.58484377  -3.85501081
  -2.58529016  -3.86795257
  -2.58570409  -3.88084724
  -2.58649537  -3.89377451
  -2.58694119  -3.90671551
  -2.58776095  -3.91963694
  -2.58855158  -3.93254039
  -2.58807648  -3.94546159
  -2.58440526  -3.95865357
  -2.58346956  -3.96017164
  -2.57370121  -3.97148140
  -2.57053845  -3.97398202
  -2.55772021  -3.98371865
  -2.55698083  -3.98444506
  -2.54449806  -3.99230118
  -2.53795170  -3.99699921
  -2.53112333  -4.00216765
  -2.51928955  -4.00985778
  -2.51847300  -4.01058763
  -2.50574204  -4.01893059
  -2.50071414  -4.02266658
  -2.49263757  -4.02754143
  -2.48201990  -4.03541166
  -2.47954386  -4.03691586
  -2.46661202  -4.04502798
  -2.46183471  -4.04832369
  -2.45369223  -4.05393340
  -2.44202424  -4.06179482
  -2.44114293  -4.06250530
  -2.42786051  -4.07085171
  -2.42376928  -4.07400329
  -2.41513443  -4.07999081
  -2.40395564  -4.08743315
  -2.40221646  -4.08884945
  -2.38911324  -4.09745885
  -2.38583748  -4.09981026
  -2.37601686  -4.10696816
  -2.36520423  -4.11325784
  -2.36364562  -4.11415715
  -2.35022783  -4.12399337
  -2.34858624  -4.12557370
  -2.33781803  -4.13191320
  -2.32728721  -4.13911204
  -2.32489463  -4.14079047
  -2.31197289  -4.14885992
  -2.30775962  -4.15180160
  -2.29869297  -4.15802867
  -2.28919986  -4.16474367
  -2.28614343  -4.16661626
  -2.27304353  -4.17519667
  -2.26901558  -4.17765045
  -2.26031706  -4.18356449
  -2.25045083  -4.19056917
  -2.24721617  -4.19297587
  -2.23448411  -4.20132065
  -2.23117552  -4.20362937
  -2.22138097  -4.20991894
  -2.21104011  -4.21658856
  -2.20866688  -4.21826737
  -2.19569771  -4.22795266
  -2.19393173  -4.22928421
  -2.18284032  -4.23602262
  -2.17323355  -4.24270002
  -2.16990624  -4.24490363
  -2.15718769  -4.25326210
  -2.15449252  -4.25529479
  -2.14407612  -4.26185217
  -2.13444358  -4.26840312
  -2.13111055  -4.27072973
  -2.11771350  -4.27882662
  -2.11457106  -4.28057072
  -2.10511893  -4.28575805
  -2.09243820  -4.29208851
  -2.08903257  -4.29395039
  -2.07911000  -4.29916865
  -2.06635768  -4.30591261
  -2.06404282  -4.30691358
  -2.05374799  -4.31225983
  -2.04059916  -4.31892200
  -2.03972616  -4.31965811
  -2.02796997  -4.32596309
  -2.01555944  -4.33272843
  -2.01468474  -4.33334893
  -2.00195344  -4.33932124
  -1.98989778  -4.34593707
  -1.98900974  -4.34658281
  -1.97630793  -4.35260211
  -1.96566334  -4.35874800
  -1.96315230  -4.36029773
  -1.95026994  -4.36595012
  -1.94052823  -4.37148091
  -1.93733696  -4.37321230
  -1.92443775  -4.37966918
  -1.91623597  -4.38431083
  -1.91134978  -4.38662568
  -1.89863879  -4.39338628
  -1.89071065  -4.39782512
  -1.88582513  -4.40025870
  -1.87280393  -4.40629743
  -1.86556103  -4.41049538
  -1.85985156  -4.41356344
  -1.84745069  -4.42013053
  -1.84052457  -4.42349346
  -1.83401588  -4.42647508
  -1.82136908  -4.43330935
  -1.81556834  -4.43650417
  -1.80815664  -4.44019367
  -1.79530069  -4.44664831
  -1.79053026  -4.44929598
  -1.78232091  -4.45391381
  -1.76971641  -4.45994787
  -1.76564264  -4.46247804
  -1.75649885  -4.46763518
  -1.74436188  -4.47387770
  -1.74069896  -4.47577999
  -1.73069584  -4.48054722
  -1.71838357  -4.48787922
  -1.71712930  -4.48849419
  -1.70468068  -4.49397481
  -1.69255363  -4.50079902
  -1.69078520  -4.50173243
  -1.67923808  -4.50762316
  -1.66728829  -4.51426852
  -1.66623767  -4.51491260
  -1.65299230  -4.52139961
  -1.64145701  -4.52718833
  -1.64040358  -4.52783175
  -1.62719120  -4.53434155
  -1.61848234  -4.53951137
  -1.61435867  -4.54188392
  -1.60146995  -4.54753716
  -1.59107920  -4.55258999
  -1.58878892  -4.55366056
  -1.57566001  -4.56045251
  -1.56488668  -4.56620861
  -1.56331671  -4.56709400
  -1.54989339  -4.57335955
  -1.54172413  -4.57958626
  -1.53849749  -4.58281801
  -1.53042679  -4.59076967
         
