# shadow point cont 3D ind 271  size 1303
# norm -0.5291790 -0.8485102 -0.0000000
# angle  2.1284290
   1.39649155424401   -0.87093118326201   -4.60343431941883
   1.39783591846923   -0.87176960489216   -4.59035532650374
   1.40330860739236   -0.87518268349257   -4.58550929758116
   1.41415667950542   -0.88194815533007   -4.57774582123912
   1.41488158576470   -0.88240024790752   -4.57706628930928
   1.42519648426780   -0.88883320250093   -4.57236017271254
   1.43607092189044   -0.89561511736265   -4.56806400099490
   1.44632043116656   -0.90200729153268   -4.56395699849952
   1.44709435169239   -0.90248995218126   -4.56321175485535
   1.45819190663120   -0.90941101563117   -4.55903395158444
   1.46925728979290   -0.91631201493974   -4.55444585421514
   1.47521630309888   -0.92002839295426   -4.55154235548961
   1.47996647396995   -0.92299086839843   -4.54949748841656
   1.49105879089169   -0.92990866512438   -4.54530046998489
   1.50183838528642   -0.93663143038046   -4.54143847196630
   1.50876261280048   -0.94094977061221   -4.53843930168791
   1.51286434575803   -0.94350784346793   -4.53688566761682
   1.52382255532221   -0.95034200325440   -4.53204764553418
   1.53471137649866   -0.95713288851448   -4.52772484375838
   1.53951052346067   -0.96012590822131   -4.52540679651353
   1.54573908878275   -0.96401039413137   -4.52237173367409
   1.55681096507933   -0.97091544292641   -4.51708756109169
   1.56762728848067   -0.97766111447010   -4.51319729653826
   1.56836211607139   -0.97811939455145   -4.51262906043382
   1.57883917127470   -0.98465347924218   -4.50856678189775
   1.58956068205720   -0.99134002026978   -4.50462979518076
   1.59912197990729   -0.99730298683753   -4.49978222571099
   1.60053201919496   -0.99818236715424   -4.49899054469450
   1.61149055519147   -1.00501673052239   -4.49415286831885
   1.62239704114717   -1.01181863253875   -4.48980597569777
   1.62996304653784   -1.01653722178294   -4.48678449183588
   1.63340865872193   -1.01868610058384   -4.48528547587871
   1.64447891459330   -1.02559013878999   -4.47999439528781
   1.65528808393535   -1.03233134865735   -4.47559557156709
   1.65874822331609   -1.03448928744041   -4.47397514433155
   1.66628481559515   -1.03918953300323   -4.47077294461313
   1.67727980999644   -1.04604663389638   -4.46596143472032
   1.68822215501705   -1.05287089965545   -4.46210649455393
   1.68899212407309   -1.05335109594380   -4.46141879502123
   1.69908928206627   -1.05964825522976   -4.45673613400529
   1.71013307779738   -1.06653579139464   -4.45223856288499
   1.72045019105707   -1.07297012723563   -4.44832167716569
   1.72118839839211   -1.07343051511685   -4.44772466188228
   1.73205646030484   -1.08020845372496   -4.44256803419217
   1.74301956057587   -1.08704566363308   -4.43854119423688
   1.75061349335935   -1.09178166998029   -4.43555250245390
   1.75419221235755   -1.09401356172513   -4.43355240683405
   1.76491779605750   -1.10070264285462   -4.42885318550767
   1.77588783127586   -1.10754417778844   -4.42402317024918
   1.77991452875712   -1.11005545427366   -4.42226484598479
   1.78675615118874   -1.11432227730005   -4.41882669927521
   1.79770572713904   -1.12115105267620   -4.41479732675010
   1.80867417300267   -1.12799159639845   -4.40995581630900
   1.81073518307966   -1.12927695894834   -4.40917270689158
   1.81982724024616   -1.13494728046388   -4.40502250680489
   1.83059597073439   -1.14166327037291   -4.40108950989572
   1.83969214411758   -1.14733615899418   -4.39697881757979
   1.84187060846734   -1.14869477267721   -4.39566452308441
   1.85251239451087   -1.15533159284468   -4.39141580617782
   1.86356460812976   -1.16222437888088   -4.38694335575123
   1.87172818177110   -1.16731564551224   -4.38360795656815
   1.87451509516305   -1.16905372245995   -4.38209976484256
   1.88548832741759   -1.17589725124651   -4.37727359579793
   1.89644463741458   -1.18273022635536   -4.37324099653529
   1.90129597664538   -1.18575579611541   -4.37102070787483
   1.90750737068510   -1.18962957304179   -4.36794408206280
   1.91836846343573   -1.19640316528592   -4.36357139615558
   1.92929164080555   -1.20321547701296   -4.35951737295823
   1.93332807318330   -1.20573282473069   -4.35766926969215
   1.94019189541554   -1.21001349280939   -4.35433787233272
   1.95123563849478   -1.21690099613758   -4.34985779091545
   1.96206126641094   -1.22365247050341   -4.34548290246824
   1.96281641563104   -1.22412342430317   -4.34486657015030
   1.97309947360709   -1.23053652134154   -4.33982826577656
   1.98423055045854   -1.23747849095371   -4.33570858616230
   1.99240597100457   -1.24257714598544   -4.33233203843741
   1.99519392738834   -1.24431587340188   -4.33084442140436
   2.00598037817155   -1.25104291468994   -4.32612667072736
   2.01711646097976   -1.25798800630012   -4.32198293175181
   2.02379891181307   -1.26215556090770   -4.31911017367977
   2.02787567883972   -1.26469806359568   -4.31726215702593
   2.03903555478930   -1.27165799395565   -4.31233055826856
   2.04979564931566   -1.27836859799001   -4.30791934483415
   2.05323562196514   -1.28051395965789   -4.30612289227327
   2.06075754936490   -1.28520505937187   -4.30275339762985
   2.07180954673349   -1.29209771054214   -4.29827816786813
   2.08265670215020   -1.29886261067590   -4.29389283898005
   2.08341144768846   -1.29933331271681   -4.29330715600907
   2.09364107029694   -1.30571308443520   -4.28905280332960
   2.10469309283734   -1.31260575130403   -4.28457675588777
   2.11425634849865   -1.31856993887368   -4.28047225329237
   2.11565301972856   -1.31944098211286   -4.27973903053021
   2.12673151501108   -1.32635015888220   -4.27442600930388
   2.13755998371959   -1.33310340492695   -4.26924349261219
   2.14030006215764   -1.33481227294626   -4.26763055327056
   2.14852771721363   -1.33994350437519   -4.26279896789234
   2.15933388466378   -1.34668284209284   -4.25763920499550
   2.16417148263246   -1.34969984202399   -4.25445150750535
   2.17044216135144   -1.35361059223224   -4.25069616699570
   2.18129591373266   -1.36037960660650   -4.24471617973366
   2.18684174866631   -1.36383830319959   -4.24170993577365
   2.19237049780536   -1.36728634412400   -4.23860810097651
   2.20332599416333   -1.37411881180149   -4.23295692240679
   2.21012590572896   -1.37835962157076   -4.22884004146318
   2.21428590638310   -1.38095403346038   -4.22569742606955
   2.22525676787446   -1.38779608370482   -4.21926191830536
   2.23209835977890   -1.39206288769273   -4.21602146487993
   2.23621366534202   -1.39462942519357   -4.21360973106381
   2.24716053472041   -1.40145651259826   -4.20794588718013
   2.25402055864679   -1.40573481183841   -4.20311835545879
   2.25813100955365   -1.40829832170081   -4.20069903100805
   2.26884686494012   -1.41498133570332   -4.19527906880570
   2.27669710863568   -1.41987719204408   -4.19037779377873
   2.28019053315632   -1.42205588932453   -4.18811951074589
   2.29088000396468   -1.42872244841060   -4.18263680644815
   2.30107643361731   -1.43508151912279   -4.17688859315135
   2.30182155081517   -1.43554621638560   -4.17620037584876
   2.31294006853217   -1.44248035341061   -4.17005740646302
   2.32314868336487   -1.44884702349084   -4.16425139098284
   2.32390178367428   -1.44931669947391   -4.16360598768019
   2.33472761128704   -1.45606829838185   -4.15763896626487
   2.34517817089708   -1.46258585892080   -4.15165458887037
   2.34596239498091   -1.46307494545140   -4.15102671221764
   2.35678926636885   -1.46982719531662   -4.14506404043927
   2.36738690502002   -1.47643648267120   -4.13977504067832
   2.37023151957159   -1.47821054532829   -4.13799365963720
   2.37845203512590   -1.48333732415984   -4.13315248688422
   2.38967682535013   -1.49033773873603   -4.12732151060882
   2.39299638103451   -1.49240800156814   -4.12548262011987
   2.40063845121428   -1.49717402912055   -4.12007080817423
   2.41158609667962   -1.50400160053699   -4.11436944742427
   2.41428985300405   -1.50568781603019   -4.11267781985512
   2.42256426048545   -1.51084820491809   -4.10796767942543
   2.43352693684223   -1.51768515044928   -4.10151643419273
   2.43684799450930   -1.51975635000281   -4.09967709656810
   2.44419608231864   -1.52433903350781   -4.09525396551515
   2.45545319442257   -1.53135960583780   -4.09019846883004
   2.46073807169386   -1.53465555446082   -4.08659047667008
   2.46612041834803   -1.53801229050838   -4.08316361728889
   2.47726408487697   -1.54496211175609   -4.07779884861800
   2.48398593155216   -1.54915423584072   -4.07355848279715
   2.48820096933162   -1.55178297199713   -4.07055807336175
   2.49945649585866   -1.55880255547161   -4.06471981470176
   2.50546000597909   -1.56254668421841   -4.06115791869365
   2.51012788844037   -1.56545783995221   -4.05846471991489
   2.52110681970646   -1.57230492296497   -4.05280843988156
   2.52993879724938   -1.57781304410514   -4.04781570110723
   2.53206245989969   -1.57913748034628   -4.04636394276695
   2.54302617424694   -1.58597507322708   -4.03991284381505
   2.55124903167351   -1.59110331258273   -4.03507452883665
   2.55398999672840   -1.59281273354649   -4.03346175760777
   2.56509966254280   -1.59974135002396   -4.02648274722118
   2.57038789533628   -1.60303939134057   -4.02214616479800
   2.57589832158203   -1.60647600507153   -4.01735266806602
   2.58570404084607   -1.61259140666878   -4.00965076812623
   2.58702021795744   -1.61341224921917   -4.00875733850081
   2.59798017912068   -1.62024750140197   -4.00069868550981
   2.60352510895291   -1.62370563352258   -3.99680511556860
   2.60933989778287   -1.62733206498986   -3.99242570758974
   2.61943493844420   -1.63362790378783   -3.98618560546895
   2.62295921025805   -1.63582583918647   -3.98297631233771
   2.63087946275236   -1.64076535697706   -3.97646896963446
   2.63868165603896   -1.64563124636285   -3.97023048993694
   2.64136693878767   -1.64730594068851   -3.96773479112601
   2.64949422725151   -1.65237457782921   -3.95756549570073
   2.65212469511896   -1.65401508649207   -3.94863982988191
   2.65283654542361   -1.65445903663716   -3.94468053891679
   2.65339819998825   -1.65480931621678   -3.93187612911504
   2.65441607424205   -1.65544412021941   -3.91892077815219
   2.65550648520373   -1.65612416221910   -3.90593046718032
   2.65686329226329   -1.65697034390509   -3.89300023930685
   2.65780920111162   -1.65756026620718   -3.88012966480771
   2.65848317915152   -1.65798059706418   -3.86719919669550
   2.65911872824589   -1.65837696145543   -3.85428784729883
   2.65865294507526   -1.65808647270402   -3.84136918751772
   2.65651735298820   -1.65675459659085   -3.82846840546688
   2.65286042946480   -1.65447393207723   -3.81567407386677
   2.65219180384744   -1.65405693929391   -3.81404674988726
   2.64701711807806   -1.65082971232899   -3.80254751435837
   2.64174724948021   -1.64754312396431   -3.79348230337839
   2.63908026576497   -1.64587984195175   -3.78929164253926
   2.63076433350312   -1.64069355586021   -3.77801273638241
   2.62939126019191   -1.63983722961892   -3.77639530750472
   2.61960897145789   -1.63373644062651   -3.76446860196164
   2.61893587402139   -1.63331665896364   -3.76364801289735
   2.60913684063512   -1.62720542705823   -3.75092220959663
   2.60844791285804   -1.62677577269888   -3.75012458784018
   2.59797308286473   -1.62024307577507   -3.73817397487954
   2.59729880503874   -1.61982255795450   -3.73735188705667
   2.58716925750275   -1.61350519871618   -3.72504496448059
   2.58648636192358   -1.61307930637691   -3.72422469253397
   2.57687138524103   -1.60708286265069   -3.71210723912744
   2.57549550377367   -1.60622478508426   -3.71050190061926
   2.56626350324813   -1.60046718696837   -3.69953547471432
   2.56419478070241   -1.59917701448640   -3.69705215522283
   2.55559089977779   -1.59381114730908   -3.68623206421965
   2.55353639810375   -1.59252984376768   -3.68379265902552
   2.54529378867266   -1.58738928594392   -3.67329510351151
   2.54254427593683   -1.58567453416248   -3.67007485111843
   2.53414023813202   -1.58043330046702   -3.66055972779675
   2.53140921682633   -1.57873008098814   -3.65726137471744
   2.52350060131390   -1.57379782067817   -3.64721918944122
   2.52074979847240   -1.57208226431380   -3.64398129061591
   2.51286182691759   -1.56716287874438   -3.63468660084699
   2.50944730788915   -1.56503339139541   -3.63057373989795
   2.50277004189115   -1.56086907034462   -3.62150323998118
   2.49896813568740   -1.55849798642462   -3.61713514585457
   2.49134979126242   -1.55374675559592   -3.60833597437710
   2.48798861116227   -1.55165053342194   -3.60342021449683
   2.48146006861402   -1.54757896473307   -3.59567722855841
   2.47666540209406   -1.54458873928353   -3.58999729981755
   2.47065052096567   -1.54083751893250   -3.58253977741069
   2.46584652050061   -1.53784147230643   -3.57688051081357
   2.46018421634508   -1.53431013891370   -3.56980661317557
   2.45469406206784   -1.53088616792982   -3.56333900649936
   2.44920397450242   -1.52746223855120   -3.55687146215712
   2.44355589324081   -1.52393977536023   -3.54974346180122
   2.43890938365504   -1.52104194896144   -3.54393698775417
   2.43272416331144   -1.51718449543355   -3.53668658550893
   2.42777851252482   -1.51410010764867   -3.53113426334523
   2.42177191220102   -1.51035405167612   -3.52288575075515
   2.41832093413939   -1.50820182641024   -3.51806875769585
   2.41094474162216   -1.50360161521851   -3.50978267504479
   2.40686184017504   -1.50105528675868   -3.50490509426394
   2.39979282357709   -1.49664664785826   -3.49543453400085
   2.39704810680988   -1.49493488711432   -3.49220107502578
   2.38885437351450   -1.48982481121548   -3.48244652582701
   2.38624061312699   -1.48819472228287   -3.47906561082590
   2.37800675240557   -1.48305962064970   -3.46936551502762
   2.37577628388090   -1.48166857421943   -3.46633435587674
   2.36685647816234   -1.47610567845732   -3.45582611740224
   2.36479808661444   -1.47482194897039   -3.45340116085635
   2.35611917468949   -1.46940928821405   -3.44099091990093
   2.35541813850704   -1.46897208236770   -3.44016032010143
   2.34489996570602   -1.46241235441553   -3.42915245308939
   2.34301367938761   -1.46123595949193   -3.42733371927269
   2.33417954278639   -1.45572649184079   -3.41503765994453
   2.33350134216660   -1.45530352754395   -3.41422127699883
   2.32312180577623   -1.44883026110513   -3.40228123130195
   2.32244794803094   -1.44841000527067   -3.40145955331963
   2.31265206006407   -1.44230073502684   -3.38874025551812
   2.31197317491198   -1.44187734381691   -3.38792058210062
   2.30236063078721   -1.43588241717142   -3.37580883728608
   2.30081658053821   -1.43491946003338   -3.37358628265297
   2.29147111397656   -1.42909109807448   -3.36278907189849
   2.29018335259078   -1.42828797717907   -3.36105909579347
   2.28109322956531   -1.42261886190336   -3.34994633033593
   2.27903521888780   -1.42133536994876   -3.34752173465724
   2.27063130222006   -1.41609421180124   -3.33721735949788
   2.26771794051945   -1.41427727453050   -3.33337554455284
   2.25920886285611   -1.40897053203337   -3.32401338556766
   2.25726436869610   -1.40775783540482   -3.32146287640325
   2.25003687730207   -1.40325036265091   -3.31142328796616
   2.24576390416453   -1.40058549472570   -3.30670904442736
   2.23889727651892   -1.39630307703243   -3.29856198187356
   2.23495969080858   -1.39384737569182   -3.29357730275581
   2.22758636384623   -1.38924895162231   -3.28529388806412
   2.22398480168884   -1.38700281359034   -3.28064721557981
   2.21763374138637   -1.38304193287653   -3.27271249904117
   2.21302447189191   -1.38016733150670   -3.26686848905260
   2.20700753034690   -1.37641482616323   -3.25943486562650
   2.20222233409050   -1.37343050690611   -3.25375864518584
   2.19671845658321   -1.36999797733915   -3.24650567974307
   2.19123141867331   -1.36657594989835   -3.24004101501270
   2.18624695631438   -1.36346735702001   -3.23382128185135
   2.17983527278305   -1.35946866822904   -3.22599226386122
   2.17510898226621   -1.35652108592554   -3.22097131615076
   2.16947576008425   -1.35300788969775   -3.21399187017314
   2.16514120755541   -1.35030461737836   -3.20775455488634
   2.15816459729220   -1.34595360829904   -3.19977853987026
   2.15422067294468   -1.34349395382549   -3.19476088263744
   2.14747929989843   -1.33928965199055   -3.18650159124953
   2.14324778300619   -1.33665063852660   -3.18183253651620
   2.13619049005383   -1.33224931115519   -3.17236826592717
   2.13345827991283   -1.33054535025132   -3.16910832290052
   2.12538904233996   -1.32551291693226   -3.15923849917373
   2.12266882216668   -1.32381643365096   -3.15598122439666
   2.11458783334514   -1.31877667158804   -3.14610895336623
   2.11187796997405   -1.31708664739485   -3.14285392113261
   2.10361499895058   -1.31193339092948   -3.13237366958846
   2.10152583118260   -1.31063046764959   -3.12997550287135
   2.09229999549817   -1.30487671427758   -3.11904209952463
   2.09096217212971   -1.30404237189595   -3.11735711998264
   2.08184192702133   -1.29835447078424   -3.10550974403903
   2.08047048300532   -1.29749916066366   -3.10389386664977
   2.07104626090324   -1.29162168229171   -3.09159265894454
   2.07033932317820   -1.29118079590934   -3.09081329241874
   2.05938113838576   -1.28434665157193   -3.07942206177616
   2.05873414207100   -1.28394314804606   -3.07857712979400
   2.04926963617167   -1.27804054641782   -3.06551801505452
   2.04858395735638   -1.27761291829496   -3.06471011601796
   2.03889080578473   -1.27156772028271   -3.05267155768673
   2.03761259532484   -1.27077055588533   -3.05097620430104
   2.02801338745290   -1.26478394648201   -3.03966590042341
   2.02665412162276   -1.26393623136751   -3.03803880055221
   2.01828155483251   -1.25871462477819   -3.02686955152373
   2.01564785162854   -1.25707209837635   -3.02353604925348
   2.00658681500833   -1.25142112302942   -3.01401632634041
   2.00457829783707   -1.25016849802697   -3.01150904550496
   1.99664438601547   -1.24522046150667   -3.00068763584377
   1.99388731562556   -1.24350099634434   -2.99745194666527
   1.98601733416021   -1.23859283041305   -2.98816604460098
   1.98243434611831   -1.23635827625090   -2.98346962148817
   1.97573290766504   -1.23217887988869   -2.97524119653924
   1.97161942805671   -1.22961348115662   -2.97039434865519
   1.96527886763103   -1.22565914876033   -2.96246496091973
   1.96064972667619   -1.22277215442296   -2.95666197577991
   1.95447969454255   -1.21892417312255   -2.94939187562102
   1.94953109266975   -1.21583794487329   -2.94306858851939
   1.94368212969851   -1.21219020047704   -2.93626569111406
   1.93890599850487   -1.20921153470620   -2.93059387932617
   1.93339854450061   -1.20577677463328   -2.92334162221839
   1.92789357973249   -1.20234356698892   -2.91690030029547
   1.92225899677042   -1.19882952210162   -2.91061926543257
   1.91650351866452   -1.19524008015922   -2.90274415767349
   1.91214703341618   -1.19252312935442   -2.89749386420651
   1.90614931021807   -1.18878260965995   -2.89083009994771
   1.90167665404543   -1.18599320809077   -2.88480921277927
   1.89469839214291   -1.18164116895569   -2.87681569104413
   1.89074278084786   -1.17917422584010   -2.87181695808838
   1.88391498071547   -1.17491602318194   -2.86289386457704
   1.88061379908636   -1.17285721945079   -2.85872375168836
   1.87303823432495   -1.16813266844188   -2.84987475446502
   1.86947530950244   -1.16591062683904   -2.84600234964412
   1.86198134233350   -1.16123696470773   -2.83704819713025
   1.85923920811100   -1.15952681458487   -2.83301002240940
   1.85130987544133   -1.15458163388293   -2.82217662043083
   1.84918232571196   -1.15325477343925   -2.81980813217005
   1.84000076035967   -1.14752862955233   -2.80965744745014
   1.83797328054867   -1.14626417837433   -2.80718853193227
   1.82941587024052   -1.14092729290396   -2.79466826342960
   1.82873037040116   -1.14049977640062   -2.79386074087822
   1.81823868542345   -1.13395656775444   -2.78280366946551
   1.81738159147958   -1.13342203545423   -2.78139025968273
   1.80710411099124   -1.12701241685292   -2.76925820875203
   1.80644299612811   -1.12660010820110   -2.76842560778060
   1.79647746018605   -1.12038503587682   -2.75595067547743
   1.79579210108566   -1.11995760714627   -2.75514306755238
   1.78636741834999   -1.11407984149713   -2.74282695886923
   1.78501104685435   -1.11323393145346   -2.74117537377128
   1.77505951393412   -1.10702759220626   -2.72950198134926
   1.77438883499815   -1.10660931885722   -2.72868527251707
   1.76529274547506   -1.10093648253586   -2.71678267840644
   1.76322303046237   -1.09964569109530   -2.71438519511191
   1.75374061252200   -1.09373191850435   -2.70375182525593
   1.75227175081281   -1.09281585319586   -2.70143890301779
   1.74441791668474   -1.08791775765815   -2.69131149587960
   1.74099123737760   -1.08578068647103   -2.68723820939695
   1.73361018153914   -1.08117744223688   -2.67815033912130
   1.73032483485277   -1.07912851407237   -2.67401200928209
   1.72264611271995   -1.07433962828731   -2.66523006474667
   1.71937694089964   -1.07230078768488   -2.66106199270099
   1.71188071833916   -1.06762571896373   -2.65212409991944
   1.70843550018436   -1.06547708590180   -2.64730121998388
   1.70173092313927   -1.06129573213607   -2.63905746920189
   1.69761943445805   -1.05873157505884   -2.63421243623550
   1.69076701372230   -1.05445801759875   -2.62613743550695
   1.68651058241878   -1.05180346609760   -2.62065031665900
   1.68048808474514   -1.04804749563781   -2.61321767985182
   1.67583776576069   -1.04514729348237   -2.60816346046469
   1.66941447926046   -1.04114136842319   -2.60042773605362
   1.66452986204220   -1.03809504462642   -2.59327778136786
   1.66013980893920   -1.03535715900731   -2.58800015672904
   1.65319871003557   -1.03102829682200   -2.57985177063864
   1.64879638394892   -1.02828275707555   -2.57466098855929
   1.64262968365506   -1.02443685369903   -2.56739392593751
   1.63835359596586   -1.02177004336311   -2.56191022998692
   1.63166638954062   -1.01759952289919   -2.55366748584506
   1.62755536036290   -1.01503565239436   -2.54882287281069
   1.62057962444010   -1.01068518860322   -2.54005336806855
   1.61729795414306   -1.00863855324321   -2.53587746415940
   1.60974038379329   -1.00392522456799   -2.52621515255955
   1.60648625127753   -1.00189576332719   -2.52278374306431
   1.59860646660265   -0.99698148355953   -2.51269092790098
   1.59655105424056   -0.99569961206151   -2.51026871547911
   1.58781594133379   -0.99025190119158   -2.50037818270246
   1.58513244170391   -0.98857831891976   -2.49708610215413
   1.57702440562803   -0.98352168865798   -2.48564364802045
   1.57612325428640   -0.98295967967062   -2.48430620700751
   1.56563881829771   -0.97642099190433   -2.47314111432088
   1.56435540625416   -0.97562058350493   -2.47149125733895
   1.55492985331499   -0.96974227514763   -2.46000935537682
   1.55357655006597   -0.96889827863623   -2.45837384702855
   1.54429846933984   -0.96311194229883   -2.44583813463875
   1.54363764337114   -0.96269981381792   -2.44500580830940
   1.53369115133687   -0.95649661835255   -2.43255952126031
   1.53300608034661   -0.95606936930378   -2.43175217807556
   1.52273517681111   -0.94966385246255   -2.41963500466332
   1.52206232424644   -0.94924422351561   -2.41881426530264
   1.51245388403546   -0.94325185630307   -2.40672491040874
   1.51106758214919   -0.94238727997355   -2.40513204764059
   1.50082701140434   -0.93600068037760   -2.39378722900562
   1.50018375143894   -0.93559950705069   -2.39294058901193
   1.49138847398295   -0.93011427416218   -2.38068925608767
   1.48929644916592   -0.92880956906478   -2.37828638051132
   1.48013568362055   -0.92309639711485   -2.36806657070672
   1.47785871463422   -0.92167635036448   -2.36434104868281
   1.46984291621280   -0.91667724472526   -2.35517864401642
   1.46741282521902   -0.91516170242340   -2.35243397970375
   1.45902123793021   -0.90992823357449   -2.34214103767554
   1.45613339020823   -0.90812720826508   -2.33826399166275
   1.44874597857267   -0.90352000019608   -2.32922473392156
   1.44532103948159   -0.90138401430620   -2.32518840901686
   1.43783682704707   -0.89671643577945   -2.31625996438112
   1.43453253937837   -0.89465569494618   -2.31207061795017
   1.42751127431128   -0.89027683660344   -2.30339253468755
   1.42322993521507   -0.88760675119284   -2.29794348732704
   1.41708204415332   -0.88377257831818   -2.29063455459672
   1.41251403541478   -0.88092370949136   -2.28476323434047
   1.40713300826066   -0.87756779635872   -2.27735928990169
   1.40161899469216   -0.87412894537022   -2.27091624770497
   1.39600267655995   -0.87062629146473   -2.26464533554128
   1.39039074681883   -0.86712637440833   -2.25751945553179
   1.38572831244139   -0.86421861640802   -2.25172989219253
   1.37956395253286   -0.86037417262826   -2.24446501004630
   1.37476948410317   -0.85738407071903   -2.23881457760332
   1.36864945055313   -0.85356727136558   -2.23150953701050
   1.36398200711075   -0.85065638942882   -2.22569776356645
   1.35764631120932   -0.84670509082522   -2.21782750380502
   1.35359013212460   -0.84417542794324   -2.21293817905826
   1.34703235135157   -0.84008562464234   -2.20450682933077
   1.34286821392708   -0.83748863282856   -2.19969359646022
   1.33572928768669   -0.83303639431780   -2.19119059133016
   1.33235403384659   -0.83093139496292   -2.18711250229292
   1.32494205259369   -0.82630886388976   -2.17726713388680
   1.32220254324360   -0.82460035078592   -2.17403849353924
   1.31381257656412   -0.81936789264073   -2.16374710601392
   1.31175797165064   -0.81808652471338   -2.16132565176590
   1.30282333277317   -0.81251437815371   -2.15006830362046
   1.30150478310327   -0.81169205594152   -2.14839294897904
   1.29206795807414   -0.80580671767085   -2.13690973224151
   1.29069825745109   -0.80495249482881   -2.13529546354308
   1.28093893163875   -0.79886602681421   -2.12339014197174
   1.28025409013847   -0.79843892088838   -2.12258301615973
   1.26999764895405   -0.79204242358794   -2.11046792624942
   1.26933707030353   -0.79163044934865   -2.10963584339917
   1.25933591333659   -0.78539316173690   -2.09713282043272
   1.25862107325266   -0.78494734699620   -2.09636607684448
   1.24809317423152   -0.77838155322259   -2.08463779336784
   1.24744704860876   -0.77797859270955   -2.08379371330961
   1.23847895925998   -0.77238558454248   -2.07092799872460
   1.23708958532803   -0.77151909231138   -2.06933310759746
   1.22786424226912   -0.76576564616853   -2.05841781674007
   1.22583164400735   -0.76449800283489   -2.05595126383995
   1.21707870574253   -0.75903917506265   -2.04530290139279
   1.21504751220481   -0.75777240779444   -2.04284814610750
   1.20577997156333   -0.75199264485046   -2.03198652322461
   1.20423895361184   -0.75103157882478   -2.02976691485835
   1.19585015752302   -0.74579985072620   -2.01947668112260
   1.19313648322040   -0.74410744982038   -2.01621262175119
   1.18506500804332   -0.73907362100467   -2.00636215263483
   1.18235319314112   -0.73738237972621   -2.00311279670432
   1.17533450523546   -0.73300512864722   -1.99360695507337
   1.17131756212081   -0.73049993553717   -1.98865939475612
   1.16366601525067   -0.72572799778420   -1.98073830696795
   1.16013563276395   -0.72352625142406   -1.97598479738031
   1.15410277303992   -0.71976381860308   -1.96778865192440
   1.14962847696093   -0.71697339429547   -1.96258032160417
   1.14329438911988   -0.71302309856935   -1.95471165595125
   1.13846963933543   -0.71001411149317   -1.94909100096332
   1.13216746573454   -0.70608371929376   -1.94200098955510
   1.12723901477232   -0.70301005829299   -1.93567991181100
   1.12191734623068   -0.69969116455116   -1.92905718938464
   1.11658977478541   -0.69636858942449   -1.92243111371478
   1.11162533369277   -0.69327248294113   -1.91617666938206
   1.10546291833524   -0.68942925189346   -1.90891369397141
   1.10068872608384   -0.68645179535675   -1.90323714931569
   1.09467879659755   -0.68270366313003   -1.89580021411849
   1.09041602657763   -0.68004515844653   -1.89032825174423
   1.08367654772299   -0.67584203793670   -1.88212298897364
   1.07946106141768   -0.67321302205419   -1.87741677198057
   1.07266147206122   -0.66897241323280   -1.86849089106911
   1.06985791174708   -0.66722395432210   -1.86452946815868
   1.06181311140293   -0.66220676144217   -1.85545127328154
   1.05844652210408   -0.66010716578568   -1.85138235634667
   1.05102923516353   -0.65548132578537   -1.84153125042613
   1.04775737639842   -0.65344080945206   -1.83808112675712
   1.03956050185124   -0.64832877449078   -1.82761078328743
   1.03819083777820   -0.64747457444340   -1.82597809901543
   1.02909120925739   -0.64179953100272   -1.81504396704067
   1.02757893910047   -0.64085639372905   -1.81268253184551
   1.01782181423899   -0.63477129835198   -1.80077795104871
   1.01714936705561   -0.63435192222376   -1.79995761592573
   1.00721052458601   -0.62815349745994   -1.78827286001095
   1.00635448417373   -0.62761962220167   -1.78686053585282
   0.99608482981039   -0.62121488441492   -1.77475666183077
   0.99540018959800   -0.62078790402361   -1.77394974010920
   0.98596432995638   -0.61490316782324   -1.76161193689473
   0.98481341355699   -0.61418539120761   -1.76058034626411
   0.97458927033246   -0.60780903674323   -1.74844931102534
   0.97390478446227   -0.60738215260845   -1.74764223613944
   0.96388411336321   -0.60113269487929   -1.73522216232163
   0.96317826555353   -0.60069248822983   -1.73444379179002
   0.95313578934306   -0.59442943159889   -1.72292680614325
   0.95174706241567   -0.59356334287646   -1.72133757977238
   0.94131503901099   -0.58705734256443   -1.71101125020235
   0.93992068575994   -0.58618774494808   -1.70941457301313
   0.93027133882316   -0.58016986598575   -1.69898442617132
   0.92813652743006   -0.57883847675752   -1.69668901738235
   0.91940809807569   -0.57339493412920   -1.68680496250724
   0.91663999395586   -0.57166858770831   -1.68359737229742
   0.90845476221470   -0.56656381385992   -1.67470196049303
   0.90446968240509   -0.56407849251055   -1.67048875350488
   0.89733014769526   -0.55962587452380   -1.66199369369144
   0.89387140789224   -0.55746880859663   -1.65801008330694
   0.88637716770350   -0.55279497619471   -1.65069783665408
   0.88158510896687   -0.54980637710647   -1.64504984106388
   0.87552124062156   -0.54602460555399   -1.63844837971422
   0.86874988912811   -0.54180160746241   -1.63193891024962
   0.86447110108068   -0.53913311303023   -1.62649247775677
   0.85728356434683   -0.53465055826409   -1.61882788649646
   0.85400033791184   -0.53260295240837   -1.61525934417280
   0.84581698449309   -0.52749934998816   -1.60652325392358
   0.84236882758451   -0.52534888415302   -1.60253462324963
   0.83315325086509   -0.51960152885231   -1.59321104564719
   0.83178414043012   -0.51874767408496   -1.59159738669095
   0.82220040206560   -0.51277071234214   -1.58030181670760
   0.82076010534712   -0.51187246177882   -1.57873659841580
   0.80987903938023   -0.50508641310642   -1.56819982969216
   0.80919449446767   -0.50465949214949   -1.56739301181341
   0.79891278088425   -0.49824723355046   -1.55529037434469
   0.79821684755254   -0.49781321013068   -1.55449791863337
   0.78768562667194   -0.49124534465749   -1.54276578199110
   0.78694515648653   -0.49078354553469   -1.54199312778890
   0.77685036392507   -0.48448786146584   -1.53128841251156
   0.77428358471214   -0.48288707265312   -1.52866653205278
   0.76641264968039   -0.47797831202385   -1.52002924787651
   0.76202882126439   -0.47524430847190   -1.51560471672361
   0.75494600028647   -0.47082706037872   -1.50789168293970
   0.75032569231435   -0.46794557478938   -1.50284947221605
   0.74428717824795   -0.46417961560042   -1.49619301857602
   0.73810445570381   -0.46032371984167   -1.48976845142870
   0.73317427523584   -0.45724898022322   -1.48431436762340
   0.72739033600016   -0.45364178830921   -1.47746756930455
   0.72191855826846   -0.45022927797935   -1.47178841873898
   0.71473164081024   -0.44574710942855   -1.46412452595778
   0.71134595038816   -0.44363560123039   -1.46007664332797
   0.70397169772658   -0.43903659984244   -1.45098998312584
   0.70042915099691   -0.43682726717182   -1.44698692077197
   0.69145888963825   -0.43123290441644   -1.43830826659211
   0.68943652358218   -0.42997164246548   -1.43587631066601
   0.67952989652678   -0.42379330905754   -1.42468821645389
   0.67889185286728   -0.42339538891427   -1.42401559325613
   0.66869330615395   -0.41703499788319   -1.41268875118091
   0.66728187921699   -0.41615475214983   -1.41113230367363
   0.65653534854072   -0.40945260730019   -1.40038895409338
   0.65583947101506   -0.40901861868423   -1.39959656462188
   0.64542384669200   -0.40252284576779   -1.38768181286367
   0.64472716364639   -0.40208835478399   -1.38689052704910
   0.63464732266153   -0.39580199536466   -1.37618947456361
   0.63259389176348   -0.39452135961978   -1.37376927067049
   0.62390299794936   -0.38910122627910   -1.36384467392511
   0.62170422787176   -0.38772994879476   -1.36057984535545
   0.61623091760033   -0.38431648268638   -1.34767066133515
   0.61268313984812   -0.38210388765399   -1.33991301371230
   0.60833286607247   -0.37939081067517   -1.33547045150720
   0.60134291200006   -0.37503147964110   -1.33198930392965
   0.59072954013107   -0.36841238016129   -1.32928312068376
   0.57985875878021   -0.36163274555762   -1.32294154405481
   0.57915168786157   -0.36119177610818   -1.32216550926347
   0.56883308076841   -0.35475650862808   -1.31171127465559
   0.56609527174118   -0.35304905594182   -1.30929112765273
   0.55807914033441   -0.34804974263408   -1.30254915543123
   0.55176974535289   -0.34411484677293   -1.29635332567227
   0.54693926106709   -0.34110228333710   -1.29153712484398
   0.53857342174276   -0.33588487237634   -1.28369351094846
   0.53588974686197   -0.33421118080813   -1.28122613184494
   0.52571236892164   -0.32786399182218   -1.27050940196611
   0.52497014672548   -0.32740110004630   -1.26981138491247
   0.51377809808552   -0.32042110497543   -1.26053369092322
   0.51056920457464   -0.31841985733889   -1.25782378377354
   0.50318268821759   -0.31381320761624   -1.25036823760214
   0.49824303386050   -0.31073255954426   -1.24492110713894
   0.49198691873975   -0.30683089202026   -1.23859331911091
   0.48496982564320   -0.30245463555450   -1.23243320143852
   0.48110766601019   -0.30004597418529   -1.22881988012791
   0.47095508135460   -0.29371424769515   -1.21887919429560
   0.47021287237186   -0.29325136415991   -1.21818119388473
   0.45891994238217   -0.28620845376885   -1.20820012903670
   0.45703149038570   -0.28503070820582   -1.20639637138242
   0.44842057719835   -0.27966045531139   -1.19793848854423
   0.44364400046911   -0.27668151167933   -1.19309221394273
   0.43755819917762   -0.27288606150007   -1.18719247901773
   0.43031850304181   -0.26837097717832   -1.18065430668602
   0.42621195225358   -0.26580989965068   -1.17738290680444
   0.41594007707998   -0.25940377684093   -1.16736504911023
   0.41517035215206   -0.25892373280470   -1.16670436336567
   0.40459116216208   -0.25232595107954   -1.15761894591491
   0.40117773861757   -0.25019714693636   -1.15438792573449
   0.39367580456545   -0.24551851620572   -1.14711627606222
   0.38870172890362   -0.24241640105964   -1.14169271391694
   0.38250917497557   -0.23855437389336   -1.13610040684621
   0.37490998771907   -0.23381509055934   -1.12894991663326
   0.37155006813020   -0.23171965451154   -1.12562403390859
   0.36084306390203   -0.22504216059238   -1.11643509167164
   0.36013604096821   -0.22460122106899   -1.11565912725140
   0.34981305701015   -0.21816322392818   -1.10519973643213
   0.34703330212852   -0.21642961143272   -1.10280739356202
   0.33875997785084   -0.21126989809198   -1.09571493539123
   0.33329470570185   -0.20786144501176   -1.09004790994384
   0.32795307433649   -0.20453010132303   -1.08501359506662
   0.32084314821156   -0.20009594892586   -1.07732752912456
   0.31681891713700   -0.19758621063146   -1.07316684620579
   0.30671258161402   -0.19128332771840   -1.06399459748915
   0.30597817494381   -0.19082531014692   -1.06327347972700
   0.29491814356195   -0.18392764851119   -1.05380804156312
   0.29277495821046   -0.18259103680850   -1.05152436567099
   0.28416292585941   -0.17722008594023   -1.04306490663452
   0.27927478226339   -0.17417156289468   -1.03827474127419
   0.27316866188967   -0.17036344058555   -1.03340393992641
   0.26421770096245   -0.16478111467174   -1.02536860353373
   0.26210921855082   -0.16346614568673   -1.02379950397189
   0.25123959117371   -0.15668723076642   -1.01648045086946
   0.24642344499619   -0.15368360938653   -1.01246292051769
   0.24038599159153   -0.14991831168629   -1.00810127261459
   0.22970317750926   -0.14325590411142   -1.00011731649356
   0.22894560888611   -0.14278344143496   -0.99938346807071
   0.21836321696835   -0.13618366280639   -0.99149119687891
   0.21222932173750   -0.13235821852413   -0.98663641941599
   0.20735600067449   -0.12931893964921   -0.98266121427888
   0.19646264035025   -0.12252522351963   -0.97535925747221
   0.19433927011635   -0.12120096964592   -0.97380032050565
   0.18539321349016   -0.11562170233184   -0.96752713277974
   0.17734492887225   -0.11060233646156   -0.96081646195441
   0.17463558518104   -0.10891263637016   -0.95891258692345
   0.16315194286422   -0.10175078697641   -0.95033440369203
   0.15997903858338   -0.09977198426092   -0.94830720252892
   0.15266157654039   -0.09520840071742   -0.94309565316681
   0.14359262666015   -0.08955249021361   -0.93537808475673
   0.14153373137237   -0.08826844656598   -0.93372097867984
   0.13073742070852   -0.08153525609822   -0.92617184606315
   0.12457595807936   -0.07769261922589   -0.92203533980128
   0.11966256616346   -0.07462834989885   -0.91835876875405
   0.10924430305100   -0.06813093128397   -0.90977428702634
   0.10849059475736   -0.06766087612751   -0.90907220741443
   0.09776809512679   -0.06097371839828   -0.90141386146484
   0.09106618928886   -0.05679403054854   -0.89631374192301
   0.08704041000191   -0.05428332670126   -0.89354977835282
   0.07575009849620   -0.04724204934503   -0.88548197401152
   0.07375400062579   -0.04599716972159   -0.88377546205472
   0.06546307383558   -0.04082647845762   -0.87765903240739
   0.05541522450364   -0.03456007084397   -0.87058985312742
   0.05393089561679   -0.03363435932796   -0.86919403132620
   0.04298053836144   -0.02680509668577   -0.86112824798976
   0.03824752298303   -0.02385332037793   -0.85779327165878
   0.03200067932377   -0.01995743506213   -0.85310351733408
   0.02110046888886   -0.01315944681578   -0.84577921358411
   0.01973654206836   -0.01230882484385   -0.84491067855778
   0.01007917950250   -0.00628594688149   -0.83929577865572
  -0.00092256916765    0.00057536635605   -0.83639411387799
  -0.01182367738628    0.00737391451115   -0.83738991541544
  -0.02270285022372    0.01415878252087   -0.84073683618393
  -0.03224886310927    0.02011221651950   -0.84564376009659
  -0.03363345987770    0.02097572944101   -0.84640807238064
  -0.04452575580122    0.02776878175005   -0.85149814159471
  -0.05532863626382    0.03450606951619   -0.85632718231273
  -0.05946752116757    0.03708731242859   -0.85882329056146
  -0.06639127267471    0.04140535579548   -0.86360780343758
  -0.07730293792587    0.04821048791366   -0.87056267255978
  -0.07868977044099    0.04907539517336   -0.87151415665995
  -0.08821636602384    0.05501671944290   -0.87812802727845
  -0.09642536326699    0.06013631480360   -0.88445130879345
  -0.09923415870567    0.06188803863431   -0.88683444258909
  -0.11020000905229    0.06872696364523   -0.89489135890907
  -0.11301551748142    0.07048287407677   -0.89714250965853
  -0.12130214959543    0.07565088693756   -0.90346787345053
  -0.13135118525704    0.08191803441354   -0.91032805896257
  -0.13208863156254    0.08237794767366   -0.91103457255023
  -0.14299005946403    0.08917669520109   -0.91913052587661
  -0.14836965886218    0.09253171790428   -0.92327290465157
  -0.15394693380404    0.09601002226619   -0.92746980542344
  -0.16507770701695    0.10295180251217   -0.93497063946573
  -0.16635987962865    0.10375143793171   -0.93589012908729
  -0.17583247130782    0.10965908230996   -0.94349625872756
  -0.18277760353493    0.11399045990411   -0.94880213031062
  -0.18677395354770    0.11648280999013   -0.95156513528444
  -0.19781140500235    0.12336638950507   -0.95942503884008
  -0.20121373651076    0.12548827602667   -0.96185986489982
  -0.20873934310116    0.13018167029219   -0.96750914464882
  -0.21888999537443    0.13651219163933   -0.97500074865378
  -0.21959425020722    0.13695140481823   -0.97576991919392
  -0.23078712592294    0.14393191570035   -0.98498550838511
  -0.23466565929062    0.14635078865735   -0.98772222721466
  -0.24158624380480    0.15066685690816   -0.99352614713558
  -0.25205862105313    0.15719802416137   -1.00021988866274
  -0.25279566206629    0.15765768465824   -1.00093342457901
  -0.26343123809155    0.16429063190680   -1.00805463487928
  -0.27045523059715    0.16867119123459   -1.01329490276332
  -0.27458467377332    0.17124654575120   -1.01645997660136
  -0.28538770766919    0.17798392920702   -1.02479374915267
  -0.28683019152085    0.17888354379039   -1.02624368265018
  -0.29629563433113    0.18478672972933   -1.03450071344097
  -0.30231311408050    0.18853957072750   -1.03947682646449
  -0.30714056812134    0.19155024433105   -1.04434888700588
  -0.31546077122863    0.19673919396357   -1.05224804521229
  -0.31819867139213    0.19844670348756   -1.05466816883951
  -0.32909177221329    0.20524025777633   -1.06441080651457
  -0.32980959359822    0.20568793182510   -1.06516827632527
  -0.34024346436493    0.21219508425665   -1.07540931409394
  -0.34294275648970    0.21387851562224   -1.07788192759105
  -0.35089443919071    0.21883763506888   -1.08467678775942
  -0.35706129943708    0.22268363820084   -1.09112158771908
  -0.36188839200335    0.22569408636838   -1.09599290776557
  -0.37021832104421    0.23088910164362   -1.10387696452752
  -0.37289957446541    0.23256128305256   -1.10632491400016
  -0.38376010195086    0.23933452276533   -1.11626423442451
  -0.38445852157872    0.23977009678013   -1.11704690114107
  -0.39483501560616    0.24624146582920   -1.12647874347292
  -0.39770125169348    0.24802901289989   -1.12951216026237
  -0.40592062823144    0.25315508137638   -1.13756061106519
  -0.41117165864599    0.25642992118360   -1.14264755122782
  -0.41677338827372    0.25992347687190   -1.14904544491480
  -0.42317698079273    0.26391711964959   -1.15509184629977
  -0.42816630669982    0.26702874571187   -1.15968462687277
  -0.43845926944236    0.27344801992329   -1.16788173783334
  -0.43915216497187    0.27388014879766   -1.16867618786934
  -0.44951993461116    0.28034607682443   -1.17911563251798
  -0.45162534443708    0.28165912957105   -1.18134735705052
  -0.46062692686579    0.28727302591869   -1.19085175862583
  -0.46452982269617    0.28970709268649   -1.19441246589278
  -0.47140557616040    0.29399520175684   -1.20089988278913
  -0.47952866173789    0.29906121773971   -1.20739681615946
  -0.48226645334835    0.30076865956388   -1.20985244116707
  -0.49155469029386    0.30656132989460   -1.21976687516862
  -0.49356223851264    0.30781335060344   -1.22143340457660
  -0.50415420281705    0.31441909911419   -1.23071717496151
  -0.50692457023180    0.31614685705391   -1.23322327074545
  -0.51550593330609    0.32149868082511   -1.24235387172223
  -0.51952240255740    0.32400357840716   -1.24569680441223
  -0.52621646876028    0.32817837701671   -1.25235134456623
  -0.53239096144691    0.33202914017046   -1.25879839938586
  -0.53711962194110    0.33497820052599   -1.26303633258251
  -0.54636241112905    0.34074252706247   -1.27132925310305
  -0.54832204200406    0.34196466380332   -1.27306597284332
  -0.55920750759420    0.34875345632983   -1.28364232823296
  -0.56045586069412    0.34953199998743   -1.28461537418158
  -0.56997037696208    0.35546579091243   -1.29370018551353
  -0.57362028113247    0.35774207776017   -1.29731161146684
  -0.58114717163507    0.36243627274602   -1.30456663818829
  -0.58715170152782    0.36618103748057   -1.31043222973902
  -0.59200673950762    0.36920891398987   -1.31522832221640
  -0.60044955811216    0.37447433358727   -1.32286436241608
  -0.60324983655063    0.37622074573453   -1.32526304738544
  -0.61396381042221    0.38290258631785   -1.33527300816589
  -0.61466049699262    0.38333707949991   -1.33606429118039
  -0.62476162280982    0.38963671334554   -1.34613032599542
  -0.62878702287054    0.39214718068588   -1.34934558444748
  -0.63569358744253    0.39645450530713   -1.35644832160440
  -0.64113389783555    0.39984739082334   -1.36223915773693
  -0.64653783501119    0.40321759194225   -1.36711330836287
  -0.65403670977286    0.40789431472618   -1.37516931055416
  -0.65751008791681    0.41006050995138   -1.37922503572998
  -0.66591694111391    0.41530349948483   -1.38785057957897
  -0.66855113094382    0.41694632937416   -1.39033435871990
  -0.67799078318073    0.42283343085163   -1.40099234174903
  -0.67938022552469    0.42369996574834   -1.40261580116333
  -0.68926429460843    0.42986423072823   -1.41353408971708
  -0.69067570304389    0.43074446492300   -1.41509050741465
  -0.70140878950516    0.43743822519915   -1.42583396836496
  -0.70209331817741    0.43786513602771   -1.42664076319968
  -0.71224099417050    0.44419380119805   -1.43814347324721
  -0.71363679381844    0.44506430086938   -1.43972060479002
  -0.72357933843529    0.45126503450180   -1.45052041283779
  -0.72552138088574    0.45247620210547   -1.45227002606717
  -0.73426659827851    0.45793021470485   -1.46294720630861
  -0.73635011781157    0.45922961542573   -1.46535219614482
  -0.74521933037780    0.46476095843416   -1.47504953611781
  -0.74851821828624    0.46681833167127   -1.47846085309856
  -0.75617210942971    0.47159173144578   -1.48715192136847
  -0.76012082377664    0.47405437323412   -1.49137331540429
  -0.76694727349191    0.47831173369572   -1.49875165237541
  -0.77186192705936    0.48137678986008   -1.50424139635547
  -0.77846025481489    0.48549188055448   -1.51168805924720
  -0.78372540195898    0.48877552435334   -1.51680309224412
  -0.78886741090261    0.49198237220001   -1.52203909802127
  -0.79524679304227    0.49596091601468   -1.52988038950228
  -0.80015479346801    0.49902182290326   -1.53536028642561
  -0.80743789410328    0.50356397672783   -1.54298092351584
  -0.81096829918625    0.50576573718028   -1.54683988596282
  -0.82028351662292    0.51157523407255   -1.55601405429431
  -0.82165233111196    0.51242890427126   -1.55762808821539
  -0.83020065888114    0.51776012535620   -1.56857102987951
  -0.83284307921461    0.51940808825343   -1.57106361680725
  -0.84225605617413    0.52527855351795   -1.58175452320073
  -0.84365215576745    0.52614924025219   -1.58336732593874
  -0.85395446376055    0.53257434269087   -1.59471224831065
  -0.85468005674259    0.53302686354751   -1.59545450813785
  -0.86587401789218    0.54000805136763   -1.60636398812140
  -0.86655859480679    0.54043499228286   -1.60717083902322
  -0.87678121351244    0.54681039597097   -1.61855756000679
  -0.87818215691037    0.54768410357596   -1.62009525692355
  -0.88743865296385    0.55345697848968   -1.63097360051292
  -0.88961246995211    0.55481269381501   -1.63332750206058
  -0.89873430090372    0.56050158394833   -1.64267326729412
  -0.90147265657909    0.56220937755531   -1.64590072167178
  -0.90940960531271    0.56715930806584   -1.65436482607832
  -0.91362443439924    0.56978791406953   -1.65901281770761
  -0.92052220697731    0.57408975550569   -1.66704402948124
  -0.92476901386030    0.57673830467338   -1.67169445994023
  -0.93159514659638    0.58099546744882   -1.67898312394538
  -0.93636508873210    0.58397027337280   -1.68465514961321
  -0.94229232524529    0.58766683358057   -1.69147348369816
  -0.94805068472831    0.59125807251285   -1.69750572233534
  -0.95370431627256    0.59478399717426   -1.70373386646051
  -0.96034890996469    0.59892794192565   -1.71045224769290
  -0.96428560289571    0.60138308647854   -1.71468868609747
  -0.97181636758023    0.60607969762354   -1.72356447973394
  -0.97523945367302    0.60821452787879   -1.72759894306006
  -0.98339210876128    0.61329898508239   -1.73661251795732
  -0.98622022751146    0.61506276002397   -1.73968329677214
  -0.99509368710233    0.62059675171738   -1.74938568399833
  -0.99714756686724    0.62187766740104   -1.75180639004513
  -1.00594490789726    0.62736418725112   -1.76234445912066
  -1.00790102953431    0.62858413543254   -1.76491957186514
  -1.01570173438642    0.63344909654632   -1.77514566637108
  -1.01919604509348    0.63562834650278   -1.77907512394524
  -1.02658662001793    0.64023752737780   -1.78811678272601
  -1.02997707597901    0.64235200763584   -1.79217182118243
  -1.03691310697701    0.64667770918833   -1.80097832928157
  -1.04127201794657    0.64939617281019   -1.80633088270205
  -1.04832417736500    0.65379429861925   -1.81413999821275
  -1.05163293882915    0.65585782956460   -1.81750308910739
  -1.05822458247364    0.65996875166899   -1.82668117633375
  -1.06304380699253    0.66297429287680   -1.83310200393520
  -1.06903473544691    0.66671057498446   -1.83975949695182
  -1.07382736311889    0.66969952889299   -1.84540805424183
  -1.07947567221199    0.67322213417258   -1.85246848658501
  -1.08491222449911    0.67661267592122   -1.85897361906180
  -1.09065903134909    0.68019670997758   -1.86582291169892
  -1.09544221033584    0.68317977115115   -1.87238411007899
  -1.10046150752116    0.68631008899910   -1.87862562279171
  -1.10686245843181    0.69030208432028   -1.88555305052159
  -1.11161718060644    0.69326739821498   -1.89125198615179
  -1.11764619111281    0.69702743044594   -1.89947279123176
  -1.12178662532477    0.69960963959463   -1.90428619421557
  -1.12888814750499    0.70403855081617   -1.91288311827143
  -1.13218079635235    0.70609203302162   -1.91704711788921
  -1.13925361551907    0.71050304341918   -1.92484596485463
  -1.14345032248397    0.71312034744199   -1.93035914903220
  -1.15051129041277    0.71752396673672   -1.93982061888530
  -1.15325009972398    0.71923204325669   -1.94304852606688
  -1.16146656288271    0.72435629478497   -1.95273228077748
  -1.16420539578461    0.72606438601743   -1.95596021008248
  -1.17242193019653    0.73118868198323   -1.96564403149649
  -1.17508742984957    0.73285103845059   -1.96892003191664
  -1.18306639598411    0.73782717339078   -1.97972923147128
  -1.18464142453909    0.73880945035400   -1.98194219243561
  -1.19450390642628    0.74496025233615   -1.99287946233829
  -1.19582668796215    0.74578521377952   -1.99456066557366
  -1.20496272730316    0.75148296506875   -2.00648781304631
  -1.20635215164773    0.75234948874001   -2.00807274035906
  -1.21642228127522    0.75862979160716   -2.01952448519933
  -1.21706839484127    0.75903274460097   -2.02036855407851
  -1.22688132975450    0.76515264628550   -2.03300014341974
  -1.22756595727134    0.76557961875914   -2.03380729885228
  -1.23786788869881    0.77200448635017   -2.04593667210610
  -1.23856267097401    0.77243779190594   -2.04673014136819
  -1.24832526437622    0.77852629777456   -2.05864387566706
  -1.24989344997602    0.77950430708358   -2.06085967056507
  -1.25936521813679    0.78541143786913   -2.07217660420721
  -1.26002394355880    0.78582225633022   -2.07301028581713
  -1.26897001049500    0.79140153007420   -2.08507995129788
  -1.27102432388738    0.79268271619250   -2.08750107428753
  -1.27992639244063    0.79823455005430   -2.09799264738637
  -1.28212728782618    0.79960715300098   -2.10105585813144
  -1.29019804665154    0.80464053505920   -2.11090513211824
  -1.29293718558954    0.80634881715310   -2.11413334571581
  -1.30066385587190    0.81116760611837   -2.12353233849338
  -1.30418057286277    0.81336082990175   -2.12755789086200
  -1.31137120787568    0.81784531693009   -2.13677584442463
  -1.31470612318087    0.81992515889118   -2.14095870684229
  -1.32135581412319    0.82407228257634   -2.14923963174331
  -1.32594971396204    0.82693729855891   -2.15432869525941
  -1.33316916003401    0.83143975379457   -2.16275875284527
  -1.33678983394952    0.83369781100076   -2.16737060250043
  -1.34376007057152    0.83804484511662   -2.17531759894334
  -1.34765430609614    0.84047351082752   -2.18036730361202
  -1.35371364011237    0.84425245451572   -2.18858480501286
  -1.35850743291433    0.84724213506526   -2.19423444948126
  -1.36467091444331    0.85108603103781   -2.20149830772421
  -1.36959722380117    0.85415835641287   -2.20778854945924
  -1.37494343154762    0.85749255419188   -2.21441158762480
  -1.38042217156449    0.86090940659688   -2.22086843098660
  -1.38538715885050    0.86400585371734   -2.22712320151892
  -1.39167561088150    0.86792768836904   -2.23506403670726
  -1.39565989968475    0.87041251640207   -2.24003668604752
  -1.40250847703183    0.87468367690743   -2.24810787628248
  -1.40661764691440    0.87724638785057   -2.25295061090719
  -1.41341415513870    0.88148507510352   -2.26106999929323
  -1.41740441920246    0.88397362964724   -2.26606641616007
  -1.42442422835376    0.88835157999849   -2.27474276847187
  -1.42782477451605    0.89047235307718   -2.27880308649532
  -1.43538228679414    0.89518564553561   -2.28846378773295
  -1.43812182812276    0.89689417858307   -2.29169236136702
  -1.44616941996022    0.90191311239625   -2.30077309400228
  -1.44959388768179    0.90404880431341   -2.30480884645790
  -1.45746992828254    0.90896074906451   -2.31489761107615
  -1.45901673611640    0.90992542598858   -2.31714133342248
  -1.46813898995209    0.91561457985634   -2.32810715211997
  -1.47017181484961    0.91688236453286   -2.33061342756008
  -1.47955809627465    0.92273618095094   -2.34213872609406
  -1.48024883743016    0.92316696623572   -2.34296866298174
  -1.49017465307994    0.92935726673732   -2.35465026585245
  -1.49152653280132    0.93020037545630   -2.35628497463886
  -1.50096243486017    0.93608513811046   -2.36776696785381
  -1.50233230541261    0.93693946693008   -2.36938134184209
  -1.51207486663607    0.94301547959809   -2.38130693411701
  -1.51272118462395    0.94341856008091   -2.38215118632528
  -1.52236676380571    0.94943408925793   -2.39500870701349
  -1.52305171616358    0.94986126432083   -2.39581590911498
  -1.53331475217266    0.95626187452723   -2.40793861562577
  -1.53414306170888    0.95677845524145   -2.40940619167393
  -1.54342943696991    0.96256996452034   -2.42104082211227
  -1.54479937680181    0.96342433654656   -2.42265525731009
  -1.55438901753377    0.96940497933982   -2.43395635819595
  -1.55575897536513    0.97025936259152   -2.43557080888949
  -1.56483487017678    0.97591960434770   -2.44666985989894
  -1.56686998752094    0.97718881872371   -2.44911580020733
  -1.57562362822140    0.98264808457457   -2.45978742403927
  -1.57767861933012    0.98392969335514   -2.46220914739710
  -1.58601178980174    0.98912673017009   -2.47256400163064
  -1.58863867335952    0.99076500345453   -2.47593194649869
  -1.59634491344461    0.99557105099231   -2.48541681388593
  -1.59971878206382    0.99767518644503   -2.48951075085088
  -1.60650729394458    1.00190888672551   -2.49847997873866
  -1.61073035648803    1.00454262757899   -2.50317617507491
  -1.61754254677975    1.00879109505690   -2.51129470445452
  -1.62166234789368    1.01136043623770   -2.51693515195606
  -1.62773545392135    1.01514796893181   -2.52431984703211
  -1.63265153725248    1.01821391677774   -2.52981586230078
  -1.63878478304183    1.02203895603152   -2.53712192899579
  -1.64344123875631    1.02494298539919   -2.54293425377825
  -1.64955874883034    1.02875821097015   -2.55023469014459
  -1.65436717552188    1.03175701804161   -2.55667357953295
  -1.65976919336283    1.03512602215475   -2.56328030982199
  -1.66536336683402    1.03861486539611   -2.56957476760123
  -1.67030561843318    1.04169713325527   -2.57586385030389
  -1.67635665814374    1.04547090414495   -2.58327657970245
  -1.68126718256422    1.04853338513953   -2.58878106213726
  -1.68741396724546    1.05236686801267   -2.59687589689077
  -1.69143213394143    1.05487282421730   -2.60183349311854
  -1.69841891453280    1.05923017608896   -2.60973826841060
  -1.70250812671903    1.06178044028292   -2.61461243789503
  -1.70916060578245    1.06592930279822   -2.62287957777155
  -1.71263522075178    1.06809626937773   -2.62770115556523
  -1.72017157725085    1.07279636789481   -2.63658201216169
  -1.72356602009700    1.07491333460007   -2.64064382401439
  -1.73096257673840    1.07952624601237   -2.64970153661852
  -1.73387430182834    1.08134216260006   -2.65353613181683
  -1.74226720435768    1.08657645170741   -2.66382969822398
  -1.74432265238352    1.08785834544736   -2.66625181709396
  -1.75297186434618    1.09325248362602   -2.67617509717157
  -1.75511402673875    1.09458845735363   -2.67937166896649
  -1.76419235591212    1.10025021731557   -2.69047285028666
  -1.76554822777885    1.10109581576237   -2.69211014699151
  -1.77515522873241    1.10708728537252   -2.70419813334147
  -1.77584041007458    1.10751460324299   -2.70500553381873
  -1.78594701990049    1.11381765722688   -2.71651145088305
  -1.78726611141212    1.11464031736225   -2.71816719180760
  -1.79672587716059    1.12053996276408   -2.73043378586037
  -1.79739889529482    1.12095969496957   -2.73125463179462
  -1.80718852436010    1.12706506180806   -2.74396234617280
  -1.80787373836548    1.12749240004916   -2.74476977508647
  -1.81815202928759    1.13390252408285   -2.75688128220213
  -1.81883725444424    1.13432986927850   -2.75768872067275
  -1.82860168339919    1.14041951990171   -2.76959810572519
  -1.82994001751440    1.14125418081392   -2.77126245524096
  -1.83922330187508    1.14704376243240   -2.78292095525164
  -1.84057786296935    1.14788854340729   -2.78452966177514
  -1.85003528125353    1.15378672479752   -2.79601967950956
  -1.85140561088558    1.15464133992518   -2.79763483688481
  -1.85995233907121    1.15997156341927   -2.80855715355090
  -1.86269341950344    1.16168105633886   -2.81178706476341
  -1.87133181571401    1.16706844920228   -2.82173109357703
  -1.87330079558877    1.16829641650859   -2.82423904285451
  -1.88113927745728    1.17318493750821   -2.83444408295661
  -1.88445146478092    1.17525060501347   -2.83863554021355
  -1.89198975464977    1.17995190928938   -2.84751807308667
  -1.89558751172825    1.18219567425876   -2.85216082601933
  -1.90190084009878    1.18613302320395   -2.86007773114256
  -1.90655263393845    1.18903414516259   -2.86588809677773
  -1.91276348909419    1.19290758601042   -2.87310621602426
  -1.91783693674263    1.19607167515242   -2.87927482678032
  -1.92317175362088    1.19939876894123   -2.88587400208720
  -1.92848323146313    1.20271130718607   -2.89172908619781
  -1.93456970235151    1.20650717496386   -2.89906368588006
  -1.93944907156671    1.20955022580885   -2.90626392755235
  -1.94374826685550    1.21223144735191   -2.91167683310763
  -1.95058598777155    1.21649583717233   -2.91898303702855
  -1.95534523940752    1.21946397589552   -2.92470134338964
  -1.96120972436156    1.22312140067889   -2.93230776600763
  -1.96546325308441    1.22577414196641   -2.93778737267890
  -1.97217604709195    1.22996062029506   -2.94603610172722
  -1.97633088161565    1.23255181029330   -2.95084893051795
  -1.98344275776890    1.23698717883852   -2.95943347991632
  -1.98671350843400    1.23902700409794   -2.96362762143694
  -1.99428044383712    1.24374617335054   -2.97329151155221
  -1.99704729378436    1.24547173759841   -2.97649260559131
  -2.00541837106086    1.25069241524265   -2.98601149838587
  -2.00764594848544    1.25208165861924   -2.98903962389466
  -2.01621409059394    1.25742523704779   -2.99832821161718
  -2.01956309325283    1.25951386468008   -3.00243466896065
  -2.02701048301034    1.26415847850106   -3.01306639534124
  -2.02910004465182    1.26546164742276   -3.01546356260533
  -2.03814903009838    1.27110510697563   -3.02578692203366
  -2.04018275392312    1.27237345227405   -3.02823340525946
  -2.04911682352517    1.27794524380133   -3.03951656903694
  -2.05044304690581    1.27877235177392   -3.04117571055208
  -2.05993317375425    1.28469093207632   -3.05345312676984
  -2.06063985738925    1.28513165999376   -3.05423222524899
  -2.07122720575255    1.29173452974234   -3.06599973426455
  -2.07187408702184    1.29213796151933   -3.06684448299659
  -2.08133599296903    1.29803894167024   -3.07989899643056
  -2.08203083058464    1.29847228173943   -3.08069566163546
  -2.09247559977439    1.30498623104452   -3.09262045336025
  -2.09316113672201    1.30541377069067   -3.09342816486786
  -2.10375828290630    1.31202275091503   -3.10512704939226
  -2.10440212183523    1.31242428531637   -3.10597417602614
  -2.11287132327857    1.31770615874547   -3.11866827256427
  -2.11494687372963    1.31900058949571   -3.12106577729707
  -2.12418269619162    1.32476057118752   -3.13118845262404
  -2.12619481944385    1.32601544514620   -3.13373973539419
  -2.13463861309779    1.33128147283960   -3.14471800018118
  -2.13669538529077    1.33256419240513   -3.14714128015654
  -2.14503498314425    1.33776523769924   -3.15749879208888
  -2.14766517673405    1.33940557530702   -3.16087273476216
  -2.15589251237676    1.34453660753176   -3.17056607545207
  -2.15879244681646    1.34634517080253   -3.17441830577597
  -2.16566279961134    1.35062991170976   -3.18328765762884
  -2.16977659131970    1.35319550508508   -3.18813444001070
  -2.17667421309167    1.35749725247001   -3.19615332200477
  -2.18108935699044    1.36025078612966   -3.20146285036490
  -2.18772869944991    1.36439145591513   -3.20903092540591
  -2.19153071107170    1.36676260557978   -3.21417935855253
  -2.19723492487766    1.37032007620286   -3.22201682087504
  -2.20285967220042    1.37382798702873   -3.22832230798002
  -2.20834512200547    1.37724902403745   -3.23478503891245
  -2.21381264475351    1.38065888071864   -3.24129457212709
  -2.21911342483183    1.38396474723233   -3.24794860600431
  -2.22445953355308    1.38729888325363   -3.25457723277959
  -2.22940258896022    1.39038165241294   -3.26087056865654
  -2.23543119734050    1.39414143385530   -3.26831040280218
  -2.24023126730042    1.39713502919587   -3.27396556599325
  -2.24657424591496    1.40109086971161   -3.28184194943585
  -2.25066328097610    1.40364102344035   -3.28671953027951
  -2.25737499549841    1.40782682854090   -3.29497016378440
  -2.26152727342158    1.41041642409833   -3.29978410675027
  -2.26886267132864    1.41499119346194   -3.30890384031852
  -2.27161123993220    1.41670535642906   -3.31222538736339
  -2.27913011894626    1.42139455499715   -3.32177199284140
  -2.28209518740941    1.42324373953193   -3.32564149909647
  -2.29046377809238    1.42846286639568   -3.33516325081609
  -2.29318604349639    1.43016062519864   -3.33842105408960
  -2.30143690700449    1.43530633073206   -3.34889778060055
  -2.30349434444674    1.43658946518469   -3.35132166399675
  -2.31258143350225    1.44225668830500   -3.36243069001018
  -2.31394570990844    1.44310752829835   -3.36407141556836
  -2.32338362974172    1.44899354935086   -3.37556024462507
  -2.32471732243989    1.44982531561267   -3.37722178496724
  -2.33418636102451    1.45573074408003   -3.38949733777088
  -2.33487221867474    1.45615848373449   -3.39030534070498
  -2.34517252697639    1.46258233905238   -3.40242973500913
  -2.34587958998080    1.46302330356606   -3.40320917312295
  -2.35631256750427    1.46952989892057   -3.41536032128638
  -2.35690785398718    1.46990115326820   -3.41624857635505
  -2.36642331875294    1.47583553573012   -3.42908911589843
  -2.36710241203714    1.47625905674302   -3.42989373350187
  -2.37722673747839    1.48257315918745   -3.44221982198348
  -2.37791265630199    1.48300093699308   -3.44302788239362
  -2.38820155642403    1.48941767752439   -3.45514889729153
  -2.38905896348239    1.48995240510052   -3.45656246251570
  -2.39814768373392    1.49562064552699   -3.46767302183610
  -2.40019800811158    1.49689934386991   -3.47011108973070
  -2.40895183192646    1.50235872392129   -3.48080441814184
  -2.41100972904441    1.50364214505372   -3.48322873142068
  -2.41992738629152    1.50920370090741   -3.49373418494666
  -2.42197817315342    1.51048268768168   -3.49615450382689
  -2.42962163663249    1.51524958417441   -3.50655148285717
  -2.43277795293166    1.51721804168554   -3.51083455267782
  -2.44056787014871    1.52207627501945   -3.51953127225135
  -2.44427129732357    1.52438594184251   -3.52407517736167
  -2.45096970967822    1.52856345095833   -3.53232078037606
  -2.45508588470767    1.53113053070759   -3.53716976834840
  -2.46191153515661    1.53538739270147   -3.54529748844512
  -2.46606288797105    1.53797641130872   -3.55090798875150
  -2.47223736765657    1.54182716635425   -3.55818167838460
  -2.47703979755610    1.54482223348675   -3.56383904673493
  -2.48321442375283    1.54867307990496   -3.57111287572962
  -2.48800707678282    1.55166204962818   -3.57679139354234
  -2.49347960662681    1.55507502901784   -3.58408036912939
  -2.49882361447984    1.55840785481879   -3.59071123234974
  -2.50382066852311    1.56152430058425   -3.59693457023181
  -2.51030380445934    1.56556755113957   -3.60473482288399
  -2.51424511480909    1.56802557537615   -3.60976836201294
  -2.52060113271235    1.57198954793044   -3.61754009958091
  -2.52545992615518    1.57501976655906   -3.62320803013004
  -2.53208084702205    1.57914894759661   -3.63160457459771
  -2.53536060769891    1.58119439200938   -3.63576939975000
  -2.54256523874405    1.58568760775568   -3.64344940129800
  -2.54682108563923    1.58834179478670   -3.64893250533431
  -2.55371598176511    1.59264184230445   -3.65779535469659
  -2.55663229098999    1.59446061781818   -3.66163422234193
  -2.56524095565592    1.59982946840736   -3.67250854378623
  -2.56661348492708    1.60068545535448   -3.67412505762737
  -2.57601752030036    1.60655034413967   -3.68487313247942
  -2.57807164680796    1.60783141370604   -3.68732500010203
  -2.58699754801792    1.61339811096163   -3.69861433278340
  -2.58836597973509    1.61425154244213   -3.70025604608365
  -2.59799321642080    1.62025563220031   -3.71237870419635
  -2.59865524846666    1.62066851285921   -3.71321210492050
  -2.60844407811417    1.62677338113553   -3.72508819010127
  -2.60981661693413    1.62762937403782   -3.72670498774119
  -2.61925305600462    1.63351447160284   -3.73903124760778
  -2.61993934229859    1.63394247858379   -3.73983966338665
  -2.63040521351487    1.64046958830713   -3.75095746484667
  -2.63175110635911    1.64130896327064   -3.75258451707996
  -2.64104357753470    1.64710427430692   -3.76510298325434
  -2.64172989833615    1.64753230280869   -3.76591143356148
  -2.65202484077883    1.65395281167319   -3.77803831934279
  -2.65270385839542    1.65437628549548   -3.77887110306807
  -2.66266403187353    1.66058801348368   -3.79137773193722
  -2.66335038743460    1.66101606366352   -3.79218621739140
  -2.67261640060377    1.66679487398931   -3.80390802791446
  -2.67466720956906    1.66807387454850   -3.80636209166148
  -2.68379041741944    1.67376362339384   -3.81742774053344
  -2.68516309003658    1.67461969973962   -3.81904491042703
  -2.69482126733757    1.68064308581693   -3.83024058307730
  -2.69629564710280    1.68156259249751   -3.83256593561905
  -2.70461449443641    1.68675069659282   -3.84305708810614
  -2.70760579358235    1.68861624006621   -3.84681154224996
  -2.71342141456251    1.69224319050946   -3.85597244183018
  -2.71883271869419    1.69561798607916   -3.86782847751172
  -2.71925034336794    1.69587844046585   -3.86869703510308
  -2.72128293857387    1.69714608189369   -3.88163265265910
  -2.72262890845710    1.69798550490307   -3.89456264530180
  -2.72298245860776    1.69820599879014   -3.90745982889199
  -2.72360573820000    1.69859471122533   -3.92042974690523
  -2.72362104087048    1.69860425483686   -3.93330557918096
  -2.72217948329597    1.69770521793235   -3.94629967068000
  -2.71995204211275    1.69631605952358   -3.95919080439415
  -2.71872036783486    1.69554791772353   -3.96169341479279
  -2.71197657454223    1.69134210648595   -3.97237661037449
  -2.70798057483708    1.68884997487159   -3.97734026494519
  -2.69936921873522    1.68347944575060   -3.98500167196187
  -2.69651803553649    1.68170128651332   -3.98721439127147
  -2.68585958931778    1.67505407611753   -3.99424817148674
  -2.68021619381216    1.67153453522923   -3.99800263716457
  -2.67459007206734    1.66802576723598   -4.00172393899082
  -2.66361079159772    1.66117846644012   -4.00905084120775
  -2.66096972028727    1.65953134487000   -4.01078133175327
  -2.65265111908581    1.65434339427663   -4.01626175754110
  -2.64245019068313    1.64798151788926   -4.02365716447466
  -2.64170232990333    1.64751510957344   -4.02429249139879
  -2.63072578257452    1.64066951331891   -4.02995322915689
  -2.62006895042577    1.63402330954852   -4.03617785427364
  -2.61863153664725    1.63312685694975   -4.03702437166984
  -2.60892495346410    1.62707328222426   -4.04237323206926
  -2.59813669270593    1.62034511213337   -4.04908198988407
  -2.59607695789924    1.61906054491422   -4.05010543119719
  -2.58699068764976    1.61339383244771   -4.05527829566265
  -2.57620480356351    1.60666714458395   -4.06198622637088
  -2.57476305260385    1.60576798707351   -4.06283450682057
  -2.56505678901888    1.59971461166754   -4.06818344996022
  -2.55423462160161    1.59296529546471   -4.07414520334356
  -2.55207277076753    1.59161704291048   -4.07554797563994
  -2.54312264145091    1.58603523563611   -4.08028059451705
  -2.53285139664517    1.57962950595944   -4.08708115298129
  -2.52889319091769    1.57716094480893   -4.08905394303800
  -2.52105926574750    1.57227526562432   -4.09287012877752
  -2.51044486064955    1.56565552176444   -4.09977109077070
  -2.50762806217036    1.56389880678464   -4.10156875052134
  -2.49940353428439    1.55876952563595   -4.10640824676885
  -2.48867903618615    1.55208112154915   -4.11223814582781
  -2.48432695634349    1.54936691820470   -4.11466702963687
  -2.47719715960976    1.54492037337108   -4.11868010345293
  -2.46675510518131    1.53840811714480   -4.12514970316613
  -2.46366105266230    1.53647849085149   -4.12724610465282
  -2.45526564560497    1.53124263977872   -4.13157197105786
  -2.44480348868574    1.52471784650128   -4.13679165051362
  -2.43914196351747    1.52118699892910   -4.14045414063617
  -2.43346507727751    1.51764657132309   -4.14399702228968
  -2.42265217637096    1.51090303424088   -4.14998468397928
  -2.41773541961144    1.50783666640688   -4.15301548907752
  -2.41152637033850    1.50396435180979   -4.15609852230353
  -2.40074410938408    1.49723992353614   -4.16286725787177
  -2.39512418257307    1.49373501905427   -4.16587736520545
  -2.38960130051645    1.49029063717458   -4.16900125978490
  -2.37851891370692    1.48337903342870   -4.17515280883592
  -2.37254438058786    1.47965297638024   -4.17883707125799
  -2.36767882582233    1.47661854100804   -4.18190252325931
  -2.35709674559204    1.47001895676542   -4.18764481092373
  -2.34990198747923    1.46553189833859   -4.19176278909978
  -2.34574344324908    1.46293839475741   -4.19400334909237
  -2.33494220686400    1.45620213233107   -4.20002124483190
  -2.32795508695081    1.45184456883912   -4.20458400181275
  -2.32380377662936    1.44925557673290   -4.20691449852159
  -2.31283989637682    1.44241788038417   -4.21255881034599
  -2.30460328745412    1.43728106481711   -4.21729397233566
  -2.30190446516020    1.43559792646463   -4.21899435940155
  -2.29092649928089    1.42875144552171   -4.22545671703322
  -2.28392325160711    1.42438382384533   -4.22995278949105
  -2.27968551608497    1.42174093209175   -4.23207240215184
  -2.26899982247366    1.41507672867957   -4.23755344428541
  -2.26074662176896    1.40992956553806   -4.24310661443880
  -2.25801390607061    1.40822528934000   -4.24482614226318
  -2.24705348882882    1.40138975272080   -4.25046938638644
  -2.23746608535517    1.39541050520846   -4.25603443827908
  -2.23612590745571    1.39457469440803   -4.25690057131491
  -2.22513726166994    1.38772155287089   -4.26337009921281
  -2.21616053975580    1.38212316094740   -4.26885580519767
  -2.21402968599309    1.38079423992151   -4.27030048948068
  -2.20307702445804    1.37396354020006   -4.27595824301086
  -2.19349038495365    1.36798476914219   -4.28165741536624
  -2.19210773671122    1.36712247143179   -4.28240702269686
  -2.18146211114424    1.36048325672016   -4.28799732047370
  -2.17027598634865    1.35350695609397   -4.29403635465707
  -2.16952048791693    1.35303578450608   -4.29462215204801
  -2.15919820276399    1.34659822317970   -4.29932736299980
  -2.14834497274554    1.33982953458043   -4.30371134708003
  -2.13877829992315    1.33386321587570   -4.30783081841134
  -2.13735650585143    1.33297650461026   -4.30855258430880
  -2.12631018620100    1.32608739438643   -4.31304063130614
  -2.11543331137430    1.31930395954630   -4.31822685632178
  -2.10996103614813    1.31589113895072   -4.32061501192743
  -2.10448373359675    1.31247518303058   -4.32306175891193
  -2.09367751578167    1.30573581390251   -4.32759266080861
  -2.08270419498154    1.29889222989391   -4.33261430560225
  -2.08046678402472    1.29749685376998   -4.33352375645632
  -2.07146601864667    1.29188346698139   -4.33721003360091
  -2.06051181301225    1.28505180427216   -4.34125154287263
  -2.04965760640876    1.27828250661918   -4.34563440149939
  -2.04761572901790    1.27700907629539   -4.34648481009374
  -2.03869276517397    1.27144421094753   -4.35047228224837
  -2.02789361405386    1.26470924901046   -4.35502439366434
  -2.01936340928306    1.25938933045319   -4.35891917080778
  -2.01653819794520    1.25762736873851   -4.36024714995356
  -2.00579810583320    1.25092923934201   -4.36417805817576
  -1.99481576446012    1.24408002959349   -4.36901866164076
  -1.98730569584920    1.23939632569152   -4.37223902952335
  -1.98384183768713    1.23723606766592   -4.37385740727978
  -1.97290396925199    1.23041459375894   -4.37788418629667
  -1.96203452500863    1.22363579305120   -4.38268036957079
  -1.95712439821278    1.22057356003785   -4.38514457638959
  -1.95086282926748    1.21666849120014   -4.38801408500546
  -1.94018538358116    1.21000943166086   -4.39214099639568
  -1.92904651343557    1.20306260170932   -4.39723704231248
  -1.92829105054452    1.20259145228660   -4.39782290753964
  -1.91802355338749    1.19618805985581   -4.40207743428335
  -1.90702298217623    1.18932748094829   -4.40576176375825
  -1.89680291037592    1.18295366565451   -4.41080303178907
  -1.89604117923312    1.18247860699518   -4.41139757649828
  -1.88515980828180    1.17569236811722   -4.41578532255758
  -1.87422493749507    1.16887276371349   -4.41981284710036
  -1.86530265233924    1.16330832163394   -4.42380084028160
  -1.86326128698084    1.16203521064257   -4.42465242759427
  -1.85226658678255    1.15517829323107   -4.42949266423590
  -1.84111512118109    1.14822360804027   -4.43447381108879
  -1.83709952624763    1.14571925573232   -4.43634325757626
  -1.83030614632157    1.14148251946322   -4.43916822191587
  -1.81932484799723    1.13463396021895   -4.44285845960510
  -1.80841258928773    1.12782845798655   -4.44885628183071
  -1.80634826634600    1.12654102934668   -4.44963037670731
  -1.79734855648933    1.12092830084098   -4.45331749408186
  -1.78640371880242    1.11410248051410   -4.45736115713690
  -1.77737924660061    1.10847430880826   -4.46182901929621
  -1.77532927227599    1.10719582877824   -4.46267604332435
  -1.76452297314833    1.10045640893904   -4.46740475819000
  -1.75340869705006    1.09352491722758   -4.47156812057799
  -1.74490014419707    1.08821850203189   -4.47573351628595
  -1.74272755035079    1.08686354952713   -4.47690246865462
  -1.73158289796302    1.07991311344206   -4.48074635504776
  -1.72051977738806    1.07301352521065   -4.48608533689277
  -1.71586609825510    1.07011122747639   -4.48809803654443
  -1.70974321971200    1.06629265382422   -4.49081235769115
  -1.69877983343543    1.05945526554687   -4.49484571936357
  -1.68789010807583    1.05266381638700   -4.49929532840111
  -1.68501978902930    1.05087372295183   -4.50098248200835
  -1.67685401551221    1.04578108435342   -4.50452914506899
  -1.66569090150233    1.03881913455575   -4.50943099297240
  -1.65538280901184    1.03239042457707   -4.51382729520145
  -1.65423471324690    1.03167440706875   -4.51435265621576
  -1.64387559650338    1.02521387547759   -4.51784427257079
  -1.63295351224160    1.01840224547461   -4.52269920873190
  -1.62349557754443    1.01250374202001   -4.52726944126366
  -1.62199823843837    1.01156991659485   -4.52791932455150
  -1.61096482919942    1.00468885803442   -4.53154234173861
  -1.59979327143890    0.99772164223588   -4.53661236272013
  -1.59323733019587    0.99363298617002   -4.53974388133162
  -1.58915127859200    0.99108469309413   -4.54164814244237
  -1.57809669040546    0.98419042614312   -4.54607376674948
  -1.56753109829194    0.97760112482345   -4.55028516455145
  -1.56234457407803    0.97436651473440   -4.55266686705846
  -1.55605794286389    0.97044581564716   -4.55539886986017
  -1.54530027101245    0.96373672253002   -4.55940045018339
  -1.53443089858039    0.95695796660787   -4.56380938554490
  -1.53153648127206    0.95515284413252   -4.56550491259832
  -1.52325866399568    0.94999032870345   -4.56945203665523
  -1.51233400984861    0.94317709597453   -4.57350371626712
  -1.50228058262409    0.93690720967133   -4.57879313535889
  -1.50068800136716    0.93591398584958   -4.57989792139333
  -1.49085143150221    0.92977934407128   -4.58577700367846
  -1.48495690107849    0.92610318123227   -4.59212546804667
  -1.48469520113111    0.92593997033125   -4.59308766567310
      
      
