# shadow point cont 3D ind 289  size 1349
# norm -0.6434559 -0.7654832  0.0000000
# angle  2.2698007
   1.33182222948341   -1.11951354286837   -4.59098546374575
   1.33474557414748   -1.12197087078305   -4.58727730552353
   1.34428318641530   -1.12998807147552   -4.57906657647920
   1.34494567283216   -1.13054494948763   -4.57848448637823
   1.35452889609188   -1.13860049022429   -4.57312685025611
   1.36425500988800   -1.14677614300526   -4.56946808150453
   1.37355491609440   -1.15459353087804   -4.56555078974560
   1.37424386673798   -1.15517265439677   -4.56503997685105
   1.38406986895665   -1.16343227216897   -4.56062419708856
   1.39392670476124   -1.17171780827791   -4.55656455591199
   1.40263595936895   -1.17903870161170   -4.55276196796747
   1.40391386810836   -1.18011289613154   -4.55212922224998
   1.41381615193816   -1.18843663529685   -4.54729177556804
   1.42351608737098   -1.19659028286452   -4.54332468935439
   1.43048501318404   -1.20244827701288   -4.54015443591272
   1.43366641467549   -1.20512252435321   -4.53901473384524
   1.44341491250243   -1.21331699287782   -4.53401215650865
   1.45328874136988   -1.22161681314840   -4.52916016425786
   1.45826103147538   -1.22579645964247   -4.52692029814079
   1.46326578085094   -1.23000339100355   -4.52469710649311
   1.47306977855705   -1.23824451205054   -4.52028916957880
   1.48296018443334   -1.24655826675282   -4.51544969423407
   1.48727141993904   -1.25018223880274   -4.51389477248599
   1.49300832454392   -1.25500461093104   -4.51157468444107
   1.50264589629534   -1.26310583634779   -4.50706178488201
   1.51267201297705   -1.27153366789998   -4.50289078834109
   1.51698783986428   -1.27516149940930   -4.50101133700707
   1.52255769551148   -1.27984345221864   -4.49773358890929
   1.53248576212417   -1.28818886407718   -4.49322415455873
   1.54237636241853   -1.29650278220492   -4.48919075869096
   1.54315504456292   -1.29715733293019   -4.48870848844527
   1.55221337315022   -1.30477165359907   -4.48401437632840
   1.56208552232734   -1.31307006194243   -4.47915989691889
   1.57018870417725   -1.31988149789873   -4.47545561779123
   1.57204880543542   -1.32144507635802   -4.47467234190504
   1.58186970238674   -1.32970040270467   -4.47029227071253
   1.59174339676169   -1.33800010992250   -4.46624227530125
   1.60140285563764   -1.34611973338951   -4.46221541689844
   1.60194413492321   -1.34657472616351   -4.46166636864182
   1.61152556170526   -1.35462875680292   -4.45656458221768
   1.62141704109737   -1.36294341388952   -4.45253389023660
   1.62884017684989   -1.36918321138016   -4.44931472255102
   1.63145768527254   -1.37138345707576   -4.44775789190562
   1.64121314870964   -1.37958378080742   -4.44287302943942
   1.65115143056623   -1.38793777947556   -4.43918735069473
   1.65724099959184   -1.39305659702003   -4.43625883455470
   1.66077379397850   -1.39602622094767   -4.43425597879850
   1.67093461837072   -1.40456728616041   -4.42951034829816
   1.68087948923944   -1.41292682347188   -4.42468112728647
   1.68272140605964   -1.41447511631412   -4.42383059810475
   1.69077064582475   -1.42124120921102   -4.41984260327775
   1.70063641448382   -1.42953425416862   -4.41580974932166
   1.71044059461348   -1.43777552855862   -4.41221913741019
   1.71295077008715   -1.43988555148476   -4.41064732377847
   1.72024477379251   -1.44601680214953   -4.40629098752894
   1.73028593401404   -1.45445727911805   -4.40209647233103
   1.74011580967209   -1.46272015285622   -4.39851226997302
   1.74138746066598   -1.46378908719140   -4.39774731783750
   1.75013511742062   -1.47114226090212   -4.39242812034621
   1.75980808239786   -1.47927323743336   -4.38849743722234
   1.76732126335523   -1.48558872582632   -4.38480876852325
   1.76991072474797   -1.48776539553023   -4.38326511362436
   1.77968292649202   -1.49597978927882   -4.37915954912050
   1.78948754002627   -1.50422142798344   -4.37556924928937
   1.79697309116403   -1.51051369108661   -4.37181426114095
   1.79949784769432   -1.51263597067132   -4.37033346742603
   1.80944724351335   -1.52099931160090   -4.36582192172463
   1.81915923305485   -1.52916309170549   -4.36189317097021
   1.82365220863155   -1.53293983224529   -4.35931528331169
   1.82936390054676   -1.53774101089378   -4.35663720150152
   1.83905353220629   -1.54588599723513   -4.35177777137368
   1.84899435600319   -1.55424213262732   -4.34808103139619
   1.85213802560522   -1.55688466300101   -4.34647560044327
   1.85891610122865   -1.56258223080476   -4.34324969307546
   1.86861590006675   -1.57073576355257   -4.33854105873407
   1.87860592548649   -1.57913325722958   -4.33401282244314
   1.88047440515365   -1.58070387847742   -4.33330962327986
   1.88901766875170   -1.58788524179046   -4.32970549121443
   1.89829020740065   -1.59567962482783   -4.32486437157098
   1.90769292027526   -1.60358343073360   -4.32042235604358
   1.90837148590165   -1.60415382473338   -4.31986823284154
   1.91818073876555   -1.61239936320199   -4.31548171201322
   1.92815720100209   -1.62078545583242   -4.31100117253896
   1.93559897725801   -1.62704092230315   -4.30786918306491
   1.93815874854320   -1.62919263486431   -4.30661888824829
   1.94786575763505   -1.63735222846359   -4.30179382705334
   1.95774839843353   -1.64565945593606   -4.29773646850187
   1.96463719100709   -1.65145009105941   -4.29497061269696
   1.96779764379085   -1.65410672917123   -4.29371830148324
   1.97742720246312   -1.66220121889125   -4.28858908826099
   1.98749765158277   -1.67066631575075   -4.28439625009186
   1.99302760243202   -1.67531472507302   -4.28172596771718
   1.99733554877974   -1.67893593229682   -4.27923810440559
   2.00731894196348   -1.68732785099705   -4.27391986247076
   2.01719539683825   -1.69562987865739   -4.26988896589545
   2.01790843633988   -1.69622925097676   -4.26927812399776
   2.02712265191536   -1.70397460834901   -4.26424450564034
   2.03690424156590   -1.71219689345745   -4.25827320005410
   2.04069631657527   -1.71538446551817   -4.25617914803514
   2.04703400965935   -1.72071185312375   -4.25253106706152
   2.05668482295624   -1.72882420922232   -4.24777755715855
   2.06541419039058   -1.73616200915317   -4.24319039682550
   2.06667616664158   -1.73722281101734   -4.24247237591550
   2.07647602458397   -1.74546045222937   -4.23650846639862
   2.08636069892055   -1.75376938906919   -4.23163554641859
   2.08889487554185   -1.75589958706766   -4.23025465399329
   2.09649180187322   -1.76228547080189   -4.22590368802687
   2.10639268215525   -1.77060803016205   -4.22024754604365
   2.11068531746597   -1.77421636711465   -4.21772801855114
   2.11624918180295   -1.77889328370159   -4.21462337070316
   2.12639082804123   -1.78741822799175   -4.20946470229729
   2.13527284315624   -1.79488434170354   -4.20440807488335
   2.13595276345456   -1.79545587442405   -4.20376248700595
   2.14582641297183   -1.80375554393504   -4.19811987544913
   2.15571530234470   -1.81206802388302   -4.19328294544622
   2.15821190759864   -1.81416663984776   -4.19166765163031
   2.16563116244333   -1.82040317509454   -4.18682794446877
   2.17550232876475   -1.82870075726137   -4.18199311775702
   2.18111470647704   -1.83341845360064   -4.17890697246894
   2.18554096945527   -1.83713911634280   -4.17586198981480
   2.19518689576766   -1.84524736450173   -4.17037821045956
   2.20334088724301   -1.85210151041025   -4.16590877404729
   2.20532721497432   -1.85377119330527   -4.16457256470806
   2.21508603065377   -1.86197433489102   -4.15941386816272
   2.22513387130535   -1.87042042734767   -4.15406992769126
   2.22582982149699   -1.87100543460123   -4.15344074781298
   2.23462907298348   -1.87840197821505   -4.14831116387054
   2.24465804636733   -1.88683221107626   -4.14293309847095
   2.25024888700480   -1.89153180361279   -4.13980380740965
   2.25454755306289   -1.89514520993818   -4.13731856295316
   2.26454816028785   -1.90355159855176   -4.13199836200446
   2.27386251502632   -1.91138113168461   -4.12729406773143
   2.27455255245992   -1.91196116874579   -4.12670266724702
   2.28447634843892   -1.92030299076167   -4.12103225613078
   2.29412307482126   -1.92841191144965   -4.11554872641924
   2.29665450649752   -1.93053980208077   -4.11408217912470
   2.30424692949892   -1.93692190037068   -4.10975988243518
   2.31402813634949   -1.94514386370211   -4.10458400980406
   2.31960873698963   -1.94983484862163   -4.10140730139952
   2.32392899487341   -1.95346640477267   -4.09893913387221
   2.33369934015177   -1.96167923799881   -4.09297117227299
   2.34302378435063   -1.96951725220916   -4.08823581031271
   2.34370549346756   -1.97009028858879   -4.08765009581083
   2.35348797506204   -1.97831332345444   -4.08168254451917
   2.36339435475554   -1.98664050555288   -4.07681474010516
   2.36591886056062   -1.98876257438105   -4.07537891742860
   2.37329004398332   -1.99495870137607   -4.07197847295224
   2.38340213862937   -2.00345880495777   -4.06541493869680
   2.38887256546191   -2.00805717911667   -4.06270471761782
   2.39319069583252   -2.01168694690606   -4.06023733696288
   2.40308142542229   -2.02000097371794   -4.05459282663335
   2.41058762982107   -2.02631059770075   -4.05000818029903
   2.41306236214677   -2.02839082754844   -4.04850249820833
   2.42287323865797   -2.03663773083519   -4.04330459569842
   2.43266339632862   -2.04486721811696   -4.03892066876394
   2.43520991981739   -2.04700779474183   -4.03676891851416
   2.44280006273924   -2.05338797642465   -4.03151613731694
   2.45243038914597   -2.06148311149290   -4.02525758151297
   2.45430969755516   -2.06306283524938   -4.02371322801999
   2.46245986745680   -2.06991376878958   -4.01588057949189
   2.46743231239358   -2.07409354543294   -4.01108663654790
   2.47235289763485   -2.07822972944796   -4.00619645709787
   2.48224013608342   -2.08654082164908   -3.99974277311620
   2.48409874075211   -2.08810314209350   -3.99813084090992
   2.49213575269078   -2.09485895642843   -3.99167586569805
   2.49917940550388   -2.10077976518276   -3.98578395437917
   2.50229294567168   -2.10339696912105   -3.98349189531933
   2.51177384608261   -2.11136649851744   -3.97529233111668
   2.51563215382539   -2.11460974500707   -3.97230990426462
   2.52212659697362   -2.12006889480716   -3.96623184363057
   2.52695828991418   -2.12413035703702   -3.95964016649781
   2.53152752141775   -2.12797119738006   -3.94663598045754
   2.53168704783017   -2.12810529333910   -3.93356683603143
   2.53200613938747   -2.12837351781524   -3.92549347669242
   2.53231124503180   -2.12862998590331   -3.92064874536718
   2.53339806969038   -2.12954355747244   -3.90784018561139
   2.53524235885638   -2.13109384447967   -3.89491829787415
   2.53653263416138   -2.13217843418391   -3.88196832430709
   2.53775570697276   -2.13320653429062   -3.86904556318463
   2.53928322734507   -2.13449054930850   -3.85607325334848
   2.53878089303253   -2.13406829320444   -3.84309087871134
   2.53757037965020   -2.13305075040079   -3.83013392970089
   2.53514904495570   -2.13101540595144   -3.81712928208533
   2.53240796332725   -2.12871128612431   -3.80427473328090
   2.53198208549668   -2.12835329840765   -3.80338667925928
   2.52572263947703   -2.12309168433130   -3.79115807895522
   2.52188099952067   -2.11986244857989   -3.78476150144655
   2.51739703977245   -2.11609328663569   -3.77845899266202
   2.51182326358517   -2.11140803826812   -3.77118196290114
   2.50642212488178   -2.10686790686657   -3.76527029554740
   2.50206980207633   -2.10320939733297   -3.75965852791644
   2.49589334376073   -2.09801754170974   -3.75233748347422
   2.49201317411511   -2.09475591837088   -3.74772165482108
   2.48426835534045   -2.08824571805033   -3.73920428691491
   2.48240916421132   -2.08668290463443   -3.73681433356533
   2.47542610412710   -2.08081302938991   -3.72654230927723
   2.47234826497287   -2.07822583528873   -3.72320330768015
   2.46418761530974   -2.07136609258867   -3.71370442006840
   2.46228459192592   -2.06976643431340   -3.71134662507501
   2.45350564246979   -2.06238695633899   -3.70100157937719
   2.45222308942247   -2.06130885787050   -3.69942074228819
   2.44326248898179   -2.05377668629122   -3.68779979420434
   2.44268107262431   -2.05328795478348   -3.68694810328527
   2.43257686227474   -2.04479447864537   -3.67656190716438
   2.43132648802063   -2.04374342927846   -3.67496223269622
   2.42281289426932   -2.03658700607716   -3.66425010761313
   2.42095540532574   -2.03502562349770   -3.66182490376274
   2.41275553137249   -2.02813290933716   -3.65151421566806
   2.41089453153547   -2.02656857554343   -3.64909255614680
   2.40285454789031   -2.01981026322821   -3.64019016177768
   2.39917592860711   -2.01671806066887   -3.63609338000380
   2.39308865885534   -2.01160117586598   -3.62789804445852
   2.38938053512833   -2.00848417223056   -3.62302037634753
   2.38319609568287   -2.00328560776680   -3.61649145631196
   2.37823738185003   -1.99911737332216   -3.61008525317536
   2.37312987339302   -1.99482406392895   -3.60301306931538
   2.36773277384090   -1.99028732778875   -3.59710367249792
   2.36353446894304   -1.98675828383214   -3.59209865887960
   2.35709433599900   -1.98134478652813   -3.58433255810523
   2.35333427520239   -1.97818412522467   -3.58036462381074
   2.34604705716559   -1.97205857851023   -3.57128328135700
   2.34357087383310   -1.96997712896390   -3.56805017123324
   2.33553825491130   -1.96322500734543   -3.55831698454290
   2.33366663151634   -1.96165174351831   -3.55592533552763
   2.32548926952242   -1.95477795263656   -3.54558865057465
   2.32360787942216   -1.95319647903593   -3.54319520099403
   2.31435001701764   -1.94541443267086   -3.53265282329584
   2.31371190022143   -1.94487803946501   -3.53187317787638
   2.30441954678263   -1.93706700035667   -3.51975494206331
   2.30380056159540   -1.93654668894829   -3.51894672795136
   2.29390601543400   -1.92822945397277   -3.50762483438658
   2.29327859606356   -1.92770205289272   -3.50682205268196
   2.28474137010101   -1.92052576474253   -3.49621160132532
   2.28228580571245   -1.91846164722931   -3.49288638673000
   2.27411150448118   -1.91159042918736   -3.48417585084496
   2.27161615954275   -1.90949287262849   -3.48095787464215
   2.26449838684288   -1.90350975960022   -3.47247093713654
   2.26114815971977   -1.90069359949042   -3.46795435833535
   2.25444125814934   -1.89505585972865   -3.45974245678298
   2.25013583370416   -1.89143677238540   -3.45483274678779
   2.24439366731878   -1.88660997726851   -3.44781682841556
   2.23958819462692   -1.88257055546031   -3.44196208056735
   2.23464615905629   -1.87841634055973   -3.43626813228378
   2.22799002583345   -1.87282127605251   -3.42878669773779
   2.22489031151433   -1.87021569395419   -3.42478765973163
   2.21914235919443   -1.86538403525122   -3.41614170498782
   2.21484435859923   -1.86177118830584   -3.41120971158800
   2.20756787156236   -1.85565466193922   -3.40293083573675
   2.20508717194959   -1.85356941606271   -3.39973632069584
   2.19730853709230   -1.84703079035502   -3.39053334903243
   2.19472260624442   -1.84485708838412   -3.38741296729115
   2.18636842836565   -1.83783466822340   -3.37731116469204
   2.18513079642988   -1.83679432989407   -3.37569508012428
   2.17572424026838   -1.82888729336816   -3.36455080509940
   2.17508632408498   -1.82835106879500   -3.36377136009094
   2.16533523047026   -1.82015441828280   -3.35224424293597
   2.16424702718701   -1.81923968785856   -3.35124951499401
   2.15558410365723   -1.81195773986450   -3.33993741607482
   2.15434655698951   -1.81091747321046   -3.33832141647455
   2.14554082965500   -1.80351548607768   -3.32798286655335
   2.14309980690046   -1.80146359208487   -3.32549259206349
   2.13562987176214   -1.79518445560061   -3.31589826777875
   2.13286274546859   -1.79285844294526   -3.31234602249192
   2.12589571071603   -1.78700203839933   -3.30430477539857
   2.12253939844389   -1.78418076318738   -3.29986884264449
   2.11568707161772   -1.77842078072709   -3.29185654457775
   2.11103600919743   -1.77451115431226   -3.28660716924902
   2.10626463263621   -1.77050039329615   -3.28071808803407
   2.10100916902726   -1.76608271460448   -3.27383008855410
   2.09603272458850   -1.76189957602849   -3.26741868283103
   2.09038402481399   -1.75715134780615   -3.26106214012675
   2.08600057070507   -1.75346666967807   -3.25630097785578
   2.07920599267731   -1.74775523015426   -3.24819320184285
   2.07608122593221   -1.74512858929184   -3.24418919524867
   2.06881188118295   -1.73901806664518   -3.23509986708021
   2.06622018825533   -1.73683952114024   -3.23205307538842
   2.05769344188336   -1.72967204200623   -3.22214267629592
   2.05643931005966   -1.72861783407210   -3.22055673941024
   2.04748297882635   -1.72108925113653   -3.20885735983971
   2.04686624851397   -1.72057083514848   -3.20801332185194
   2.03715718739157   -1.71240951663731   -3.19647036144249
   2.03651025841019   -1.71186571601596   -3.19570810873002
   2.02690721184572   -1.70379351205080   -3.18477762820892
   2.02558490428474   -1.70268199642238   -3.18320568818357
   2.01669409419092   -1.69520848975852   -3.17147807161909
   2.01561149621078   -1.69429847108380   -3.17046776531422
   2.00695980198686   -1.68702596230747   -3.15994787310030
   2.00452780616993   -1.68498165624846   -3.15744149806850
   1.99720912511294   -1.67882966210250   -3.14845320090707
   1.99400484093934   -1.67613617985830   -3.14453529497111
   1.98716900310867   -1.67039005784677   -3.13651429207321
   1.98344665945475   -1.66726110111401   -3.13169086229883
   1.97712032023577   -1.66194325742915   -3.12381255217897
   1.97234281658335   -1.65792734605480   -3.11871422087870
   1.96765422239962   -1.65398617089681   -3.11278692852407
   1.96284627545826   -1.64994466926462   -3.10613591762529
   1.95714921622072   -1.64515579066674   -3.09976380574733
   1.95142538956942   -1.64034441170692   -3.09275250718209
   1.94759197047555   -1.63712208631238   -3.08802886523387
   1.94031493306481   -1.63100509730819   -3.07975273130685
   1.93783154787657   -1.62891759396965   -3.07655812940744
   1.93040969015928   -1.62267887077987   -3.06686545543564
   1.92793576200020   -1.62059931690483   -3.06363458826898
   1.91929299315748   -1.61333431069522   -3.05387630929636
   1.91804048316189   -1.61228146605003   -3.05232548150219
   1.90924630831721   -1.60488918979949   -3.04119048371951
   1.90799069838464   -1.60383373938504   -3.03960414647497
   1.89859601234408   -1.59593668073819   -3.02846710554287
   1.89795845590754   -1.59540075856386   -3.02768800517755
   1.88852422616435   -1.58747045996228   -3.01733900084202
   1.88652698657500   -1.58579160469231   -3.01499944413205
   1.87816246245968   -1.57876048761118   -3.00426518651461
   1.87691498312190   -1.57771187167567   -3.00265063050824
   1.86872072014643   -1.57082387403471   -2.99315924073476
   1.86562867562549   -1.56822473907532   -2.98912100224492
   1.85838764693190   -1.56213801856013   -2.98003230984069
   1.85542550038161   -1.55964807425256   -2.97660242685786
   1.84877770412385   -1.55406001769663   -2.96832372810919
   1.84446682285521   -1.55043634341406   -2.96341373448611
   1.83889817370068   -1.54575540476777   -2.95696753988422
   1.83381501997805   -1.54148256766759   -2.95070709058473
   1.82883554134474   -1.53729687858462   -2.94429596337087
   1.82342478359174   -1.53274866152714   -2.93763276445439
   1.81896215202869   -1.52899742779559   -2.93214886912415
   1.81291290541544   -1.52391250477977   -2.92471071015222
   1.80958496888772   -1.52111508187294   -2.92097999825092
   1.80169574059564   -1.51448349267113   -2.91187482448834
   1.79905795322350   -1.51226620073761   -2.90894896642917
   1.79186338415791   -1.50621853361979   -2.89892559335702
   1.78941645151412   -1.50416167184607   -2.89563688476121
   1.78116319694133   -1.49722408658700   -2.88624765893944
   1.77921476751643   -1.49558626054669   -2.88392662339902
   1.77024915270524   -1.48804987394864   -2.87302378731487
   1.76963085315191   -1.48753013887576   -2.87221624262154
   1.76008742756291   -1.47950805157632   -2.86047771035700
   1.75945002925871   -1.47897226232611   -2.85969875700102
   1.74971229369159   -1.47078684042601   -2.84896884135223
   1.74845499056184   -1.46972996673064   -2.84738297346285
   1.73965748967812   -1.46233489465218   -2.83627982213352
   1.73840828138766   -1.46128482538012   -2.83466449818911
   1.73007439062431   -1.45427945832150   -2.82534210320052
   1.72697036036133   -1.45167024829336   -2.82133922588479
   1.72002997100944   -1.44583624154665   -2.81263979947572
   1.71635081557048   -1.44274358830130   -2.80855628112810
   1.71027791868010   -1.43763878515061   -2.80115087835416
   1.70595028212311   -1.43400102657675   -2.79549849089862
   1.70011860674606   -1.42909899129179   -2.78863226435503
   1.69574992122155   -1.42542672745586   -2.78298249535547
   1.69034040400716   -1.42087955318003   -2.77632043886963
   1.68480880745085   -1.41622976049645   -2.76981750585034
   1.68060355478388   -1.41269487632976   -2.76481318791580
   1.67429667840042   -1.40739339286734   -2.75690208171966
   1.67044151033297   -1.40415278555055   -2.75229657051819
   1.66375793981777   -1.39853465758959   -2.74402083506420
   1.66066700609649   -1.39593645635486   -2.73998363478772
   1.65232204797783   -1.38892178621219   -2.73066633823989
   1.65113691263175   -1.38792557587667   -2.72961019149514
   1.64190952143922   -1.38016914324123   -2.71853537271612
   1.64061886085855   -1.37908422967895   -2.71700803944334
   1.63130397447098   -1.37125424964835   -2.70647229081187
   1.63006766253565   -1.37021502089531   -2.70485746738920
   1.62143798510246   -1.36296101916508   -2.69274716199292
   1.62081490744441   -1.36243726767558   -2.69194668354201
   1.61122761930739   -1.35437831005258   -2.68102550414938
   1.61004062381016   -1.35338053609667   -2.67934848934646
   1.60136415341905   -1.34608720077600   -2.66968706658539
   1.59878178390759   -1.34391649242111   -2.66662892640570
   1.59141638485230   -1.33772522769487   -2.65683171582666
   1.58896211136466   -1.33566219529723   -2.65358704847922
   1.58142796531083   -1.32932908389956   -2.64490880433824
   1.57783621414951   -1.32630990162531   -2.64066824832567
   1.57194173449487   -1.32135507382965   -2.63305659312176
   1.56750859076142   -1.31762862720846   -2.62748882359939
   1.56180873039297   -1.31283739401406   -2.62124201671246
   1.55650543931140   -1.30837951213151   -2.61447073495493
   1.55205384158932   -1.30463755331228   -2.60892736821490
   1.54575900155537   -1.29934618745864   -2.60183208194797
   1.54198724024262   -1.29617569084384   -2.59706964645051
   1.53580655274409   -1.29098028022096   -2.58899633561982
   1.53213817918221   -1.28789669009016   -2.58491728390557
   1.52483587264849   -1.28175846016900   -2.57587650091037
   1.52236365312365   -1.27968034255110   -2.57264722849399
   1.51422548684779   -1.27283949911250   -2.56310003230570
   1.51232052506372   -1.27123821144160   -2.56073890826973
   1.50382233408337   -1.26409473562194   -2.55004172162007
   1.50258626067287   -1.26305570736998   -2.54842711942907
   1.49303709074909   -1.25502879145270   -2.53744913871108
   1.49240290566929   -1.25449570319978   -2.53666449380484
   1.48284558141244   -1.24646193284945   -2.52574247802118
   1.48153626565485   -1.24536133797270   -2.52423502431513
   1.47292122107788   -1.23811963644315   -2.51371162660495
   1.47060355482139   -1.23617143441998   -2.51108759548803
   1.46291165525389   -1.22970571734035   -2.50177491540546
   1.45994313522909   -1.22721041556774   -2.49837264105725
   1.45299080678700   -1.22136637296724   -2.48888766665500
   1.45062034068288   -1.21937378803531   -2.48552746729458
   1.44329117799591   -1.21321298315888   -2.47731560809123
   1.43944807523956   -1.20998251779561   -2.47268246748500
   1.43349923308971   -1.20498199354868   -2.46512885443157
   1.42907351802288   -1.20126179137416   -2.45956694399532
   1.42310897463252   -1.19624806885571   -2.45215980762645
   1.41792038208211   -1.19188660116128   -2.44670700632072
   1.41391083286771   -1.18851622293291   -2.44225670500427
   1.40732930114495   -1.18298386753792   -2.43391464591510
   1.40355297337105   -1.17980953241150   -2.42914936903720
   1.39678705350911   -1.17412218259279   -2.42104507938118
   1.39382013582641   -1.17162822772943   -2.41764573114365
   1.38640483314092   -1.16539501461953   -2.40795917067123
   1.38408742799125   -1.16344703207956   -2.40533537345634
   1.37482603311626   -1.15566201636284   -2.39478787706192
   1.37418633105794   -1.15512429060498   -2.39401392102786
   1.36554349997498   -1.14785923207697   -2.38195092188775
   1.36446802155370   -1.14695519801670   -2.38091678521515
   1.35492034823831   -1.13892954013020   -2.36916159027450
   1.35428208020425   -1.13839301979566   -2.36838514229236
   1.34441427914381   -1.13009826642624   -2.35705686235645
   1.34377726597039   -1.12956280091226   -2.35627826388365
   1.33466887973480   -1.12190640239399   -2.34556342955206
   1.33271545881377   -1.12026438056284   -2.34322988782935
   1.32434391690630   -1.11322736441112   -2.33329929101856
   1.32198728227254   -1.11124640604469   -2.33066798652374
   1.31472696930954   -1.10514347540755   -2.32158706194034
   1.31117400007846   -1.10215689275144   -2.31734912955817
   1.30488274553605   -1.09686854081833   -2.31021505824135
   1.30097924719525   -1.09358730766247   -2.30483823584474
   1.29480052965451   -1.08839355296211   -2.29676676065041
   1.29004147253366   -1.08439314751751   -2.29167542549902
   1.28509864082812   -1.08023826339560   -2.28602519498960
   1.27997172499307   -1.07592864039681   -2.27900896216333
   1.27506479896135   -1.07180393814695   -2.27333640924856
   1.26914826910439   -1.06683057521981   -2.26572372234134
   1.26533195794487   -1.06362263054649   -2.26099675012723
   1.25792350662414   -1.05739517661035   -2.25291477799391
   1.25541192236832   -1.05528396947910   -2.24974920452010
   1.24787479379722   -1.04894835101375   -2.24023850093094
   1.24552647036818   -1.04697437894476   -2.23764212089844
   1.23641960351662   -1.03931925760220   -2.22692354660045
   1.23579078921680   -1.03879068396150   -2.22613192597533
   1.22639042198183   -1.03088884977184   -2.21421294907789
   1.22576234315117   -1.03036089435756   -2.21342023431420
   1.21623321602308   -1.02235082617019   -2.20170596833429
   1.21559629473387   -1.02181543789298   -2.20092745665151
   1.20600263549603   -1.01375112480023   -2.18999938128558
   1.20428654887029   -1.01230860328668   -2.18820524937613
   1.19596518096318   -1.00531376278848   -2.17730115696076
   1.19471083682055   -1.00425937638164   -2.17569579652800
   1.18637025887948   -0.99724838816289   -2.16560666316196
   1.18330103071809   -0.99466843235740   -2.16228702826670
   1.17635284608043   -0.98882787298843   -2.15367432732802
   1.17324223795021   -0.98621313368522   -2.14966669006148
   1.16634246259490   -0.98041326656930   -2.14177075785319
   1.16258550802199   -0.97725521631965   -2.13695511749652
   1.15656201351868   -0.97219194021375   -2.12948949878297
   1.15165278464937   -0.96806530222666   -2.12379696969878
   1.14671066277687   -0.96391101478178   -2.11814740405532
   1.14100611506864   -0.95911584146666   -2.11109415471964
   1.13679317331882   -0.95557449395057   -2.10608406379597
   1.13015207013638   -0.94999206351223   -2.09781154942170
   1.12721755660416   -0.94752534718304   -2.09438130504228
   1.11954074458445   -0.94107231251230   -2.08504175199470
   1.11694329627355   -0.93888892910228   -2.08203442658142
   1.10992882948000   -0.93299265376047   -2.07258134073597
   1.10684064356987   -0.93039676230231   -2.06854547850221
   1.09803695534349   -0.92299648921899   -2.05905099739963
   1.09740822819982   -0.92246798884069   -2.05825946142458
   1.08848311910661   -0.91496565085576   -2.04654320187005
   1.08722713350441   -0.91390988465800   -2.04495794007352
   1.07779767226747   -0.90598359440469   -2.03385288775032
   1.07717994223330   -0.90546433806267   -2.03304587736703
   1.06765776873053   -0.89746011500805   -2.02208543967531
   1.06636982311496   -0.89637748361237   -2.02053698150486
   1.05774181447208   -0.88912488464693   -2.01002389969739
   1.05532078486256   -0.88708979664830   -2.00753129090600
   1.04799238130980   -0.88092962989083   -1.99854532913802
   1.04536725910093   -0.87872298413928   -1.99471242378031
   1.03813218561404   -0.87264126949830   -1.98639727083023
   1.03380492919093   -0.86900383046035   -1.98154549955198
   1.02794663749228   -0.86407942181967   -1.97392222039092
   1.02343915269719   -0.86029048500764   -1.96852622155211
   1.01852382280618   -0.85615871857603   -1.96276200419210
   1.01328278182873   -0.85175316337272   -1.95593668706020
   1.00834126131766   -0.84759938142493   -1.95028770760281
   1.00181863113962   -0.84211653795094   -1.94266004017374
   0.99861607649791   -0.83942450953017   -1.93875068449197
   0.99165377463448   -0.83357208339318   -1.93012505170722
   0.98853853201863   -0.83095344839779   -1.92611726898548
   0.98115101414238   -0.82474359086009   -1.91721604559473
   0.97865555907408   -0.82264594172740   -1.91401257922394
   0.97064866005233   -0.81591543994360   -1.90430668586723
   0.96887100219341   -0.81442116240146   -1.90258439304953
   0.96000149271454   -0.80696556077507   -1.89159980836877
   0.95874564170473   -0.80590990771404   -1.89001468382793
   0.94904489690726   -0.79775557980430   -1.87927473577517
   0.94840812776681   -0.79722031942147   -1.87849637573963
   0.93941045360940   -0.78965698412751   -1.86605661925813
   0.93881463393272   -0.78915614536511   -1.86522466448137
   0.92928031626543   -0.78114171407372   -1.85345326424863
   0.92864355652133   -0.78060646158935   -1.85267491452659
   0.91942124526185   -0.77285429908374   -1.84293473006260
   0.91683030134696   -0.77067638318978   -1.83990394796301
   0.90932239573459   -0.76436532918755   -1.83029030097885
   0.90685181440235   -0.76228858861440   -1.82706261012211
   0.89962264362675   -0.75621183572064   -1.81876593309414
   0.89542500911050   -0.75268335527863   -1.81374756906517
   0.88974338049281   -0.74790744747184   -1.80665929308394
   0.88538846763942   -0.74424676077548   -1.80103869323203
   0.87986487448973   -0.73960369565802   -1.79455205635472
   0.87478769003877   -0.73533587625490   -1.78829726985850
   0.86967983297861   -0.73104227383013   -1.78130284494370
   0.86318237683106   -0.72558059133951   -1.77519219249927
   0.86030911813181   -0.72316536507676   -1.77169387950643
   0.85377862116464   -0.71767590887565   -1.76248308917526
   0.85009776558047   -0.71458182650896   -1.75845623985929
   0.84277174205272   -0.70842366037152   -1.74939561890460
   0.84030127198303   -0.70634701332431   -1.74616805130658
   0.83218821161556   -0.69952727360648   -1.73664439320009
   0.83041923004308   -0.69804028924503   -1.73487107701307
   0.82177266846449   -0.69077209490784   -1.72357468602967
   0.82053744933904   -0.68973378475747   -1.72196092037201
   0.81129506988127   -0.68196475316884   -1.71064783051156
   0.81066720776436   -0.68143697992150   -1.70985533810431
   0.80081534598962   -0.67315562492147   -1.69852738612705
   0.80017863947324   -0.67262041717966   -1.69774909569394
   0.79106798556995   -0.66496211248754   -1.68703213575029
   0.78915181437356   -0.66335140232119   -1.68472605145958
   0.78118967917751   -0.65665852846400   -1.67573067622931
   0.77761319305659   -0.65365217779677   -1.67152920804734
   0.77131031682327   -0.64835405681183   -1.66362451508802
   0.76757738645298   -0.64521620101426   -1.65882116086338
   0.76140149471513   -0.64002482164939   -1.65075257267356
   0.75710763412986   -0.63641545474592   -1.64586919868650
   0.75128426046005   -0.63152039777495   -1.63904045984216
   0.74642489339346   -0.62743567301185   -1.63320302212431
   0.74163846109169   -0.62341225632362   -1.62735307014062
   0.73608023567935   -0.61874007974804   -1.62009143482180
   0.73179893183679   -0.61514126788954   -1.61519216843538
   0.72498195229293   -0.60941099792418   -1.60715870986432
   0.72177977419613   -0.60671928602248   -1.60330510429062
   0.71446474103606   -0.60057035825424   -1.59427172133427
   0.71191089407746   -0.59842362560984   -1.59119126751090
   0.70396592019622   -0.59174517734484   -1.58136209105603
   0.70226743412401   -0.59031745064220   -1.57954643073003
   0.69326391919712   -0.58274920566856   -1.56879716735495
   0.69196873652039   -0.58166049088742   -1.56728178205942
   0.68311620538395   -0.57421916104886   -1.55536826349713
   0.68246010593354   -0.57366765184295   -1.55454974345052
   0.67295661197585   -0.56567913058638   -1.54282137267115
   0.67232879546398   -0.56515139567407   -1.54202893658416
   0.66250239758580   -0.55689144531531   -1.53149126584554
   0.66073582073065   -0.55540648232995   -1.52972375836754
   0.65257871311479   -0.54854971703168   -1.51942191388493
   0.65070059737054   -0.54697099581483   -1.51701644351942
   0.64269987672012   -0.54024568749472   -1.50731837095007
   0.64020208238499   -0.53814607200282   -1.50410720680313
   0.63267376956146   -0.53181786394748   -1.49461887190609
   0.62963855783608   -0.52926650194375   -1.49135650536614
   0.62306468557060   -0.52374058499525   -1.48373456768919
   0.61920519021697   -0.52049634021440   -1.47828892118240
   0.61289084046891   -0.51518857473273   -1.47052041173392
   0.60808915212623   -0.51115233400235   -1.46537963889128
   0.60330302163499   -0.50712917101239   -1.45953007283983
   0.59774514580036   -0.50245728828757   -1.45226890445301
   0.59331456730943   -0.49873299797800   -1.44679635265089
   0.58712962492201   -0.49353401074734   -1.43954143572180
   0.58338729529710   -0.49038825405084   -1.43472097507324
   0.57615009988142   -0.48430475574237   -1.42643392743320
   0.57366080360303   -0.48221228361345   -1.42322372805714
   0.56578706263002   -0.47559371286340   -1.41334032400105
   0.56400365178616   -0.47409459943220   -1.41159077230225
   0.55575221038198   -0.46715853830056   -1.40063354421099
   0.55384282543196   -0.46555353257024   -1.39835112920369
   0.54465183995860   -0.45782770213885   -1.38771224088113
   0.54402332623871   -0.45729938116198   -1.38692095103678
   0.53448843143315   -0.44928446473519   -1.37527576331867
   0.53386220622457   -0.44875806745306   -1.37448305476214
   0.52438102153003   -0.44078829909134   -1.36255683159872
   0.52378533502542   -0.44028757227175   -1.36172504134952
   0.51896799070907   -0.43623817132062   -1.34918274311357
   0.51415202699356   -0.43218993088574   -1.33862474263807
   0.51250734857788   -0.43080743424372   -1.33620087901495
   0.50458461612750   -0.42414768185457   -1.33198986863671
   0.49472290573692   -0.41585804822804   -1.32789466926265
   0.48898615176816   -0.41103580272262   -1.32343597774492
   0.48457817731231   -0.40733051308960   -1.31952930769614
   0.47708834335866   -0.40103464990356   -1.31061981569628
   0.47459320234010   -0.39893726475725   -1.30738704759423
   0.46515760048727   -0.39100581277701   -1.29791703694569
   0.46451973550043   -0.39046963123906   -1.29714102686086
   0.45504168978349   -0.38250250146367   -1.28701938901762
   0.45257162737276   -0.38042619708961   -1.28459909633083
   0.44536723335017   -0.37437027123262   -1.27618456951687
   0.44155556413966   -0.37116622852509   -1.27151025021815
   0.43525233875721   -0.36586781404965   -1.26445151118276
   0.42971212820700   -0.36121078054774   -1.25879259767151
   0.42545208180365   -0.35762983743370   -1.25379657956213
   0.41881368309217   -0.35204968034070   -1.24552720254947
   0.41568369162122   -0.34941864763737   -1.24236957204390
   0.40737481183527   -0.34243430450169   -1.23315285821706
   0.40553701513402   -0.34088947498125   -1.23140874879812
   0.39573440654728   -0.33264952161108   -1.22088597696688
   0.39508860551593   -0.33210666913078   -1.22012484202797
   0.38611073111087   -0.32455997726746   -1.20999207299770
   0.38361473214426   -0.32246187094047   -1.20680195575707
   0.37592733418153   -0.31599993785497   -1.19929717052172
   0.37157315854554   -0.31233987085459   -1.19429713213993
   0.36632403361738   -0.30792752038078   -1.18824612852635
   0.36005124539243   -0.30265469100917   -1.18115135739652
   0.35619476687678   -0.29941298214558   -1.17652637105218
   0.34932153646193   -0.29363542838327   -1.16859716491111
   0.34625497861152   -0.29105771720867   -1.16525397203855
   0.33673087780504   -0.28305187408602   -1.15590166780358
   0.33608329662046   -0.28250752523059   -1.15514418537015
   0.32654679962765   -0.27449126202472   -1.14345405400877
   0.32591019791513   -0.27395614237977   -1.14267592278905
   0.31670036047306   -0.26621446521313   -1.13295020105749
   0.31368075550238   -0.26367622205729   -1.12955476430307
   0.30695695179883   -0.25802427456830   -1.12223253962261
   0.30190381071271   -0.25377666572479   -1.11680233737325
   0.29686332415378   -0.24953969412269   -1.11133095536110
   0.29021514334863   -0.24395131432091   -1.10373876291399
   0.28719704424681   -0.24141433698008   -1.10045129622430
   0.27901210087792   -0.23453417328689   -1.09101171652430
   0.27709422494796   -0.23292203014225   -1.08861127669717
   0.26788792942637   -0.22518333027082   -1.07810833753323
   0.26725008528844   -0.22464716625821   -1.07733237854234
   0.25741539765777   -0.21638024763448   -1.06680360405795
   0.25563444062769   -0.21488319684924   -1.06501529907145
   0.24766719023533   -0.20818602322035   -1.05609273449895
   0.24395685059261   -0.20506715691319   -1.05208333577199
   0.23757368573423   -0.19970154628804   -1.04434445928245
   0.23278656034259   -0.19567754699691   -1.03919993795687
   0.22809136524425   -0.19173082319051   -1.03483142869333
   0.21975549779360   -0.18472379455263   -1.02657321207814
   0.21782394098178   -0.18310015142535   -1.02486397553204
   0.20822114337446   -0.17502815673055   -1.01647952367679
   0.20449827628747   -0.17189876000633   -1.01331384296918
   0.19816821668692   -0.16657778901403   -1.00806111315891
   0.18973288357777   -0.15948715075522   -1.00026003163569
   0.18843383444929   -0.15839518588184   -0.99876681136868
   0.17860811575780   -0.15013580643913   -0.99062561865136
   0.17539506850033   -0.14743495805338   -0.98767835510348
   0.16858381664359   -0.14170950271205   -0.98204693398670
   0.16060904796318   -0.13500600930180   -0.97462998981784
   0.15864558768247   -0.13335554850719   -0.97240373580907
   0.14899459054191   -0.12524303787188   -0.96557404811630
   0.14458066624286   -0.12153274687313   -0.96170483980127
   0.13887550406517   -0.11673705704247   -0.95641033554859
   0.13034502807265   -0.10956644283486   -0.94881847529374
   0.12919087648403   -0.10859627706846   -0.94789821536147
   0.11919083736596   -0.10019036599860   -0.93928870031983
   0.11658286069809   -0.09799813257996   -0.93618946756427
   0.10930502878878   -0.09188047572995   -0.93041983785783
   0.10073016098367   -0.08467254630542   -0.92299001950620
   0.09940898947305   -0.08356198562710   -0.92155737236562
   0.08955155186388   -0.07527594364856   -0.91347547087248
   0.08694842901334   -0.07308779028964   -0.91036466691634
   0.07955358200117   -0.06687177196955   -0.90322449005392
   0.07057270170102   -0.05932255338744   -0.89698736657370
   0.06991160643956   -0.05876684476361   -0.89627108151707
   0.05984077637526   -0.05030142768667   -0.88700580746834
   0.05674335045480   -0.04769776918839   -0.88446312803219
   0.05002624394935   -0.04205145128255   -0.87879348435758
   0.04137775498659   -0.03478163680970   -0.87153583618583
   0.04018282424486   -0.03377719258393   -0.87064756128134
   0.03023818585919   -0.02541785069488   -0.86187017086815
   0.02659328829788   -0.02235399420419   -0.85847179087263
   0.02052640601423   -0.01725424685865   -0.85349990008214
   0.01114492326045   -0.00936828673384   -0.84570688452542
   0.01049221271270   -0.00881962619822   -0.84497718729300
   0.00073868253365   -0.00062092753973   -0.83916816355638
  -0.00902959793005    0.00759017002838   -0.83653428019178
  -0.01885299615348    0.01584759891390   -0.83738814455021
  -0.02888269982804    0.02427844564859   -0.84131140764854
  -0.03510403619531    0.02950802521537   -0.84473600828444
  -0.03880863037406    0.03262206195551   -0.84715574707441
  -0.04856378302557    0.04082212444459   -0.85312422679973
  -0.05492259060554    0.04616726063821   -0.85736511899181
  -0.05894144970191    0.04954546463996   -0.85988953318305
  -0.06823655798160    0.05735881943400   -0.86622721028527
  -0.07334812695893    0.06165554205113   -0.87068344279983
  -0.07835493684847    0.06586420545517   -0.87455031667827
  -0.08771354383282    0.07373093648685   -0.88335787645984
  -0.08839010231003    0.07429964330148   -0.88405932379683
  -0.09815126473066    0.08250475752928   -0.89226506683673
  -0.10303445069028    0.08660950416372   -0.89645861169687
  -0.10791008452923    0.09070790257751   -0.90059468320872
  -0.11755955139281    0.09881912688065   -0.90853195535839
  -0.11827731619189    0.09942247122749   -0.90910599505244
  -0.12801832496026    0.10761064454070   -0.91765365010082
  -0.13279357254511    0.11162465949212   -0.92206869317641
  -0.13786072077914    0.11588404257354   -0.92654473420034
  -0.14720006497248    0.12373458153775   -0.93408127870671
  -0.14850119495693    0.12482829555331   -0.93554350277801
  -0.15728606103099    0.13221274696467   -0.94337077496322
  -0.16230685154977    0.13643316231535   -0.94807961702554
  -0.16732593607196    0.14065214362606   -0.95274425831526
  -0.17715023505213    0.14891032967673   -0.96004841580452
  -0.17782549570293    0.14947794555429   -0.96072108669829
  -0.18728076857750    0.15742593275578   -0.96929691719585
  -0.19122781204690    0.16074376941631   -0.97285572359900
  -0.19744520564451    0.16597003473894   -0.97850913818492
  -0.20625793844254    0.17337791057903   -0.98659962947805
  -0.20691578091827    0.17393088495080   -0.98733442265980
  -0.21705068964714    0.18245016577261   -0.99545800150071
  -0.22123678796069    0.18596894902315   -0.99923507138248
  -0.22649273545012    0.19038703445885   -1.00379112324747
  -0.23608916724061    0.19845367812557   -1.01182834772072
  -0.23680549053242    0.19905581075897   -1.01240577461709
  -0.24624290879732    0.20698878959306   -1.02073856336923
  -0.25075147288518    0.21077863364545   -1.02516175128140
  -0.25633676453502    0.21547356177058   -1.03092961742756
  -0.26427570528451    0.22214693865851   -1.03823576477194
  -0.26611528030228    0.22369326301016   -1.03998821336795
  -0.27547319776286    0.23155941443657   -1.05109622569748
  -0.27611103301122    0.23209557097672   -1.05187217497140
  -0.28588419644282    0.24031077310815   -1.06082367472612
  -0.28849819743911    0.24250807050388   -1.06398239410609
  -0.29604945351498    0.24885556437766   -1.07254284967802
  -0.29973329540707    0.25195215699841   -1.07662873888793
  -0.30552067100897    0.25681695443201   -1.08369693700036
  -0.31061298455758    0.26109749117032   -1.08984270425007
  -0.31574692920630    0.26541302250426   -1.09515124180642
  -0.32241700629643    0.27101980805647   -1.10271282891757
  -0.32545520923886    0.27357368444082   -1.10596175535336
  -0.33412543822683    0.28086177331404   -1.11562838101227
  -0.33542116798883    0.28195094796839   -1.11722039172299
  -0.34500971003351    0.29001095961090   -1.12789035283756
  -0.34567617002577    0.29057117776209   -1.12861833370748
  -0.35512276482666    0.29851187028055   -1.13901913670286
  -0.35753972048390    0.30054353376453   -1.14146912513833
  -0.36523995823413    0.30701625981899   -1.15080181246520
  -0.36775629497116    0.30913146182806   -1.15402685421715
  -0.37524134604937    0.31542330458726   -1.16169186304570
  -0.37987631275199    0.31931940113788   -1.16723099104420
  -0.38450684848563    0.32321177306995   -1.17247375121145
  -0.39149012092486    0.32908182681751   -1.18019755440305
  -0.39466504627814    0.33175063039497   -1.18316192010714
  -0.40288485355141    0.33866010026150   -1.19278337721576
  -0.40479387230942    0.34026479817528   -1.19517625340533
  -0.41437454128448    0.34831819181137   -1.20517839020106
  -0.41551488316099    0.34927674930199   -1.20613674863415
  -0.42427739810410    0.35664241262494   -1.21645861768798
  -0.42619521792074    0.35825450860141   -1.21870869238529
  -0.43437911776186    0.36513379511787   -1.22826208662069
  -0.43737715432641    0.36765390813425   -1.23156316688255
  -0.44389644059979    0.37313394076272   -1.23845444857829
  -0.44955515243757    0.37789058500348   -1.24471643560908
  -0.45396950288601    0.38160123421820   -1.25031540580378
  -0.46010423684572    0.38675801685612   -1.25759228582397
  -0.46378115682133    0.38984879099821   -1.26164131615212
  -0.47240533380709    0.39709816911934   -1.27052860251640
  -0.47355443502081    0.39806408960212   -1.27147766551609
  -0.48355746683770    0.40647251629815   -1.28260489529294
  -0.48419409251401    0.40700765608677   -1.28338307179653
  -0.49330655832340    0.41466748384508   -1.29410182808189
  -0.49564747483761    0.41663522975168   -1.29669841512321
  -0.50327957186433    0.42305067754400   -1.30521744831437
  -0.50749516249204    0.42659425167457   -1.30943501459831
  -0.51309100123801    0.43129804556022   -1.31666405036389
  -0.51799815117489    0.43542293602202   -1.32233725324208
  -0.52303605235513    0.43965773438629   -1.32780851469410
  -0.52935316110363    0.44496781905012   -1.33485649897621
  -0.53319626261643    0.44819828336807   -1.33960660607790
  -0.54194848729048    0.45555529681620   -1.34835347786240
  -0.54257494947475    0.45608189329721   -1.34913309560050
  -0.55237644205949    0.46432090856969   -1.36032180024689
  -0.55305585916462    0.46489201831213   -1.36102087139626
  -0.56276063628376    0.47304973574233   -1.37189855077719
  -0.56406357715014    0.47414497196319   -1.37349618539875
  -0.57249399558388    0.48123147900571   -1.38343329585283
  -0.57499300743619    0.48333211792772   -1.38664554937526
  -0.58249927264161    0.48964179302384   -1.39530642447265
  -0.58567126375269    0.49230813011305   -1.39931723816323
  -0.59266253597687    0.49818490838239   -1.40784304197771
  -0.59616658201903    0.50113036680183   -1.41222787542652
  -0.60216290823168    0.50617080557354   -1.41972166434146
  -0.60648549673746    0.50980432081705   -1.42536893489548
  -0.61234422196534    0.51472909387711   -1.43203971035478
  -0.61770301918866    0.51923363354629   -1.43809537830111
  -0.62173277580189    0.52262099786797   -1.44337644756160
  -0.62851954380765    0.52832587238242   -1.45143223030940
  -0.63202541878007    0.53127286817835   -1.45544694765941
  -0.63862746239659    0.53682246562138   -1.46407890918846
  -0.64168355520612    0.53939138001010   -1.46812681836088
  -0.64965423060120    0.54609143265455   -1.47703810472912
  -0.65156371454724    0.54769652159973   -1.47942139025122
  -0.65959162713104    0.55444468712781   -1.48990952065580
  -0.66144422822701    0.55600196104211   -1.49232986675977
  -0.67017352071294    0.56333969797225   -1.50265011297816
  -0.67145633754368    0.56441801817388   -1.50419187953309
  -0.68115963843787    0.57257449470738   -1.51494909226109
  -0.68179633120434    0.57310969089117   -1.51572736053995
  -0.69121596330323    0.58102771889078   -1.52762720782101
  -0.69184835625524    0.58155930070291   -1.52841326451946
  -0.70078656538727    0.58907265042090   -1.53854855985905
  -0.70281866105878    0.59078080528894   -1.54154348839419
  -0.71112655861809    0.59776432277687   -1.55067514306051
  -0.71399905551892    0.60017890868116   -1.55442319493379
  -0.72075801302484    0.60586040602820   -1.56411808824094
  -0.72374369885915    0.60837013717120   -1.56741690216269
  -0.73057645649472    0.61411367000825   -1.57545081001156
  -0.73477660522137    0.61764426386489   -1.58047163093383
  -0.74045427991253    0.62241684804920   -1.58755577678781
  -0.74490239262490    0.62615587741173   -1.59301114859262
  -0.75047963000438    0.63084403521530   -1.59943729929535
  -0.75546512321203    0.63503478007620   -1.60588684700222
  -0.76025112476269    0.63905783468029   -1.61173617225707
  -0.76602055048571    0.64390754366435   -1.61861092987060
  -0.77067676078080    0.64782149732003   -1.62370191791422
  -0.77695512246154    0.65309901167067   -1.63188978850515
  -0.77985879098288    0.65553980005946   -1.63533586896169
  -0.78798897512285    0.66237393381186   -1.64485878855547
  -0.78989447846194    0.66397567670732   -1.64723694144789
  -0.79862781721381    0.67131681487932   -1.65756244473328
  -0.80000830005693    0.67247723194126   -1.65929233321404
  -0.80842217688213    0.67954983430913   -1.67063578822136
  -0.80950276284501    0.68045816170667   -1.67164414079485
  -0.81947517877207    0.68884085305864   -1.68279417225961
  -0.82012115774685    0.68938385511602   -1.68355553302852
  -0.82955231312215    0.69731156944141   -1.69544989192703
  -0.83018020434775    0.69783936715716   -1.69624241538691
  -0.83899263960634    0.70524699288922   -1.70654086910755
  -0.84156614133520    0.70741024709407   -1.70967348096914
  -0.84948415155988    0.71406603003782   -1.71935746829089
  -0.85180835409407    0.71601972637641   -1.72207385525772
  -0.85891060049377    0.72198978818589   -1.73054580318154
  -0.86271606992676    0.72518861943595   -1.73523537235229
  -0.86906824027283    0.73052817645160   -1.74305928674323
  -0.87327036236665    0.73406042909665   -1.74809595107620
  -0.87894655113715    0.73883176423416   -1.75516409010334
  -0.88387053050945    0.74297080131438   -1.76083753547667
  -0.88886559181082    0.74716958899831   -1.76726013818634
  -0.89392224364815    0.75142014893652   -1.77350719326183
  -0.89887965865925    0.75558729160743   -1.77908423813921
  -0.90505304039115    0.76077656109187   -1.78640948821366
  -0.90862978221630    0.76378312670096   -1.79066063872401
  -0.91588702509346    0.76988347666135   -1.79973840705613
  -0.91835766398612    0.77196026561910   -1.80296614942841
  -0.92599524126383    0.77838032004364   -1.81228064930894
  -0.92859433834602    0.78056508939072   -1.81541501603033
  -0.93780336505470    0.78830608506475   -1.82518835736980
  -0.93843131725687    0.78883393403666   -1.82598094962350
  -0.94796593711160    0.79684861934313   -1.83770216515456
  -0.94860276739578    0.79738393112264   -1.83848059174132
  -0.95799916348971    0.80528242721952   -1.84957944205590
  -0.95927729048882    0.80635680520580   -1.85118104498913
  -0.96761561179952    0.81336589652855   -1.86126770401305
  -0.97008637569622    0.81544279056317   -1.86449558639414
  -0.97752213355300    0.82169319804089   -1.87495292917040
  -0.97940657982185    0.82327724061961   -1.87733765428221
  -0.98764203033801    0.83019986000556   -1.88670387164779
  -0.99070080880380    0.83277103192422   -1.88997349529544
  -0.99741922095072    0.83841844733638   -1.89818703660282
  -1.00112548492760    0.84153388768849   -1.90302899057950
  -1.00742636143314    0.84683032772660   -1.91090674032027
  -1.01162642760575    0.85036085218932   -1.91594088234521
  -1.01703124659894    0.85490407719764   -1.92259845475870
  -1.02209046329729    0.85915679312679   -1.92889267565082
  -1.02714401351994    0.86340474588547   -1.93433615455008
  -1.03370923045438    0.86892338726814   -1.94196653167358
  -1.03679790339607    0.87151968811908   -1.94600162342195
  -1.04419868499023    0.87774069497649   -1.95490611800258
  -1.04677777384365    0.87990864565020   -1.95797584902674
  -1.05504968335702    0.88686191202509   -1.96726706641159
  -1.05705854193653    0.88855053407666   -1.96983607153094
  -1.06446039944894    0.89477244533785   -1.98007472624160
  -1.06675814422292    0.89670390160549   -1.98272168778777
  -1.07585059602654    0.90434690583435   -1.99343534525788
  -1.07647863953837    0.90487483156005   -1.99422803563166
  -1.08600546426828    0.91288296437955   -2.00594084788267
  -1.08664921920841    0.91342409694049   -2.00670917955296
  -1.09623653405229    0.92148307701296   -2.01764717218596
  -1.09749086724581    0.92253745421610   -2.01924046159555
  -1.10611957290063    0.92979063908128   -2.02975489883776
  -1.10799291902774    0.93136535101607   -2.03215352332536
  -1.11631593139160    0.93836157382459   -2.04303480925890
  -1.11759644426311    0.93943795734615   -2.04450123296584
  -1.12588303472045    0.94640356434371   -2.05316723661117
  -1.12961495998926    0.94954057526523   -2.05798001214605
  -1.13603997446610    0.95494136416987   -2.06563327310680
  -1.14035972246016    0.95857249171382   -2.07053050330572
  -1.14586886986496    0.96320341391409   -2.07794584877911
  -1.15061998840764    0.96719714628659   -2.08380709141310
  -1.15552850157449    0.97132318266291   -2.08950002744111
  -1.16132181088712    0.97619296790147   -2.09639252520392
  -1.16575742493562    0.97992149103940   -2.10196606205494
  -1.17210043518446    0.98525334818889   -2.10980797914461
  -1.17502313867392    0.98771013714000   -2.11326643073576
  -1.18288159520232    0.99431585997210   -2.12228564950794
  -1.18552639380011    0.99653904545649   -2.12537400239393
  -1.19386683086859    1.00354991525945   -2.13546287783746
  -1.19494781253389    1.00445857527962   -2.13647163018417
  -1.20421565875984    1.01224901392337   -2.14857882878955
  -1.20483351897126    1.01276837969079   -2.14938598002564
  -1.21448193538280    1.02087872099673   -2.16092273024031
  -1.21512817937963    1.02142194582842   -2.16168436385339
  -1.22489612035089    1.02963275802331   -2.17320610173611
  -1.22599468735059    1.03055620006135   -2.17420625216133
  -1.23464502865975    1.03782757159402   -2.18550666469655
  -1.23589618676305    1.03887927985501   -2.18708271825461
  -1.24479692377016    1.04636113096125   -2.19720174336203
  -1.24669355524801    1.04795541627822   -2.19963264311930
  -1.25443988410354    1.05446688595435   -2.20969557098164
  -1.25695989722141    1.05658517828436   -2.21283283756570
  -1.26473286436911    1.06311903978441   -2.22105739653118
  -1.26822076250481    1.06605092447038   -2.22562624794082
  -1.27406321108064    1.07096201557500   -2.23327921545013
  -1.27856640383162    1.07474734454704   -2.23869203679380
  -1.28435164025944    1.07961034381696   -2.24563583713387
  -1.28871045945548    1.08327431413737   -2.25129372782861
  -1.29411710607438    1.08781907542559   -2.25795318072969
  -1.30011715773222    1.09286264576116   -2.26464902593009
  -1.30396120311495    1.09609390348467   -2.26928281993501
  -1.31064619825297    1.10171322896621   -2.27752849437981
  -1.31373595759341    1.10431044303072   -2.28156471401393
  -1.32065460500036    1.11012617376335   -2.29027364809733
  -1.32386286947960    1.11282300180398   -2.29407041540120
  -1.33165620730340    1.11937398664621   -2.30336058440502
  -1.33351011779810    1.12093236122515   -2.30578237208749
  -1.34298261136380    1.12889482392983   -2.31593190770148
  -1.34363770229547    1.12944548538718   -2.31667467402471
  -1.35314876002445    1.13744036465777   -2.32852148311542
  -1.35378317596627    1.13797364697049   -2.32930580483075
  -1.36317175460320    1.14586557180823   -2.34049537246858
  -1.36440775127048    1.14690453555079   -2.34210995398666
  -1.37333277871062    1.15440680489914   -2.35300297922080
  -1.37506794190469    1.15586536194365   -2.35482506354997
  -1.38308224677420    1.16260208899286   -2.36452622285600
  -1.38557384379984    1.16469649510189   -2.36774198719011
  -1.39268052738502    1.17067028675543   -2.37621850831185
  -1.39699755573448    1.17429912819927   -2.38112646713897
  -1.40300876578548    1.17935207814419   -2.38933370917090
  -1.40602967608522    1.18189141854374   -2.39352895744800
  -1.41243571418247    1.18727625613485   -2.40049779109197
  -1.41762544172801    1.19163867789237   -2.40659501797686
  -1.42277461468320    1.19596700995523   -2.41274619058041
  -1.42808712541052    1.20043264175968   -2.41957774943735
  -1.43251085136960    1.20415117191446   -2.42508921582395
  -1.43868924655728    1.20934465564876   -2.43236486426465
  -1.44227719427123    1.21236064079148   -2.43656764404364
  -1.44953930734472    1.21846508457957   -2.44565041397237
  -1.45212500574838    1.22063859116070   -2.44876312216579
  -1.45923328565719    1.22661372466444   -2.45799403140494
  -1.46220996119764    1.22911588186417   -2.46139465282643
  -1.47129823544248    1.23675537448800   -2.47133891188407
  -1.47193674206892    1.23729209538039   -2.47211560692698
  -1.48119283405822    1.24507265355600   -2.48326653092274
  -1.48258299968103    1.24624120984460   -2.48484042834937
  -1.49143451196156    1.25368168324529   -2.49660444408857
  -1.49202509375645    1.25417811910806   -2.49744103226411
  -1.50184475676568    1.26243240821803   -2.50802635324776
  -1.50311589699630    1.26350091321183   -2.50975661110356
  -1.51179506015679    1.27079651204164   -2.52093940347116
  -1.51304793246971    1.27184966124635   -2.52255652961720
  -1.52123749309362    1.27873370614787   -2.53204361195292
  -1.52432826906907    1.28133177478338   -2.53608083791156
  -1.53140241267489    1.28727821372665   -2.54459364295922
  -1.53452777592290    1.28990535600215   -2.54859671748474
  -1.54132766026909    1.29562125595259   -2.55747878630628
  -1.54488186636092    1.29860887829877   -2.56171788112138
  -1.55102597240010    1.30377353899253   -2.56826542937091
  -1.55600838326502    1.30796169287368   -2.57463763785981
  -1.56123682655479    1.31235665861418   -2.58149958105928
  -1.56711602484074    1.31729864107747   -2.58759809788569
  -1.57057200626574    1.32020369696522   -2.59188278703733
  -1.57700755590953    1.32561334160286   -2.60051816045803
  -1.58070497519351    1.32872134721385   -2.60458679297636
  -1.58766112680357    1.33456860352278   -2.61323033182312
  -1.59088112936835    1.33727529845513   -2.61703423410777
  -1.59819967554585    1.34342717922303   -2.62611644578517
  -1.60051774472479    1.34537571993791   -2.62874081338751
  -1.60928131261665    1.35274226835676   -2.63909545389944
  -1.61055861837720    1.35381595601992   -2.64064912098813
  -1.62041903671896    1.36210450356596   -2.65119224399956
  -1.62106567322665    1.36264805833749   -2.65195424832225
  -1.63020571235636    1.37033106389299   -2.66424743406372
  -1.63081296906316    1.37084151648359   -2.66506840153924
  -1.64006068013180    1.37861502975937   -2.67563602895852
  -1.64201028529164    1.38025384410815   -2.67792505437311
  -1.64997596555698    1.38694969790740   -2.68769296361630
  -1.65253707656863    1.38910253662630   -2.69081660149911
  -1.66031726385313    1.39564246728538   -2.70079324628852
  -1.66212589214375    1.39716277819516   -2.70338214459870
  -1.66989944929632    1.40369713564610   -2.71254529159773
  -1.67357790526879    1.40678920092844   -2.71662910362736
  -1.67980841457953    1.41202649115977   -2.72464093988281
  -1.68361119130152    1.41522305894977   -2.72934203503327
  -1.68998608837683    1.42058171977718   -2.73713274282277
  -1.69427339513414    1.42418557761269   -2.74205080496231
  -1.69959386765336    1.42865790200244   -2.74806244114920
  -1.70622540571704    1.43423229211847   -2.75557133337827
  -1.70921600273619    1.43674615154361   -2.75966983506452
  -1.71551629128979    1.44204209735649   -2.76845538524526
  -1.71920046712679    1.44513897068727   -2.77256818814449
  -1.72675137717252    1.45148617369232   -2.78124744300717
  -1.72902981445426    1.45340140031718   -2.78384515777703
  -1.73859807653675    1.46144436487050   -2.79399496979338
  -1.73926159780619    1.46200211276709   -2.79471706546520
  -1.74786994160026    1.46923818170015   -2.80697366504727
  -1.74906298621232    1.47024104046830   -2.80863901089991
  -1.75878167509454    1.47841045195709   -2.81939476852712
  -1.75941924927615    1.47894638904771   -2.82017391950763
  -1.76883911379881    1.48686461241991   -2.83207583141356
  -1.76946782759867    1.48739310158156   -2.83286917719980
  -1.77904058962947    1.49543984873662   -2.84456612578003
  -1.78013564702095    1.49636034064074   -2.84559150309612
  -1.78863899780723    1.50350815373041   -2.85629391392375
  -1.79105160485355    1.50553616182502   -2.85881518822858
  -1.79867363915534    1.51194315101333   -2.86820927781055
  -1.80171296742443    1.51449797333357   -2.87150832158739
  -1.80829176224061    1.52002802811822   -2.87987973611717
  -1.81209604630828    1.52322586296464   -2.88463212524937
  -1.81844095536009    1.52855931622478   -2.89164034165188
  -1.82337910288051    1.53271026287773   -2.89733453985655
  -1.82824385216960    1.53679951187150   -2.90392396624706
  -1.83316722928261    1.54093804269990   -2.91041504242030
  -1.83794085844911    1.54495069722858   -2.91552826526188
  -1.84486828694876    1.55077380924077   -2.92342018023387
  -1.84816511259911    1.55354508072305   -2.92798531235789
  -1.85445735200465    1.55883426052012   -2.93589681106358
  -1.85806114960493    1.56186356888422   -2.94010273754240
  -1.86545061983332    1.56807506754536   -2.94902087822562
  -1.86795738221735    1.57018222146992   -2.95222034999150
  -1.87549369361281    1.57651715302739   -2.96174277593439
  -1.87799969547548    1.57862366766696   -2.96493212368375
  -1.88742415688740    1.58654575512827   -2.97449285369166
  -1.88806189027282    1.58708182604367   -2.97527215506276
  -1.89748261197935    1.59500076995419   -2.98717566999330
  -1.89811027065628    1.59552837219236   -2.98796863134409
  -1.90737912107865    1.60331965495139   -2.99929522500389
  -1.90866868546862    1.60440364706912   -3.00083200959626
  -1.91714313184488    1.61152716346381   -3.01156691123102
  -1.91852371713207    1.61268766663898   -3.01382111963968
  -1.92730428206287    1.62006850256171   -3.02332335792104
  -1.92987957166366    1.62223325962994   -3.02641720142629
  -1.93724965894040    1.62842846521802   -3.03624093054415
  -1.94017416734882    1.63088677136203   -3.03967495031098
  -1.94681198982343    1.63646644407734   -3.04719317836950
  -1.95127417733221    1.64021730454227   -3.05266094122326
  -1.95701455901574    1.64504259946053   -3.05967539108149
  -1.96228919146751    1.64947639124796   -3.06573168151687
  -1.96640000865609    1.65293189410187   -3.07079847685927
  -1.97228933815847    1.65788239274228   -3.07855806500725
  -1.97665338000199    1.66155075315654   -3.08334719106303
  -1.98345516641082    1.66726825195766   -3.09142314005013
  -1.98657146981044    1.66988777863497   -3.09542524148379
  -1.99457534969789    1.67661574257124   -3.10438222789037
  -1.99646969624576    1.67820810720391   -3.10673762355947
  -2.00404950101192    1.68457959875898   -3.11703961590123
  -2.00652443722328    1.68665999999048   -3.12027164938705
  -2.01501324440769    1.69379558790557   -3.13020007461682
  -2.01626861433760    1.69485083657669   -3.13178617627092
  -2.02600002685691    1.70303094339983   -3.14255066603049
  -2.02663794269527    1.70356716768296   -3.14333014166104
  -2.03605977300325    1.71148704347035   -3.15523572412691
  -2.03668589709447    1.71201335575446   -3.15602809655162
  -2.04567149101336    1.71956653654708   -3.16691855465624
  -2.04765072641994    1.72123025772033   -3.16933394414850
  -2.05600375578829    1.72825171245718   -3.17926640287021
  -2.05787796838136    1.72982715273269   -3.18168495186242
  -2.06561228965924    1.73632852898531   -3.19097798146519
  -2.06832753037124    1.73861092725285   -3.19470048058800
  -2.07565712446073    1.74477209476098   -3.20292239413782
  -2.07948268161010    1.74798781150075   -3.20760637513906
  -2.08572311275878    1.75323344190819   -3.21562592154520
  -2.08931881583804    1.75625594611653   -3.22062251716565
  -2.09544912361698    1.76140900816080   -3.22720202378621
  -2.10101298386148    1.76608592130766   -3.23365430677601
  -2.10537008919853    1.76974845097907   -3.23926437660536
  -2.11093996521463    1.77443042091025   -3.24653769702787
  -2.11527214010358    1.77807199435068   -3.25219477539821
  -2.12191632329483    1.78365701380690   -3.25971214047032
  -2.12488757418352    1.78615461111044   -3.26307390298550
  -2.13275539091667    1.79276820201662   -3.27215995749383
  -2.13522863277882    1.79484717899882   -3.27462308427670
  -2.14313800084031    1.80149569744546   -3.28530232030664
  -2.14497688559106    1.80304144156706   -3.28775591470425
  -2.15436724825339    1.81093486603483   -3.29811565929691
  -2.15501456407672    1.81147899183082   -3.29887830433262
  -2.16492204646595    1.81980710084186   -3.31019095726393
  -2.16555360130968    1.82033797815039   -3.31099366008239
  -2.17439296333368    1.82776823819344   -3.32372149124270
  -2.17499391355596    1.82827338962998   -3.32453115224574
  -2.18458053638967    1.83633178800712   -3.33546055770133
  -2.18638851511725    1.83785155290212   -3.33719428621325
  -2.19478181180923    1.84490685586070   -3.34794287423757
  -2.19656215197420    1.84640338811663   -3.34967887590295
  -2.20411592186976    1.85275299507662   -3.35762706990723
  -2.20795109806065    1.85597679746551   -3.36312744646782
  -2.21428816884648    1.86130366197476   -3.37103384899759
  -2.21859990944460    1.86492805859922   -3.37591950706779
  -2.22419955204627    1.86963504995964   -3.38313351776930
  -2.22873083232547    1.87344398896576   -3.38850156815206
  -2.23410281683493    1.87795961370703   -3.39445073316500
  -2.23967433747560    1.88264296608959   -3.40172569934779
  -2.24414885879445    1.88640419420503   -3.40719026384153
  -2.25032011499793    1.89159167699617   -3.41449777359737
  -2.25406671471256    1.89474102307809   -3.41930787482814
  -2.26057469429832    1.90021155144267   -3.42775769167654
  -2.26365374026562    1.90279975997621   -3.43112816468927
  -2.27183303253270    1.90967517342206   -3.44059924931262
  -2.27387630964263    1.91139272727104   -3.44355976825309
  -2.28284778960251    1.91893404404164   -3.45369585210315
  -2.28347719556698    1.91946311502843   -3.45448987324329
  -2.29351979031783    1.92790479784482   -3.46564136968680
  -2.29414915719629    1.92843383597639   -3.46639878473645
  -2.30343637570691    1.93624055872665   -3.47852510179086
  -2.30405553091007    1.93676101304836   -3.47933353156929
  -2.31308018112870    1.94434702409078   -3.49018531713494
  -2.31504758265024    1.94600079784441   -3.49264349697532
  -2.32308893205618    1.95276025820151   -3.50220867536450
  -2.32556970967843    1.95484556965184   -3.50540687376739
  -2.33314978976808    1.96121729264049   -3.51492796875651
  -2.33621625691760    1.96379492757302   -3.51822566650501
  -2.34306099255006    1.96954852896836   -3.52703434296459
  -2.34577155464135    1.97182699444431   -3.53074874809310
  -2.35327746249256    1.97813636915283   -3.53956667493665
  -2.35683757507629    1.98112895642417   -3.54381147129452
  -2.36271940021095    1.98607314698449   -3.55068411343345
  -2.36791037052429    1.99043661339747   -3.55685808880892
  -2.37309436684291    1.99479421755543   -3.56222113553990
  -2.37899231673015    1.99975196238635   -3.56985030153647
  -2.38268846883913    2.00285890282548   -3.57473925541629
  -2.38900556647721    2.00816897815001   -3.58266352171762
  -2.39259611908276    2.01118715293288   -3.58686809152467
  -2.40001143180062    2.01742037447587   -3.59579939246632
  -2.40250400207911    2.01951559868940   -3.59899716779773
  -2.41066111224117    2.02637236612797   -3.60856722833677
  -2.41241127223010    2.02784352929557   -3.61031836400951
  -2.42216003360676    2.03603821935687   -3.62109347818182
  -2.42279851799911    2.03657492155955   -3.62187351945606
  -2.43176417137031    2.04411134057067   -3.63437539199515
  -2.43238351784650    2.04463195567416   -3.63518402116853
  -2.44189677138874    2.05262868071862   -3.64543871043378
  -2.44374788722377    2.05418470614067   -3.64783812243683
  -2.45204072603540    2.06115556542873   -3.65806836528026
  -2.45436736170728    2.06311130703323   -3.66065817468474
  -2.46195533493991    2.06948966490172   -3.67096855174056
  -2.46389941227239    2.07112383262614   -3.67330264168596
  -2.47201563767412    2.07794623283321   -3.68290215213559
  -2.47506616000995    2.08051046474959   -3.68620701608221
  -2.48192385353280    2.08627495838975   -3.69422618642169
  -2.48564473523885    2.08940268622692   -3.69907258936168
  -2.49183350398021    2.09460488984409   -3.70635830901906
  -2.49617425271553    2.09825367035533   -3.71201267889360
  -2.50159392066808    2.10280937721801   -3.71868493197141
  -2.50763040527070    2.10788357264316   -3.72540541447390
  -2.51150437648166    2.11113998565334   -3.73081669596714
  -2.51744588892965    2.11613434864219   -3.73837226823455
  -2.52119668952156    2.11928722593037   -3.74250634495319
  -2.52830707656370    2.12526413066472   -3.75096614187205
  -2.53148046722895    2.12793164420212   -3.75487913850801
  -2.53984050408386    2.13495898934681   -3.76421481170082
  -2.54108085458609    2.13600161286999   -3.76579883610565
  -2.54989676700456    2.14341216146029   -3.77695215073579
  -2.55114764312682    2.14446363269144   -3.77853801694028
  -2.56057175449126    2.15238542590711   -3.78969589365478
  -2.56121044930193    2.15292230498487   -3.79047615868687
  -2.57081574584256    2.16099640025258   -3.80219788340086
  -2.57143530371565    2.16151719305372   -3.80300674018431
  -2.58088076118885    2.16945692954838   -3.81416577071719
  -2.58212147027009    2.17049985448871   -3.81574731142519
  -2.59110455758337    2.17805092825918   -3.82666795816996
  -2.59234373740672    2.17909256772396   -3.82828574024917
  -2.60071082867259    2.18612584272056   -3.83918387478282
  -2.60256702351920    2.18768613749788   -3.84163245361164
  -2.61108512986602    2.19484635393200   -3.85323731625718
  -2.61166705496097    2.19533551307824   -3.85408564119333
  -2.61680498231212    2.19965439222334   -3.86738063560460
  -2.61936002295229    2.20180212826192   -3.88026234405311
  -2.62051752932402    2.20277511401814   -3.88915043512101
  -2.62103883314163    2.20321331565711   -3.89321049071165
  -2.62171439893889    2.20378118803706   -3.90608712511704
  -2.62230357151612    2.20427643932863   -3.91904811006034
  -2.62235690264484    2.20432126882579   -3.93195433384979
  -2.62097528536497    2.20315989817014   -3.94476770875611
  -2.62059528749564    2.20284047659002   -3.94563747473920
  -2.61741751353484    2.20016927850777   -3.95766138709039
  -2.61257296551530    2.19609701045511   -3.97059684373687
  -2.61082689328370    2.19462928340654   -3.97374407561136
  -2.60254926783124    2.18767121228287   -3.98296780553194
  -2.60066609431688    2.18608823956608   -3.98463455189439
  -2.59132417616654    2.17823553696497   -3.99044301659940
  -2.58242729434414    2.17075692648004   -3.99631735966108
  -2.58116662395637    2.16969722230860   -3.99709487108673
  -2.57139520972603    2.16148349053444   -4.00306121500404
  -2.56150065709830    2.15316625012341   -4.00870591544819
  -2.55970663830906    2.15165821978253   -4.00967123964508
  -2.55160667704935    2.14484949101512   -4.01515458001206
  -2.54210707719531    2.13686424309465   -4.02173698958587
  -2.54138626690180    2.13625833874228   -4.02257744018236
  -2.53194207255592    2.12831966401706   -4.02757163620783
  -2.52168452354662    2.11969729326942   -4.03312230920333
  -2.51866665399203    2.11716050888320   -4.03491270164177
  -2.51216347722065    2.11169401770588   -4.03882918550509
  -2.50214013765649    2.10326852056487   -4.04417933529299
  -2.49591458651355    2.09803539810900   -4.04809782738838
  -2.49222669928161    2.09493540502484   -4.05062656264529
  -2.48235354020152    2.08663614776935   -4.05546453319213
  -2.47302653112968    2.07879597755803   -4.06095786415183
  -2.47233175647089    2.07821195844306   -4.06158881052758
  -2.46243809524670    2.06989546733499   -4.06723160102901
  -2.45279061068536    2.06178590933097   -4.07271369554008
  -2.45023481848974    2.05963754154403   -4.07412769948966
  -2.44277818725277    2.05336958815719   -4.07803384421457
  -2.43299696462596    2.04514761156443   -4.08320793091168
  -2.42737718802167    2.04042369580667   -4.08706210627947
  -2.42311059686204    2.03683725125022   -4.08964216128342
  -2.41310382969247    2.02842568466223   -4.09496314553662
  -2.40559499374191    2.02211384862906   -4.09954534998474
  -2.40312354367334    2.02003637780673   -4.10105117520810
  -2.39331137127236    2.01178838521081   -4.10624724346644
  -2.38342602152303    2.00347888062726   -4.11108336560951
  -2.38094137042638    2.00139031318153   -4.11269476826229
  -2.37364510845843    1.99525716424873   -4.11704856811139
  -2.36341497432129    1.98665783810868   -4.12347660437269
  -2.36036947987770    1.98409783257728   -4.12519939685401
  -2.35385362008146    1.97862068020376   -4.12835983944477
  -2.34385194665623    1.97021339535521   -4.13446159970161
  -2.33706372828500    1.96450730168122   -4.13853681914484
  -2.33406592190275    1.96198738215327   -4.14032960943882
  -2.32417637141709    1.95367434648193   -4.14529469936442
  -2.31428861339670    1.94536281753507   -4.15092177250300
  -2.31302894881446    1.94430395883151   -4.15166785543475
  -2.30419167176425    1.93687545139202   -4.15667935963473
  -2.29418006374664    1.92845981564613   -4.16220107357078
  -2.29112691746284    1.92589337807106   -4.16390499297013
  -2.28447965961686    1.92030577409751   -4.16832285209153
  -2.27461851374861    1.91201661500157   -4.17315464954005
  -2.26951914533477    1.90773014802948   -4.17679123530926
  -2.26460620675075    1.90360039170140   -4.18007354834431
  -2.25482737523524    1.89538042504768   -4.18524805151569
  -2.24610688593191    1.88805008796560   -4.18981926004297
  -2.24480276815585    1.88695386244881   -4.19056846102040
  -2.23493186770418    1.87865650376885   -4.19619467790710
  -2.22503849023218    1.87034025117942   -4.20183952789541
  -2.22379439011327    1.86929447577413   -4.20262277213779
  -2.21526404993963    1.86212397573422   -4.20701226041549
  -2.20517499103660    1.85364323571751   -4.21302850368586
  -2.20031962137484    1.84956187112421   -4.21566665897236
  -2.19550125774646    1.84551161335179   -4.21829990620414
  -2.18548090340061    1.83708862554894   -4.22441893130782
  -2.17867244965411    1.83136552226498   -4.22842345633732
  -2.17556920129853    1.82875696949867   -4.23008107045341
  -2.16581129079857    1.82055458879577   -4.23522791669859
  -2.15591914394463    1.81223937064889   -4.24087120677444
  -2.15521579381617    1.81164814309857   -4.24156666304939
  -2.14614157595066    1.80402046609597   -4.24684988427335
  -2.13616607903850    1.79563518490546   -4.25135184826388
  -2.13171620536022    1.79189467529644   -4.25432014185169
  -2.12610612461088    1.78717890975624   -4.25817923915219
  -2.11635777860721    1.77898456885241   -4.26263627172894
  -2.10944928835220    1.77317737609798   -4.26714528884950
  -2.10616857383390    1.77041964743703   -4.26966938265164
  -2.09657213890203    1.76235300112971   -4.27473156937598
  -2.08721994121675    1.75449165767675   -4.28001402169403
  -2.08652567473939    1.75390806573290   -4.28079197076629
  -2.07678459599495    1.74571983359866   -4.28601974192989
  -2.06680738983387    1.73733311563432   -4.29137792720407
  -2.06373164547915    1.73474768239610   -4.29303302208191
  -2.05702931557626    1.72911378552236   -4.29649604484506
  -2.04702867199781    1.72070736635047   -4.30092190144436
  -2.03714297204744    1.71239756739220   -4.30508456853188
  -2.03530596870553    1.71085340475995   -4.30594189881949
  -2.02735040147171    1.70416605185181   -4.31019493154373
  -2.01749258087928    1.69587968794221   -4.31422476124421
  -2.00760223089503    1.68756598022210   -4.31825243433548
  -2.00632927042810    1.68649594515983   -4.31893652089379
  -1.99767874265128    1.67922441688472   -4.32308592012722
  -1.98780466866516    1.67092439057036   -4.32792141527164
  -1.97930568430482    1.66378024784516   -4.33246122310389
  -1.97809192617141    1.66275997754329   -4.33323281486925
  -1.96804124225394    1.65431149507198   -4.33730177258878
  -1.95823604426056    1.64606936507813   -4.34116713182739
  -1.95137129242651    1.64029893830756   -4.34498348913402
  -1.94826259178188    1.63768580241349   -4.34673334065197
  -1.93839734073879    1.62939319255757   -4.35049229347591
  -1.92856759229191    1.62113042575157   -4.35486659740369
  -1.92182731916091    1.61546463426248   -4.35828132124783
  -1.91878486580932    1.61290718503596   -4.35999867624217
  -1.90873103200445    1.60445605480767   -4.36419220620111
  -1.89889979052678    1.59619203297818   -4.36856633836755
  -1.89450339176700    1.59249647373426   -4.37063522209309
  -1.88886865296183    1.58775998093269   -4.37305174391567
  -1.87912130740245    1.57956648099016   -4.37743035196644
  -1.86923262073676    1.57125417143536   -4.38226636158170
  -1.86670519776302    1.56912965047076   -4.38364751861539
  -1.85922241261901    1.56283971242824   -4.38731477978652
  -1.84945454982254    1.55462896594614   -4.39113056846295
  -1.83956606464421    1.54631682575916   -4.39596667396960
  -1.83830486673682    1.54525667816116   -4.39669744583917
  -1.82958132825914    1.53792377798026   -4.40125653809894
  -1.81988982307531    1.52977721677720   -4.40518548386553
  -1.81044732410197    1.52183996716149   -4.40922774046049
  -1.80980294148501    1.52129830698304   -4.40989330429381
  -1.80001815621826    1.51307333567855   -4.41370643737112
  -1.79004591514844    1.50469079130944   -4.41818029130908
  -1.78317197038119    1.49891263707120   -4.42202725853370
  -1.78007803858234    1.49631191568899   -4.42362555465755
  -1.77021045549415    1.48801734554437   -4.42764939084654
  -1.76035637614607    1.47973412647921   -4.43187861755636
  -1.75476726334037    1.47503598633701   -4.43488373890843
  -1.75018270094849    1.47118225903602   -4.43745208288139
  -1.74067602539678    1.46319106337027   -4.44109192937750
  -1.73070492541601    1.45480947818672   -4.44538152063363
  -1.72569871247630    1.45060131657143   -4.44800301528686
  -1.72087812819429    1.44654919214463   -4.45074472341797
  -1.71094317048193    1.43819798771164   -4.45525621889278
  -1.70104460809227    1.42987737674358   -4.45909423997513
  -1.69849080865062    1.42773068404135   -4.46068490906920
  -1.69111437996538    1.42153014794252   -4.46394682342551
  -1.68133891728487    1.41331301309047   -4.46848722676275
  -1.67139226949915    1.40495198212422   -4.47298716592062
  -1.67073373829556    1.40439842881620   -4.47366780367994
  -1.66156485292637    1.39669117546318   -4.47735464593293
  -1.65161714629289    1.38832925444239   -4.48185287010650
  -1.64180218452022    1.38007891713461   -4.48623282521187
  -1.64109155922671    1.37948157416918   -4.48685232135625
  -1.63192510071608    1.37177636080391   -4.49108085527099
  -1.62195530149699    1.36339586902477   -4.49555566674744
  -1.61388809239153    1.35661467131926   -4.49944317077329
  -1.61203268632759    1.35505503958305   -4.50024279482863
  -1.60223152612632    1.34681630370807   -4.50475470108944
  -1.59238082041654    1.33853592048215   -4.50881911813410
  -1.58486836001774    1.33222103778195   -4.51244056730432
  -1.58240654649825    1.33015166732538   -4.51328913069263
  -1.57251104343337    1.32183362798846   -4.51812983512388
  -1.56270300889158    1.31358911362658   -4.52250503841872
  -1.55707034053633    1.30885436121999   -4.52545394004831
  -1.55266851007426    1.30515423615329   -4.52782904618884
  -1.54286159388886    1.29691066186817   -4.53184017196660
  -1.53297477804724    1.28859992490530   -4.53587199358891
  -1.52861792445080    1.28493760684397   -4.53844037409785
  -1.52324140120417    1.28041816689553   -4.54134347036463
  -1.51323269131960    1.27200496728498   -4.54555111198601
  -1.50331645352711    1.26366949858860   -4.54958390172860
  -1.49901327531087    1.26005229939805   -4.55136506299971
  -1.49348576771358    1.25540594384361   -4.55393615587198
  -1.48370746779285    1.24718642404198   -4.55832630940356
  -1.47372033799770    1.23879136439173   -4.56361733686460
  -1.47187936387209    1.23724386396707   -4.56443507656399
  -1.46382594710332    1.23047425993178   -4.56844858335210
  -1.45405311462608    1.22225933599655   -4.57206308811658
  -1.44407915350574    1.21387534577393   -4.57653261354018
  -1.44283397770031    1.21282866615966   -4.57715810519824
  -1.43390337565429    1.20532171086550   -4.58405833343696
  -1.42466064185447    1.19755238142126   -4.58976322935949
  -1.42400574699655    1.19700188478112   -4.59210945237072
  -1.41942369058555    1.19315026397713   -4.60338592430761
      
      
