# shadow point cont 3D ind 22  size 1190
# norm  0.9851093 -0.1719291  0.0000000
# angle  0.1727876
   0.28256081499215    1.61900046939288   -4.60337199014372
   0.28357385300207    1.62480491546805   -4.59042539612481
   0.28428819954949    1.62889793663096   -4.58737837225678
   0.28638280975612    1.64089951196558   -4.58000998115240
   0.28756148526541    1.64765301811910   -4.57663724433434
   0.28869009492529    1.65411965989020   -4.57375761185394
   0.29090439246710    1.66680701273377   -4.56894323996767
   0.29281371150898    1.67774691756493   -4.56388453542536
   0.29309120154544    1.67933686378336   -4.56307751559970
   0.29531855412683    1.69209901863089   -4.55739806856351
   0.29742921543739    1.70419256264416   -4.55151746904743
   0.29757858703082    1.70504842328389   -4.55080345824950
   0.29975134511319    1.71749776575668   -4.54532526321385
   0.30203072183825    1.73055800550684   -4.54024839487965
   0.30282850638003    1.73512910482096   -4.53834829596684
   0.30421609714705    1.74307964142739   -4.53431474720174
   0.30643624840331    1.75580053454238   -4.52786110470718
   0.30726880736424    1.76057088229418   -4.52544100001589
   0.30863168217165    1.76837980283747   -4.52192546005308
   0.31088594277214    1.78129613368270   -4.51651350813800
   0.31251698699182    1.79064159567584   -4.51224374664865
   0.31307198087674    1.79382156725191   -4.51062979163098
   0.31532148228100    1.80671062913227   -4.50444157852100
   0.31748411260102    1.81910194214337   -4.49996270487367
   0.31762632732350    1.81991679576154   -4.49919141242904
   0.31974727000353    1.83206924936562   -4.49362462212649
   0.32195248839130    1.84470458100214   -4.48723088041241
   0.32237228143486    1.84710988668684   -4.48634576614718
   0.32417960905219    1.85746540700517   -4.48155112021037
   0.32640769395588    1.87023175787023   -4.47668133015737
   0.32735816990851    1.87567773952022   -4.47350338450470
   0.32860957763510    1.88284798248831   -4.46949787364708
   0.33083997267396    1.89562756983112   -4.46380023554262
   0.33209116324244    1.90279656853933   -4.46052307263970
   0.33308636302898    1.90849880620307   -4.45764499437989
   0.33530418294290    1.92120634132878   -4.45201659826631
   0.33668363252896    1.92911023107162   -4.44789990111239
   0.33752334474794    1.93392156514398   -4.44557133876179
   0.33972063915755    1.94651149443283   -4.44040223657153
   0.34193434712906    1.95919546919086   -4.43559549814193
   0.34208682186154    1.96006911001565   -4.43494892972713
   0.34417918004820    1.97205778185762   -4.42787869299109
   0.34637192514115    1.98462164473732   -4.42250774892771
   0.34651601204176    1.98544722545247   -4.42177404456084
   0.34863031634793    1.99756164288941   -4.41650154738059
   0.35083114587183    2.01017182746983   -4.41074754624093
   0.35137073140832    2.01326351319023   -4.40897736178282
   0.35302333956211    2.02273253095474   -4.40479633899477
   0.35529610742932    2.03575490365681   -4.39953955478441
   0.35649755405107    2.04263888240179   -4.39604577972919
   0.35747417183293    2.04823464997940   -4.39287591660674
   0.35973219430441    2.06117253537348   -4.38746855171178
   0.36123800372341    2.06980043431359   -4.38333223455535
   0.36194566281428    2.07385513807824   -4.38107352776926
   0.36416922700373    2.08659558641865   -4.37539942997474
   0.36633627199635    2.09901219436324   -4.37080707694943
   0.36647901686535    2.09983008558397   -4.37004711251968
   0.36858480176483    2.11189568902156   -4.36377058440388
   0.37078559258107    2.12450565181714   -4.35880671264390
   0.37135072667290    2.12774372415903   -4.35718889366311
   0.37302589163091    2.13734198658408   -4.35248111395978
   0.37527535367410    2.15023082293566   -4.34714698440280
   0.37608140962639    2.15484931529512   -4.34459106920021
   0.37745960751850    2.16274603315499   -4.34045335286810
   0.37968744272406    2.17551095331427   -4.33473931382669
   0.38092145404885    2.18258151939450   -4.33144066369500
   0.38188710996294    2.18811447830185   -4.32895300985313
   0.38411507869435    2.20088016352979   -4.32326929887056
   0.38576997077947    2.21036226763073   -4.31851447781965
   0.38632286707214    2.21353022054518   -4.31687745704177
   0.38854772255247    2.22627806764874   -4.31186542923490
   0.39080073350845    2.23918723835379   -4.30644458993743
   0.39094643413348    2.24002206529298   -4.30589309569506
   0.39303399271712    2.25198323664962   -4.29962505092575
   0.39520961082280    2.26444896631713   -4.29426074796741
   0.39577464409027    2.26768646096154   -4.29264408736305
   0.39745225458520    2.27729873568130   -4.28796777542378
   0.39970127092340    2.29018501825844   -4.28263372236844
   0.40050881641949    2.29481204531900   -4.28007795663867
   0.40186740311989    2.30259639611699   -4.27653116515864
   0.40409110177283    2.31533761489847   -4.26924764007384
   0.40477131550794    2.31923506386522   -4.26688796786792
   0.40629923928595    2.32798967236911   -4.26125353983829
   0.40837012405752    2.33985530709035   -4.25401156911934
   0.40851299405275    2.34067391525208   -4.25323820501000
   0.41077073789762    2.35361020418766   -4.24606868233177
   0.41188476122328    2.35999327003213   -4.24143785215652
   0.41298431919604    2.36629345314166   -4.23731059150242
   0.41521139936915    2.37905404716013   -4.22993325383374
   0.41561885826996    2.38138868139343   -4.22843364272927
   0.41739543094500    2.39156798383800   -4.22174546992388
   0.41933498798554    2.40268114458937   -4.21514047893367
   0.41961048443019    2.40425966804182   -4.21431354689793
   0.42186956345308    2.41720360720250   -4.20577497456133
   0.42280856558789    2.42258384684073   -4.20236247931248
   0.42404454318895    2.42966567917593   -4.19821405427959
   0.42631348545917    2.44266613219560   -4.19040296464035
   0.42657292586021    2.44415265866629   -4.18962355285557
   0.42849665493211    2.45517512924659   -4.18219916469316
   0.43028746820945    2.46543602666325   -4.17645373495578
   0.43070253457787    2.46781424972053   -4.17482938343246
   0.43292579239229    2.48055294261125   -4.16744437376176
   0.43390712135620    2.48617570404489   -4.16344506796434
   0.43516683435632    2.49339353408461   -4.15871521840370
   0.43737468470133    2.50604394615610   -4.15133771172877
   0.43751796992790    2.50686493348617   -4.15057708091480
   0.43963400410339    2.51898926262736   -4.14285001899355
   0.44111689203899    2.52748582738938   -4.13779006760244
   0.44180193862706    2.53141096735499   -4.13529818793304
   0.44408962340015    2.54451881007393   -4.12684151941202
   0.44460379847323    2.54746490040391   -4.12498004332238
   0.44624532732423    2.55687043662576   -4.11912904336545
   0.44806635337079    2.56730444540451   -4.11190110087627
   0.44848555248712    2.56970634803959   -4.11031507891799
   0.45071489644172    2.58247991294114   -4.10379642091579
   0.45194701546459    2.58953963662024   -4.09905840363071
   0.45290614207244    2.59503518428968   -4.09572634864533
   0.45511128949554    2.60767010931702   -4.08841121066357
   0.45569039374254    2.61098822703885   -4.08592833515504
   0.45739934294215    2.62078006443997   -4.07911852652044
   0.45927879579089    2.63154884370046   -4.07314078207202
   0.45955006914249    2.63310316992076   -4.07228650546988
   0.46181690048160    2.64609152785058   -4.06425145055735
   0.46290433844908    2.65232226646106   -4.06023466656659
   0.46401019948231    2.65865856447868   -4.05616101456049
   0.46610379043172    2.67065429973267   -4.04754378822070
   0.46624823666766    2.67148193934646   -4.04677638231220
   0.46846011300856    2.68415541933433   -4.03994823570985
   0.47000358549373    2.69299911791318   -4.03456402697867
   0.47069191854029    2.69694308843684   -4.03209161964429
   0.47294689345914    2.70986351214170   -4.02502793010917
   0.47386996221367    2.71515245762735   -4.02158482207700
   0.47513229837503    2.72238531770327   -4.01604123437636
   0.47731392637819    2.73488548253060   -4.00917883541623
   0.47745522089372    2.73569506360068   -4.00839392541838
   0.47961157080752    2.74805039150672   -4.00078257675338
   0.48094225309903    2.75567485725092   -3.99566455708262
   0.48179568079666    2.76056477747254   -3.99180404213774
   0.48396034317612    2.77296773365921   -3.98347866671461
   0.48410044157806    2.77377046130746   -3.98268054383459
   0.48599739257361    2.78463950042843   -3.97021509431319
   0.48612562878135    2.78537426076852   -3.96938137638158
   0.48672718285279    2.78882101018444   -3.95767716260170
   0.48695411666206    2.79012128228247   -3.94486550852343
   0.48693001755682    2.78998320063549   -3.93186758595461
   0.48681067456970    2.78929939615195   -3.91893666339893
   0.48681283580998    2.78931177950041   -3.90635258566186
   0.48664273089117    2.78833712226280   -3.89315108216844
   0.48650276713345    2.78753516609117   -3.88036858410217
   0.48609897355960    2.78522153323441   -3.87065307170355
   0.48596704077333    2.78446559245434   -3.86747764951039
   0.48523009902166    2.78024310660855   -3.85458405632235
   0.48395642110634    2.77294526121262   -3.84251345030991
   0.48383819600401    2.77226786192015   -3.84164390693939
   0.48253554195407    2.76480399075894   -3.82889058847197
   0.48174255726838    2.76026039338009   -3.82314465158337
   0.48077735653271    2.75473004252748   -3.81577713044571
   0.47951185291278    2.74747903373232   -3.80459680005131
   0.47924788338762    2.74596655655053   -3.80286170897383
   0.47772607547424    2.73724699037094   -3.79002008535822
   0.47726748305565    2.73461937429124   -3.78600085842313
   0.47618838797638    2.72843643827481   -3.77701420799473
   0.47506435874661    2.72199604118485   -3.76816982469565
   0.47451732960362    2.71886170552225   -3.76404846865605
   0.47299024350607    2.71011189671102   -3.75116520969942
   0.47282490398995    2.70916454399965   -3.74967207297680
   0.47127920050084    2.70030806234460   -3.73842808069802
   0.47056715415069    2.69622822071777   -3.73188594576545
   0.46987560717110    2.69226583518815   -3.72540771363369
   0.46834831927440    2.68351487011989   -3.71340346056857
   0.46821774000708    2.68276668465373   -3.71255557787092
   0.46659627681539    2.67347611947566   -3.69947999593996
   0.46612990593527    2.67080393482101   -3.69554012625720
   0.46501413980122    2.66441088313474   -3.68666105469604
   0.46392519493098    2.65817151036071   -3.67774736078931
   0.46335415682598    2.65489960954865   -3.67378053423987
   0.46181099062245    2.64605766588445   -3.66076336647824
   0.46168791548030    2.64535247711680   -3.65990613967702
   0.46028216170421    2.63729787116089   -3.64784065387021
   0.45943111834514    2.63242161258328   -3.64144438637766
   0.45852088532548    2.62720621254230   -3.63469876421573
   0.45730963198739    2.62026604384633   -3.62403370987033
   0.45703463200012    2.61869036496642   -3.62164682201677
   0.45552673163068    2.61005048542054   -3.60930361333193
   0.45496107964742    2.60680944569446   -3.60514571226364
   0.45374453595316    2.59983896462444   -3.59610006378882
   0.45281494667330    2.59451265821326   -3.58867086656369
   0.45212361443177    2.59055150307726   -3.58297217124132
   0.45073641511627    2.58260320938691   -3.57012122512022
   0.45060231549454    2.58183485319947   -3.56928788172584
   0.44888951939457    2.57202097405311   -3.55738909838598
   0.44831761648386    2.56874411812774   -3.55242038622325
   0.44739596544388    2.56346329578021   -3.54419961191366
   0.44616025724940    2.55638300707510   -3.53448057785991
   0.44572675991386    2.55389917933792   -3.53123911923109
   0.44433625320339    2.54593193512889   -3.51825539725699
   0.44396340068588    2.54379558653122   -3.51577097942159
   0.44249576465066    2.53538641121799   -3.50568136839557
   0.44166736605416    2.53063990127957   -3.49820840403549
   0.44090934728372    2.52629664956157   -3.49227013932437
   0.43950998626527    2.51827867245533   -3.48024434893661
   0.43937603550299    2.51751116919408   -3.47936980964264
   0.43789208936121    2.50900854118407   -3.46678956561744
   0.43724162971306    2.50528157544851   -3.46177850520996
   0.43608161696452    2.49863500209251   -3.45332138868106
   0.43499992125889    2.49243716515889   -3.44415529766491
   0.43455541751844    2.48989027356507   -3.44092945240658
   0.43293527943890    2.48060730093730   -3.42782129031181
   0.43281102493081    2.47989535470750   -3.42695421066856
   0.43140695986979    2.47185042465269   -3.41493173730562
   0.43056377629943    2.46701920063375   -3.40847687417665
   0.42982836321836    2.46280547367557   -3.40214142926461
   0.42833660943539    2.45425810989865   -3.38991308772062
   0.42820829941355    2.45352292662282   -3.38903383937259
   0.42667892072106    2.44475998183486   -3.37609729136035
   0.42611002038284    2.44150032987409   -3.37134633515294
   0.42501249424025    2.43521178862654   -3.36323420078624
   0.42386670699141    2.42864672370859   -3.35440438086265
   0.42334275321623    2.42564460394196   -3.35023993701428
   0.42181449002298    2.41688805067644   -3.33736338314603
   0.42168336344289    2.41613672924952   -3.33651824971563
   0.42009752773023    2.40705030032179   -3.32456996413966
   0.41942742983473    2.40321081250258   -3.31879093051458
   0.41852311627519    2.39802932943880   -3.31128602052838
   0.41721009448821    2.39050605382291   -3.30027032955366
   0.41704022031750    2.38953271871226   -3.29872468192016
   0.41533780412569    2.37977831375798   -3.28537184788395
   0.41504941550948    2.37812592149326   -3.28301427235277
   0.41370355191156    2.37041447078542   -3.27285965497933
   0.41270861374076    2.36471373211227   -3.26408303232151
   0.41217357710487    2.36164811041713   -3.25992091596314
   0.41062723888988    2.35278799194674   -3.24813685208719
   0.41046607145282    2.35186454417055   -3.24662166337399
   0.40906844748836    2.34385651993489   -3.23374297210956
   0.40833915388229    2.33967785598755   -3.22828162781140
   0.40730761253630    2.33376739057711   -3.22111841965901
   0.40615137684968    2.32714245881004   -3.20827716882733
   0.40603336523459    2.32646628274424   -3.20758277024861
   0.40413612941954    2.31559561168112   -3.19472434530544
   0.40396424597497    2.31461076395037   -3.19316391038138
   0.40258479969120    2.30670689312882   -3.18237385474420
   0.40162260395342    2.30119376013776   -3.17427289958118
   0.40096512644566    2.29742658387976   -3.16927107270461
   0.39953068885080    2.28920762705286   -3.15655996279149
   0.39940286350752    2.28847522085997   -3.15570361475560
   0.39776899469419    2.27911357467497   -3.14341049029263
   0.39720933029191    2.27590684224105   -3.13858749813858
   0.39614444950109    2.26980535042509   -3.13032877703227
   0.39498290051115    2.26314997480273   -3.12083591350777
   0.39448436953084    2.26029352108264   -3.11736282240973
   0.39298123844620    2.25168096830651   -3.10432719456316
   0.39285078187099    2.25093348583444   -3.10347995200290
   0.39137819343927    2.24249593456874   -3.09167423865668
   0.39059555337945    2.23801160922359   -3.08504801418241
   0.38965338837274    2.23261324714655   -3.07844213509393
   0.38836659376845    2.22524024651158   -3.06616110940868
   0.38824063690962    2.22451854625183   -3.06537697938123
   0.38654901518455    2.21482599080320   -3.05284007064672
   0.38612276454389    2.21238368475548   -3.04961395198623
   0.38498527098647    2.20586614054660   -3.04001302651818
   0.38389013669740    2.19959130400179   -3.03023491275717
   0.38349840793752    2.19734679941209   -3.02693842169651
   0.38173261047660    2.18722923616057   -3.01466274074809
   0.38161242283049    2.18654059199925   -3.01378694368362
   0.38030136557399    2.17902857263539   -3.00109998987096
   0.37944375033047    2.17411465885776   -2.99474723169944
   0.37859416683489    2.16924676492077   -2.98831843234131
   0.37722626810689    2.16140905861045   -2.97694289043918
   0.37697392524522    2.15996319920667   -2.97521416851846
   0.37544682968260    2.15121333616301   -2.96228590003735
   0.37499325561116    2.14861447391603   -2.95843275940032
   0.37373244990913    2.14139038297665   -2.94953409635786
   0.37281398966863    2.13612784308578   -2.94206684865201
   0.37211279654773    2.13211018765858   -2.93644011418243
   0.37076881086796    2.12440949693658   -2.92392674227292
   0.37051324403651    2.12294516501894   -2.92221448509962
   0.36892193329018    2.11382736556278   -2.91057935509906
   0.36837090673105    2.11067012573852   -2.90571237744808
   0.36757106235834    2.10608722412528   -2.89804581822070
   0.36614571391108    2.09792034576594   -2.88714664945997
   0.36576238280241    2.09572395754811   -2.88457836533705
   0.36417873228804    2.08665004924204   -2.87189712666711
   0.36389186865547    2.08500639473956   -2.86951278164188
   0.36261936289015    2.07771526546034   -2.85907888658694
   0.36170061391951    2.07245107122035   -2.85161143869459
   0.36099091794475    2.06838469663728   -2.84602861251971
   0.35945589927399    2.05958943623090   -2.83393011482152
   0.35933574230134    2.05890096782057   -2.83305448742097
   0.35793640166707    2.05088310751045   -2.82017698605737
   0.35724866056956    2.04694252870190   -2.81530024859591
   0.35614035849373    2.04059224414086   -2.80721479783056
   0.35502139160327    2.03418085294728   -2.79674431359735
   0.35473860668397    2.03256056841812   -2.79435231312184
   0.35298563234984    2.02251647837019   -2.78173341547722
   0.35271407354304    2.02096051656533   -2.77928814399276
   0.35132992823582    2.01302972155343   -2.76826862012105
   0.35065543756867    2.00916506428753   -2.76248817545376
   0.34978687132910    2.00418840413173   -2.75536925709826
   0.34837657354078    1.99610776215975   -2.74417165206820
   0.34821652497875    1.99519072524838   -2.74263898113084
   0.34655510547352    1.98567122071654   -2.72969851265958
   0.34611869074770    1.98317067708678   -2.72573967600223
   0.34511741636198    1.97743363353911   -2.71697600854230
   0.34391354415631    1.97053575682496   -2.70790435631303
   0.34336381578164    1.96738595526225   -2.70384945118094
   0.34205938590813    1.95991190909077   -2.69122572656614
   0.34163574452237    1.95748455339952   -2.68795586051410
   0.34021965035805    1.94937069969049   -2.67782895994074
   0.33953429095402    1.94544376737027   -2.67204393722564
   0.33863747129453    1.94030522241768   -2.66510581928801
   0.33723343965575    1.93226048386363   -2.65387971538392
   0.33706183622812    1.93127724055762   -2.65239396847572
   0.33548624730067    1.92224952306189   -2.63955417424024
   0.33494003913557    1.91911989139055   -2.63478230203661
   0.33377896325203    1.91246722654562   -2.62634257092257
   0.33284971202795    1.90714285710672   -2.61889564510437
   0.33214800689327    1.90312226797286   -2.61325575292018
   0.33057022756928    1.89408200007085   -2.60136768711170
   0.33045445686672    1.89341866385488   -2.60048484334229
   0.32908836363496    1.88559130257159   -2.58742788669261
   0.32836339845277    1.88143743937479   -2.58192664254277
   0.32748226037113    1.87638874581190   -2.57485441095739
   0.32614732719903    1.86873992362012   -2.56414252701902
   0.32576415031049    1.86654441904379   -2.56157505396823
   0.32418196392336    1.85747889980855   -2.54889385939077
   0.32387216681691    1.85570384242571   -2.54578853906021
   0.32266492473499    1.84878665719121   -2.53593247951948
   0.32167076858403    1.84309039928973   -2.52795558259620
   0.32101280022180    1.83932041056243   -2.52297696102898
   0.31963777865452    1.83144189222322   -2.50995235502811
   0.31946983338667    1.83047960922766   -2.50848406348382
   0.31780537236564    1.82094267759611   -2.49717906586563
   0.31725375705348    1.81778206436910   -2.49233067914354
   0.31632890923109    1.81248292528425   -2.48405996858110
   0.31508486264639    1.80535485975745   -2.47423231026281
   0.31465644426846    1.80290013313518   -2.47115054976883
   0.31310487108589    1.79401001965307   -2.45838330354825
   0.31285553448830    1.79258138536582   -2.45661353099608
   0.31155756174378    1.78514433687525   -2.44550987703299
   0.31054878640578    1.77936431480886   -2.43761665503486
   0.30985033485747    1.77536236788434   -2.43275413741824
   0.30835507321554    1.76679490498179   -2.42052603763313
   0.30823497800265    1.76610679043892   -2.41965075656477
   0.30683403584082    1.75807975378964   -2.40677087574210
   0.30614639825141    1.75413976805577   -2.40189545655634
   0.30495175053615    1.74729474528847   -2.39363712244914
   0.30395393805760    1.74157753757449   -2.38405545240036
   0.30364428009138    1.73980327742921   -2.38092636102124
   0.30199922510276    1.73037753734975   -2.36796965971257
   0.30174136719888    1.72890007817896   -2.36620753889872
   0.30020948862981    1.72012280974401   -2.35491449363446
   0.29948124906293    1.71595018516888   -2.34864329269409
   0.29869535776240    1.71144723105444   -2.34197947439791
   0.29724850988075    1.70315716649047   -2.33011518599614
   0.29712443918526    1.70244627345938   -2.32924910062777
   0.29560469075027    1.69373850755886   -2.31631863265253
   0.29508462928181    1.69075868970422   -2.31211329534302
   0.29396604897635    1.68434951354282   -2.30324465543161
   0.29281796735086    1.67777130243937   -2.29453650010795
   0.29219076417827    1.67417759030042   -2.29031082051188
   0.29079944375529    1.66620568372894   -2.27729924605348
   0.29063609112178    1.66526971534163   -2.27579679751294
   0.28921024541973    1.65709998784081   -2.26467698150819
   0.28836513548693    1.65225772626277   -2.25746551151084
   0.28759057414853    1.64781968990419   -2.25157110642970
   0.28624338495451    1.64010064387321   -2.24153584651156
   0.28583663475858    1.63777007033579   -2.23846532208813
   0.28439394334117    1.62950382123806   -2.22574548187236
   0.28394420319617    1.62692692639905   -2.22185479655732
   0.28272522643279    1.61994250447149   -2.21283457838949
   0.28168992606717    1.61401050084974   -2.20343394745123
   0.28119594830222    1.61118013587734   -2.19992332712158
   0.27956140164675    1.60181460583202   -2.18853882628501
   0.27931329571792    1.60039302295876   -2.18680685488888
   0.27805776388787    1.59319914994335   -2.17448769372742
   0.27726671123988    1.58866662264143   -2.16866088544334
   0.27635085226652    1.58341898733924   -2.16116695309571
   0.27506962981749    1.57607791371429   -2.15072817855815
   0.27478302714574    1.57443575444993   -2.14843136879503
   0.27316119925388    1.56514309963413   -2.13519072190244
   0.27287187115272    1.56348532436334   -2.13292558202781
   0.27158062359593    1.55608680946097   -2.12262413432823
   0.27058691880401    1.55039313773017   -2.11464976379935
   0.26992199615171    1.54658330271743   -2.10969601461327
   0.26842194147907    1.53798837698723   -2.09745851182543
   0.26829427672661    1.53725689093824   -2.09660301754214
   0.26673609556357    1.52832891543521   -2.08386055446368
   0.26618227311508    1.52515565588721   -2.07898396906590
   0.26519292862808    1.51948696757713   -2.07097919970511
   0.26391431048641    1.51216081596052   -2.06143321866706
   0.26339394679444    1.50917926644319   -2.05805316355934
   0.26179069493037    1.49999304746744   -2.04644843603658
   0.26162577476296    1.49904809751588   -2.04495762323359
   0.25993031243653    1.48933353641367   -2.03221647868550
   0.25950627313484    1.48690390076693   -2.02898982877881
   0.25812231613340    1.47897418469848   -2.01931078729237
   0.25732793948618    1.47442261173971   -2.01347710041248
   0.25634323584923    1.46878051430139   -2.00623357127117
   0.25510141705047    1.46166521341246   -1.99815104669178
   0.25441301353592    1.45772083912539   -1.99330184326821
   0.25289942240154    1.44904835296664   -1.98264861648023
   0.25261339284440    1.44740947750091   -1.98038510987718
   0.25102595770367    1.43831388426355   -1.96771782674466
   0.25064235862967    1.43611596067365   -1.96518477068912
   0.24928309637802    1.42832773914151   -1.95456012556451
   0.24845884195165    1.42360497422727   -1.94875249093047
   0.24733457429138    1.41716321099215   -1.94165356337502
   0.24618656082645    1.41058539043112   -1.93294633691648
   0.24563243434061    1.40741038882769   -1.92892658622691
   0.24399511425953    1.39802896777011   -1.91667478072859
   0.24386420431763    1.39727888762402   -1.91583077606268
   0.24204120193537    1.38683355495228   -1.90295348558352
   0.24176210824987    1.38523442023916   -1.90062437125234
   0.24040286603531    1.37744631351441   -1.88999981494410
   0.23957824811822    1.37272146589219   -1.88419055975549
   0.23847131183475    1.36637900696853   -1.87708440680040
   0.23738371190516    1.36014734035700   -1.86806618544991
   0.23692047337987    1.35749310328630   -1.86419109488227
   0.23511937563468    1.34717327852582   -1.85212033494136
   0.23499173766065    1.34644194591032   -1.85126499087341
   0.23319564067225    1.33615077419436   -1.83819182429049
   0.23294172323533    1.33469589288119   -1.83659144469684
   0.23152311234867    1.32656761900338   -1.82544224527181
   0.23067594322727    1.32171355880671   -1.81900187166313
   0.22971117710349    1.31618569816794   -1.81253796631755
   0.22843078650613    1.30884939083816   -1.80300970506202
   0.22792404753442    1.30594590744794   -1.79961735025404
   0.22630550110664    1.29667205457354   -1.78713136598023
   0.22617062132581    1.29589922827600   -1.78630351382779
   0.22438518292080    1.28566912748916   -1.77403760392094
   0.22398247184812    1.28336169708441   -1.77080469600411
   0.22266822292484    1.27583139029454   -1.76070169990948
   0.22183089899855    1.27103374052226   -1.75507817086053
   0.22082262908650    1.26525661441607   -1.74799466936541
   0.21956398742359    1.25804492286178   -1.73994439033861
   0.21873160779163    1.25327560261865   -1.73510284307916
   0.21734431516434    1.24532677427590   -1.72703363239470
   0.21651194372011    1.24055750094634   -1.72219212652819
   0.21516751754797    1.23285428631691   -1.71529113068481
   0.21401491954473    1.22625019753579   -1.70928163052904
   0.21291906286342    1.21997122187007   -1.70344568784615
   0.21139113611286    1.21121659633423   -1.69621862744444
   0.21068560426575    1.20717408112675   -1.69233680409859
   0.20891636800909    1.19703681446406   -1.68312524349199
   0.20851685190630    1.19474769041137   -1.68139061533706
   0.20638530609781    1.18253448362059   -1.67055090372419
   0.20624658354848    1.18173963925232   -1.66974401546816
   0.20415324971694    1.16974537721728   -1.65764738177165
   0.20400815814427    1.16891403999075   -1.65688602429707
   0.20180760319310    1.15630542864114   -1.64634463813342
   0.20151587845386    1.15463392125333   -1.64476731097910
   0.19958815742322    1.14358857778078   -1.63504855457049
   0.19889394476361    1.13961091859332   -1.63170403956958
   0.19733404531652    1.13067309776665   -1.62395417547732
   0.19639773926453    1.12530830598651   -1.61891145115966
   0.19516014100467    1.11821718769502   -1.61226947131065
   0.19387125107317    1.11083218137650   -1.60609361333414
   0.19286052596041    1.10504098760454   -1.60075712504708
   0.19140409095106    1.09669599127569   -1.59309238726220
   0.19073678800538    1.09287251779687   -1.58966426528889
   0.18901997568329    1.08303562673535   -1.58025741862093
   0.18847762692478    1.07992810846671   -1.57779448360183
   0.18635198191136    1.06774871170714   -1.56761510617367
   0.18621329139403    1.06695405087400   -1.56680814451709
   0.18408727831393    1.05477254518748   -1.55470069655387
   0.18393540627848    1.05390235766097   -1.55400503277767
   0.18179849688903    1.04165841893697   -1.54407762436114
   0.18137696210204    1.03924313351237   -1.54167405998516
   0.17959662774245    1.02904227758716   -1.53262200855046
   0.17887911883411    1.02493113691313   -1.52876879273729
   0.17738176936349    1.01635171129163   -1.52131376798456
   0.17625849515558    1.00991564028186   -1.51570962477865
   0.17510594876660    1.00331184723718   -1.50958657678634
   0.17377091420316    0.99566244409922   -1.50276957815115
   0.17294008000864    0.99090197881332   -1.49873148730253
   0.17135164961418    0.98180068302927   -1.49030249367132
   0.17066746820488    0.97788050031452   -1.48699646340068
   0.16879502492753    0.96715188408716   -1.47691188829662
   0.16849781021059    0.96544892054549   -1.47534489990956
   0.16629392840414    0.95282124717458   -1.46480874472876
   0.16615291714658    0.95201328909948   -1.46401631658171
   0.16404220937696    0.93991947888781   -1.45210107729748
   0.16390103512512    0.93911058689761   -1.45130975354614
   0.16186632573887    0.92745222778826   -1.44122453685636
   0.16128756466224    0.92413607634398   -1.43822550497307
   0.15966010937497    0.91481117800632   -1.43072504407572
   0.15865837571397    0.90907150292997   -1.42530144756703
   0.15738702663128    0.90178700114333   -1.41821946263599
   0.15608884366749    0.89434874815064   -1.41195015800324
   0.15526154321017    0.88960853026602   -1.40782244767401
   0.15365533368218    0.88040536464010   -1.39951102525442
   0.15294085795944    0.87631160333594   -1.39566082837260
   0.15107644404851    0.86562899330375   -1.38635334244036
   0.15078450937118    0.86395628302496   -1.38473876984349
   0.14858242919025    0.85133893250286   -1.37393890795765
   0.14842813651671    0.85045487534547   -1.37326391141832
   0.14633829756426    0.83848063806466   -1.36457454963460
   0.14539612057972    0.83308220735775   -1.36035158634292
   0.14412821922385    0.82581746015508   -1.35408241848280
   0.14285625015612    0.81852940601440   -1.34770317095688
   0.14192192185821    0.81317594625413   -1.34408552100274
   0.13978838253940    0.80095131716426   -1.33492438590577
   0.13964135853930    0.80010890762778   -1.33418214050006
   0.13745562120015    0.78758519736686   -1.32505007209679
   0.13675383330073    0.78356413401237   -1.32188763091308
   0.13521769745440    0.77476247247862   -1.31478158294104
   0.13409368563777    0.76832217516151   -1.30917333227975
   0.13299392243168    0.76202081611799   -1.30430527789288
   0.13120616450128    0.75177742504997   -1.29607216960040
   0.13076510079892    0.74925024398568   -1.29384547882620
   0.12855877194490    0.73660854966442   -1.28409831567868
   0.12841330974283    0.73577508882721   -1.28334075308853
   0.12641454047897    0.72432265733389   -1.27468162972127
   0.12542734662620    0.71866629160224   -1.26998039246213
   0.12414522392047    0.71132005973903   -1.26423795498870
   0.12229500749083    0.70071879760665   -1.25757899184105
   0.12187569592986    0.69831625069285   -1.25528953640306
   0.11981196030380    0.68649157872837   -1.24544877539734
   0.11932937743624    0.68372650357409   -1.24371542668204
   0.11745110752825    0.67296450225849   -1.23656926193623
   0.11646501887521    0.66731446903583   -1.23189218652123
   0.11523210755325    0.66025020568769   -1.22608212193392
   0.11356788287821    0.65071462825756   -1.21882189929844
   0.11299270301331    0.64741899623130   -1.21579097202508
   0.11094114850801    0.63566411894178   -1.20585019370792
   0.11079413278012    0.63482175680298   -1.20510799554124
   0.10858717012639    0.62217643097313   -1.19600717762946
   0.10800794347922    0.61885761192992   -1.19316600015891
   0.10634583108414    0.60933413731829   -1.18497510128788
   0.10521887372479    0.60287696280238   -1.18030500036529
   0.10410797319455    0.59651178976886   -1.17549821615741
   0.10222476924103    0.58572151764711   -1.16713974163438
   0.10194294108257    0.58410671511034   -1.16613818351085
   0.09969387244864    0.57122013289219   -1.15604855048045
   0.09917290570163    0.56823512802530   -1.15408612956104
   0.09749359089812    0.55861308805767   -1.14619032040373
   0.09651318510697    0.55299561616545   -1.14137151160453
   0.09526158695663    0.54582428211844   -1.13573398677563
   0.09371109978445    0.53694039119530   -1.12866751587531
   0.09302261115078    0.53299552919764   -1.12544562931944
   0.09089506679095    0.52080524967392   -1.11572821448464
   0.09074025252556    0.51991820392999   -1.11505785022092
   0.08862625311097    0.50780553344303   -1.10644804164279
   0.08776642328300    0.50287893066867   -1.10267960411619
   0.08636983566607    0.49487684443659   -1.09639327563772
   0.08489934748746    0.48645132707861   -1.08953283530456
   0.08419806941351    0.48243318489238   -1.08627169681102
   0.08220536056254    0.47101547799916   -1.07697423449808
   0.08190774434785    0.46931021397915   -1.07553200251729
   0.07972445426294    0.45680052585274   -1.06651508685876
   0.07928832376724    0.45430161078812   -1.06413560425547
   0.07747139305328    0.44389106720711   -1.05616425056696
   0.07635469201692    0.43749265877213   -1.05140958520605
   0.07530373399075    0.43147094080062   -1.04697726255116
   0.07335707090340    0.42031706423692   -1.03796335613473
   0.07305630899614    0.41859377621113   -1.03656747238394
   0.07087504318695    0.40609568666164   -1.02900942109998
   0.06988175376057    0.40040439486810   -1.02510969300880
   0.06862416883202    0.39319875812869   -1.02041564804310
   0.06647459576295    0.38088225979214   -1.01278685112905
   0.06602947765117    0.37833184800939   -1.01155950972755
   0.06418656813307    0.36777245259237   -1.00589686873477
   0.06241982238910    0.35764945592398   -0.99922002480302
   0.06198336952149    0.35514869375158   -0.99757699143637
   0.05976597030481    0.34244356911234   -0.99031458021363
   0.05876317957859    0.33669783732540   -0.98659460920517
   0.05753907690948    0.32968404528232   -0.98248064577549
   0.05540068860713    0.31743163276949   -0.97403750225349
   0.05507720401630    0.31557814963732   -0.97295998397200
   0.05310403371516    0.30427239358679   -0.96693347815003
   0.05124682636214    0.29363107526963   -0.96095764191062
   0.05083685003552    0.29128201683681   -0.95942253100916
   0.04866917091748    0.27886177551740   -0.95240858581592
   0.04739377706150    0.27155409822485   -0.94786787047906
   0.04640661935360    0.26589793959403   -0.94405462800054
   0.04422981130678    0.25342539187121   -0.93631477656015
   0.04380523545988    0.25099268195906   -0.93478838590126
   0.04198534942628    0.24056520516002   -0.92850920555329
   0.04020341010667    0.23035515322854   -0.92214663644026
   0.03975666402684    0.22779541360942   -0.92048688353058
   0.03753912935064    0.21508951282213   -0.91336886027613
   0.03644578223195    0.20882491630184   -0.90912380656588
   0.03534671032915    0.20252751824763   -0.90564529474936
   0.03310162677829    0.18966376952589   -0.89804437845567
   0.03267806365712    0.18723686227053   -0.89641432801670
   0.03090132036495    0.17705658223382   -0.89056465801627
   0.02894953814487    0.16587337436208   -0.88338567271129
   0.02867998779842    0.16432892051618   -0.88250663285884
   0.02654362656069    0.15208812255985   -0.87528795021043
   0.02496486267989    0.14304221340171   -0.86993285638728
   0.02423345946317    0.13885146193031   -0.86721274123660
   0.02202002122658    0.12616903268367   -0.85993416582737
   0.02133185729542    0.12222603114753   -0.85749793200516
   0.01981466847303    0.11353293116594   -0.85240921247281
   0.01755998095163    0.10061415417423   -0.84536565943632
   0.01727567340053    0.09898514535823   -0.84468001259372
   0.01530190258134    0.08767594849439   -0.84042734908802
   0.01309216973563    0.07501475018023   -0.83826232723450
   0.01086937014219    0.06227868277735   -0.83721475998728
   0.00866169184052    0.04962925646973   -0.83769176422768
   0.00643640186516    0.03687891982188   -0.84043667071892
   0.00436672101094    0.02502018323603   -0.84539205857074
   0.00421388556885    0.02414447563835   -0.84602197894428
   0.00196495488055    0.01125868381300   -0.85300477779523
  -0.00001182797572   -0.00006777124507   -0.85880321908944
  -0.00016218941705   -0.00092930345753   -0.85950104061012
  -0.00238123116031   -0.01364383934969   -0.86756762674477
  -0.00349075158200   -0.02000110471774   -0.87160092628473
  -0.00463893034082   -0.02657987237003   -0.87610495272411
  -0.00683736623437   -0.03917634206700   -0.88282856172588
  -0.00736813178727   -0.04221749156007   -0.88452394491942
  -0.00904609863187   -0.05183180807142   -0.89093593859012
  -0.01087311253935   -0.06230012574625   -0.89718666863164
  -0.01128856365849   -0.06468055332575   -0.89873751836903
  -0.01345731118693   -0.07710691636066   -0.90575280151456
  -0.01482799238219   -0.08496056548957   -0.91053973695426
  -0.01570443044884   -0.08998232918082   -0.91432434722800
  -0.01793227180120   -0.10274728455970   -0.92154744155299
  -0.01834608656938   -0.10511833627100   -0.92305848844261
  -0.02014658247223   -0.11543471263029   -0.92963451484024
  -0.02220231780477   -0.12721354497978   -0.93624372661758
  -0.02235267889464   -0.12807507517848   -0.93694156272840
  -0.02457171600368   -0.14078958451777   -0.94500832595828
  -0.02568123458542   -0.14714683934338   -0.94904171497598
  -0.02679951149536   -0.15355427712685   -0.95304427338029
  -0.02900402253381   -0.16618555583448   -0.96035259719900
  -0.02953280767050   -0.16921535805437   -0.96216419894246
  -0.03122307675180   -0.17890016320368   -0.96803913145663
  -0.03322841806984   -0.19039025086956   -0.97431867450730
  -0.03352341470785   -0.19208050539196   -0.97579204652117
  -0.03568412075138   -0.20446079279595   -0.98365992373888
  -0.03704816609932   -0.21227642023405   -0.98778057508636
  -0.03788602812336   -0.21707715316736   -0.99098970147708
  -0.04009440806740   -0.22973059970456   -0.99850277258927
  -0.04065414544494   -0.23293775026785   -1.00068781540587
  -0.04230160964268   -0.24237729449313   -1.00659417469397
  -0.04439282150203   -0.25435939817576   -1.01368607438843
  -0.04454318311560   -0.25522093137510   -1.01438392686672
  -0.04675019068724   -0.26786651457300   -1.02248643624706
  -0.04782527622337   -0.27402647694312   -1.02673428737321
  -0.04896273126306   -0.28054380045531   -1.03097731589618
  -0.05119456089174   -0.29333160762717   -1.03849079650788
  -0.05133814160061   -0.29415428799443   -1.03926424790993
  -0.05338173815465   -0.30586356827923   -1.04856263130634
  -0.05411677773782   -0.31007515519092   -1.05216240923013
  -0.05561534392132   -0.31866155226288   -1.05881296312914
  -0.05713697401815   -0.32738009959959   -1.06540988633373
  -0.05788131169940   -0.33164496221110   -1.06899132201849
  -0.05996888678672   -0.34360622812957   -1.07778044957804
  -0.06011433607266   -0.34443961496071   -1.07853792626711
  -0.06230636164945   -0.35699935519869   -1.08841537327201
  -0.06285284958485   -0.36013058988159   -1.09088810793454
  -0.06452798782332   -0.36972869921062   -1.09889143076559
  -0.06562349753200   -0.37600568681281   -1.10380207457500
  -0.06672778032530   -0.38233294192337   -1.10878494447769
  -0.06845573152702   -0.39223365588737   -1.11632215771392
  -0.06898935031290   -0.39529115366828   -1.11887554687706
  -0.07114465326510   -0.40764048275480   -1.12833256719830
  -0.07143705561675   -0.40931587268667   -1.12977790331274
  -0.07340744540803   -0.42060569713405   -1.13840563630646
  -0.07446844546243   -0.42668495333292   -1.14272840578171
  -0.07562649448118   -0.43332027502460   -1.14889290650934
  -0.07703004188106   -0.44136223901480   -1.15521754982060
  -0.07785259289581   -0.44607524382062   -1.15853530082741
  -0.08000228619556   -0.45839243104785   -1.16694752928032
  -0.08029572771954   -0.46007377516871   -1.16854093024259
  -0.08224428787023   -0.47123852141522   -1.17820821994585
  -0.08292487356755   -0.47513810162935   -1.18145811479572
  -0.08442770715785   -0.48374894983977   -1.18759343305518
  -0.08586694539344   -0.49199541309779   -1.19429610921922
  -0.08670263487881   -0.49678369794586   -1.19818444763979
  -0.08873568215178   -0.50843253357555   -1.20756094355322
  -0.08888315319090   -0.50927750453009   -1.20829326174093
  -0.09109805114525   -0.52196829758236   -1.21777440070598
  -0.09177390744473   -0.52584077956871   -1.22048330060891
  -0.09331264183564   -0.53465733009153   -1.22766272962728
  -0.09454920098199   -0.54174249453099   -1.23328503349395
  -0.09553968175970   -0.54741769349335   -1.23814312556845
  -0.09749519544578   -0.55862228170120   -1.24611105873612
  -0.09777657853569   -0.56023453411016   -1.24759217843334
  -0.09996396057476   -0.57276766807670   -1.25757611101115
  -0.10025839723893   -0.57445471409372   -1.25905414348222
  -0.10217832181659   -0.58545538590493   -1.26719820066820
  -0.10317650217753   -0.59117470148993   -1.27194638092501
  -0.10447470523584   -0.59861306961903   -1.27797146237558
  -0.10618355568424   -0.60840434120125   -1.28492906968085
  -0.10660265451607   -0.61080566923211   -1.28669189602335
  -0.10883383388176   -0.62358975056497   -1.29721348740522
  -0.10897681568557   -0.62440899936099   -1.29798385645458
  -0.11109291486548   -0.63653370096073   -1.30728957068682
  -0.11167335672107   -0.63985948283423   -1.31032398064955
  -0.11328110167899   -0.64907144607692   -1.31721544796578
  -0.11480218564714   -0.65778686423741   -1.32376811301028
  -0.11550608010551   -0.66181999763044   -1.32689216351194
  -0.11760390824820   -0.67384001090726   -1.33638300898952
  -0.11774896317306   -0.67467113815127   -1.33714418674558
  -0.11997709496857   -0.68743775769444   -1.34699385705401
  -0.12052056256213   -0.69055168659886   -1.34925196184733
  -0.12221648100987   -0.70026886115837   -1.35789994327060
  -0.12317534800488   -0.70576292131331   -1.36209902103197
  -0.12437806124047   -0.71265415742838   -1.36642859687234
  -0.12618929521484   -0.72303206016328   -1.37510224922968
  -0.12663295287512   -0.72557410393623   -1.37746302309527
  -0.12883426654084   -0.73818706252426   -1.38721089126451
  -0.12897753828874   -0.73900797262499   -1.38798693636895
  -0.13104389724224   -0.75084767557793   -1.39850001976136
  -0.13156405184555   -0.75382802707127   -1.40112229043203
  -0.13325715958675   -0.76352909700839   -1.41079908905014
  -0.13394602420499   -0.76747611330048   -1.41399378505654
  -0.13548237324450   -0.77627899637609   -1.42189742068355
  -0.13643269372039   -0.78172408718453   -1.42692132501072
  -0.13765952851711   -0.78875353361294   -1.43273010858284
  -0.13895210930938   -0.79615968761017   -1.43977870080977
  -0.13996479069658   -0.80196209032927   -1.44505815039810
  -0.14155070147169   -0.81104894934540   -1.45275851997552
  -0.14210000026425   -0.81419628951360   -1.45533360077797
  -0.14394333391079   -0.82475811507699   -1.46546580880129
  -0.14437334483438   -0.82722196657445   -1.46785981424398
  -0.14644870392991   -0.83911323801598   -1.47837911953703
  -0.14659169983785   -0.83993256762507   -1.47915734915657
  -0.14880728835939   -0.85262731744892   -1.49048140093185
  -0.14895056499169   -0.85344825553603   -1.49125747664498
  -0.15101735259311   -0.86529041453081   -1.50177339158430
  -0.15155925510216   -0.86839537590534   -1.50436009339281
  -0.15320202692276   -0.87780803402189   -1.51246433132920
  -0.15404679455341   -0.88264833429704   -1.51728719642531
  -0.15543647352081   -0.89061083575215   -1.52456736282330
  -0.15656289336640   -0.89706493045312   -1.53015280578087
  -0.15768549290508   -0.90349713578247   -1.53564148858436
  -0.15895837634950   -0.91079042906540   -1.54272073097962
  -0.15987779429423   -0.91605845635405   -1.54715728714477
  -0.16155920928009   -0.92569252982396   -1.55583234604599
  -0.16214868967549   -0.92907010019544   -1.55966456876602
  -0.16391845013759   -0.93921037041985   -1.56886769299799
  -0.16432626269755   -0.94154703102872   -1.57054602877611
  -0.16655281470696   -0.95430459880563   -1.58084528616643
  -0.16669152422414   -0.95509936850302   -1.58165212601991
  -0.16875215565490   -0.96690625423036   -1.59319324940494
  -0.16904309506203   -0.96857326186812   -1.59470849116058
  -0.17102624460841   -0.97993619641565   -1.60484928437063
  -0.17155470145440   -0.98296411761465   -1.60745508291422
  -0.17319379620576   -0.99235570707441   -1.61573908923045
  -0.17417535004750   -0.99797975699992   -1.62052784395674
  -0.17546508932052   -1.00536962982599   -1.62744197880483
  -0.17654014078933   -1.01152939699918   -1.63329192021628
  -0.17764493239903   -1.01785956749628   -1.63912363737228
  -0.17908431803376   -1.02610687531324   -1.64595352727089
  -0.17995205925773   -1.03107880834281   -1.65054486358127
  -0.18181136565633   -1.04173215364890   -1.65911280523282
  -0.18209528317193   -1.04335892766228   -1.66071305599727
  -0.18396140907991   -1.05405134699528   -1.67161901815952
  -0.18435492870219   -1.05630611276385   -1.67337937472584
  -0.18654101204218   -1.06883180552018   -1.68412267450014
  -0.18668648804946   -1.06966534545770   -1.68488032774928
  -0.18881656425869   -1.08187013182440   -1.69582638538731
  -0.18909189884497   -1.08344772787021   -1.69745422450394
  -0.19099182497062   -1.09433381371804   -1.70825996055709
  -0.19142258782135   -1.09680197356373   -1.71053495160034
  -0.19325556051740   -1.10730443355759   -1.72084001941994
  -0.19377578529663   -1.11028518714080   -1.72346264853199
  -0.19535841102331   -1.11935322367817   -1.73132950341106
  -0.19632984792031   -1.12491930612407   -1.73679157277807
  -0.19757021429032   -1.13202628497151   -1.74482977244454
  -0.19827391449828   -1.13605830535988   -1.74969972570605
  -0.19983853749487   -1.14502319090486   -1.76068869633617
  -0.20009491677083   -1.14649217791964   -1.76242675468635
  -0.20174870323151   -1.15596794707822   -1.77533690788625
  -0.20201432489648   -1.15748989059425   -1.77711106010976
  -0.20355848264110   -1.16633751553272   -1.78824801935299
  -0.20422649404109   -1.17016504827173   -1.79323889091505
  -0.20534541830644   -1.17657619523446   -1.80134239016447
  -0.20648623652980   -1.18311278892016   -1.80921946554040
  -0.20716784669731   -1.18701823908378   -1.81406847051278
  -0.20864566571690   -1.19548576026665   -1.82416662217324
  -0.20906194489021   -1.19787093238260   -1.82729553747036
  -0.21069318479419   -1.20721751559624   -1.83964555784446
  -0.21097965971300   -1.20885894286933   -1.84202769199714
  -0.21245149542282   -1.21729218123298   -1.85279174952309
  -0.21310750453940   -1.22105094398891   -1.85698760776082
  -0.21425116037094   -1.22760379643636   -1.86570592301178
  -0.21539890674790   -1.23418008665233   -1.87441267925419
  -0.21596626348601   -1.23743089418320   -1.87839938525582
  -0.21764130577484   -1.24702845374556   -1.88962692393719
  -0.21779971612995   -1.24793610415448   -1.89115645298656
  -0.21954344705826   -1.25792723187515   -1.90440577717419
  -0.21984108356521   -1.25963261216461   -1.90668057555357
  -0.22127232830843   -1.26783327477646   -1.91695474294567
  -0.22204443359672   -1.27225723860241   -1.92205636517662
  -0.22313976631721   -1.27853321210805   -1.93024758527177
  -0.22426241650437   -1.28496570764015   -1.93819903296046
  -0.22492569321128   -1.28876611181099   -1.94317619957593
  -0.22641376050451   -1.29729235295413   -1.95401316711079
  -0.22682991035008   -1.29967678405558   -1.95643441710511
  -0.22852970616571   -1.30941617493133   -1.96845505383429
  -0.22876979619194   -1.31079182875360   -1.97020515459173
  -0.23020940573298   -1.31904041949593   -1.98189965370853
  -0.23086557288851   -1.32280008777418   -1.98609634498320
  -0.23209410945983   -1.32983928493138   -1.99501383331886
  -0.23305700529330   -1.33535642928987   -2.00236777454265
  -0.23377922617195   -1.33949456833640   -2.00791812339026
  -0.23535901393028   -1.34854634404830   -2.01898935434771
  -0.23551643752660   -1.34944834058433   -2.02044905272636
  -0.23739793528301   -1.36022883663742   -2.03368396468014
  -0.23756522517781   -1.36118736451471   -2.03515530683460
  -0.23903103023355   -1.36958604878857   -2.04606685588605
  -0.23983642112160   -1.37420073050173   -2.05183731849392
  -0.24088044304549   -1.38018270639914   -2.05937965168724
  -0.24196507449607   -1.38639736439288   -2.06759980582311
  -0.24253239036626   -1.38964793776117   -2.07229355533116
  -0.24392538201540   -1.39762942002680   -2.08520504120716
  -0.24418964299539   -1.39914356716945   -2.08697084179639
  -0.24565088448543   -1.40751610339084   -2.09790345754462
  -0.24647534202892   -1.41224003211373   -2.10435808835265
  -0.24726789995354   -1.41678118426186   -2.11102195532212
  -0.24861102378072   -1.42447693679118   -2.12083735628804
  -0.24900402121839   -1.42672871057683   -2.12412261933066
  -0.25039886613401   -1.43472081158057   -2.13703890217620
  -0.25081355587118   -1.43709687663810   -2.14037386388461
  -0.25209814559032   -1.44445724385080   -2.14993961135798
  -0.25312195871745   -1.45032342856383   -2.15769605200278
  -0.25369531975931   -1.45360863920396   -2.16247105631381
  -0.25536542614890   -1.46317791733887   -2.17453162503945
  -0.25548114265148   -1.46384094300288   -2.17541420801823
  -0.25675112150143   -1.47111759370993   -2.18828542469794
  -0.25757304968157   -1.47582702983428   -2.19398070685981
  -0.25854770703172   -1.48141156464474   -2.20121786065305
  -0.25979647978047   -1.48856670987052   -2.21169121957019
  -0.26007575134060   -1.49016686375936   -2.21412598915567
  -0.26171981449313   -1.49958692087424   -2.22706774130999
  -0.26200271784098   -1.50120788396839   -2.22952028852941
  -0.26326732577346   -1.50845376070595   -2.23995072448452
  -0.26426087689945   -1.51414655197066   -2.24792410467144
  -0.26493384923596   -1.51800250959424   -2.25285976823056
  -0.26643674547102   -1.52661371674297   -2.26423842521851
  -0.26658813696977   -1.52748115091832   -2.26579613183662
  -0.26816076678366   -1.53649191345786   -2.27907580201861
  -0.26860649371297   -1.53904581360778   -2.28306850914669
  -0.26965925241652   -1.54507784899550   -2.29157240501518
  -0.27098235460962   -1.55265888273416   -2.30174479918462
  -0.27135634064518   -1.55480172609738   -2.30435343877964
  -0.27294697319205   -1.56391563964583   -2.31757154283988
  -0.27310679444849   -1.56483137415488   -2.31909570212952
  -0.27451301580881   -1.57288865924762   -2.33032299174634
  -0.27530857420806   -1.57744700334020   -2.33608565227177
  -0.27622594838236   -1.58270332035231   -2.34363992757008
  -0.27750680717497   -1.59004231031991   -2.35394688729899
  -0.27778685675912   -1.59164692208539   -2.35636669486893
  -0.27941494149465   -1.60097542699891   -2.36946753564578
  -0.27971142858206   -1.60267422141141   -2.37184771516315
  -0.28111514322913   -1.61071714368484   -2.38219531574530
  -0.28196581308816   -1.61559126220369   -2.39016787044525
  -0.28252339476118   -1.61878606113706   -2.39508302922996
  -0.28420088968208   -1.62839767364752   -2.40635216169122
  -0.28434685164715   -1.62923399799761   -2.40785135607363
  -0.28571308331907   -1.63706215250729   -2.42091432749719
  -0.28643753298053   -1.64121306190351   -2.42641223584606
  -0.28741287236421   -1.64680150458988   -2.43365212822128
  -0.28860155573763   -1.65361235321934   -2.44273097654291
  -0.28903544628534   -1.65609843396069   -2.44675524945052
  -0.29061746447838   -1.66516298948718   -2.45942732925277
  -0.29090406831520   -1.66680515542715   -2.46181014673475
  -0.29226321209041   -1.67459269811986   -2.47241281450812
  -0.29307260419044   -1.67923030574393   -2.47901868243111
  -0.29393012692180   -1.68414368945080   -2.48532429289353
  -0.29523109250346   -1.69159788612501   -2.49802317882955
  -0.29535878841467   -1.69232955070555   -2.49887885291346
  -0.29706825075526   -1.70212432827195   -2.51133821389351
  -0.29747468765171   -1.70445310668433   -2.51470529742300
  -0.29865828549847   -1.71123481655989   -2.52404024091488
  -0.29981721890443   -1.71787520556179   -2.53352119711926
  -0.30022746357622   -1.72022580154308   -2.53677161941442
  -0.30189207429234   -1.72976359088881   -2.54969982571029
  -0.30201615769704   -1.73047455674041   -2.55056598883378
  -0.30341843468210   -1.73850924158195   -2.56262057064795
  -0.30420310394130   -1.74300519371526   -2.56846851129798
  -0.30508546278750   -1.74806088194372   -2.57551760749284
  -0.30639892651111   -1.75558668974235   -2.58549197307052
  -0.30679491882872   -1.75785562341631   -2.58882179474440
  -0.30824588934448   -1.76616930960864   -2.60147534652953
  -0.30863517517445   -1.76839981684113   -2.60401867962338
  -0.30989449054726   -1.77561536857903   -2.61446732353940
  -0.31082336416819   -1.78093757444942   -2.62191342698355
  -0.31153026006431   -1.78498790530536   -2.62754179767291
  -0.31307120868181   -1.79381714277451   -2.63874621737988
  -0.31322314723802   -1.79468771144772   -2.64030640401539
  -0.31470505145821   -1.80317863977463   -2.65339993087450
  -0.31527398307693   -1.80643847096454   -2.65822421370406
  -0.31628798011471   -1.81224841202158   -2.66609941098368
  -0.31754548550182   -1.81945359300908   -2.67575378441474
  -0.31795377301891   -1.82179297499959   -2.67901513143553
  -0.31971354289914   -1.83187600177097   -2.69127076097363
  -0.31982931453513   -1.83253934333525   -2.69215361430813
  -0.32101058357433   -1.83930770974510   -2.70483232155986
  -0.32200242832356   -1.84499072391187   -2.71200804553190
  -0.32271453635360   -1.84907091894856   -2.71759791525914
  -0.32420918447272   -1.85763486652387   -2.72983787947199
  -0.32433328964741   -1.85834595711188   -2.73070414662519
  -0.32595848500388   -1.86765790662987   -2.74380013739818
  -0.32637496966106   -1.87004425611534   -2.74702923349252
  -0.32752716964928   -1.87664606437323   -2.75653383348352
  -0.32865183106336   -1.88309008371593   -2.76616603951591
  -0.32916120128407   -1.88600864348314   -2.76961244846961
  -0.33076755507088   -1.89521263567479   -2.78216140468744
  -0.33092859554444   -1.89613535598294   -2.78367890475420
  -0.33234322955443   -1.90424084338490   -2.79494797828990
  -0.33312160081369   -1.90870070960568   -2.80158917549398
  -0.33391976832586   -1.91327400324121   -2.80817184269076
  -0.33533264819888   -1.92136943989145   -2.81855328238857
  -0.33562611708087   -1.92305094076664   -2.82093142259049
  -0.33714899913244   -1.93177666148056   -2.83391128321725
  -0.33751123618030   -1.93385218617964   -2.83650730184271
  -0.33878078771337   -1.94112638847134   -2.84691287347157
  -0.33972713269397   -1.94654870071886   -2.85347985135808
  -0.34044012747252   -1.95063397659542   -2.85986506995513
  -0.34191930529429   -1.95910928336374   -2.87238560867383
  -0.34204704776948   -1.95984121474388   -2.87324150425760
  -0.34367903146565   -1.96919205969461   -2.88552443572246
  -0.34423840082210   -1.97239710159219   -2.89034532748169
  -0.34529545645592   -1.97845375728015   -2.89863531888003
  -0.34638366874631   -1.98468893256089   -2.90840232827402
  -0.34679459833485   -1.98704345293822   -2.91169686812452
  -0.34853840948335   -1.99703504029979   -2.92429188210438
  -0.34868976112010   -1.99790224607620   -2.92586104345719
  -0.34992819902270   -2.00499817530357   -2.93717901538345
  -0.35084770687585   -2.01026671774429   -2.94385738566580
  -0.35168917628670   -2.01508812007205   -2.95027990672597
  -0.35313331542106   -2.02336266421387   -2.96214802402082
  -0.35325986872967   -2.02408778197674   -2.96304586041866
  -0.35475307914639   -2.03264349188877   -2.97605297912087
  -0.35528236162086   -2.03567614372559   -2.97941803802192
  -0.35650745669520   -2.04269562199428   -2.98922339626289
  -0.35750669260881   -2.04842098562338   -2.99717203243564
  -0.35816995807538   -2.05222132539000   -3.00215006848141
  -0.35964868692043   -2.06069405963772   -3.01469816796303
  -0.35980524427483   -2.06159109283131   -3.01624210786765
  -0.36127318872184   -2.07000203526440   -3.02777756124463
  -0.36195200553784   -2.07389148024558   -3.03269312460686
  -0.36284305821807   -2.07899698189688   -3.04052242246843
  -0.36421492011686   -2.08685739615195   -3.05107490718010
  -0.36460613710718   -2.08909896843430   -3.05361577364289
  -0.36622530938896   -2.09837640729044   -3.06621485791467
  -0.36652807130536   -2.10011115485188   -3.06935348048075
  -0.36770323725222   -2.10684455211940   -3.07931539228653
  -0.36862057613490   -2.11210066691965   -3.08678207029974
  -0.36933170253345   -2.11617523746150   -3.09234525326289
  -0.37088716602655   -2.12508764141788   -3.10358496773237
  -0.37112552609725   -2.12645338304190   -3.10533694352849
  -0.37242406321860   -2.13389366526591   -3.11795937237613
  -0.37312405648392   -2.13790444583061   -3.12288072308983
  -0.37418503238468   -2.14398356363541   -3.13115758470295
  -0.37532873564643   -2.15053668784576   -3.14068073765795
  -0.37575932863853   -2.15300387444535   -3.14385925645299
  -0.37735944670475   -2.16217213756902   -3.15628596170336
  -0.37762715756927   -2.16370605165879   -3.15822246179391
  -0.37895408912724   -2.17130902666883   -3.16973943487692
  -0.37975962935336   -2.17592456405051   -3.17630183113497
  -0.38057407818578   -2.18059114544479   -3.18283995729902
  -0.38191391333160   -2.18826805467955   -3.19353098914895
  -0.38220375721302   -2.18992878523795   -3.19592733695478
  -0.38391708061138   -2.19974568566781   -3.20860337093541
  -0.38419135675696   -2.20131721712186   -3.21109129874335
  -0.38529732424692   -2.20765412510903   -3.22159948895099
  -0.38637241618926   -2.21381412418510   -3.22983954812284
  -0.38706780302497   -2.21779851109827   -3.23468246870853
  -0.38864570993305   -2.22683951002415   -3.24658113338704
  -0.38876951292063   -2.22754886915808   -3.24744568045970
  -0.39030009369808   -2.23631870158228   -3.26035041642667
  -0.39083640355857   -2.23939161852547   -3.26447212097591
  -0.39182739486827   -2.24506974270422   -3.27327730605774
  -0.39310555850883   -2.25239329014685   -3.28363870056350
  -0.39340032323894   -2.25408221589697   -3.28598261789593
  -0.39520666698975   -2.26443209891428   -3.29892116743144
  -0.39536781594499   -2.26535544079444   -3.30043922704449
  -0.39678628529333   -2.27348290369421   -3.31171842360803
  -0.39759592868189   -2.27812195113667   -3.31905130031971
  -0.39826238468441   -2.28194057184999   -3.32474236096950
  -0.39980766967135   -2.29079465559574   -3.33597650819180
  -0.39998073596466   -2.29178628074415   -3.33754954061061
  -0.40145460721342   -2.30023118222009   -3.35053719392590
  -0.40201143739797   -2.30342167531863   -3.35469781654955
  -0.40308223277562   -2.30955705618907   -3.36371744617076
  -0.40421135495656   -2.31602663457348   -3.37253643872149
  -0.40465369057170   -2.31856110336939   -3.37644140633951
  -0.40617185023808   -2.32725976603623   -3.38909720307697
  -0.40651588778515   -2.32923101229769   -3.39155603560198
  -0.40798865234377   -2.33766957272505   -3.40229904270291
  -0.40865208347457   -2.34147086170493   -3.40729905294469
  -0.40951736731876   -2.34642871458318   -3.41522935660500
  -0.41092816190494   -2.35451220307862   -3.42731995378742
  -0.41104371577518   -2.35517429690137   -3.42810826175045
  -0.41278642204604   -2.36515955359950   -3.44054224485914
  -0.41323827346367   -2.36774854548522   -3.44482470895556
  -0.41424149222912   -2.37349672982644   -3.45399103159164
  -0.41534107765707   -2.37979707024707   -3.46208025983110
  -0.41604852221516   -2.38385054479433   -3.46693553235953
  -0.41748570816873   -2.39208524900655   -3.47967387690187
  -0.41764209121488   -2.39298128345896   -3.48121599540672
  -0.41901408670474   -2.40084246315630   -3.49259504721503
  -0.41983670987661   -2.40555588140375   -3.49829133099716
  -0.42077393052740   -2.41092591359874   -3.50572763697244
  -0.42197160280627   -2.41778826633412   -3.51560033505874
  -0.42239694909686   -2.42022539068957   -3.51879209315493
  -0.42384430332673   -2.42851835649802   -3.53080013814036
  -0.42440565087465   -2.43173473292163   -3.53488021126606
  -0.42568086285089   -2.43904136809031   -3.54426640174141
  -0.42646739590895   -2.44354799930958   -3.55098024396641
  -0.42716680378620   -2.44755542575190   -3.55742298920796
  -0.42865350780673   -2.45607385569467   -3.56963377450995
  -0.42878856687018   -2.45684770923533   -3.57050357443231
  -0.43035586958041   -2.46582794884715   -3.58316477247132
  -0.43094748563421   -2.46921775598948   -3.58801462171033
  -0.43198749375885   -2.47517673385413   -3.59632185924374
  -0.43311917644510   -2.48166098327245   -3.60433577706986
  -0.43369696120701   -2.48497154068558   -3.60907935085955
  -0.43533458487368   -2.49435470121015   -3.62135795959176
  -0.43545624524144   -2.49505178368607   -3.62223923611727
  -0.43666837056148   -2.50199694861334   -3.63479939755677
  -0.43763098953943   -2.50751250666126   -3.64203978024965
  -0.43842363182372   -2.51205414216852   -3.64787017549138
  -0.43982891007331   -2.52010602348040   -3.65907787728131
  -0.43999332745841   -2.52104809261927   -3.66057516806975
  -0.44161346049407   -2.53033103634689   -3.67364599164116
  -0.44207969318832   -2.53300242923221   -3.67757970607012
  -0.44319473190880   -2.53939131302666   -3.68645385732867
  -0.44426295644957   -2.54551196366595   -3.69474992833652
  -0.44481808806034   -2.54869272437559   -3.69957995200497
  -0.44637410827722   -2.55760831821543   -3.71222403486608
  -0.44651872049743   -2.55843690887615   -3.71315692877895
  -0.44805893566983   -2.56726194389441   -3.72522764996080
  -0.44876666474742   -2.57131704866489   -3.73173949401841
  -0.44954247277807   -2.57576222824794   -3.73833228831555
  -0.45095209211132   -2.58383898284767   -3.74872699703042
  -0.45135357264796   -2.58613936259880   -3.75132206610146
  -0.45273378116004   -2.59404760079167   -3.76413538739812
  -0.45316774706275   -2.59653411329767   -3.76740210347633
  -0.45441039328943   -2.60365415513484   -3.77714322860218
  -0.45538473924436   -2.60923690573109   -3.78524017528326
  -0.45594280056327   -2.61243445291149   -3.79012961933812
  -0.45719517040267   -2.61961020853739   -3.80308332432540
  -0.45757509716624   -2.62178709073734   -3.80638641750909
  -0.45849379663260   -2.62705100133056   -3.81576553582375
  -0.45954575027443   -2.63307842392256   -3.82917301483318
  -0.45940352790798   -2.63226352650645   -3.84248921431140
  -0.45875240640811   -2.62853276853155   -3.85520727733649
  -0.45806786207162   -2.62461050633774   -3.86809809626343
  -0.45772987276323   -2.62267391492132   -3.87466914527308
  -0.45742165890765   -2.62090792915691   -3.88128324798717
  -0.45676197434888   -2.61712810706678   -3.89404889597440
  -0.45627621970507   -2.61434485845410   -3.90682018368944
  -0.45585461835878   -2.61192919166190   -3.91977600175932
  -0.45549396613223   -2.60986274757949   -3.92712185644739
  -0.45524289777912   -2.60842419078051   -3.93281119391606
  -0.45463362139031   -2.60493319448114   -3.94586348193923
  -0.45356894946495   -2.59883289941030   -3.95861876938708
  -0.45316987326616   -2.59654629589392   -3.96112584828380
  -0.45124617804814   -2.58552401928761   -3.97187656152084
  -0.45095882731028   -2.58387757379767   -3.97342447507965
  -0.44870586360024   -2.57096867379969   -3.98379377581251
  -0.44844829902767   -2.56949289534150   -3.98466617916689
  -0.44655943410436   -2.55867018732541   -3.99312488442058
  -0.44567421462960   -2.55359810843437   -3.99764831304455
  -0.44426416404386   -2.54551888286925   -4.00392996955811
  -0.44251901374079   -2.53551962249799   -4.01080569204543
  -0.44212017524937   -2.53323438098339   -4.01255096041822
  -0.43985578006866   -2.52025998161179   -4.02274033278885
  -0.43970866578630   -2.51941705478135   -4.02348293273181
  -0.43763503024237   -2.50753565884518   -4.03242515378895
  -0.43690567285698   -2.50335662945875   -4.03619540459751
  -0.43538108806660   -2.49462115249134   -4.04266932677466
  -0.43401196306113   -2.48677641992793   -4.04916692796200
  -0.43319312866259   -2.48208471037287   -4.05329191370839
  -0.43112236967127   -2.47021979633995   -4.06240877172101
  -0.43097262785503   -2.46936181441917   -4.06312677118646
  -0.42874333566353   -2.45658854610683   -4.07272507512662
  -0.42819719865311   -2.45345932213340   -4.07520205452779
  -0.42646513467673   -2.44353504303314   -4.08356429607438
  -0.42553943666223   -2.43823103256719   -4.08789287300879
  -0.42441295555616   -2.43177658685951   -4.09277018360778
  -0.42250506491378   -2.42084486638847   -4.10110450998054
  -0.42208869261888   -2.41845916070979   -4.10271893041149
  -0.41991928901931   -2.40602903855680   -4.11271314799067
  -0.41961531113247   -2.40428732379891   -4.11412279957316
  -0.41761432335803   -2.39282218081309   -4.12183762023915
  -0.41636144023071   -2.38564348418002   -4.12668356471089
  -0.41539222598178   -2.38009013693331   -4.12993621237340
  -0.41320141367420   -2.36753734841445   -4.13845648506784
  -0.41290263962349   -2.36582545029312   -4.13966431011373
  -0.41098570837124   -2.35484192946321   -4.14636580410437
  -0.40942392703049   -2.34589332587201   -4.15252097844058
  -0.40872985826606   -2.34191649116679   -4.15494179991501
  -0.40657870785572   -2.32959095507228   -4.16275324519924
  -0.40570631885562   -2.32459239148626   -4.16590590131811
  -0.40425582923809   -2.31628146071658   -4.17082973247087
  -0.40221818079724   -2.30460626158365   -4.17839129417117
  -0.40206871579380   -2.30374986572870   -4.17910535334952
  -0.39981490127118   -2.29083609079446   -4.18694100290095
  -0.39882607603929   -2.28517037768195   -4.19076186935366
  -0.39762792228806   -2.27830526623435   -4.19520479832952
  -0.39549518221099   -2.26608521659312   -4.20313364125727
  -0.39519073573428   -2.26434081693635   -4.20453968780883
  -0.39315068048572   -2.25265182741701   -4.21118032585511
  -0.39163468900896   -2.24396558791657   -4.21678489872630
  -0.39096571898297   -2.24013256249823   -4.21939979625777
  -0.38888759900721   -2.22822547192624   -4.22797478315177
  -0.38810200055722   -2.22372419576971   -4.23075839491094
  -0.38651549137707   -2.21463390804729   -4.23571469181323
  -0.38474490178036   -2.20448888709577   -4.24299777335999
  -0.38434041176602   -2.20217126381494   -4.24470405126327
  -0.38211565783497   -2.18942399856250   -4.25220907744707
  -0.38101699990337   -2.18312897245630   -4.25629022327846
  -0.37989695089082   -2.17671138098269   -4.26023234670026
  -0.37766980646572   -2.16395041881698   -4.26763423612701
  -0.37736129946068   -2.16218275338186   -4.26879617858671
  -0.37541421818258   -2.15102648069316   -4.27521352006750
  -0.37334519338426   -2.13917150313814   -4.28191146366313
  -0.37318947053562   -2.13827925144696   -4.28252175427622
  -0.37100063429644   -2.12573778528943   -4.28790161280664
  -0.36884415594664   -2.11338172147832   -4.29420791723527
  -0.36869099471889   -2.11250414721306   -4.29480620025964
  -0.36652587542498   -2.10009857302458   -4.30026989115542
  -0.36427694251078   -2.08721276844542   -4.30640123423227
  -0.36387434262166   -2.08490597509376   -4.30736924243219
  -0.36208354753778   -2.07464518192088   -4.31237153731850
  -0.35990272422051   -2.06214962773579   -4.31848799550035
  -0.35904743567657   -2.05724904534564   -4.32079111054458
  -0.35763615050499   -2.04916274592262   -4.32451880433078
  -0.35544268677063   -2.03659476541327   -4.33112418930301
  -0.35458438760460   -2.03167693293633   -4.33357105063410
  -0.35322350311547   -2.02387941640254   -4.33641650539889
  -0.35094339251386   -2.01081497172936   -4.34195733551117
  -0.34969380720953   -2.00365517077000   -4.34589457393689
  -0.34872678864763   -1.99811440424276   -4.34837561652667
  -0.34650469370408   -1.98538237430169   -4.35403077629156
  -0.34484496650870   -1.97587256626818   -4.35894395755427
  -0.34428395569812   -1.97265811926249   -4.36048273729229
  -0.34206238130375   -1.95992907193379   -4.36613323568662
  -0.33997133201850   -1.94794789975871   -4.37217230328709
  -0.33981073408424   -1.94702771508643   -4.37275767534377
  -0.33761614731783   -1.93445329989361   -4.37826446050752
  -0.33542139659437   -1.92187794526917   -4.38426113248738
  -0.33526470577108   -1.92098014733334   -4.38485219324201
  -0.33315092860831   -1.90886875029190   -4.39001274245369
  -0.33096829757602   -1.89636283836675   -4.39655122511523
  -0.33054821717369   -1.89395588619055   -4.39770667445082
  -0.32876185478786   -1.88372049123230   -4.40198422350255
  -0.32654085738080   -1.87099474989182   -4.40763393354391
  -0.32569211424173   -1.86613167098052   -4.41060725422005
  -0.32429507634165   -1.85812700474237   -4.41453138194203
  -0.32207218688703   -1.84539042245818   -4.42019266495830
  -0.32095206622624   -1.83897242045873   -4.42331526069583
  -0.31982507163141   -1.83251503259307   -4.42631347018341
  -0.31763366440014   -1.81995883531513   -4.43226692168892
  -0.31636319405637   -1.81267936847552   -4.43616984730770
  -0.31538127304120   -1.80705321474108   -4.43842793934562
  -0.31319156460485   -1.79450675111917   -4.44437070803682
  -0.31165075534404   -1.78567831212783   -4.44905149202058
  -0.31097055867196   -1.78178096092786   -4.45082669491749
  -0.30871587880418   -1.76886222778940   -4.45538125655444
  -0.30675047304656   -1.75760096056726   -4.46147692919270
  -0.30647228024458   -1.75600698768392   -4.46228685723416
  -0.30431068138150   -1.74362158465463   -4.46854917621312
  -0.30208632734838   -1.73087661071404   -4.47422708988517
  -0.30192917423500   -1.72997616397533   -4.47487280710969
  -0.29986119910939   -1.71812720077378   -4.47990435199097
  -0.29765673065431   -1.70549616605780   -4.48691910286952
  -0.29735205281920   -1.70375044077715   -4.48791463778744
  -0.29539139658716   -1.69251638710952   -4.49249001051092
  -0.29314598873222   -1.67965078020918   -4.49860543412752
  -0.29260685155466   -1.67656166346963   -4.50038227934521
  -0.29098348319252   -1.66726018215709   -4.50487466018043
  -0.28872800849633   -1.65433689485720   -4.51024306783497
  -0.28748782009724   -1.64723093573713   -4.51346824609171
  -0.28654236241236   -1.64181370746488   -4.51616358870338
  -0.28426241696550   -1.62875020908576   -4.52281124191633
  -0.28290891038640   -1.62099496607034   -4.52648257658059
  -0.28209316072945   -1.61632093128762   -4.52832085876128
  -0.27984607082992   -1.60344568670634   -4.53444137971551
  -0.27833526995268   -1.59478918800015   -4.53943342606771
  -0.27765508483986   -1.59089190303172   -4.54120887614748
  -0.27542412355531   -1.57810907124738   -4.54610509079744
  -0.27324520570865   -1.56562443491662   -4.55207406497522
  -0.27306433202361   -1.56458807543065   -4.55270070253306
  -0.27093629657102   -1.55239498207220   -4.55750876504767
  -0.26877080936792   -1.53998729985918   -4.56299655013567
  -0.26805932396458   -1.53591067231263   -4.56532365513720
  -0.26649425637019   -1.52694323933711   -4.56961492432396
  -0.26432877059676   -1.51453556531569   -4.57510282138803
  -0.26351926583015   -1.50989731214123   -4.57828302737594
  -0.26208760453461   -1.50169426279216   -4.58521903972972
  -0.26116250510279   -1.49639368205029   -4.59057185841446
      
      
