# shadow point cont 2D ind 241  size 1173
# norm -0.3164770 -0.9486002 -0.0000000
# angle  1.8928096
   1.56193261  -4.60330247
   1.56342673  -4.59059810
   1.56404562  -4.59000941
   1.57683178  -4.57938474
   1.57916332  -4.57768054
   1.58948084  -4.57252355
   1.60229396  -4.56657620
   1.60784750  -4.56411269
   1.61515210  -4.56074983
   1.62819133  -4.55474877
   1.63527898  -4.55119829
   1.64097505  -4.54864333
   1.65402484  -4.54265418
   1.66338363  -4.53820761
   1.66676332  -4.53644406
   1.67985092  -4.52974622
   1.68781593  -4.52553267
   1.69265995  -4.52300340
   1.70553780  -4.51734496
   1.71597788  -4.51240073
   1.71848606  -4.51090343
   1.73150824  -4.50474240
   1.74253863  -4.49946849
   1.74422801  -4.49861064
   1.75721170  -4.49234471
   1.76917283  -4.48662026
   1.77013773  -4.48589622
   1.78316464  -4.47973813
   1.79429263  -4.47386195
   1.79596330  -4.47298897
   1.80901524  -4.46686110
   1.82104728  -4.46103753
   1.82193717  -4.46042108
   1.83482079  -4.45473383
   1.84752158  -4.44857230
   1.84836250  -4.44784373
   1.86048111  -4.44232015
   1.87306275  -4.43654101
   1.87575095  -4.43481728
   1.88650323  -4.42896189
   1.89931127  -4.42312802
   1.90163252  -4.42213314
   1.91218245  -4.41652396
   1.92515366  -4.41021955
   1.92677815  -4.40943503
   1.93814039  -4.40392889
   1.95068539  -4.39928755
   1.95641321  -4.39603822
   1.96383676  -4.39151917
   1.97688257  -4.38537743
   1.98079249  -4.38355627
   1.98963500  -4.37860108
   2.00238511  -4.37343163
   2.00727477  -4.37029996
   2.01549093  -4.36570718
   2.02837785  -4.36005003
   2.03322063  -4.35763020
   2.04129193  -4.35359716
   2.05420606  -4.34714432
   2.05910870  -4.34479871
   2.06729515  -4.34104277
   2.08019690  -4.33536987
   2.08662267  -4.33209585
   2.09311023  -4.32810934
   2.10603869  -4.32168877
   2.11242738  -4.31911279
   2.11894005  -4.31601174
   2.13183859  -4.30953034
   2.13751470  -4.30635692
   2.14492955  -4.30262206
   2.15754517  -4.29714894
   2.16635041  -4.29305229
   2.17046227  -4.29069790
   2.18351431  -4.28455661
   2.19154965  -4.28046130
   2.19626778  -4.27778075
   2.20915641  -4.27131783
   2.21498251  -4.26759411
   2.22241271  -4.26301769
   2.23485371  -4.25598022
   2.23735984  -4.25431303
   2.24804318  -4.24737375
   2.25672441  -4.24149090
   2.26068558  -4.23875665
   2.27406988  -4.23076107
   2.27723478  -4.22898166
   2.28659572  -4.22209012
   2.29554586  -4.21573011
   2.29955288  -4.21322752
   2.31260302  -4.20540226
   2.31727437  -4.20268705
   2.32551795  -4.19733408
   2.33722656  -4.18953972
   2.33815423  -4.18871349
   2.35155208  -4.18072218
   2.35780562  -4.17716374
   2.36412317  -4.17288843
   2.37712640  -4.16500182
   2.37868428  -4.16409545
   2.39011830  -4.15623743
   2.39749646  -4.15155843
   2.40320988  -4.14764312
   2.41593806  -4.14007721
   2.41835540  -4.13845464
   2.42868899  -4.13173921
   2.43918817  -4.12533331
   2.44159299  -4.12366620
   2.45486289  -4.11448891
   2.45791139  -4.11264519
   2.46727878  -4.10722931
   2.47964998  -4.09964416
   2.48051923  -4.09894612
   2.49361326  -4.09030594
   2.49906376  -4.08679075
   2.50599657  -4.08222616
   2.51892622  -4.07415439
   2.51980849  -4.07348162
   2.53236169  -4.06532414
   2.53941453  -4.06094890
   2.54478041  -4.05720641
   2.55816029  -4.04901223
   2.55961703  -4.04808505
   2.57075115  -4.04057034
   2.57899578  -4.03519326
   2.58383718  -4.03195814
   2.59660115  -4.02364501
   2.59906122  -4.02211010
   2.60985700  -4.01447410
   2.61774340  -4.00937503
   2.62277276  -4.00560659
   2.63550659  -3.99734338
   2.63711370  -3.99644791
   2.64825387  -3.98894409
   2.65663751  -3.98370580
   2.66151987  -3.97971995
   2.67384384  -3.97091419
   2.67468793  -3.97015270
   2.68715380  -3.95836480
   2.68770782  -3.95747826
   2.69122202  -3.94460973
   2.69236006  -3.93165712
   2.69271833  -3.91872171
   2.69233461  -3.90579884
   2.69232204  -3.89286945
   2.69190565  -3.87993956
   2.69226471  -3.86702837
   2.69187997  -3.85416266
   2.68975842  -3.84121256
   2.68691759  -3.82898737
   2.68627034  -3.82809802
   2.67943160  -3.81535868
   2.67333333  -3.80433494
   2.67185697  -3.80258217
   2.66353380  -3.78931187
   2.66106962  -3.78529277
   2.65513932  -3.77657202
   2.64813796  -3.76668484
   2.64573399  -3.76344370
   2.63759426  -3.75052769
   2.63539740  -3.74793858
   2.62792492  -3.73757946
   2.62242509  -3.72939108
   2.61914399  -3.72449989
   2.60956816  -3.71220475
   2.60874510  -3.71130792
   2.59984700  -3.69917563
   2.59598381  -3.69416443
   2.59072432  -3.68584345
   2.58327364  -3.67381115
   2.58250418  -3.67298398
   2.57395870  -3.66037830
   2.56976015  -3.65399675
   2.56505998  -3.64746698
   2.55716171  -3.63760341
   2.55484208  -3.63429605
   2.54726392  -3.62161443
   2.54387039  -3.61680547
   2.53784877  -3.60843834
   2.53145936  -3.59868744
   2.52893719  -3.59552016
   2.52058082  -3.58274216
   2.51833767  -3.57942080
   2.51114986  -3.56965189
   2.50558162  -3.56150800
   2.50175033  -3.55652734
   2.49358949  -3.54362174
   2.49265111  -3.54210242
   2.48420444  -3.53097742
   2.47983645  -3.52346205
   2.47631692  -3.51799068
   2.46699501  -3.50550140
   2.46609315  -3.50450941
   2.45719711  -3.49190101
   2.45383299  -3.48714928
   2.44831055  -3.47896763
   2.44070855  -3.46792722
   2.43970102  -3.46640584
   2.43080788  -3.45346845
   2.42758158  -3.44859336
   2.42217593  -3.44036703
   2.41482924  -3.42994818
   2.41301624  -3.42761875
   2.40472234  -3.41486549
   2.40143433  -3.41000918
   2.39523642  -3.40173321
   2.38912883  -3.39262318
   2.38582381  -3.38862715
   2.37824103  -3.37592918
   2.37581566  -3.37269710
   2.36855206  -3.36295744
   2.36289786  -3.35405540
   2.35992592  -3.34986121
   2.35094762  -3.33702714
   2.35013754  -3.33619653
   2.34161059  -3.32429693
   2.33703335  -3.31687795
   2.33324632  -3.31107914
   2.32460108  -3.29883301
   2.32391779  -3.29788688
   2.31546910  -3.28521953
   2.31170736  -3.28018555
   2.30600630  -3.27211914
   2.29839464  -3.26108100
   2.29741210  -3.25953676
   2.28881041  -3.24642916
   2.28546173  -3.24085727
   2.28042183  -3.23371850
   2.27254494  -3.22305373
   2.27046714  -3.22040532
   2.26319777  -3.20801928
   2.25920295  -3.20239638
   2.25294694  -3.19492321
   2.24704114  -3.18727978
   2.24302934  -3.18161899
   2.23541081  -3.16890958
   2.23392399  -3.16719696
   2.22650200  -3.15599909
   2.22080353  -3.14875301
   2.21687469  -3.14302565
   2.20885720  -3.13007496
   2.20804873  -3.12845949
   2.19933150  -3.11700642
   2.19493998  -3.10997943
   2.19098318  -3.10426842
   2.18235074  -3.09202970
   2.18165629  -3.09107865
   2.17321284  -3.07841474
   2.16926542  -3.07269843
   2.16403515  -3.06569435
   2.15585604  -3.05360333
   2.15515052  -3.05276098
   2.14626547  -3.03982994
   2.14302641  -3.03499567
   2.13791650  -3.02712539
   2.12989469  -3.01658135
   2.12820734  -3.01411863
   2.11982189  -3.00091041
   2.11735507  -2.99771155
   2.11071054  -2.98813754
   2.10422986  -2.97847488
   2.10128454  -2.97503370
   2.09293408  -2.96229231
   2.09131243  -2.95987839
   2.08403884  -2.94938163
   2.07839030  -2.94129352
   2.07518648  -2.93641159
   2.06731876  -2.92336107
   2.06562294  -2.92100295
   2.05660703  -2.91056557
   2.05273591  -2.90401085
   2.04871549  -2.89753091
   2.03956035  -2.88567703
   2.03881235  -2.88474606
   2.03071066  -2.87185534
   2.02649558  -2.86550258
   2.02183485  -2.85891777
   2.01414494  -2.84628739
   2.01336754  -2.84545900
   2.00406165  -2.83307570
   2.00063184  -2.82756683
   1.99515599  -2.82018292
   1.98769160  -2.80983001
   1.98601393  -2.80737243
   1.97818059  -2.79435821
   1.97496438  -2.79029635
   1.96853189  -2.78137654
   1.96243015  -2.77227228
   1.95932055  -2.76811338
   1.95129298  -2.75586125
   1.94876944  -2.75255138
   1.94185153  -2.74264414
   1.93616874  -2.73461267
   1.93269728  -2.72988138
   1.92463186  -2.71690424
   1.92305646  -2.71456418
   1.91443432  -2.70383972
   1.91053699  -2.69729375
   1.90630243  -2.69097654
   1.89777925  -2.67832038
   1.89701475  -2.67748606
   1.88794210  -2.66497158
   1.88453452  -2.66025162
   1.87913892  -2.65201179
   1.87149807  -2.64015210
   1.87077624  -2.63928582
   1.86193050  -2.62633201
   1.85904802  -2.62209643
   1.85297554  -2.61348971
   1.84541194  -2.60313960
   1.84335968  -2.60049309
   1.83545726  -2.58745036
   1.83299844  -2.58425534
   1.82580242  -2.57451439
   1.81986667  -2.56584765
   1.81668680  -2.56175742
   1.80806905  -2.54866587
   1.80716277  -2.54711436
   1.79970319  -2.53594444
   1.79421482  -2.52855362
   1.79006155  -2.52298753
   1.78222713  -2.50991346
   1.78151289  -2.50904407
   1.77227256  -2.49717044
   1.76823480  -2.49071194
   1.76416178  -2.48428497
   1.75562041  -2.47168414
   1.75484965  -2.47085170
   1.74613250  -2.45866756
   1.74202568  -2.45300450
   1.73673706  -2.44550821
   1.72938113  -2.43431022
   1.72837259  -2.43279254
   1.71898957  -2.41966391
   1.71655315  -2.41563724
   1.71086315  -2.40678937
   1.70359656  -2.39710211
   1.70124207  -2.39382248
   1.69389231  -2.38097135
   1.69068404  -2.37691410
   1.68368198  -2.36784250
   1.67774454  -2.35917543
   1.67454989  -2.35510743
   1.66574665  -2.34214683
   1.66485204  -2.34058463
   1.65682110  -2.32925367
   1.65189863  -2.32124476
   1.64844694  -2.31652579
   1.64100568  -2.30389240
   1.63850337  -2.30059952
   1.63067552  -2.29072810
   1.62592977  -2.28419136
   1.62179984  -2.27779589
   1.61310573  -2.26556623
   1.61238418  -2.26470022
   1.60346683  -2.25181556
   1.60029462  -2.24773683
   1.59464081  -2.23885960
   1.58743982  -2.22752982
   1.58594533  -2.22579190
   1.57657535  -2.21332765
   1.57414248  -2.20998492
   1.56799168  -2.20012218
   1.56169721  -2.19111951
   1.55865645  -2.18701287
   1.55083703  -2.17389105
   1.54922296  -2.17146939
   1.54107359  -2.16156611
   1.53530222  -2.15278565
   1.53168405  -2.14845682
   1.52350119  -2.13561447
   1.52278722  -2.13474535
   1.51471515  -2.12263883
   1.50985335  -2.11538615
   1.50523501  -2.10955841
   1.49723696  -2.09723262
   1.49646366  -2.09639811
   1.48565800  -2.08389890
   1.48398023  -2.08152149
   1.47625169  -2.07141552
   1.47056279  -2.06411673
   1.46542484  -2.05810891
   1.45831436  -2.04988347
   1.45419962  -2.04515175
   1.44561662  -2.03274368
   1.44482395  -2.03192321
   1.43450356  -2.01961770
   1.43198909  -2.01638952
   1.42367645  -2.00626752
   1.41959950  -2.00145447
   1.41353105  -1.99373672
   1.40625507  -1.98491408
   1.40224315  -1.98079875
   1.39392601  -1.96813281
   1.39314758  -1.96730081
   1.38264769  -1.95525505
   1.38032781  -1.95264875
   1.37175266  -1.94193932
   1.36741887  -1.93650442
   1.36188032  -1.92917523
   1.35485207  -1.92091633
   1.35081281  -1.91607735
   1.34169009  -1.90501805
   1.34064628  -1.90353089
   1.33039149  -1.89049192
   1.32884253  -1.88878645
   1.31879502  -1.87713486
   1.31615566  -1.87328132
   1.31022316  -1.86464019
   1.30279713  -1.85589749
   1.29893911  -1.85169680
   1.29035908  -1.84099225
   1.28870969  -1.83858680
   1.27894473  -1.82573138
   1.27735054  -1.82410074
   1.26744558  -1.81302159
   1.26410387  -1.80903367
   1.25698091  -1.80004743
   1.25139693  -1.79273669
   1.24671745  -1.78695996
   1.23859672  -1.77731399
   1.23543296  -1.77404232
   1.22677463  -1.76169880
   1.22506958  -1.75918910
   1.21480312  -1.74785000
   1.21318962  -1.74623590
   1.20369675  -1.73555499
   1.19966238  -1.73152044
   1.18957702  -1.72224138
   1.18711478  -1.71982708
   1.17626352  -1.70988151
   1.17364139  -1.70751509
   1.16192733  -1.69662749
   1.16108342  -1.69586611
   1.14813594  -1.68543092
   1.14640577  -1.68393157
   1.13526123  -1.67408392
   1.13123221  -1.67085048
   1.12205563  -1.66223937
   1.11753921  -1.65791646
   1.10988668  -1.65179288
   1.10300933  -1.64501327
   1.09651916  -1.63940475
   1.08751474  -1.63227509
   1.08366028  -1.62886351
   1.07379918  -1.61936551
   1.07073476  -1.61677535
   1.05866036  -1.60625544
   1.05782855  -1.60547712
   1.04536810  -1.59376186
   1.04454788  -1.59296938
   1.03213686  -1.58267612
   1.02955935  -1.58049659
   1.01869869  -1.57125256
   1.01409854  -1.56772881
   1.00648017  -1.56087604
   1.00068173  -1.55447093
   0.99326327  -1.54821294
   0.98586210  -1.54191089
   0.98038883  -1.53688782
   0.97038518  -1.52834523
   0.96787348  -1.52588498
   0.95621469  -1.51589198
   0.95460119  -1.51427838
   0.94250013  -1.50298331
   0.94169339  -1.50217652
   0.92958736  -1.49088778
   0.92752131  -1.48943979
   0.91547492  -1.47999003
   0.91244989  -1.47736820
   0.90336800  -1.46940297
   0.89688257  -1.46383805
   0.89022370  -1.45760175
   0.88420138  -1.45157550
   0.87712428  -1.44572256
   0.86903509  -1.43847783
   0.86399994  -1.43386875
   0.85497202  -1.42593717
   0.85111774  -1.42253674
   0.84004852  -1.41262620
   0.83837284  -1.41105307
   0.82594432  -1.40014367
   0.82511098  -1.39936760
   0.81241959  -1.38862577
   0.81014983  -1.38684160
   0.79985709  -1.37853946
   0.79484127  -1.37392151
   0.78666043  -1.36598687
   0.78174557  -1.36074360
   0.77483365  -1.34851639
   0.77421150  -1.34743250
   0.76570706  -1.33522862
   0.76070445  -1.33269407
   0.74788723  -1.33056578
   0.73506523  -1.32558289
   0.73027287  -1.32231457
   0.72237214  -1.31642470
   0.71326185  -1.30947395
   0.70908793  -1.30645207
   0.69643296  -1.29725746
   0.69558690  -1.29649989
   0.68348709  -1.28681937
   0.67942697  -1.28361274
   0.67041283  -1.27653779
   0.66397754  -1.27087127
   0.65764220  -1.26586888
   0.64584896  -1.25754009
   0.64497038  -1.25672568
   0.63187338  -1.24562357
   0.63100460  -1.24490988
   0.61890504  -1.23684292
   0.61235349  -1.23215092
   0.60601686  -1.22714719
   0.59483091  -1.21902287
   0.59312447  -1.21745671
   0.58011018  -1.20712473
   0.57926126  -1.20636379
   0.56735392  -1.19807200
   0.56167674  -1.19324918
   0.55421230  -1.18706074
   0.54538790  -1.18054290
   0.54128672  -1.17741429
   0.52869007  -1.16901225
   0.52702347  -1.16741932
   0.51598067  -1.15868723
   0.50918508  -1.15457447
   0.50227386  -1.14864479
   0.49392989  -1.14161791
   0.49003946  -1.13895311
   0.47701533  -1.12946418
   0.47615736  -1.12872741
   0.46405030  -1.11985932
   0.45843038  -1.11581036
   0.45122019  -1.11014175
   0.44312748  -1.10289271
   0.43820071  -1.09891346
   0.42645530  -1.09056971
   0.42504394  -1.08956165
   0.41277774  -1.07843726
   0.41087131  -1.07696429
   0.39918836  -1.06865772
   0.39376727  -1.06436786
   0.38680221  -1.05908270
   0.37624648  -1.05124908
   0.37393425  -1.04939353
   0.36082466  -1.03911050
   0.35924711  -1.03824460
   0.34789212  -1.03113212
   0.34049364  -1.02568093
   0.33495314  -1.02228126
   0.32215437  -1.01474733
   0.31880267  -1.01261617
   0.30913101  -1.00696395
   0.29913109  -1.00023781
   0.29587371  -0.99785585
   0.28347681  -0.99133622
   0.27675473  -0.98698220
   0.27024449  -0.98304717
   0.25748210  -0.97483074
   0.25588246  -0.97390258
   0.24459018  -0.96744971
   0.23326512  -0.96102508
   0.23170989  -0.96017253
   0.21880447  -0.95210651
   0.21235176  -0.94807351
   0.20586933  -0.94406117
   0.19405221  -0.93601662
   0.19246559  -0.93517035
   0.18010852  -0.92870387
   0.17034920  -0.92230696
   0.16698005  -0.92016912
   0.15413017  -0.91282830
   0.14859755  -0.90937956
   0.14134165  -0.90534415
   0.12843632  -0.89740841
   0.12682732  -0.89646849
   0.11558254  -0.88998843
   0.10594438  -0.88351879
   0.10272266  -0.88164186
   0.08946473  -0.87429153
   0.08412603  -0.87063078
   0.07696565  -0.86628486
   0.06377543  -0.85881151
   0.06290718  -0.85809875
   0.05103027  -0.85128638
   0.03929955  -0.84430942
   0.03814564  -0.84374867
   0.02495211  -0.83812772
   0.01210811  -0.83561933
  -0.00076302  -0.83732356
  -0.01364534  -0.84059029
  -0.02581749  -0.84520145
  -0.02670641  -0.84583136
  -0.03943075  -0.85111248
  -0.05240358  -0.85655586
  -0.05633295  -0.85841191
  -0.06530115  -0.86302300
  -0.07804703  -0.87000182
  -0.08120710  -0.87152099
  -0.09110816  -0.87755268
  -0.10274902  -0.88444933
  -0.10372739  -0.88533152
  -0.11660166  -0.89258739
  -0.12542044  -0.89751523
  -0.12953739  -0.90066377
  -0.14262202  -0.90844328
  -0.14580829  -0.91008768
  -0.15564242  -0.91627339
  -0.16750015  -0.92311624
  -0.16837469  -0.92381407
  -0.18119017  -0.93133200
  -0.18864561  -0.93573968
  -0.19439025  -0.93962066
  -0.20703628  -0.94643196
  -0.21098481  -0.94901942
  -0.21980656  -0.95403100
  -0.23205606  -0.96184154
  -0.23293799  -0.96251408
  -0.24563377  -0.96924512
  -0.25445348  -0.97493213
  -0.25858810  -0.97813133
  -0.27179588  -0.98646874
  -0.27401825  -0.98756169
  -0.28438784  -0.99359613
  -0.29656841  -1.00055877
  -0.29744295  -1.00125662
  -0.31021251  -1.00879597
  -0.31897869  -1.01366948
  -0.32304861  -1.01617553
  -0.33597067  -1.02411930
  -0.33922975  -1.02647339
  -0.34903697  -1.03354683
  -0.35640452  -1.03902354
  -0.36207945  -1.04382910
  -0.37312749  -1.05227753
  -0.37482850  -1.05372642
  -0.38759033  -1.06285047
  -0.39085651  -1.06519468
  -0.40082583  -1.07284227
  -0.40849976  -1.07814152
  -0.41326146  -1.08147609
  -0.42376632  -1.09104409
  -0.42629592  -1.09351006
  -0.43930271  -1.10299610
  -0.44079817  -1.10395054
  -0.45192324  -1.11209846
  -0.45845995  -1.11707464
  -0.46499478  -1.12255464
  -0.47402972  -1.12956899
  -0.47804027  -1.13280690
  -0.49058556  -1.14200912
  -0.49233061  -1.14294730
  -0.50420399  -1.15339837
  -0.50712416  -1.15537267
  -0.51651817  -1.16138144
  -0.52538058  -1.16860231
  -0.52944797  -1.17188735
  -0.54091009  -1.18123286
  -0.54261843  -1.18280157
  -0.55527798  -1.19126612
  -0.55926139  -1.19442646
  -0.56820156  -1.20176568
  -0.57488628  -1.20700392
  -0.58150582  -1.21243276
  -0.59168178  -1.22010553
  -0.59405354  -1.22178364
  -0.60709566  -1.23207502
  -0.60794166  -1.23283253
  -0.61980188  -1.24129910
  -0.62618123  -1.24607082
  -0.63276260  -1.25244065
  -0.64160150  -1.25898164
  -0.64574103  -1.26211173
  -0.65871351  -1.27079664
  -0.65954681  -1.27157265
  -0.67149702  -1.28148362
  -0.67563061  -1.28461204
  -0.68454732  -1.29094005
  -0.69308468  -1.29771130
  -0.69705998  -1.30099699
  -0.70955768  -1.31033373
  -0.71041274  -1.31107591
  -0.72312691  -1.32020893
  -0.72715886  -1.32339848
  -0.73599040  -1.33069922
  -0.74251960  -1.33628958
  -0.74896690  -1.34118087
  -0.76014145  -1.34925178
  -0.76180235  -1.35086926
  -0.77468229  -1.36154974
  -0.77551747  -1.36231080
  -0.78797428  -1.37143934
  -0.79183678  -1.37485212
  -0.80044118  -1.38169927
  -0.80788106  -1.38791401
  -0.81379047  -1.39322357
  -0.82235352  -1.40085086
  -0.82634934  -1.40411804
  -0.83698486  -1.41359591
  -0.83940509  -1.41601629
  -0.85117764  -1.42683416
  -0.85202228  -1.42767125
  -0.86496829  -1.43899473
  -0.86579505  -1.43977475
  -0.87821124  -1.44984259
  -0.88135698  -1.45232378
  -0.89103805  -1.46200545
  -0.89491435  -1.46541758
  -0.90356611  -1.47211589
  -0.91015512  -1.47848339
  -0.91689003  -1.48457404
  -0.92538682  -1.49139534
  -0.92935444  -1.49468922
  -0.93917661  -1.50430879
  -0.94254347  -1.50738643
  -0.95516613  -1.51648016
  -0.95599424  -1.51730237
  -0.96817345  -1.52935228
  -0.96899062  -1.53014719
  -0.98104513  -1.54062364
  -0.98361832  -1.54300475
  -0.99455614  -1.55209556
  -0.99852190  -1.55543190
  -1.00707965  -1.56467217
  -1.01133178  -1.56843583
  -1.02055833  -1.57610300
  -1.02678078  -1.58121853
  -1.03289056  -1.58645851
  -1.04190874  -1.59433054
  -1.04576667  -1.59775898
  -1.05622986  -1.60744240
  -1.05871413  -1.60985580
  -1.07096594  -1.62014977
  -1.07179771  -1.62092805
  -1.08446893  -1.63164936
  -1.08614996  -1.63322876
  -1.09737830  -1.64294596
  -1.10060560  -1.64617343
  -1.11004087  -1.65448963
  -1.11581464  -1.65933683
  -1.12360029  -1.66674911
  -1.12907812  -1.67176540
  -1.13613954  -1.67763929
  -1.14488244  -1.68506582
  -1.14906644  -1.68893231
  -1.15890031  -1.69761383
  -1.16192618  -1.70023648
  -1.17320176  -1.71083915
  -1.17491216  -1.71232376
  -1.18794757  -1.72262873
  -1.18875443  -1.72343563
  -1.20085735  -1.73553913
  -1.20166422  -1.73634603
  -1.21356570  -1.74784469
  -1.21517944  -1.74945850
  -1.22630998  -1.76187688
  -1.22718936  -1.76344517
  -1.23550068  -1.77511324
  -1.23952292  -1.77996152
  -1.24594915  -1.78804454
  -1.25223650  -1.79625683
  -1.25625555  -1.80112797
  -1.26560770  -1.81279717
  -1.26638928  -1.81366735
  -1.27730771  -1.82691800
  -1.27807499  -1.82772713
  -1.28793717  -1.83967229
  -1.29113659  -1.84372173
  -1.29765011  -1.85256267
  -1.30429452  -1.86046812
  -1.30831253  -1.86536249
  -1.31655289  -1.87723749
  -1.31821636  -1.87886624
  -1.32958804  -1.89093840
  -1.33056908  -1.89242140
  -1.33927141  -1.90384913
  -1.34317715  -1.90878768
  -1.35009591  -1.91711937
  -1.35574455  -1.92357496
  -1.36080134  -1.92986545
  -1.36880650  -1.94040409
  -1.37107400  -1.94294330
  -1.38123377  -1.95549401
  -1.38197624  -1.95634946
  -1.39201540  -1.96879316
  -1.39443636  -1.97202094
  -1.40116855  -1.98144099
  -1.40774920  -1.98865631
  -1.41244032  -1.99443974
  -1.42033395  -2.00504431
  -1.42272012  -2.00749919
  -1.43288888  -2.02007612
  -1.43361033  -2.02094206
  -1.44401901  -2.03371486
  -1.44571287  -2.03607919
  -1.45338841  -2.04623139
  -1.45903751  -2.05268739
  -1.46466957  -2.05915795
  -1.47212368  -2.06868873
  -1.47511432  -2.07210155
  -1.48408166  -2.08494643
  -1.48483953  -2.08579286
  -1.49394755  -2.09774355
  -1.49767492  -2.10278611
  -1.50256480  -2.11083048
  -1.51037854  -2.12144508
  -1.51196562  -2.12393738
  -1.52030211  -2.13666535
  -1.52335403  -2.14082538
  -1.52919023  -2.14957126
  -1.53644415  -2.16006840
  -1.53810922  -2.16245248
  -1.54847524  -2.17543574
  -1.54914338  -2.17632964
  -1.55586134  -2.18827963
  -1.56252623  -2.19698240
  -1.56576241  -2.20107704
  -1.57366611  -2.21404907
  -1.57539462  -2.21641117
  -1.58273837  -2.22683573
  -1.58844651  -2.23490452
  -1.59160268  -2.23979207
  -1.60013481  -2.25291218
  -1.60084173  -2.25380729
  -1.60911599  -2.26576680
  -1.61415252  -2.27288477
  -1.61822928  -2.27855368
  -1.62629419  -2.29108463
  -1.62713941  -2.29205275
  -1.63601332  -2.30429405
  -1.64004918  -2.31002068
  -1.64462003  -2.31742758
  -1.65256066  -2.32804083
  -1.65427397  -2.33036457
  -1.66236209  -2.34326662
  -1.66541316  -2.34742594
  -1.67178515  -2.35636223
  -1.67832057  -2.36598941
  -1.68069770  -2.36926416
  -1.69033612  -2.38219380
  -1.69105028  -2.38306312
  -1.69768485  -2.39507471
  -1.70418282  -2.40311100
  -1.70806991  -2.40802742
  -1.71564079  -2.42074758
  -1.71707520  -2.42248562
  -1.72455494  -2.43362924
  -1.73013599  -2.44095138
  -1.73394145  -2.44675819
  -1.74237248  -2.45941857
  -1.74310981  -2.46027715
  -1.75143735  -2.47223364
  -1.75583767  -2.47817455
  -1.76131188  -2.48551954
  -1.76857344  -2.49770725
  -1.76932580  -2.49854672
  -1.77857663  -2.51117330
  -1.78165442  -2.51611358
  -1.78721281  -2.52424727
  -1.79438598  -2.53480246
  -1.79610571  -2.53715773
  -1.80444687  -2.54988971
  -1.80768664  -2.55472262
  -1.81335209  -2.56277901
  -1.82053182  -2.57253753
  -1.82278231  -2.57588785
  -1.83232054  -2.58884378
  -1.83296659  -2.58973191
  -1.83976983  -2.60169986
  -1.84666337  -2.61103629
  -1.84964793  -2.61447744
  -1.85773579  -2.62737953
  -1.85916934  -2.62911702
  -1.86712847  -2.64048753
  -1.87171216  -2.64711172
  -1.87581310  -2.65357182
  -1.88432250  -2.66617525
  -1.88499855  -2.66705867
  -1.89359694  -2.67939751
  -1.89774588  -2.68496121
  -1.90265103  -2.69215220
  -1.91068702  -2.70436476
  -1.91139909  -2.70518557
  -1.92046441  -2.71796485
  -1.92357987  -2.72208316
  -1.92932230  -2.73089171
  -1.93631070  -2.74076548
  -1.93874958  -2.74399211
  -1.94715203  -2.75669091
  -1.94978151  -2.76058380
  -1.95547659  -2.76940382
  -1.96269134  -2.77835616
  -1.96512190  -2.78238428
  -1.97421198  -2.79566586
  -1.97507899  -2.79724465
  -1.98188372  -2.80835079
  -1.98835679  -2.81640590
  -1.99151550  -2.82130211
  -1.99986050  -2.83403705
  -2.00148207  -2.83645030
  -2.00932443  -2.84711264
  -2.01437036  -2.85425226
  -2.01813467  -2.86006728
  -2.02636042  -2.87288165
  -2.02714026  -2.87371603
  -2.03592491  -2.88589262
  -2.03987012  -2.89160621
  -2.04530520  -2.89900154
  -2.05240504  -2.91143105
  -2.05318017  -2.91232481
  -2.06307467  -2.92483697
  -2.06537052  -2.92814617
  -2.07148572  -2.93755120
  -2.07880216  -2.94801068
  -2.08035821  -2.95047597
  -2.08870512  -2.96321232
  -2.09194322  -2.96804483
  -2.09760654  -2.97610124
  -2.10468215  -2.98512855
  -2.10727339  -2.98906409
  -2.11592620  -3.00213205
  -2.11758822  -3.00452210
  -2.12400410  -3.01504997
  -2.13033688  -3.02322153
  -2.13420398  -3.02817497
  -2.14254675  -3.04091006
  -2.14326138  -3.04177978
  -2.15147934  -3.05379868
  -2.15653667  -3.06094399
  -2.16029927  -3.06675829
  -2.16891393  -3.07916703
  -2.16963490  -3.07990989
  -2.17736240  -3.09252658
  -2.18242443  -3.09882938
  -2.18723403  -3.10535783
  -2.19496513  -3.11772244
  -2.19572127  -3.11854562
  -2.20501077  -3.13119406
  -2.20789479  -3.13543070
  -2.21287875  -3.14423098
  -2.22101723  -3.15466478
  -2.22279790  -3.15701401
  -2.23136940  -3.17012828
  -2.23375010  -3.17419047
  -2.23953410  -3.18299570
  -2.24666860  -3.19198423
  -2.24924355  -3.19590371
  -2.25864892  -3.20857740
  -2.26009631  -3.21108453
  -2.26621269  -3.22174230
  -2.27271950  -3.22978438
  -2.27612546  -3.23453673
  -2.28474172  -3.24762813
  -2.28564414  -3.24917780
  -2.29310653  -3.26034958
  -2.29875819  -3.26843795
  -2.30199343  -3.27327541
  -2.31116828  -3.28570527
  -2.31183854  -3.28663488
  -2.31950190  -3.29930307
  -2.32405211  -3.30516563
  -2.32944684  -3.31208891
  -2.33675502  -3.32485430
  -2.33754699  -3.32577652
  -2.34668527  -3.33826460
  -2.34973140  -3.34242733
  -2.35507056  -3.35098041
  -2.36342061  -3.36281287
  -2.36420973  -3.36375167
  -2.37392459  -3.37721361
  -2.37557913  -3.37960923
  -2.38175104  -3.38973646
  -2.38888747  -3.39872667
  -2.39169577  -3.40249525
  -2.40111242  -3.41561314
  -2.40201351  -3.41717314
  -2.40867227  -3.42832499
  -2.41514152  -3.43718310
  -2.41836046  -3.44128860
  -2.42644860  -3.45419458
  -2.42787876  -3.45594183
  -2.43562460  -3.46747930
  -2.44061827  -3.47464384
  -2.44474422  -3.48024032
  -2.45284323  -3.49315151
  -2.45355829  -3.49402159
  -2.46179217  -3.50601274
  -2.46709420  -3.51295754
  -2.47170133  -3.51885614
  -2.47899030  -3.53162136
  -2.47979833  -3.53254431
  -2.48953557  -3.54521193
  -2.49215453  -3.54910513
  -2.49814131  -3.55774219
  -2.50566588  -3.56808776
  -2.50727186  -3.57055405
  -2.51564375  -3.58379914
  -2.51822191  -3.58772871
  -2.52479708  -3.59653964
  -2.53115952  -3.60549864
  -2.53370621  -3.60944735
  -2.54283578  -3.62228150
  -2.54429155  -3.62478584
  -2.54988139  -3.63529074
  -2.55682495  -3.64362593
  -2.56009475  -3.64843103
  -2.56902099  -3.66134320
  -2.56976476  -3.66219975
  -2.57790328  -3.67427429
  -2.58251388  -3.68010496
  -2.58731043  -3.68739817
  -2.59519554  -3.69985300
  -2.59602865  -3.70069130
  -2.60430112  -3.71271982
  -2.60895635  -3.72006674
  -2.61371544  -3.72581827
  -2.62127297  -3.73861644
  -2.62191045  -3.73948083
  -2.63098539  -3.75202919
  -2.63427421  -3.75683880
  -2.63939034  -3.76474270
  -2.64795282  -3.77640490
  -2.64877517  -3.77737122
  -2.65711712  -3.79062741
  -2.66016535  -3.79479204
  -2.66606984  -3.80352877
  -2.67384089  -3.81456608
  -2.67465951  -3.81610088
  -2.68506466  -3.82960258
  -2.68580607  -3.83044927
  -2.69217293  -3.84215205
  -2.69917210  -3.85203541
  -2.70142130  -3.85529228
  -2.70576448  -3.86810281
  -2.70850050  -3.88100237
  -2.70928863  -3.89394201
  -2.71014438  -3.90689813
  -2.71052587  -3.91978695
  -2.71057156  -3.93271453
  -2.71054183  -3.94566994
  -2.70955013  -3.95869952
  -2.70521224  -3.97160840
  -2.69948152  -3.97882772
  -2.69376077  -3.98441486
  -2.68634894  -3.99070307
  -2.67664205  -3.99807290
  -2.67441558  -3.99991471
  -2.66048889  -4.00837983
  -2.65872493  -4.00985790
  -2.64776673  -4.01835044
  -2.64048960  -4.02320376
  -2.63465933  -4.02696639
  -2.62245038  -4.03497526
  -2.62047976  -4.03642729
  -2.60881578  -4.04388758
  -2.60088312  -4.04893759
  -2.59607514  -4.05223109
  -2.58302882  -4.06093313
  -2.58216592  -4.06161470
  -2.57025360  -4.06837848
  -2.56124823  -4.07464398
  -2.55695902  -4.07755069
  -2.54448005  -4.08614797
  -2.54200898  -4.08779406
  -2.53148520  -4.09419480
  -2.52171659  -4.10052712
  -2.51838279  -4.10277998
  -2.50546149  -4.11083955
  -2.50144135  -4.11330690
  -2.49275282  -4.11921993
  -2.48366274  -4.12617386
  -2.47963750  -4.12862727
  -2.46708908  -4.13644114
  -2.46289426  -4.13945189
  -2.45400066  -4.14504389
  -2.44213744  -4.15276228
  -2.44118315  -4.15340867
  -2.42777974  -4.16145445
  -2.42299433  -4.16474748
  -2.41506392  -4.16980868
  -2.40280189  -4.17804968
  -2.40179971  -4.17868773
  -2.38960463  -4.18566429
  -2.38219230  -4.19113046
  -2.37629284  -4.19560081
  -2.36419170  -4.20288388
  -2.36205873  -4.20425508
  -2.35026841  -4.21144213
  -2.34295242  -4.21620600
  -2.33756866  -4.21985049
  -2.32495898  -4.22928221
  -2.32406613  -4.22993732
  -2.31187043  -4.23703200
  -2.30294919  -4.24259417
  -2.29879312  -4.24564331
  -2.28638193  -4.25342011
  -2.28294845  -4.25583181
  -2.27313018  -4.26205426
  -2.26280649  -4.26866556
  -2.26037945  -4.27045921
  -2.24714007  -4.27875030
  -2.24320737  -4.28133284
  -2.23455306  -4.28660646
  -2.22286309  -4.29399629
  -2.22124818  -4.29480310
  -2.20852198  -4.30078492
  -2.19645955  -4.30739001
  -2.19552298  -4.30800798
  -2.18232955  -4.31386604
  -2.17045031  -4.31997686
  -2.16955958  -4.32059339
  -2.15682649  -4.32578890
  -2.14461148  -4.33288636
  -2.14372075  -4.33350290
  -2.13098878  -4.33869844
  -2.11815681  -4.34552949
  -2.11576081  -4.34640689
  -2.10513651  -4.35079495
  -2.09240058  -4.35725884
  -2.08903542  -4.35899038
  -2.07945059  -4.36329545
  -2.06607828  -4.37042546
  -2.06452401  -4.37131520
  -2.05378791  -4.37680112
  -2.04054185  -4.38226212
  -2.03569732  -4.38468281
  -2.02762312  -4.38871730
  -2.01470441  -4.39517254
  -2.00985991  -4.39759326
  -2.00175637  -4.40161567
  -1.98891300  -4.40728746
  -1.98325185  -4.41053831
  -1.97610899  -4.41415487
  -1.96286808  -4.42067053
  -1.95657010  -4.42341366
  -1.95027347  -4.42626403
  -1.93705277  -4.43280170
  -1.93068395  -4.43619520
  -1.92424243  -4.43954036
  -1.91139021  -4.44520959
  -1.90345707  -4.44950982
  -1.89854578  -4.45208969
  -1.88537429  -4.45781033
  -1.87603381  -4.46245012
  -1.87276859  -4.46420924
  -1.85970922  -4.47022283
  -1.84927928  -4.47535275
  -1.84693343  -4.47631918
  -1.83371731  -4.48284155
  -1.82415487  -4.48796901
  -1.82089144  -4.48957074
  -1.80824051  -4.49489170
  -1.79670290  -4.50088013
  -1.79508811  -4.50168715
  -1.78219464  -4.50814979
  -1.77051052  -4.51446562
  -1.76936622  -4.51506395
  -1.75601725  -4.52124271
  -1.74385248  -4.52696730
  -1.74289808  -4.52743853
  -1.73054278  -4.53317085
  -1.71842084  -4.53987676
  -1.71750532  -4.54039561
  -1.70467823  -4.54527039
  -1.69185864  -4.55220415
  -1.68946430  -4.55308573
  -1.67866058  -4.55785524
  -1.66618789  -4.56385535
  -1.66339358  -4.56534988
  -1.65266218  -4.57044528
  -1.64047889  -4.57561291
  -1.63397014  -4.57989647
  -1.62826673  -4.58385743
  -1.62042382  -4.59199711
         
