# shadow point cont 2D ind 367  size 1370
# norm -0.9666001 -0.2562894 -0.0000000
# angle  2.8824113
   1.74413028  -4.59009560
   1.75704244  -4.58121771
   1.76158801  -4.57762320
   1.76941297  -4.57394445
   1.78256796  -4.57015982
   1.79546494  -4.56614139
   1.80090141  -4.56406746
   1.80812963  -4.56155701
   1.82111140  -4.55748861
   1.83400884  -4.55265683
   1.83880799  -4.55102876
   1.84689125  -4.54783437
   1.86014941  -4.54393441
   1.87268651  -4.53989944
   1.87682634  -4.53819860
   1.88587082  -4.53469958
   1.89863966  -4.53032954
   1.91138489  -4.52692690
   1.91478851  -4.52537425
   1.92461768  -4.52180225
   1.93751895  -4.51697901
   1.95019391  -4.51316818
   1.95115361  -4.51244691
   1.96338045  -4.50889192
   1.97599919  -4.50431478
   1.98828809  -4.49984937
   1.98917814  -4.49925116
   2.00196667  -4.49486131
   2.01491352  -4.49080324
   2.02615166  -4.48671271
   2.02779901  -4.48599467
   2.04071475  -4.48115747
   2.05353328  -4.47686546
   2.06259790  -4.47394341
   2.06670488  -4.47261600
   2.07932267  -4.46802430
   2.09262473  -4.46412649
   2.09830192  -4.46171495
   2.10541974  -4.45895968
   2.11821367  -4.45455873
   2.13107488  -4.45103527
   2.13751044  -4.44805181
   2.14401498  -4.44492804
   2.15690556  -4.44135688
   2.17003437  -4.43715060
   2.17626266  -4.43515721
   2.18263685  -4.43255599
   2.19574173  -4.42793172
   2.20844823  -4.42370603
   2.21263087  -4.42208327
   2.22157558  -4.41906610
   2.23460680  -4.41459759
   2.24713182  -4.41009684
   2.24890325  -4.40916954
   2.26014272  -4.40577591
   2.27337983  -4.40167265
   2.28588604  -4.39697075
   2.28672138  -4.39622089
   2.29907787  -4.39166224
   2.31199592  -4.38763366
   2.32472662  -4.38400366
   2.32556171  -4.38327244
   2.33783116  -4.37876870
   2.35072486  -4.37396269
   2.36111670  -4.37043523
   2.36353329  -4.36961402
   2.37648705  -4.36556038
   2.38950265  -4.36103919
   2.39684896  -4.35813574
   2.40252797  -4.35578664
   2.41531567  -4.35139736
   2.42815676  -4.34782227
   2.43555586  -4.34505244
   2.44128762  -4.34287618
   2.45420353  -4.33805136
   2.46691055  -4.33492306
   2.47496232  -4.33174400
   2.47991528  -4.32963183
   2.49270324  -4.32527556
   2.50572055  -4.32063472
   2.50891070  -4.31898662
   2.51853868  -4.31559905
   2.53149928  -4.31153937
   2.54451754  -4.30705617
   2.54766914  -4.30609482
   2.55742405  -4.30224119
   2.57016041  -4.29852688
   2.58311913  -4.29384964
   2.58633287  -4.29294764
   2.59605107  -4.28899532
   2.60914400  -4.28526054
   2.62112029  -4.28031756
   2.62201053  -4.27970556
   2.63481042  -4.27529619
   2.64787954  -4.27078355
   2.65588015  -4.26753976
   2.66076582  -4.26521184
   2.67346415  -4.26065850
   2.68663116  -4.25547920
   2.68894277  -4.25459606
   2.69926229  -4.25020867
   2.71247540  -4.24498970
   2.72038958  -4.24165580
   2.72518793  -4.23915150
   2.73816699  -4.23418800
   2.75104138  -4.22944654
   2.75349364  -4.22850261
   2.76413942  -4.22406366
   2.77690220  -4.21892067
   2.78504010  -4.21576526
   2.78997808  -4.21358987
   2.80274343  -4.20844201
   2.81417594  -4.20308327
   2.81581169  -4.20232567
   2.82874064  -4.19746311
   2.84153052  -4.19308134
   2.84876009  -4.18980549
   2.85444064  -4.18745680
   2.86750362  -4.18214942
   2.88003642  -4.17755495
   2.88086775  -4.17679043
   2.89334471  -4.17086311
   2.90607144  -4.16636433
   2.91102262  -4.16406242
   2.91931215  -4.16072104
   2.93210349  -4.15558141
   2.94399017  -4.15104145
   2.94487594  -4.15041207
   2.95782153  -4.14552507
   2.97081730  -4.14010984
   2.97548368  -4.13812291
   2.98353474  -4.13484060
   2.99683440  -4.13007448
   3.00924425  -4.12593591
   3.01007707  -4.12517388
   3.02256415  -4.11928055
   3.03530900  -4.11349174
   3.03771169  -4.11241809
   3.04825709  -4.10768678
   3.06102709  -4.10180952
   3.06593269  -4.09941262
   3.07410123  -4.09559296
   3.08685142  -4.09116517
   3.09580160  -4.08646297
   3.09994911  -4.08430055
   3.11287008  -4.07866431
   3.12489440  -4.07371264
   3.12578219  -4.07306726
   3.13849529  -4.06780786
   3.15147935  -4.06147999
   3.15235613  -4.06081250
   3.16470959  -4.05481647
   3.17729168  -4.04865184
   3.17817010  -4.04796364
   3.19039759  -4.04162094
   3.20332195  -4.03597809
   3.20488773  -4.03518466
   3.21605915  -4.02851380
   3.22416983  -4.02234091
   3.22881283  -4.01810298
   3.23845379  -4.00910665
   3.24171895  -4.00591749
   3.25465358  -3.99697695
   3.25547913  -3.99619254
   3.26750905  -3.98721105
   3.27248594  -3.98316933
   3.28083786  -3.97715779
   3.29168216  -3.97028007
   3.29324986  -3.96941949
   3.30272147  -3.95770458
   3.30589267  -3.95121787
   3.30819352  -3.94511269
   3.30904857  -3.93199237
   3.31078432  -3.91909545
   3.31424050  -3.90602500
   3.31896953  -3.89788492
   3.32222379  -3.89297850
   3.33101038  -3.88005006
   3.33184177  -3.87844946
   3.33855894  -3.86725459
   3.34489619  -3.85828903
   3.34800359  -3.85423326
   3.35592770  -3.84134170
   3.35766167  -3.83655150
   3.36040254  -3.82904137
   3.35823684  -3.81613335
   3.35736024  -3.81129867
   3.35501243  -3.80330907
   3.34903520  -3.79034189
   3.34507364  -3.78545300
   3.33853652  -3.77748257
   3.33185895  -3.77040565
   3.32558733  -3.76454151
   3.31929179  -3.75872343
   3.31183033  -3.75160014
   3.30611332  -3.74615372
   3.29710118  -3.73902656
   3.29292099  -3.73482052
   3.28310470  -3.72531340
   3.28078476  -3.72353652
   3.26865120  -3.71307081
   3.26705159  -3.71148592
   3.25438270  -3.70064402
   3.25358414  -3.69985650
   3.24139115  -3.68866767
   3.23969399  -3.68714873
   3.22845664  -3.67729643
   3.22510598  -3.67419467
   3.21534486  -3.66526106
   3.21129914  -3.66121772
   3.20255934  -3.65387614
   3.19672274  -3.64842660
   3.18936920  -3.64195162
   3.18076089  -3.63513588
   3.17671542  -3.63109274
   3.16842175  -3.62240030
   3.16373581  -3.61825386
   3.15264822  -3.60905683
   3.15099571  -3.60750516
   3.13871236  -3.59635834
   3.13787669  -3.59558049
   3.12494247  -3.58419115
   3.12351583  -3.58322665
   3.11220329  -3.57347655
   3.10957351  -3.57044470
   3.09918916  -3.56070997
   3.09504868  -3.55757103
   3.08595553  -3.54952227
   3.08064616  -3.54440511
   3.07352613  -3.53856569
   3.06528975  -3.53143044
   3.06041198  -3.52662189
   3.05153919  -3.51849417
   3.04765461  -3.51510342
   3.03698109  -3.50555769
   3.03450255  -3.50323613
   3.02353052  -3.49313117
   3.02111557  -3.49074193
   3.00867482  -3.48049400
   3.00785906  -3.47970614
   2.99573446  -3.46836720
   2.99344119  -3.46662880
   2.98255444  -3.45735771
   2.97920522  -3.45425707
   2.97002065  -3.44637550
   2.96481692  -3.44111731
   2.95668640  -3.43387877
   2.94962479  -3.42799593
   2.94397977  -3.42309398
   2.93587457  -3.41507352
   2.93079814  -3.41046964
   2.92178901  -3.40251879
   2.91788039  -3.39909211
   2.90616168  -3.38895062
   2.90532798  -3.38817088
   2.89285920  -3.37646884
   2.89201113  -3.37570975
   2.87951043  -3.36386258
   2.87870171  -3.36305436
   2.86650370  -3.35423558
   2.86230104  -3.35037068
   2.85321540  -3.34165203
   2.84918366  -3.33764246
   2.84024521  -3.32960967
   2.83399773  -3.32451936
   2.82751668  -3.31886458
   2.82070015  -3.31197260
   2.81458254  -3.30673666
   2.80569153  -3.29869365
   2.80144886  -3.29482338
   2.79116375  -3.28567953
   2.78887914  -3.28392434
   2.77701723  -3.27315282
   2.77539184  -3.27158248
   2.76327439  -3.26183652
   2.76077042  -3.25946045
   2.74987338  -3.24942244
   2.74669067  -3.24691152
   2.73700127  -3.23799485
   2.73294641  -3.23398381
   2.72399857  -3.22600031
   2.71760105  -3.22102311
   2.71110071  -3.21461013
   2.70448055  -3.20834367
   2.69797107  -3.20269826
   2.68990787  -3.19530306
   2.68539579  -3.19099536
   2.67536552  -3.18243494
   2.67210999  -3.17925019
   2.66038481  -3.16911929
   2.65953940  -3.16835681
   2.64647487  -3.15718687
   2.64565215  -3.15639431
   2.63345961  -3.14520799
   2.63171957  -3.14364646
   2.62060577  -3.13294005
   2.61751654  -3.13036912
   2.60762654  -3.12170416
   2.60218062  -3.11741939
   2.59479471  -3.11025457
   2.58920913  -3.10453526
   2.58195018  -3.09886167
   2.57373137  -3.09173008
   2.56885288  -3.08692487
   2.55938647  -3.07860026
   2.55610220  -3.07541447
   2.54540643  -3.06606981
   2.54277783  -3.06374542
   2.53070697  -3.05318701
   2.52987215  -3.05240980
   2.51708068  -3.04178239
   2.51534490  -3.04022101
   2.50403070  -3.02891024
   2.50178399  -3.02714419
   2.49125408  -3.01828173
   2.48645623  -3.01416521
   2.47829935  -3.00621425
   2.47318974  -3.00170216
   2.46528727  -2.99490847
   2.45768653  -2.98795686
   2.45263460  -2.98334519
   2.44342861  -2.97558788
   2.43938826  -2.97154865
   2.42928833  -2.96225838
   2.42681394  -2.95987717
   2.41472256  -2.94934327
   2.41388951  -2.94856401
   2.40098563  -2.93722636
   2.40015097  -2.93644927
   2.38788039  -2.92529929
   2.38623896  -2.92373078
   2.37509224  -2.91465032
   2.37088201  -2.91082178
   2.36168150  -2.90216358
   2.35716034  -2.89786644
   2.34926001  -2.89120347
   2.34261300  -2.88495218
   2.33611312  -2.87934552
   2.32668307  -2.87178232
   2.32342144  -2.86857398
   2.31355456  -2.85906025
   2.31027265  -2.85589995
   2.29901607  -2.84614475
   2.29735026  -2.84458643
   2.28466228  -2.83382305
   2.28384097  -2.83302972
   2.27161952  -2.82183489
   2.26989235  -2.82036334
   2.25836942  -2.81090472
   2.25438354  -2.80753896
   2.24610329  -2.79969218
   2.24097359  -2.79430822
   2.23273127  -2.78723035
   2.22628580  -2.78156186
   2.21985073  -2.77586536
   2.21136960  -2.76819270
   2.20725959  -2.76417222
   2.19804151  -2.75567394
   2.19417373  -2.75226380
   2.18288679  -2.74249542
   2.18125467  -2.74095345
   2.16977510  -2.72985122
   2.16823077  -2.72894067
   2.15483035  -2.71811840
   2.15402262  -2.71731081
   2.14243054  -2.70708121
   2.13843804  -2.70381013
   2.12918682  -2.69449618
   2.12595677  -2.69129320
   2.11661657  -2.68363192
   2.11078769  -2.67817888
   2.10347210  -2.67178135
   2.09607445  -2.66542312
   2.09038734  -2.65982928
   2.08102805  -2.65218732
   2.07767218  -2.64910522
   2.06780825  -2.63958146
   2.06470422  -2.63705974
   2.05308366  -2.62687975
   2.05144158  -2.62529347
   2.03914049  -2.61495173
   2.03746395  -2.61338073
   2.02593612  -2.60315130
   2.02339315  -2.60082004
   2.01320100  -2.59083864
   2.00999594  -2.58754948
   2.00011647  -2.57889065
   1.99593573  -2.57501023
   1.98720932  -2.56756745
   1.98076475  -2.56190013
   1.97429784  -2.55625161
   1.96626168  -2.54893940
   1.96155100  -2.54474785
   1.95165813  -2.53613409
   1.94826724  -2.53303810
   1.93658777  -2.52289917
   1.93578027  -2.52209174
   1.92362115  -2.50999504
   1.92277661  -2.50923317
   1.90979327  -2.49880528
   1.90748607  -2.49708265
   1.89682139  -2.48676698
   1.89436035  -2.48439319
   1.88384103  -2.47553697
   1.87903253  -2.47145675
   1.87093621  -2.46421522
   1.86513112  -2.45870985
   1.85796025  -2.45219173
   1.85039666  -2.44599348
   1.84474479  -2.44034197
   1.83626769  -2.43267224
   1.83234085  -2.42930519
   1.82213893  -2.42015798
   1.81911156  -2.41753419
   1.80733748  -2.40665617
   1.80648164  -2.40591336
   1.79317673  -2.39512672
   1.79225666  -2.39430336
   1.78056181  -2.38261714
   1.77823376  -2.38087712
   1.76764554  -2.37212193
   1.76358364  -2.36811175
   1.75487242  -2.36065340
   1.74904609  -2.35520220
   1.74161022  -2.34810466
   1.73468141  -2.34209157
   1.72921795  -2.33782550
   1.72062151  -2.32953709
   1.71574301  -2.32474584
   1.70568769  -2.31621733
   1.70320256  -2.31383332
   1.69175103  -2.30351030
   1.69006239  -2.30198688
   1.67722858  -2.29139631
   1.67640695  -2.29060454
   1.66411533  -2.27867989
   1.66330809  -2.27787265
   1.65167583  -2.26760700
   1.64825306  -2.26463619
   1.63828531  -2.25607744
   1.63364409  -2.25183966
   1.62591380  -2.24498600
   1.61919355  -2.23880466
   1.61261469  -2.23331650
   1.60458607  -2.22600901
   1.59990468  -2.22179258
   1.58947329  -2.21278008
   1.58696535  -2.21050717
   1.57613398  -2.20038067
   1.57365457  -2.19804633
   1.56120266  -2.18786968
   1.56039550  -2.18706251
   1.54820517  -2.17497328
   1.54734667  -2.17423604
   1.53517315  -2.16466367
   1.53191890  -2.16145704
   1.52219027  -2.15262615
   1.51738526  -2.14854805
   1.50934601  -2.14125650
   1.50302853  -2.13543774
   1.49658466  -2.12978018
   1.48856384  -2.12249087
   1.48383544  -2.11826366
   1.47390814  -2.10965593
   1.47060661  -2.10655018
   1.45971153  -2.09646158
   1.45796015  -2.09486949
   1.44537572  -2.08418358
   1.44454201  -2.08340718
   1.43229089  -2.07147163
   1.43145533  -2.07069774
   1.41895626  -2.06054572
   1.41648536  -2.05816652
   1.40597278  -2.04931473
   1.40054014  -2.04503708
   1.39313207  -2.03794770
   1.38744510  -2.03232787
   1.38016960  -2.02588697
   1.37295701  -2.01938534
   1.36746312  -2.01436278
   1.35852751  -2.00632714
   1.35444154  -2.00240441
   1.34511605  -1.99315665
   1.34185516  -1.99048378
   1.32919418  -1.98082383
   1.32841577  -1.97999183
   1.31608989  -1.96787021
   1.31520594  -1.96717497
   1.30275121  -1.95724387
   1.30030428  -1.95484081
   1.29004200  -1.94574412
   1.28595945  -1.94172967
   1.27685513  -1.93309981
   1.27201664  -1.92905524
   1.26401849  -1.92254281
   1.25688146  -1.91592021
   1.25130966  -1.91104337
   1.24324032  -1.90297352
   1.23827231  -1.89819684
   1.22840686  -1.89035931
   1.22505059  -1.88727907
   1.21296808  -1.87746502
   1.21212195  -1.87670282
   1.20005636  -1.86466946
   1.19922281  -1.86389319
   1.18675837  -1.85374880
   1.18425355  -1.85136500
   1.17335951  -1.84135447
   1.17021726  -1.83882005
   1.16066058  -1.82980628
   1.15585865  -1.82573044
   1.14782696  -1.81844507
   1.14157393  -1.81259497
   1.13515664  -1.80676221
   1.12678118  -1.79993192
   1.12185432  -1.79519794
   1.11221240  -1.78628257
   1.10962723  -1.78383903
   1.09737648  -1.77364623
   1.09655621  -1.77285369
   1.08424412  -1.76095116
   1.08341227  -1.76017279
   1.07061844  -1.75000337
   1.06824350  -1.74787494
   1.05766412  -1.73835985
   1.05370122  -1.73497244
   1.04475534  -1.72706354
   1.03985867  -1.72224226
   1.03177613  -1.71498657
   1.02532172  -1.70933839
   1.01873596  -1.70305893
   1.01095974  -1.69623387
   1.00613243  -1.69216761
   0.99752448  -1.68394546
   0.99267838  -1.67990450
   0.98182611  -1.67058316
   0.98021253  -1.66896945
   0.96869620  -1.65786996
   0.96703262  -1.65631333
   0.95431850  -1.64556841
   0.95347234  -1.64481072
   0.94128629  -1.63447702
   0.93889436  -1.63204572
   0.92889051  -1.62243150
   0.92446918  -1.61885863
   0.91554707  -1.61184479
   0.90933245  -1.60585728
   0.90290075  -1.60018447
   0.89478468  -1.59295686
   0.88980440  -1.58830284
   0.88098259  -1.58021875
   0.87701706  -1.57679132
   0.86565500  -1.56731005
   0.86400333  -1.56570732
   0.85252406  -1.55459563
   0.85086058  -1.55303909
   0.83820160  -1.54229575
   0.83738144  -1.54150332
   0.82553442  -1.53078958
   0.82220497  -1.52825474
   0.81200849  -1.51930606
   0.80876533  -1.51609356
   0.79950497  -1.50841495
   0.79379241  -1.50278649
   0.78653208  -1.49633226
   0.77925209  -1.48988533
   0.77384547  -1.48561143
   0.76481722  -1.47695118
   0.76069098  -1.47294571
   0.75029696  -1.46404315
   0.74783490  -1.46163346
   0.73572675  -1.45112769
   0.73489505  -1.45034946
   0.72200952  -1.43902604
   0.72117619  -1.43824997
   0.70895488  -1.42713460
   0.70673670  -1.42531961
   0.69658334  -1.41584741
   0.69227977  -1.41224360
   0.68325627  -1.40436865
   0.67762975  -1.39952141
   0.67036975  -1.39306753
   0.66308956  -1.38662039
   0.65727488  -1.38118344
   0.64926227  -1.37389092
   0.64433000  -1.36910962
   0.63413783  -1.36078209
   0.63195982  -1.35892708
   0.62066836  -1.34763133
   0.61884669  -1.34605339
   0.60584962  -1.33576392
   0.60501633  -1.33498790
   0.59303662  -1.32507477
   0.58972210  -1.32207141
   0.58009323  -1.31318706
   0.57600434  -1.30916534
   0.56709774  -1.30110810
   0.56139788  -1.29628788
   0.55421951  -1.29061297
   0.54547518  -1.28315957
   0.54132406  -1.27931663
   0.53114599  -1.27017665
   0.52855832  -1.26777542
   0.51631673  -1.25751471
   0.51548509  -1.25673656
   0.50303385  -1.24503681
   0.50220058  -1.24426082
   0.48955013  -1.23352812
   0.48787213  -1.23193385
   0.47684623  -1.22284015
   0.47206289  -1.21862235
   0.46386132  -1.21156274
   0.45803995  -1.20611578
   0.45083306  -1.19964879
   0.44307489  -1.19278234
   0.43825850  -1.18869995
   0.42828332  -1.18013238
   0.42522369  -1.17766803
   0.41420609  -1.16690699
   0.41230771  -1.16533917
   0.39922474  -1.15529358
   0.39843252  -1.15447353
   0.38711923  -1.14317777
   0.38426769  -1.14092570
   0.37360169  -1.13249673
   0.36944876  -1.12848808
   0.36069626  -1.12120403
   0.35439867  -1.11531423
   0.34789881  -1.10963793
   0.33961504  -1.10267232
   0.33488549  -1.09861878
   0.32470095  -1.08922990
   0.32214564  -1.08703969
   0.31068790  -1.07684020
   0.30890374  -1.07526645
   0.29593298  -1.06492229
   0.29509789  -1.06414886
   0.28312927  -1.05428135
   0.27917266  -1.05103658
   0.27018676  -1.04300103
   0.26439528  -1.03835477
   0.25729566  -1.03331651
   0.24604954  -1.02509690
   0.24455089  -1.02414523
   0.23171381  -1.01525244
   0.22749788  -1.01219099
   0.21854800  -1.00590354
   0.20912195  -0.99918474
   0.20569817  -0.99677126
   0.19236728  -0.98786137
   0.19151224  -0.98711924
   0.17997410  -0.97979002
   0.17155908  -0.97386580
   0.16655676  -0.97011641
   0.15403597  -0.96146763
   0.15249161  -0.96055799
   0.14121983  -0.95318186
   0.13368503  -0.94803459
   0.12826657  -0.94458529
   0.11605546  -0.93485496
   0.11517337  -0.93418232
   0.10235232  -0.92687709
   0.09580120  -0.92221264
   0.08949991  -0.91798376
   0.07693427  -0.90913576
   0.07600236  -0.90855163
   0.06350879  -0.90049294
   0.05791114  -0.89639555
   0.05108535  -0.89181023
   0.03958159  -0.88310651
   0.03794085  -0.88220150
   0.02485219  -0.87384058
   0.01946564  -0.87017013
   0.01228824  -0.86520330
   0.00238097  -0.85766263
  -0.00108066  -0.85521220
  -0.01416886  -0.84839020
  -0.02042791  -0.84481873
  -0.02698560  -0.84160583
  -0.04002986  -0.83745417
  -0.05293758  -0.83761824
  -0.06582884  -0.83874855
  -0.07841826  -0.84131767
  -0.08833805  -0.84550458
  -0.09142202  -0.84715113
  -0.10402088  -0.85488343
  -0.10959952  -0.85887290
  -0.11696150  -0.86457213
  -0.12755102  -0.87161775
  -0.13000489  -0.87321431
  -0.14277334  -0.88133571
  -0.14755878  -0.88469717
  -0.15582589  -0.89095647
  -0.16558857  -0.89724492
  -0.16881893  -0.89961959
  -0.18145184  -0.90813733
  -0.18475506  -0.91049645
  -0.19454576  -0.91676971
  -0.20499157  -0.92324484
  -0.20739509  -0.92486591
  -0.22025327  -0.93375912
  -0.22347997  -0.93617916
  -0.23324885  -0.94339914
  -0.24134654  -0.94890181
  -0.24616449  -0.95226749
  -0.25900800  -0.95978071
  -0.26158255  -0.96177926
  -0.27228169  -0.96952589
  -0.28071715  -0.97491368
  -0.28476799  -0.97753738
  -0.29808186  -0.98648499
  -0.29959851  -0.98742085
  -0.31063991  -0.99505244
  -0.31873232  -1.00068661
  -0.32360463  -1.00389522
  -0.33647930  -1.01198050
  -0.33820352  -1.01341500
  -0.34949757  -1.02144658
  -0.35728142  -1.02670840
  -0.36232468  -1.03051595
  -0.37395317  -1.03888389
  -0.37530971  -1.03991572
  -0.38793744  -1.05189682
  -0.38877232  -1.05265317
  -0.40138373  -1.06227066
  -0.40440893  -1.06489266
  -0.41377993  -1.07334531
  -0.41940496  -1.07819117
  -0.42666509  -1.08464486
  -0.43394690  -1.09109290
  -0.43961022  -1.09592827
  -0.44857548  -1.10381754
  -0.45245628  -1.10723812
  -0.46312449  -1.11684929
  -0.46563573  -1.11907486
  -0.47822179  -1.12902843
  -0.47902848  -1.12983515
  -0.49122294  -1.14066287
  -0.49423399  -1.14297324
  -0.50423756  -1.15302867
  -0.50743006  -1.15560214
  -0.51694339  -1.16291176
  -0.52325801  -1.16869808
  -0.52982276  -1.17519645
  -0.53797324  -1.18159538
  -0.54301090  -1.18607788
  -0.55243830  -1.19437504
  -0.55558957  -1.19696884
  -0.56764452  -1.20744960
  -0.56845686  -1.20825026
  -0.58075710  -1.22020383
  -0.58160078  -1.22096498
  -0.59423752  -1.23082918
  -0.59679264  -1.23325475
  -0.60759924  -1.24251436
  -0.61149150  -1.24581415
  -0.62005061  -1.25354960
  -0.62517076  -1.25887837
  -0.63328811  -1.26530854
  -0.64137828  -1.27162299
  -0.64621851  -1.27646351
  -0.65566806  -1.28489129
  -0.65880047  -1.28732837
  -0.67005775  -1.29780245
  -0.67171790  -1.29876114
  -0.68434869  -1.31013816
  -0.68516880  -1.31093054
  -0.69748264  -1.32120329
  -0.70076630  -1.32372566
  -0.71075650  -1.33293850
  -0.71401958  -1.33615254
  -0.72336254  -1.34382360
  -0.72974736  -1.34944562
  -0.73625907  -1.35592406
  -0.74298310  -1.36212683
  -0.74933313  -1.36701130
  -0.75963811  -1.37536849
  -0.76204746  -1.37770279
  -0.77267353  -1.38800257
  -0.77517515  -1.39039882
  -0.78724588  -1.40091769
  -0.78807758  -1.40169590
  -0.80081036  -1.41244334
  -0.80248976  -1.41397435
  -0.81384402  -1.42417820
  -0.81628356  -1.42671697
  -0.82655637  -1.43512029
  -0.83143792  -1.43982407
  -0.83952092  -1.44710498
  -0.84597631  -1.45272814
  -0.85274340  -1.45960730
  -0.85907069  -1.46543316
  -0.86530888  -1.47050298
  -0.87485931  -1.47863868
  -0.87816249  -1.48191459
  -0.88819324  -1.49121229
  -0.89146811  -1.49430104
  -0.90309158  -1.50446188
  -0.90405840  -1.50535334
  -0.91728503  -1.51608609
  -0.91809180  -1.51689291
  -0.93019770  -1.52828906
  -0.93183552  -1.52978910
  -0.94290034  -1.53968632
  -0.94694087  -1.54304220
  -0.95628187  -1.55130657
  -0.96105290  -1.55541989
  -0.96884152  -1.56292579
  -0.97505854  -1.56891123
  -0.98154861  -1.57457898
  -0.98979244  -1.58160521
  -0.99473662  -1.58628229
  -1.00417774  -1.59470085
  -1.00736560  -1.59717071
  -1.01833558  -1.60705920
  -1.02082469  -1.60939971
  -1.03328628  -1.61956802
  -1.03410648  -1.62036049
  -1.04617088  -1.63166935
  -1.04786705  -1.63325113
  -1.05908002  -1.64296583
  -1.06235446  -1.64617660
  -1.07188731  -1.65446087
  -1.07814037  -1.65940773
  -1.08465777  -1.66590290
  -1.09067575  -1.67195455
  -1.09800936  -1.67826720
  -1.10567453  -1.68512611
  -1.11052963  -1.68933305
  -1.11988304  -1.69757006
  -1.12386754  -1.70083126
  -1.13555193  -1.71096219
  -1.13637217  -1.71175470
  -1.14921828  -1.72321353
  -1.15004074  -1.72400115
  -1.16257839  -1.73555966
  -1.16341369  -1.73633332
  -1.17526554  -1.74625019
  -1.17922868  -1.74963458
  -1.18817547  -1.75754729
  -1.19301665  -1.76238873
  -1.20116502  -1.77042309
  -1.20673348  -1.77529952
  -1.21377670  -1.78132890
  -1.22197286  -1.78837510
  -1.22715599  -1.79361777
  -1.23654300  -1.80126411
  -1.23985768  -1.80433280
  -1.25073343  -1.81423315
  -1.25248980  -1.81602727
  -1.26487314  -1.82694262
  -1.26570501  -1.82772097
  -1.27836847  -1.83845754
  -1.28067466  -1.84019445
  -1.29125614  -1.85054832
  -1.29384321  -1.85290189
  -1.30445975  -1.86159996
  -1.30915945  -1.86569580
  -1.31717187  -1.87394232
  -1.32223047  -1.87853383
  -1.33065026  -1.88618213
  -1.33684730  -1.89130058
  -1.34320002  -1.89710089
  -1.35137226  -1.90421248
  -1.35605649  -1.90842964
  -1.36583220  -1.91724811
  -1.36919439  -1.92028925
  -1.38106950  -1.93023511
  -1.38190142  -1.93101351
  -1.39476779  -1.94234258
  -1.39558816  -1.94313518
  -1.40765781  -1.95444881
  -1.40992932  -1.95624729
  -1.42033682  -1.96535076
  -1.42516939  -1.96932600
  -1.43368284  -1.97765066
  -1.43842956  -1.98182849
  -1.44639311  -1.98834421
  -1.45345443  -1.99500226
  -1.45921415  -2.00063599
  -1.46746263  -2.00766569
  -1.47226013  -2.01172757
  -1.48137168  -2.02035076
  -1.48536704  -2.02361964
  -1.49642761  -2.03353862
  -1.49813968  -2.03509717
  -1.51055649  -2.04603245
  -1.51137692  -2.04682510
  -1.52386667  -2.05775065
  -1.52624548  -2.05949430
  -1.53726199  -2.06933191
  -1.54040096  -2.07189524
  -1.54949051  -2.08055071
  -1.55377341  -2.08516738
  -1.56247869  -2.09264728
  -1.56893984  -2.09827510
  -1.57557427  -2.10453116
  -1.58285425  -2.11097735
  -1.58851608  -2.11581143
  -1.59751082  -2.12372984
  -1.60141675  -2.12711932
  -1.61264385  -2.13684564
  -1.61429110  -2.13844275
  -1.62576980  -2.14955249
  -1.62743393  -2.15110952
  -1.64012522  -2.16185881
  -1.64095893  -2.16263517
  -1.65293156  -2.17253255
  -1.65677763  -2.17580623
  -1.66571141  -2.18547458
  -1.66910723  -2.18861972
  -1.67869859  -2.19595689
  -1.68516087  -2.20158545
  -1.69174142  -2.20787310
  -1.69889218  -2.21449446
  -1.70454791  -2.21935835
  -1.71363321  -2.22718075
  -1.71780857  -2.23104202
  -1.72806347  -2.24015963
  -1.73035033  -2.24196557
  -1.74264725  -2.25306049
  -1.74349142  -2.25382205
  -1.75652131  -2.26497726
  -1.75734285  -2.26576892
  -1.76943151  -2.27708808
  -1.77168814  -2.27888346
  -1.78234676  -2.28919578
  -1.78545422  -2.29176744
  -1.79512893  -2.29984852
  -1.80071101  -2.30473500
  -1.80803555  -2.31196264
  -1.81449328  -2.31761315
  -1.82109342  -2.32390581
  -1.82815690  -2.33056538
  -1.83373330  -2.33557886
  -1.84361356  -2.34339304
  -1.84695808  -2.34647377
  -1.85868667  -2.35662513
  -1.85953093  -2.35738675
  -1.87257353  -2.36850232
  -1.87339422  -2.36929515
  -1.88562834  -2.38048259
  -1.88728881  -2.38202761
  -1.89850618  -2.39263436
  -1.90103371  -2.39492052
  -1.91138343  -2.40397214
  -1.91556911  -2.40783176
  -1.92448049  -2.41586793
  -1.93007592  -2.42077643
  -1.93703573  -2.42680838
  -1.94464807  -2.43364271
  -1.95066257  -2.43974722
  -1.95967984  -2.44694132
  -1.96280865  -2.44943001
  -1.97286487  -2.45952650
  -1.97620034  -2.46260878
  -1.98840849  -2.47222419
  -1.98922927  -2.47301709
  -2.00193004  -2.48455391
  -2.00334308  -2.48556335
  -2.01479562  -2.49673096
  -2.01651533  -2.49820315
  -2.02796825  -2.50776476
  -2.03119343  -2.51101874
  -2.04042002  -2.51962957
  -2.04623452  -2.52423730
  -2.05380550  -2.53117786
  -2.06073223  -2.53718788
  -2.06616009  -2.54146464
  -2.07520277  -2.55015143
  -2.07930788  -2.55413818
  -2.08913116  -2.56286739
  -2.09241744  -2.56602589
  -2.10487693  -2.57560121
  -2.10575235  -2.57629975
  -2.11801222  -2.58416633
  -2.12526492  -2.58890954
  -2.13091898  -2.59531440
  -2.13572110  -2.60184978
  -2.14383797  -2.61070684
  -2.14791461  -2.61471622
  -2.15696001  -2.62342312
  -2.16103944  -2.62739547
  -2.16992646  -2.63466914
  -2.17630920  -2.64041354
  -2.18248789  -2.64640990
  -2.19074567  -2.65344481
  -2.19575621  -2.65810061
  -2.20465423  -2.66613309
  -2.20864266  -2.66944791
  -2.22041761  -2.67956988
  -2.22127358  -2.68031274
  -2.23448412  -2.69125549
  -2.23527736  -2.69207635
  -2.24728021  -2.70432754
  -2.24814985  -2.70504186
  -2.26064351  -2.71522311
  -2.26295242  -2.71766928
  -2.27330727  -2.72670240
  -2.27749033  -2.73061565
  -2.28622246  -2.73882564
  -2.29121826  -2.74349905
  -2.29933563  -2.75072986
  -2.30639596  -2.75660537
  -2.31201756  -2.76150391
  -2.32130615  -2.76998338
  -2.32460244  -2.77319533
  -2.33537143  -2.78256451
  -2.33788989  -2.78488886
  -2.35023529  -2.79523335
  -2.35106799  -2.79601229
  -2.36309618  -2.80807912
  -2.36394325  -2.80883744
  -2.37631491  -2.81760448
  -2.38047033  -2.82146708
  -2.38955759  -2.83095535
  -2.39343072  -2.83435948
  -2.40233670  -2.84241645
  -2.40797827  -2.84727419
  -2.41524811  -2.85373519
  -2.42247420  -2.86023183
  -2.42812885  -2.86588488
  -2.43551000  -2.87304103
  -2.44133351  -2.87767211
  -2.45115070  -2.88567245
  -2.45444667  -2.88875448
  -2.46533982  -2.89813836
  -2.46776360  -2.90056097
  -2.47984130  -2.91110851
  -2.48066257  -2.91190174
  -2.49275478  -2.92322939
  -2.49442558  -2.92479693
  -2.50568061  -2.93453733
  -2.50894410  -2.93774190
  -2.51867051  -2.94659527
  -2.52349228  -2.95065952
  -2.53158072  -2.95791984
  -2.53804385  -2.96357401
  -2.54469837  -2.96982152
  -2.55195947  -2.97628249
  -2.55761902  -2.98113957
  -2.56708179  -2.98946294
  -2.57036730  -2.99264583
  -2.58224292  -3.00259735
  -2.58306432  -3.00339067
  -2.59540426  -3.01528116
  -2.59626065  -3.01602431
  -2.60949975  -3.02702444
  -2.61030778  -3.02783217
  -2.62202430  -3.03873751
  -2.62450506  -3.04110843
  -2.63501360  -3.04998957
  -2.63920998  -3.05385313
  -2.64812682  -3.06189424
  -2.65434524  -3.06701175
  -2.66088233  -3.07340230
  -2.66830816  -3.07968069
  -2.67396997  -3.08453846
  -2.68222331  -3.09245824
  -2.68691913  -3.09662077
  -2.69676891  -3.10538422
  -2.70000144  -3.10861546
  -2.71030528  -3.11851168
  -2.71259444  -3.12026353
  -2.72565906  -3.13063147
  -2.72646723  -3.13143930
  -2.73850144  -3.14281398
  -2.74022694  -3.14431580
  -2.75172204  -3.15466622
  -2.75475282  -3.15729226
  -2.76410895  -3.16575464
  -2.76981841  -3.17054712
  -2.77758405  -3.17809633
  -2.78305649  -3.18310670
  -2.79017449  -3.18894065
  -2.79778925  -3.19587185
  -2.80329546  -3.20083602
  -2.81294368  -3.20900215
  -2.81620090  -3.21219669
  -2.82668427  -3.22192958
  -2.82916888  -3.22424596
  -2.84142307  -3.23461581
  -2.84225799  -3.23539302
  -2.85497365  -3.24617115
  -2.85659032  -3.24778707
  -2.86798224  -3.25894805
  -2.86969574  -3.26043485
  -2.88153073  -3.27052839
  -2.88450387  -3.27327150
  -2.89365421  -3.28183270
  -2.89943202  -3.28657353
  -2.90674338  -3.29378592
  -2.91382839  -3.29965697
  -2.91969344  -3.30506550
  -2.92913985  -3.31263540
  -2.93237362  -3.31586755
  -2.94207503  -3.32556408
  -2.94537411  -3.32872507
  -2.95682837  -3.33829251
  -2.95844533  -3.33990864
  -2.97040948  -3.35138519
  -2.97127682  -3.35210763
  -2.98471950  -3.36294132
  -2.98552079  -3.36374220
  -2.99725120  -3.37385251
  -3.00048535  -3.37708495
  -3.00998576  -3.38617683
  -3.01478222  -3.39030586
  -3.02295711  -3.39664870
  -3.02959180  -3.40294790
  -3.03589027  -3.40877556
  -3.04455026  -3.41628427
  -3.04884813  -3.42087356
  -3.05728509  -3.42860857
  -3.06195840  -3.43281200
  -3.07285073  -3.44214812
  -3.07455291  -3.44372786
  -3.08659613  -3.45427177
  -3.08821961  -3.45584034
  -3.10083021  -3.46658896
  -3.10174967  -3.46738477
  -3.11368556  -3.47811780
  -3.11612011  -3.48051721
  -3.12667244  -3.49014907
  -3.13004974  -3.49324384
  -3.13956325  -3.50155946
  -3.14505642  -3.50657601
  -3.15255842  -3.51356970
  -3.15978071  -3.51934398
  -3.16544215  -3.52500205
  -3.17332778  -3.53247947
  -3.17807261  -3.53667974
  -3.18756914  -3.54473131
  -3.19181866  -3.54860008
  -3.20405920  -3.55754321
  -3.20486804  -3.55835155
  -3.21701409  -3.57046386
  -3.21784956  -3.57124149
  -3.22994163  -3.58179566
  -3.23239131  -3.58419699
  -3.24308561  -3.59452791
  -3.24616807  -3.59709943
  -3.25606687  -3.60576919
  -3.26088929  -3.60985600
  -3.26900025  -3.61710758
  -3.27543985  -3.62282657
  -3.28193979  -3.62924135
  -3.28852120  -3.63545870
  -3.29525795  -3.64101786
  -3.30496552  -3.64910514
  -3.30745474  -3.65150512
  -3.31912156  -3.66163785
  -3.32077402  -3.66318769
  -3.33306777  -3.67435349
  -3.33389022  -3.67514761
  -3.34670114  -3.68649506
  -3.34763796  -3.68731080
  -3.35957170  -3.69883309
  -3.36184034  -3.70060201
  -3.37255980  -3.71006235
  -3.37596396  -3.71321435
  -3.38514530  -3.72183816
  -3.39164003  -3.72664861
  -3.39860785  -3.73340411
  -3.40488796  -3.73922288
  -3.41117461  -3.74429433
  -3.41944241  -3.75220678
  -3.42432020  -3.75701541
  -3.43453566  -3.76545292
  -3.43710853  -3.76768510
  -3.44848414  -3.77736392
  -3.45059398  -3.77929964
  -3.46293883  -3.79041617
  -3.46376150  -3.79121046
  -3.47615357  -3.80295158
  -3.47770669  -3.80394593
  -3.48882832  -3.81387706
  -3.49211087  -3.81705657
  -3.50223080  -3.82621002
  -3.50573936  -3.82908311
  -3.51492743  -3.83874694
  -3.51837819  -3.84261503
  -3.52787767  -3.85249497
  -3.53052214  -3.85575159
  -3.53572891  -3.86861153
  -3.53935727  -3.88154868
  -3.54108978  -3.89464431
  -3.54145593  -3.89790513
  -3.54220069  -3.90755853
  -3.54322437  -3.92079281
  -3.54254567  -3.93351839
  -3.54144421  -3.94324111
  -3.54098726  -3.94656177
  -3.53773604  -3.96034886
  -3.53078732  -3.97278414
  -3.52824035  -3.97590222
  -3.51572521  -3.98528369
  -3.51484623  -3.98597198
  -3.50248966  -3.99115017
  -3.48914522  -3.99693486
  -3.48585536  -3.99833975
  -3.47609080  -4.00219314
  -3.46344947  -4.00686926
  -3.45144995  -4.01203942
  -3.45051213  -4.01253393
  -3.43756982  -4.01742779
  -3.42491966  -4.02260916
  -3.42128014  -4.02444962
  -3.41132443  -4.02845936
  -3.39880056  -4.03266838
  -3.38824954  -4.03743574
  -3.38586727  -4.03834292
  -3.37294477  -4.04396201
  -3.36000523  -4.04885085
  -3.35593035  -4.05042997
  -3.34692006  -4.05413693
  -3.33399012  -4.05897267
  -3.32509912  -4.06294492
  -3.32107070  -4.06458584
  -3.30799947  -4.06990584
  -3.29536464  -4.07466122
  -3.29128875  -4.07624003
  -3.28227332  -4.07993216
  -3.26952237  -4.08509609
  -3.26047802  -4.08888990
  -3.25641032  -4.09042525
  -3.24348665  -4.09524791
  -3.23054482  -4.10092277
  -3.22893994  -4.10160980
  -3.21781482  -4.10606809
  -3.20456465  -4.11104954
  -3.19653127  -4.11429378
  -3.19179379  -4.11614908
  -3.17871295  -4.12149744
  -3.16612639  -4.12695510
  -3.16441445  -4.12779578
  -3.15315500  -4.13196655
  -3.14022812  -4.13680576
  -3.13195770  -4.14035497
  -3.12700062  -4.14246709
  -3.11440483  -4.14720527
  -3.10204253  -4.15310747
  -3.10115145  -4.15371952
  -3.08832638  -4.15736700
  -3.07529230  -4.16261070
  -3.06888187  -4.16589629
  -3.06252493  -4.16854528
  -3.04942987  -4.17312335
  -3.03740822  -4.17883635
  -3.03651996  -4.17948187
  -3.02371797  -4.18392665
  -3.01096933  -4.18843287
  -3.00355744  -4.19203962
  -2.99773589  -4.19484822
  -2.98511909  -4.19892030
  -2.97196908  -4.20414505
  -2.97108544  -4.20468530
  -2.95895318  -4.20937010
  -2.94618271  -4.21451449
  -2.93804323  -4.21767045
  -2.93310274  -4.21984627
  -2.92033169  -4.22499558
  -2.90757089  -4.23038330
  -2.90583683  -4.23105392
  -2.89419694  -4.23564030
  -2.88175940  -4.23997334
  -2.87429912  -4.24363693
  -2.86847798  -4.24644566
  -2.85570627  -4.25160289
  -2.84351367  -4.25635410
  -2.84262326  -4.25693983
  -2.82982988  -4.26132304
  -2.81677240  -4.26661327
  -2.80967469  -4.26943916
  -2.80399135  -4.27178606
  -2.79090660  -4.27631836
  -2.77834829  -4.28117130
  -2.77328495  -4.28267710
  -2.76503505  -4.28521437
  -2.75230682  -4.29029712
  -2.73959591  -4.29484161
  -2.73706737  -4.29577456
  -2.72657786  -4.29903817
  -2.71347024  -4.30328973
  -2.70104348  -4.30838227
  -2.70009182  -4.30882854
  -2.68750446  -4.31339737
  -2.67493968  -4.31750311
  -2.66497264  -4.32088244
  -2.66178505  -4.32181945
  -2.64888187  -4.32661870
  -2.63605517  -4.33164849
  -2.62865259  -4.33414334
  -2.62296076  -4.33560665
  -2.60995560  -4.33999582
  -2.59724049  -4.34506245
  -2.59305743  -4.34665301
  -2.58410735  -4.34967037
  -2.57134224  -4.35404000
  -2.55823379  -4.35856622
  -2.55587284  -4.35935643
  -2.54535595  -4.36334354
  -2.53283812  -4.36823133
  -2.51982361  -4.37241336
  -2.51811384  -4.37301820
  -2.50656320  -4.37707861
  -2.49380552  -4.38146264
  -2.48403267  -4.38523666
  -2.48089590  -4.38627795
  -2.46792241  -4.39039444
  -2.45486823  -4.39481276
  -2.44764756  -4.39801644
  -2.44198216  -4.40040729
  -2.42902183  -4.40448817
  -2.41609810  -4.40851782
  -2.40967247  -4.41096651
  -2.40319278  -4.41333419
  -2.39042718  -4.41775880
  -2.37733797  -4.42302149
  -2.37494753  -4.42385167
  -2.36458383  -4.42743945
  -2.35148305  -4.43189910
  -2.33949593  -4.43687637
  -2.33860506  -4.43748857
  -2.32577606  -4.44121208
  -2.31285357  -4.44524421
  -2.30145690  -4.44974805
  -2.29980135  -4.45043351
  -2.28689630  -4.45525171
  -2.27382050  -4.45895817
  -2.26522962  -4.46271351
  -2.26125559  -4.46446714
  -2.24797538  -4.46863448
  -2.23507475  -4.47344233
  -2.22959525  -4.47543099
  -2.22247988  -4.47820735
  -2.20930202  -4.48191367
  -2.19652061  -4.48681792
  -2.19254132  -4.48867810
  -2.18368429  -4.49197488
  -2.17056861  -4.49640234
  -2.15811733  -4.50135835
  -2.15543329  -4.50224148
  -2.14469055  -4.50529771
  -2.13168759  -4.50974168
  -2.11982521  -4.51428419
  -2.11893326  -4.51489391
  -2.10610898  -4.51865449
  -2.09303654  -4.52301016
  -2.08200401  -4.52746158
  -2.08036259  -4.52820897
  -2.06696864  -4.53276045
  -2.05499521  -4.53779749
  -2.04699309  -4.54034007
  -2.04120194  -4.54202223
  -2.02831363  -4.54602832
  -2.01589202  -4.55102798
  -2.00914103  -4.55339840
  -2.00254895  -4.55529188
  -1.98954922  -4.55973759
  -1.97729983  -4.56418511
  -1.97191720  -4.56600430
  -1.96368908  -4.56862051
  -1.95111187  -4.57265036
  -1.93775090  -4.57711028
  -1.93540048  -4.57807929
  -1.92514547  -4.58259774
  -1.91243618  -4.58866631
  -1.90897403  -4.59203973
  -1.90202541  -4.60374792
         
