# shadow cont 3D ind 248  size 19
# norm -0.3681246 -0.9297765  0.0000000
# angle  1.9477874
   1.4663955257  -0.5805870606  -4.5798695616
   2.1336977808  -0.8447907137  -4.2713355173
      
      
   2.1336977808  -0.8447907137  -4.2713355173
   2.6084152624  -1.0327446610  -3.9662710006
      
      
   2.6084152624  -1.0327446610  -3.9662710006
   2.6133962147  -1.0347167595  -3.8274910212
      
      
   2.6133962147  -1.0347167595  -3.8274910212
   1.3923946288  -0.5512880328  -2.1112509398
      
      
   1.3923946288  -0.5512880328  -2.1112509398
   1.1129283587  -0.4406395090  -1.7374127990
      
      
   1.1129283587  -0.4406395090  -1.7374127990
   0.7153832164  -0.2832402524  -1.3576071586
      
      
   0.7153832164  -0.2832402524  -1.3576071586
   0.3236553951  -0.1281442361  -1.0340725159
      
      
   0.3236553951  -0.1281442361  -1.0340725159
   0.2636811097  -0.1043987367  -0.9935781085
      
      
   0.2636811097  -0.1043987367  -0.9935781085
   0.0234156840  -0.0092709252  -0.8393133541
      
      
   0.0234156840  -0.0092709252  -0.8393133541
  -0.0263629743   0.0104378399  -0.8407339404
      
      
  -0.0263629743   0.0104378399  -0.8407339404
  -0.3110938948   0.1231707863  -1.0210748444
      
      
  -0.3110938948   0.1231707863  -1.0210748444
  -0.7311844240   0.2894963931  -1.3702492045
      
      
  -0.7311844240   0.2894963931  -1.3702492045
  -1.1170406018   0.4422676612  -1.7389243623
      
      
  -1.1170406018   0.4422676612  -1.7389243623
  -1.2854654085   0.5089517596  -1.9615444776
      
      
  -1.2854654085   0.5089517596  -1.9615444776
  -2.6424639455   1.0462254883  -3.8647922375
      
      
  -2.6424639455   1.0462254883  -3.8647922375
  -2.6419948287   1.0460397518  -3.9756502666
      
      
  -2.6419948287   1.0460397518  -3.9756502666
  -2.1720795238   0.8599871208  -4.2816592090
      
      
  -2.1720795238   0.8599871208  -4.2816592090
  -2.1373922976   0.8462534764  -4.3006135010
      
      
  -2.1373922976   0.8462534764  -4.3006135010
  -1.5045415726   0.5956901490  -4.5912414986
      
      
  -2.1373922976   0.8462534764  -4.3006135010
  -2.5055168503  -0.0835230095  -4.3006135010
      
      
