# shadow cont 3D ind 145  size 15
# norm  0.4186597 -0.9081432  0.0000000
# angle  1.1388273
   1.7469298989   0.8053457143  -4.5781753371
   2.5467656671   1.1740750539  -4.2576729580
      
      
   2.5467656671   1.1740750539  -4.2576729580
   3.2592783243   1.5025478880  -3.9594072962
      
      
   3.2592783243   1.5025478880  -3.9594072962
   3.2826251631   1.5133109281  -3.9318548370
      
      
   3.2826251631   1.5133109281  -3.9318548370
   3.2753555459   1.5099595887  -3.8344729409
      
      
   3.2753555459   1.5099595887  -3.8344729409
   2.8265532283   1.3030588863  -3.4099385804
      
      
   2.8265532283   1.3030588863  -3.4099385804
   0.2234593201   0.1030161576  -0.9726674312
      
      
   0.2234593201   0.1030161576  -0.9726674312
   0.0396626918   0.0182847514  -0.8269899098
      
      
   0.0396626918   0.0182847514  -0.8269899098
  -0.1263960437  -0.0582693743  -0.9620818933
      
      
  -0.1263960437  -0.0582693743  -0.9620818933
  -0.2172680880  -0.1001619605  -1.0385554026
      
      
  -0.2172680880  -0.1001619605  -1.0385554026
  -3.1926694101  -1.4718407579  -3.8306034187
      
      
  -3.1926694101  -1.4718407579  -3.8306034187
  -3.2029039459  -1.4765589436  -3.9208957834
      
      
  -3.2029039459  -1.4765589436  -3.9208957834
  -3.1970185754  -1.4738457506  -3.9687658758
      
      
  -3.1970185754  -1.4738457506  -3.9687658758
  -2.5342022457  -1.1682832373  -4.2456471614
      
      
  -2.5342022457  -1.1682832373  -4.2456471614
  -2.4129962602  -1.1124065126  -4.2943145272
      
      
  -2.4129962602  -1.1124065126  -4.2943145272
  -1.6804607139  -0.7747030003  -4.5890815713
      
      
  -2.4129962602  -1.1124065126  -4.2943145272
  -1.9943365226  -2.0205496864  -4.2943145272
      
      
