# shadow cont 3D ind 13  size 17
# norm  0.9947921 -0.1019245  0.0000000
# angle  0.1021018
   0.1680085565   1.6397790939  -4.5898041514
   0.2493303226   2.4334870728  -4.2767824979
      
      
   0.2493303226   2.4334870728  -4.2767824979
   0.3046700095   2.9736075500  -3.9733329420
      
      
   0.3046700095   2.9736075500  -3.9733329420
   0.3043892496   2.9708673071  -3.8597067748
      
      
   0.3043892496   2.9708673071  -3.8597067748
   0.1296465166   1.2653620266  -1.7424916782
      
      
   0.1296465166   1.2653620266  -1.7424916782
   0.0884037635   0.8628289314  -1.3821749692
      
      
   0.0884037635   0.8628289314  -1.3821749692
   0.0422963742   0.4128165351  -1.0318122420
      
      
   0.0422963742   0.4128165351  -1.0318122420
   0.0089223814   0.0870832697  -0.8370445719
      
      
   0.0089223814   0.0870832697  -0.8370445719
   0.0033615459   0.0328089998  -0.8389071459
      
      
   0.0033615459   0.0328089998  -0.8389071459
  -0.0293502016  -0.2864606899  -1.0326652500
      
      
  -0.0293502016  -0.2864606899  -1.0326652500
  -0.0756355079  -0.7382095723  -1.3850041480
      
      
  -0.0756355079  -0.7382095723  -1.3850041480
  -0.1163092803  -1.1351893629  -1.7417159609
      
      
  -0.1163092803  -1.1351893629  -1.7417159609
  -0.2858469996  -2.7898932272  -3.7879518210
      
      
  -0.2858469996  -2.7898932272  -3.7879518210
  -0.2878566885  -2.8095079780  -3.8295605010
      
      
  -0.2878566885  -2.8095079780  -3.8295605010
  -0.2811382488  -2.7439353828  -3.9605938436
      
      
  -0.2811382488  -2.7439353828  -3.9605938436
  -0.2623356278  -2.5604200580  -4.1145710999
      
      
  -0.2623356278  -2.5604200580  -4.1145710999
  -0.2326102131  -2.2702972535  -4.2796068915
      
      
  -0.2326102131  -2.2702972535  -4.2796068915
  -0.1535993336  -1.4991437422  -4.5858687035
      
      
  -0.2326102131  -2.2702972535  -4.2796068915
   0.7621819287  -2.3722217093  -4.2796068915
      
      
