# shadow cont 2D ind 289  size 19
# norm -0.6434559 -0.7654832  0.0000000
# angle  2.2698007
#  0 type   0
   1.75625079  -4.57942820
   2.62798285  -4.27299265
      
#  1 type   0
   2.62798285  -4.27299265
   3.18734742  -4.03414091
      
#  2 type   0
   3.18734742  -4.03414091
   3.30254611  -3.96214233
      
#  3 type   0
   3.30254611  -3.96214233
   3.31713698  -3.85606058
      
#  4 type   0
   3.31713698  -3.85606058
   3.30025376  -3.79036107
      
#  5 type   0
   3.30025376  -3.79036107
   0.68385693  -1.36215343
      
#  6 type   0
   0.68385693  -1.36215343
   0.47868613  -1.18808919
      
#  7 type   0
   0.47868613  -1.18808919
   0.29298626  -1.03016238
      
#  8 type   0
   0.29298626  -1.03016238
  -0.00228383  -0.83425170
      
#  9 type   0
  -0.00228383  -0.83425170
  -0.05208792  -0.84348571
      
# 10 type   0
  -0.05208792  -0.84348571
  -0.33568754  -1.02928322
      
# 11 type   0
  -0.33568754  -1.02928322
  -0.72248153  -1.36103362
      
# 12 type   0
  -0.72248153  -1.36103362
  -0.76112275  -1.39512700
      
# 13 type   0
  -0.76112275  -1.39512700
  -3.42195422  -3.86365820
      
# 14 type   0
  -3.42195422  -3.86365820
  -3.42386809  -3.94473916
      
# 15 type   0
  -3.42386809  -3.94473916
  -3.41117574  -3.98059592
      
# 16 type   0
  -3.41117574  -3.98059592
  -2.75153022  -4.26991250
      
# 17 type   0
  -2.75153022  -4.26991250
  -2.69588482  -4.29274743
      
# 18 type   0
  -2.69588482  -4.29274743
  -1.84990939  -4.59097503
      
