# shadow cont 3D ind 33  size 17
# norm  0.9666001 -0.2562894  0.0000000
# angle  0.2591814
   0.4240492062   1.5993094095  -4.5845313831
   0.5609731847   2.1157207218  -4.2817394345
      
      
   0.5609731847   2.1157207218  -4.2817394345
   0.6732997104   2.5393622874  -3.9734208636
      
      
   0.6732997104   2.5393622874  -3.9734208636
   0.6718527459   2.5339050338  -3.8536602205
      
      
   0.6718527459   2.5339050338  -3.8536602205
   0.4001184100   1.5090539697  -2.0881811119
      
      
   0.4001184100   1.5090539697  -2.0881811119
   0.3269218356   1.2329917380  -1.7335602368
      
      
   0.3269218356   1.2329917380  -1.7335602368
   0.2236360578   0.8434475205  -1.3784001519
      
      
   0.2236360578   0.8434475205  -1.3784001519
   0.1077804106   0.4064958081  -1.0319643266
      
      
   0.1077804106   0.4064958081  -1.0319643266
   0.0227976627   0.0859818057  -0.8365542099
      
      
   0.0227976627   0.0859818057  -0.8365542099
   0.0085389360   0.0322047547  -0.8396258940
      
      
   0.0085389360   0.0322047547  -0.8396258940
  -0.0742425543  -0.2800071640  -1.0328248394
      
      
  -0.0742425543  -0.2800071640  -1.0328248394
  -0.1904092165  -0.7181318749  -1.3812202084
      
      
  -0.1904092165  -0.7181318749  -1.3812202084
  -0.2920857375  -1.1016067510  -1.7314327381
      
      
  -0.2920857375  -1.1016067510  -1.7314327381
  -0.3629082067  -1.3687150012  -2.0736677009
      
      
  -0.3629082067  -1.3687150012  -2.0736677009
  -0.6357266410  -2.3976547625  -3.8303978695
      
      
  -0.6357266410  -2.3976547625  -3.8303978695
  -0.6368943268  -2.4020587109  -3.9651590899
      
      
  -0.6368943268  -2.4020587109  -3.9651590899
  -0.5248496699  -1.9794802189  -4.2828203455
      
      
  -0.5248496699  -1.9794802189  -4.2828203455
  -0.3906863362  -1.4734807292  -4.5880351209
      
      
  -0.5248496699  -1.9794802189  -4.2828203455
   0.4417504321  -2.2357695921  -4.2828203455
      
      
