# shadow cont 2D ind 167  size 15
# norm  0.2562894 -0.9666001  0.0000000
# angle  1.3116149
#  0 type   0
   1.84771953  -4.57960951
   2.69100429  -4.28026763
      
#  1 type   0
   2.69100429  -4.28026763
   2.81948411  -4.22898709
      
#  2 type   0
   2.81948411  -4.22898709
   3.47522322  -3.95664721
      
#  3 type   0
   3.47522322  -3.95664721
   3.49504983  -3.91928758
      
#  4 type   0
   3.49504983  -3.91928758
   3.49000356  -3.83292527
      
#  5 type   0
   3.49000356  -3.83292527
   0.37594513  -1.05482878
      
#  6 type   0
   0.37594513  -1.05482878
   0.05876520  -0.83654746
      
#  7 type   4
   0.05876520  -0.83654746
   0.01478975  -0.83808112
      
#  8 type   0
   0.01478975  -0.83808112
  -0.29345958  -1.04496443
      
#  9 type   0
  -0.29345958  -1.04496443
  -3.42296300  -3.83497529
      
# 10 type   0
  -3.42296300  -3.83497529
  -3.42476831  -3.94726478
      
# 11 type   0
  -3.42476831  -3.94726478
  -3.39931922  -3.97564986
      
# 12 type   0
  -3.39931922  -3.97564986
  -2.81664842  -4.21717559
      
# 13 type   0
  -2.81664842  -4.21717559
  -2.66165327  -4.28058845
      
# 14 type   0
  -2.66165327  -4.28058845
  -1.80689994  -4.58779153
      
