# shadow cont 3D ind 132  size 10
# norm  0.5090414 -0.8607420  0.0000000
# angle  1.0367256
   1.6685839769   0.9867978131  -4.5808139573
   3.1033170452   1.8352965844  -3.9631462006
      
      
   3.1033170452   1.8352965844  -3.9631462006
   3.1254735901   1.8483999285  -3.9361314992
      
      
   3.1254735901   1.8483999285  -3.9361314992
   3.1283214872   1.8500841702  -3.9064446989
      
      
   3.1283214872   1.8500841702  -3.9064446989
   3.1176123502   1.8437508042  -3.8272101894
      
      
   3.1176123502   1.8437508042  -3.8272101894
   0.0454356671   0.0268705786  -0.8198488630
      
      
   0.0454356671   0.0268705786  -0.8198488630
  -1.5008357274  -0.8875917749  -2.3268651506
      
      
  -1.5008357274  -0.8875917749  -2.3268651506
  -3.0420739094  -1.7990774949  -3.8339185532
      
      
  -3.0420739094  -1.7990774949  -3.8339185532
  -3.0436881767  -1.8000321699  -3.9468165141
      
      
  -3.0436881767  -1.8000321699  -3.9468165141
  -3.0153304613  -1.7832614637  -3.9819700888
      
      
  -3.0153304613  -1.7832614637  -3.9819700888
  -1.5936228828  -0.9424659457  -4.5908713965
      
      
  -3.0153304613  -1.7832614637  -3.9819700888
  -2.5062890456  -2.6440034908  -3.9819700888
      
      
