# shadow cont 2D ind 145  size 15
# norm  0.4186597 -0.9081432  0.0000000
# angle  1.1388273
#  0 type   0
   1.92362829  -4.57817534
   2.80436581  -4.25767296
      
#  1 type   0
   2.80436581  -4.25767296
   3.58894767  -3.95940730
      
#  2 type   0
   3.58894767  -3.95940730
   3.61465599  -3.93185484
      
#  3 type   0
   3.61465599  -3.93185484
   3.60665107  -3.83447294
      
#  4 type   0
   3.60665107  -3.83447294
   3.11245331  -3.40993858
      
#  5 type   0
   3.11245331  -3.40993858
   0.24606177  -0.97266743
      
#  6 type   0
   0.24606177  -0.97266743
   0.04367449  -0.82698991
      
#  7 type   0
   0.04367449  -0.82698991
  -0.13918075  -0.96208189
      
#  8 type   0
  -0.13918075  -0.96208189
  -0.23924431  -1.03855540
      
#  9 type   0
  -0.23924431  -1.03855540
  -3.51560140  -3.83060342
      
# 10 type   0
  -3.51560140  -3.83060342
  -3.52687113  -3.92089578
      
# 11 type   0
  -3.52687113  -3.92089578
  -3.52039047  -3.96876588
      
# 12 type   0
  -3.52039047  -3.96876588
  -2.79053162  -4.24564716
      
# 13 type   0
  -2.79053162  -4.24564716
  -2.65706590  -4.29431453
      
# 14 type   0
  -2.65706590  -4.29431453
  -1.85043588  -4.58908157
      
