# shadow cont 2D ind 259  size 19
# norm -0.4469786 -0.8945446  0.0000000
# angle  2.0341812
#  0 type   0
   1.57701440  -4.58620829
   2.39737582  -4.27763502
      
#  1 type   0
   2.39737582  -4.27763502
   2.85750835  -4.03372856
      
#  2 type   0
   2.85750835  -4.03372856
   2.97129814  -3.96028053
      
#  3 type   0
   2.97129814  -3.96028053
   2.97681220  -3.82007803
      
#  4 type   0
   2.97681220  -3.82007803
   1.17251714  -1.73644920
      
#  5 type   0
   1.17251714  -1.73644920
   0.75791639  -1.36210056
      
#  6 type   0
   0.75791639  -1.36210056
   0.33113321  -1.02889597
      
#  7 type   0
   0.33113321  -1.02889597
   0.00702967  -0.83037208
      
#  8 type   0
   0.00702967  -0.83037208
  -0.07082136  -0.86050343
      
#  9 type   0
  -0.07082136  -0.86050343
  -0.34615556  -1.02911698
      
# 10 type   0
  -0.34615556  -1.02911698
  -0.78219306  -1.37236297
      
# 11 type   0
  -0.78219306  -1.37236297
  -1.17532258  -1.72795745
      
# 12 type   0
  -1.17532258  -1.72795745
  -1.20863236  -1.76173019
      
# 13 type   0
  -1.20863236  -1.76173019
  -3.02489308  -3.86183660
      
# 14 type   0
  -3.02489308  -3.86183660
  -3.03112413  -3.92023761
      
# 15 type   0
  -3.03112413  -3.92023761
  -3.02545081  -3.97719207
      
# 16 type   0
  -3.02545081  -3.97719207
  -2.46492221  -4.28251914
      
# 17 type   0
  -2.46492221  -4.28251914
  -2.40731265  -4.30783358
      
# 18 type   0
  -2.40731265  -4.30783358
  -1.64476837  -4.59333679
      
