# shadow cont 2D ind 317  size 16
# norm -0.7949444 -0.6066824  0.0000000
# angle  2.4897122
#  0 type   0
   1.83410392  -4.57856368
   2.70636197  -4.27246866
      
#  1 type   0
   2.70636197  -4.27246866
   3.34082339  -4.03308320
      
#  2 type   0
   3.34082339  -4.03308320
   3.45118814  -3.96138262
      
#  3 type   0
   3.45118814  -3.96138262
   3.46906864  -3.85433367
      
#  4 type   0
   3.46906864  -3.85433367
   3.46411185  -3.78797435
      
#  5 type   0
   3.46411185  -3.78797435
   0.25045334  -1.03757775
      
#  6 type   0
   0.25045334  -1.03757775
   0.21845410  -1.01323384
      
#  7 type   0
   0.21845410  -1.01323384
  -0.01339574  -0.83784833
      
#  8 type   4
  -0.01339574  -0.83784833
  -0.05462241  -0.83916414
      
#  9 type   0
  -0.05462241  -0.83916414
  -0.25947150  -0.99283177
      
# 10 type   0
  -0.25947150  -0.99283177
  -0.36274569  -1.07502149
      
# 11 type   0
  -0.36274569  -1.07502149
  -3.61180009  -3.85537902
      
# 12 type   0
  -3.61180009  -3.85537902
  -3.62431917  -3.97352638
      
# 13 type   0
  -3.62431917  -3.97352638
  -2.97181916  -4.22702417
      
# 14 type   0
  -2.97181916  -4.22702417
  -2.79058840  -4.29557515
      
# 15 type   0
  -2.79058840  -4.29557515
  -1.94902478  -4.59161009
      
