# shadow cont 2D ind 172  size 15
# norm  0.2181432 -0.9759168  0.0000000
# angle  1.3508848
#  0 type   0
   1.82200978  -4.58051078
   2.69126927  -4.27207582
      
#  1 type   0
   2.69126927  -4.27207582
   3.45091145  -3.95043312
      
#  2 type   0
   3.45091145  -3.95043312
   3.45267093  -3.83853167
      
#  3 type   0
   3.45267093  -3.83853167
   0.80011753  -1.42404578
      
#  4 type   0
   0.80011753  -1.42404578
   0.73529773  -1.36555771
      
#  5 type   0
   0.73529773  -1.36555771
   0.34833862  -1.03247684
      
#  6 type   0
   0.34833862  -1.03247684
   0.06796632  -0.84443038
      
#  7 type   4
   0.06796632  -0.84443038
   0.02253895  -0.83338286
      
#  8 type   0
   0.02253895  -0.83338286
  -0.26749021  -1.02144447
      
#  9 type   0
  -0.26749021  -1.02144447
  -0.69835726  -1.39114817
      
# 10 type   0
  -0.69835726  -1.39114817
  -3.38561556  -3.83665169
      
# 11 type   0
  -3.38561556  -3.83665169
  -3.38646848  -3.96510320
      
# 12 type   0
  -3.38646848  -3.96510320
  -2.67478597  -4.26782954
      
# 13 type   0
  -2.67478597  -4.26782954
  -2.63948430  -4.28143987
      
# 14 type   0
  -2.63948430  -4.28143987
  -1.78875068  -4.58926725
      
