# shadow cont 3D ind 241  size 18
# norm -0.3164770 -0.9486002 -0.0000000
# angle  1.8928096
   1.4959721759  -0.4990940756  -4.5797944780
   2.0789545026  -0.6935916940  -4.2805697343
      
      
   2.0789545026  -0.6935916940  -4.2805697343
   2.1202813462  -0.7073793721  -4.2564654358
      
      
   2.1202813462  -0.7073793721  -4.2564654358
   2.5543550527  -0.8521973164  -3.9595260853
      
      
   2.5543550527  -0.8521973164  -3.9595260853
   2.5534309403  -0.8518890092  -3.8317998457
      
      
   2.5534309403  -0.8518890092  -3.8317998457
   1.4217041471  -0.4743163867  -2.0993190641
      
      
   1.4217041471  -0.4743163867  -2.0993190641
   1.1439218542  -0.3816412026  -1.7363759428
      
      
   1.1439218542  -0.3816412026  -1.7363759428
   0.7428409890  -0.2478305029  -1.3625903825
      
      
   0.7428409890  -0.2478305029  -1.3625903825
   0.3278118573  -0.1093663094  -1.0282405389
      
      
   0.3278118573  -0.1093663094  -1.0282405389
   0.0191199307  -0.0063788915  -0.8325136130
      
      
   0.0191199307  -0.0063788915  -0.8325136130
  -0.0407955924   0.0136104393  -0.8495764605
      
      
  -0.0407955924   0.0136104393  -0.8495764605
  -0.3213554152   0.1072122774  -1.0254200590
      
      
  -0.3213554152   0.1072122774  -1.0254200590
  -0.7500303002   0.2502290386  -1.3730072470
      
      
  -0.7500303002   0.2502290386  -1.3730072470
  -1.1466073674   0.3825371576  -1.7416251540
      
      
  -1.1466073674   0.3825371576  -1.7416251540
  -1.4097266417   0.4703203885  -2.0861929520
      
      
  -1.4097266417   0.4703203885  -2.0861929520
  -2.5697172287   0.8573225260  -3.8651077553
      
      
  -2.5697172287   0.8573225260  -3.8651077553
  -2.5714800457   0.8579106463  -3.9759034575
      
      
  -2.5714800457   0.8579106463  -3.9759034575
  -2.1165891689   0.7061475685  -4.2901827902
      
      
  -2.1165891689   0.7061475685  -4.2901827902
  -1.5351176756   0.5121540023  -4.5876157504
      
      
  -2.1165891689   0.7061475685  -4.2901827902
  -2.4330661361  -0.2424526261  -4.2901827902
      
      
