# shadow cont 3D ind 160  size 14
# norm  0.3090170 -0.9510565  0.0000000
# angle  1.2566371
   1.7880861107   0.5809843959  -4.5783607269
   2.6116883927   0.8485889992  -4.2692533482
      
      
   2.6116883927   0.8485889992  -4.2692533482
   3.3680973306   1.0943611615  -3.9507032919
      
      
   3.3680973306   1.0943611615  -3.9507032919
   3.3703971328   1.0951084126  -3.8381565129
      
      
   3.3703971328   1.0951084126  -3.8381565129
   0.3552268710   0.1154202070  -1.0633386996
      
      
   0.3552268710   0.1154202070  -1.0633386996
   0.3099184073   0.1006985948  -1.0243300789
      
      
   0.3099184073   0.1006985948  -1.0243300789
   0.0561007957   0.0182282535  -0.8357817332
      
      
   0.0561007957   0.0182282535  -0.8357817332
   0.0157664423   0.0051228276  -0.8384702180
      
      
   0.0157664423   0.0051228276  -0.8384702180
  -0.2426613727  -0.0788454595  -1.0282904253
      
      
  -0.2426613727  -0.0788454595  -1.0282904253
  -3.2968920438  -1.0712251614  -3.8362522066
      
      
  -3.2968920438  -1.0712251614  -3.8362522066
  -3.2978729423  -1.0715438746  -3.9468804344
      
      
  -3.2978729423  -1.0715438746  -3.9468804344
  -3.2697231492  -1.0623974524  -3.9770355945
      
      
  -3.2697231492  -1.0623974524  -3.9770355945
  -2.7404967891  -0.8904413842  -4.2007963606
      
      
  -2.7404967891  -0.8904413842  -4.2007963606
  -2.5444163667  -0.8267309930  -4.2824238054
      
      
  -2.5444163667  -0.8267309930  -4.2824238054
  -1.7407569900  -0.5656062324  -4.5863923223
      
      
  -2.5444163667  -0.8267309930  -4.2824238054
  -2.2353993723  -1.7777875092  -4.2824238054
      
      
