# shadow cont 2D ind 205  size 18
# norm -0.0392598 -0.9992290  0.0000000
# angle  1.6100662
#  0 type   0
   1.60651630  -4.58047873
   2.42771640  -4.27819824
      
#  1 type   0
   2.42771640  -4.27819824
   3.04203797  -3.95363604
      
#  2 type   0
   3.04203797  -3.95363604
   3.04737238  -3.89314178
      
#  3 type   0
   3.04737238  -3.89314178
   3.03696962  -3.82830041
      
#  4 type   0
   3.03696962  -3.82830041
   1.22310592  -1.76075026
      
#  5 type   0
   1.22310592  -1.76075026
   1.18679873  -1.72435042
      
#  6 type   0
   1.18679873  -1.72435042
   0.78672661  -1.36353235
      
#  7 type   0
   0.78672661  -1.36353235
   0.35791162  -1.02925833
      
#  8 type   0
   0.35791162  -1.02925833
   0.04495063  -0.83680660
      
#  9 type   4
   0.04495063  -0.83680660
  -0.00327634  -0.83757415
      
# 10 type   0
  -0.00327634  -0.83757415
  -0.31264794  -1.02358900
      
# 11 type   0
  -0.31264794  -1.02358900
  -0.77161713  -1.38312896
      
# 12 type   0
  -0.77161713  -1.38312896
  -1.17819209  -1.74746289
      
# 13 type   0
  -1.17819209  -1.74746289
  -3.00829819  -3.83553157
      
# 14 type   0
  -3.00829819  -3.83553157
  -3.01326137  -3.96087354
      
# 15 type   0
  -3.01326137  -3.96087354
  -2.46654255  -4.25701895
      
# 16 type   0
  -2.46654255  -4.25701895
  -2.40336889  -4.28826585
      
# 17 type   0
  -2.40336889  -4.28826585
  -1.60705273  -4.59085979
      
