# shadow cont 2D ind 383  size 21
# norm -0.9910997 -0.1331213  0.0000000
# angle  3.0080750
#  0 type   0
   1.67948117  -4.57906450
   2.55467476  -4.27497121
      
#  1 type   0
   2.55467476  -4.27497121
   2.90628399  -4.11899856
      
#  2 type   0
   2.90628399  -4.11899856
   3.04116715  -4.04746732
      
#  3 type   0
   3.04116715  -4.04746732
   3.14662692  -3.96057206
      
#  4 type   3
   3.14662692  -3.96057206
   3.15853561  -3.91736875
      
#  5 type   3
   3.15853561  -3.91736875
   3.21633196  -3.84142036
      
#  6 type   0
   3.21633196  -3.84142036
   3.20804417  -3.78814637
      
#  7 type   0
   3.20804417  -3.78814637
   0.97498118  -1.64426828
      
#  8 type   0
   0.97498118  -1.64426828
   0.69690886  -1.38322831
      
#  9 type   0
   0.69690886  -1.38322831
   0.27260199  -1.03246475
      
# 10 type   0
   0.27260199  -1.03246475
  -0.03587244  -0.83561082
      
# 11 type   0
  -0.03587244  -0.83561082
  -0.08828501  -0.84099336
      
# 12 type   0
  -0.08828501  -0.84099336
  -0.39052528  -1.03361007
      
# 13 type   0
  -0.39052528  -1.03361007
  -0.81923067  -1.38744602
      
# 14 type   0
  -0.81923067  -1.38744602
  -1.14893734  -1.69764307
      
# 15 type   0
  -1.14893734  -1.69764307
  -3.38972714  -3.85401547
      
# 16 type   0
  -3.38972714  -3.85401547
  -3.40055400  -3.92684319
      
# 17 type   0
  -3.40055400  -3.92684319
  -3.39561251  -3.97620588
      
# 18 type   0
  -3.39561251  -3.97620588
  -2.72671456  -4.27035689
      
# 19 type   3
  -2.72671456  -4.27035689
  -2.71348364  -4.27474528
      
# 20 type   0
  -2.71348364  -4.27474528
  -1.82293536  -4.59279023
      
