# shadow cont 2D ind 318  size 17
# norm -0.7996847 -0.6004202  0.0000000
# angle  2.4975662
#  0 type   0
   1.83469448  -4.57879799
   2.70379040  -4.27356260
      
#  1 type   0
   2.70379040  -4.27356260
   3.34187920  -4.03366007
      
#  2 type   0
   3.34187920  -4.03366007
   3.45241655  -3.96187718
      
#  3 type   0
   3.45241655  -3.96187718
   3.47192957  -3.85440896
      
#  4 type   0
   3.47192957  -3.85440896
   3.46681330  -3.78778551
      
#  5 type   0
   3.46681330  -3.78778551
   0.25781708  -1.04571476
      
#  6 type   0
   0.25781708  -1.04571476
   0.15432917  -0.96603043
      
#  7 type   0
   0.15432917  -0.96603043
  -0.01339884  -0.83856468
      
#  8 type   4
  -0.01339884  -0.83856468
  -0.05430363  -0.83892790
      
#  9 type   0
  -0.05430363  -0.83892790
  -0.28493349  -1.01274841
      
# 10 type   0
  -0.28493349  -1.01274841
  -0.49999777  -1.19359660
      
# 11 type   0
  -0.49999777  -1.19359660
  -3.61989332  -3.85820268
      
# 12 type   0
  -3.61989332  -3.85820268
  -3.62583118  -3.94696854
      
# 13 type   0
  -3.62583118  -3.94696854
  -3.61365573  -3.98065134
      
# 14 type   0
  -3.61365573  -3.98065134
  -2.82971284  -4.28196100
      
# 15 type   0
  -2.82971284  -4.28196100
  -2.79383295  -4.29485704
      
# 16 type   0
  -2.79383295  -4.29485704
  -1.95064499  -4.59173877
      
