# shadow cont 2D ind 95  size 13
# norm  0.7343225 -0.6788007 -0.0000000
# angle  0.7461283
#  0 type   0
   1.86045564  -4.58562467
   2.71493798  -4.27900728
      
#  1 type   0
   2.71493798  -4.27900728
   3.48566258  -3.94865004
      
#  2 type   0
   3.48566258  -3.94865004
   3.47784575  -3.82868291
      
#  3 type   0
   3.47784575  -3.82868291
   0.41492453  -1.06097511
      
#  4 type   0
   0.41492453  -1.06097511
   0.09201725  -0.84477413
      
#  5 type   0
   0.09201725  -0.84477413
   0.04801092  -0.83259150
      
#  6 type   0
   0.04801092  -0.83259150
  -0.24101705  -1.02522649
      
#  7 type   0
  -0.24101705  -1.02522649
  -0.58197009  -1.32430759
      
#  8 type   0
  -0.58197009  -1.32430759
  -3.36726493  -3.83491833
      
#  9 type   0
  -3.36726493  -3.83491833
  -3.36656275  -3.96473805
      
# 10 type   0
  -3.36656275  -3.96473805
  -2.76472146  -4.22347759
      
# 11 type   0
  -2.76472146  -4.22347759
  -2.62326425  -4.28219524
      
# 12 type   0
  -2.62326425  -4.28219524
  -1.75607553  -4.58562675
      
