# shadow point cont 2D ind 46  size 1296
# norm  0.7501111 -0.6613119  0.0000000
# angle  0.7225663
   2.03588991  -6.09504785
   2.04041454  -6.08615757
   2.04389339  -6.08008375
   2.05375581  -6.07602807
   2.06866600  -6.06884827
   2.07606916  -6.06514384
   2.08343835  -6.06229533
   2.09839782  -6.05622178
   2.11299516  -6.05105521
   2.11401586  -6.05034850
   2.12801246  -6.04418910
   2.14256946  -6.03894495
   2.15094209  -6.03528850
   2.15747548  -6.03267801
   2.17228336  -6.02712617
   2.18709130  -6.02157445
   2.18811168  -6.02090180
   2.20205111  -6.01550180
   2.21670736  -6.01047138
   2.22785136  -6.00593296
   2.23160106  -6.00419316
   2.24632289  -5.99844068
   2.26118710  -5.99307275
   2.26587471  -5.99141778
   2.27625197  -5.98712585
   2.29074781  -5.98178769
   2.30380718  -5.97649075
   2.30568954  -5.97560232
   2.32041616  -5.96992753
   2.33514797  -5.96507167
   2.34350754  -5.96143086
   2.35003314  -5.95882645
   2.36479065  -5.95403505
   2.37973342  -5.94789306
   2.38247818  -5.94688837
   2.39440746  -5.94200673
   2.40926793  -5.93662566
   2.42138113  -5.93209187
   2.42410793  -5.93115743
   2.43898693  -5.92576433
   2.45375530  -5.92006576
   2.46108846  -5.91710783
   2.46845276  -5.91425814
   2.48326205  -5.90870877
   2.49810724  -5.90327041
   2.49912503  -5.90262216
   2.51320125  -5.89741309
   2.52774105  -5.89222951
   2.53985742  -5.88769815
   2.54256735  -5.88667122
   2.55730965  -5.88096356
   2.57213550  -5.87546159
   2.57956646  -5.87271655
   2.58692926  -5.86986626
   2.60173919  -5.86431777
   2.61658444  -5.85887984
   2.61936701  -5.85793582
   2.63135930  -5.85322113
   2.64616949  -5.84767297
   2.65814504  -5.84288081
   2.66106023  -5.84144647
   2.67579012  -5.83657697
   2.69068976  -5.83029200
   2.69527265  -5.82831002
   2.70529674  -5.82250136
   2.71840250  -5.81345776
   2.72010139  -5.81234979
   2.73461481  -5.80003481
   2.73650023  -5.79817740
   2.74971376  -5.78640545
   2.75262882  -5.78379074
   2.76442443  -5.77244034
   2.76816758  -5.76875303
   2.77935950  -5.75866872
   2.78483962  -5.75394002
   2.79391292  -5.74635500
   2.80143424  -5.73908709
   2.80893883  -5.73177169
   2.81716280  -5.72426286
   2.82373528  -5.71786721
   2.83289139  -5.70943892
   2.83839332  -5.70472501
   2.84885799  -5.69486235
   2.85363699  -5.69040624
   2.86481317  -5.68025569
   2.86833933  -5.67731168
   2.88142441  -5.66545204
   2.88308708  -5.66427678
   2.89716110  -5.65062656
   2.89812194  -5.64968454
   2.91243830  -5.63712262
   2.91434488  -5.63534109
   2.92765588  -5.62277355
   2.93027448  -5.62073689
   2.94221396  -5.60952904
   2.94600888  -5.60593384
   2.95699476  -5.59653595
   2.96265849  -5.59109441
   2.97201978  -5.58195391
   2.97838749  -5.57627289
   2.98658519  -5.56872811
   2.99481050  -5.56122105
   3.00115151  -5.55550621
   3.01053961  -5.54640005
   3.01626903  -5.54102158
   3.02723166  -5.53159749
   3.03105496  -5.52803333
   3.04246242  -5.51722272
   3.04593198  -5.51421307
   3.05888795  -5.50218063
   3.06077688  -5.50036997
   3.07461883  -5.48737206
   3.07558539  -5.48649627
   3.09034543  -5.47345990
   3.09127320  -5.47254530
   3.10491849  -5.46026242
   3.10772756  -5.45749874
   3.11986476  -5.44650923
   3.12434986  -5.44266569
   3.13465616  -5.43260248
   3.14007946  -5.42784671
   3.14921946  -5.41937398
   3.15580913  -5.41302798
   3.16410925  -5.40556059
   3.17246511  -5.39821088
   3.17903605  -5.39181709
   3.18819492  -5.38339263
   3.19392262  -5.37801442
   3.20486808  -5.36858313
   3.20863075  -5.36494444
   3.22081321  -5.35399024
   3.22358891  -5.35121168
   3.23708327  -5.33873216
   3.23804372  -5.33784759
   3.25227424  -5.32436436
   3.25322049  -5.32346129
   3.26755294  -5.31094122
   3.26944128  -5.30908948
   3.28252366  -5.29718656
   3.28538567  -5.29450671
   3.29738349  -5.28338025
   3.30112046  -5.27969257
   3.31218863  -5.26948994
   3.31685686  -5.26487970
   3.32688047  -5.25638898
   3.33417586  -5.24982406
   3.34199846  -5.24191755
   3.34943453  -5.23546077
   3.35669892  -5.22883706
   3.36585936  -5.22041450
   3.37158539  -5.21503629
   3.38182230  -5.20583716
   3.38629533  -5.20196904
   3.39828206  -5.19080137
   3.40115621  -5.18813792
   3.41351628  -5.17643278
   3.41629215  -5.17365473
   3.42972906  -5.16116375
   3.43067363  -5.16025875
   3.44493467  -5.14681513
   3.44590255  -5.14584713
   3.45860985  -5.13170225
   3.46008924  -5.12966512
   3.46720593  -5.11661138
   3.47150075  -5.10201311
   3.47286201  -5.08720345
   3.47421626  -5.07234029
   3.47374644  -5.05750435
   3.47327660  -5.04266740
   3.47416689  -5.02783226
   3.47369685  -5.01299693
   3.47369162  -4.99813357
   3.47411796  -4.98332647
   3.47364771  -4.96849173
   3.47363142  -4.95365716
   3.47315208  -4.93882102
   3.47313589  -4.92398694
   3.47311100  -4.90915380
   3.47264036  -4.89432003
   3.47262433  -4.87948667
   3.47260834  -4.86465355
   3.47212931  -4.84981890
   3.47210531  -4.83498723
   3.47116322  -4.82015366
   3.46947569  -4.80515470
   3.46553758  -4.79050535
   3.45974728  -4.77668948
   3.45902804  -4.77568872
   3.44932230  -4.76118343
   3.44481180  -4.75646059
   3.43561149  -4.74624861
   3.42997868  -4.74078739
   3.41896377  -4.73140323
   3.41516306  -4.72778401
   3.40247464  -4.71632250
   3.40056321  -4.71453194
   3.38650840  -4.70170161
   3.38555505  -4.70076918
   3.37097926  -4.68752597
   3.37003479  -4.68662738
   3.35583753  -4.67397130
   3.35395876  -4.67214437
   3.34114351  -4.66079866
   3.33737418  -4.65715290
   3.32641290  -4.64770954
   3.31998310  -4.64207602
   3.31137268  -4.63403435
   3.30399089  -4.62745340
   3.29656765  -4.62102413
   3.28730873  -4.61260582
   3.28168362  -4.60714010
   3.27066786  -4.59776282
   3.26691966  -4.59404750
   3.25438600  -4.58245620
   3.25248130  -4.58065806
   3.23825071  -4.56807018
   3.23727512  -4.56718829
   3.22247993  -4.55413064
   3.22153395  -4.55322385
   3.20789869  -4.54087322
   3.20506181  -4.53814446
   3.19331592  -4.52762158
   3.18850920  -4.52313090
   3.17792312  -4.51341032
   3.17170295  -4.50845518
   3.16332465  -4.50109120
   3.15502415  -4.49361121
   3.14830006  -4.48741405
   3.13904018  -4.47899992
   3.13361270  -4.47424828
   3.12240584  -4.46415921
   3.11881760  -4.46123205
   3.10652997  -4.44944562
   3.10383138  -4.44745910
   3.08947588  -4.43491509
   3.08851347  -4.43401768
   3.07422742  -4.42053949
   3.07328165  -4.41963294
   3.05959114  -4.40734081
   3.05605387  -4.40435214
   3.04458298  -4.39460380
   3.03897823  -4.38994787
   3.02994536  -4.38136888
   3.02345991  -4.37487699
   3.01495650  -4.36768764
   3.00655322  -4.36026818
   3.00001022  -4.35386924
   2.99010986  -4.34519726
   2.98537955  -4.34067801
   2.97344646  -4.33036147
   2.97058797  -4.32766493
   2.95749136  -4.31575239
   2.95560285  -4.31389672
   2.94107049  -4.30156139
   2.94010287  -4.30068447
   2.92623794  -4.28765818
   2.92364586  -4.28561157
   2.91116359  -4.27407406
   2.90750415  -4.27123506
   2.89678399  -4.26150094
   2.89053187  -4.25570559
   2.88177760  -4.24779134
   2.87432248  -4.24133217
   2.86689303  -4.23488152
   2.85765068  -4.22649582
   2.85188093  -4.22120819
   2.84167344  -4.21189193
   2.83719134  -4.20805516
   2.82504484  -4.19705609
   2.82245574  -4.19497013
   2.80929498  -4.18222193
   2.80740042  -4.18042942
   2.79284865  -4.16806050
   2.79190153  -4.16715645
   2.77806200  -4.15504539
   2.77523028  -4.15232188
   2.76335027  -4.14194720
   2.75856685  -4.13748813
   2.74832178  -4.12828268
   2.74188388  -4.12265337
   2.73341707  -4.11445953
   2.72614051  -4.10782095
   2.71871501  -4.10137037
   2.70931368  -4.09321405
   2.70382097  -4.08846851
   2.69262348  -4.07838484
   2.68886805  -4.07467931
   2.67614982  -4.06332423
   2.67424040  -4.06153590
   2.66019786  -4.04872321
   2.65925944  -4.04783889
   2.64446988  -4.03479820
   2.64281056  -4.03366121
   2.62989973  -4.02155385
   2.62706856  -4.01883096
   2.61519171  -4.00845809
   2.61040920  -4.00400006
   2.60016589  -3.99479683
   2.59372705  -3.98917003
   2.58536461  -3.98180761
   2.57706121  -3.97434027
   2.57046482  -3.96798745
   2.56116627  -3.95973532
   2.55567266  -3.95499217
   2.54465592  -3.94468253
   2.54102431  -3.94184322
   2.52707985  -3.92985274
   2.52612565  -3.92896364
   2.51135959  -3.91592825
   2.51041280  -3.91502458
   2.49656317  -3.90200874
   2.49467310  -3.90019730
   2.48177691  -3.88900539
   2.47800774  -3.88536978
   2.46720622  -3.87577274
   2.46156623  -3.87031165
   2.45213205  -3.86216513
   2.44467159  -3.85571601
   2.43714316  -3.84844478
   2.42880395  -3.84110639
   2.42235028  -3.83545509
   2.41296545  -3.82629560
   2.40755058  -3.82154548
   2.39562956  -3.81123610
   2.39277103  -3.80854338
   2.37896295  -3.79641131
   2.37800944  -3.79552208
   2.36344236  -3.78228290
   2.36249981  -3.78135708
   2.34845100  -3.76857350
   2.34582946  -3.76653378
   2.33353428  -3.75573054
   2.32898283  -3.75193613
   2.31901245  -3.74244229
   2.31276475  -3.73665196
   2.30402893  -3.72873726
   2.29656673  -3.72229118
   2.28915166  -3.71584100
   2.28060440  -3.70769549
   2.27415796  -3.70217086
   2.26394496  -3.69287192
   2.25946773  -3.68903968
   2.24660675  -3.67781937
   2.24469830  -3.67603215
   2.23085282  -3.66300010
   2.22991760  -3.66210851
   2.21515470  -3.64907959
   2.21348251  -3.64794580
   2.20037705  -3.63607610
   2.19754729  -3.63335485
   2.18544931  -3.62232515
   2.18089856  -3.61853152
   2.17065977  -3.60933415
   2.16421831  -3.60371373
   2.15599252  -3.59620317
   2.14778058  -3.58866055
   2.14107372  -3.58244350
   2.13168216  -3.57429154
   2.12618604  -3.56955446
   2.11499912  -3.55947716
   2.11123507  -3.55582919
   2.09851337  -3.54443300
   2.09662682  -3.54264265
   2.08210424  -3.53028112
   2.08116280  -3.52938181
   2.06692851  -3.51589712
   2.06596520  -3.51501646
   2.05232351  -3.50360719
   2.04855610  -3.49997366
   2.03727568  -3.49002430
   2.03166793  -3.48537636
   2.02250763  -3.47696815
   2.01593769  -3.47055805
   2.00782291  -3.46388880
   1.99928270  -3.45573954
   1.99302441  -3.44996419
   1.98288401  -3.44069485
   1.97813143  -3.43618555
   1.96711616  -3.42588635
   1.96327258  -3.42239920
   1.95027856  -3.41129447
   1.94839375  -3.40943420
   1.93454594  -3.39647695
   1.93362115  -3.39557326
   1.91890989  -3.38342705
   1.91698919  -3.38165800
   1.90427896  -3.37025058
   1.89980504  -3.36638819
   1.88923488  -3.35666932
   1.88362996  -3.35201870
   1.87446710  -3.34361639
   1.86719144  -3.33698825
   1.85967155  -3.32972064
   1.85134775  -3.32238141
   1.84480883  -3.31686387
   1.83459674  -3.30757149
   1.82997094  -3.30294194
   1.81818595  -3.29253765
   1.81532723  -3.28984791
   1.80152693  -3.27772487
   1.80057581  -3.27683531
   1.78581665  -3.26381443
   1.78487057  -3.26291161
   1.77081351  -3.25014231
   1.76821573  -3.24809827
   1.75602319  -3.23624031
   1.75248773  -3.23328520
   1.74144027  -3.22398475
   1.73489689  -3.21847385
   1.72644598  -3.21028786
   1.71917036  -3.20366111
   1.71188329  -3.19707154
   1.70257386  -3.18883294
   1.69679661  -3.18353472
   1.68586824  -3.17403571
   1.68209686  -3.17043103
   1.66924405  -3.15921803
   1.66736739  -3.15737197
   1.65351545  -3.14440711
   1.65256487  -3.14351751
   1.63803726  -3.13117129
   1.63614148  -3.12936302
   1.62280527  -3.11682922
   1.62020779  -3.11478553
   1.60802676  -3.10384241
   1.60355577  -3.09997473
   1.59333674  -3.09078020
   1.58689191  -3.08516617
   1.57844285  -3.07698123
   1.57110334  -3.07054195
   1.56366014  -3.06400751
   1.55451799  -3.05554525
   1.54900602  -3.05090820
   1.53717545  -3.04050356
   1.53426041  -3.03788993
   1.52122011  -3.02592503
   1.51937021  -3.02407387
   1.50484380  -3.01174689
   1.50387374  -3.01087770
   1.48982994  -2.99811162
   1.48794169  -2.99630238
   1.47482553  -2.98444794
   1.47202129  -2.98170309
   1.46024856  -2.97219506
   1.45447050  -2.96692321
   1.44525451  -2.95850325
   1.43797889  -2.95187878
   1.43039953  -2.94471658
   1.42205739  -2.93726898
   1.41568588  -2.93163943
   1.40560847  -2.92226225
   1.40090052  -2.91774599
   1.38899507  -2.90744683
   1.38613610  -2.90475872
   1.37307782  -2.89285185
   1.37121156  -2.89103508
   1.35682325  -2.87853309
   1.35589841  -2.87760765
   1.34208333  -2.86551106
   1.33925126  -2.86279759
   1.32708054  -2.85185233
   1.32331538  -2.84822161
   1.31252438  -2.83863791
   1.30688326  -2.83318436
   1.29747910  -2.82504277
   1.29000594  -2.81861098
   1.28243420  -2.81144349
   1.27409190  -2.80399734
   1.26765783  -2.79847652
   1.25671405  -2.78899829
   1.25301493  -2.78529689
   1.24102856  -2.77418491
   1.23816949  -2.77149724
   1.22437494  -2.75938137
   1.22342582  -2.75849184
   1.20867019  -2.74547935
   1.20772452  -2.74457705
   1.19390326  -2.73249078
   1.19036401  -2.72954185
   1.17911894  -2.71859807
   1.17535414  -2.71496783
   1.16410928  -2.70500126
   1.15854912  -2.70038941
   1.14955346  -2.69266170
   1.14135352  -2.68512980
   1.13488201  -2.67957305
   1.12540234  -2.67055661
   1.11975995  -2.66512706
   1.10955300  -2.65595036
   1.10499266  -2.65214884
   1.09214598  -2.64094182
   1.09026430  -2.63909771
   1.07593213  -2.62657612
   1.07497410  -2.62567952
   1.06094946  -2.61291074
   1.05905828  -2.61110635
   1.04582009  -2.59941928
   1.04297112  -2.59673119
   1.03131722  -2.58612865
   1.02669394  -2.58150275
   1.01637059  -2.57243548
   1.00981920  -2.56693074
   1.00148717  -2.55957510
   0.99317583  -2.55212780
   0.98659935  -2.54578287
   0.97734659  -2.53751897
   0.97182878  -2.53281033
   0.96068263  -2.52271319
   0.95693673  -2.51900091
   0.94420471  -2.50771401
   0.94232184  -2.50587006
   0.92834460  -2.49310999
   0.92740087  -2.49220879
   0.91296594  -2.47973519
   0.91111674  -2.47788499
   0.89801500  -2.46602892
   0.89447628  -2.46308071
   0.88333712  -2.45295539
   0.87783550  -2.44827705
   0.86843573  -2.44014051
   0.86170841  -2.43388561
   0.85344910  -2.42644966
   0.84524053  -2.41891007
   0.83889583  -2.41324126
   0.82882966  -2.40387785
   0.82402265  -2.39947426
   0.81275686  -2.38949219
   0.80913708  -2.38661385
   0.79623918  -2.37450742
   0.79436773  -2.37271673
   0.78038416  -2.35988646
   0.77945061  -2.35897146
   0.76472594  -2.34689320
   0.76283829  -2.34508880
   0.74997398  -2.33388750
   0.74619012  -2.33028648
   0.73545133  -2.32062485
   0.72990419  -2.31507493
   0.72063526  -2.30677879
   0.71326292  -2.30027501
   0.70562804  -2.29315263
   0.69731506  -2.28570648
   0.69087056  -2.28016923
   0.68067400  -2.27090687
   0.67594057  -2.26647240
   0.66403305  -2.25610742
   0.66121489  -2.25341379
   0.64762339  -2.24107702
   0.64667574  -2.24018108
   0.63193459  -2.22717442
   0.63098712  -2.22627503
   0.61694647  -2.21351494
   0.61505914  -2.21170697
   0.60239828  -2.20030095
   0.59862949  -2.19667811
   0.58738569  -2.18761650
   0.58082981  -2.18211249
   0.57250318  -2.17475988
   0.56334217  -2.16729627
   0.55776821  -2.16268061
   0.54574282  -2.15250863
   0.54288305  -2.14982224
   0.52828110  -2.13853892
   0.52729668  -2.13769651
   0.51328937  -2.12580102
   0.50968953  -2.12291214
   0.49874255  -2.11442958
   0.49046454  -2.10788936
   0.48389287  -2.10247671
   0.47271986  -2.09331429
   0.46890902  -2.08972167
   0.45517425  -2.07851124
   0.45419102  -2.07763171
   0.43961674  -2.06628612
   0.43593627  -2.06348922
   0.42492580  -2.05414723
   0.41859000  -2.04846732
   0.41009831  -2.04215550
   0.39970191  -2.03412124
   0.39494174  -2.02961802
   0.38294085  -2.01950393
   0.38019563  -2.01761695
   0.36571433  -2.00610841
   0.36382368  -2.00430484
   0.35093412  -1.99407238
   0.34534263  -1.98950476
   0.33604655  -1.98217848
   0.32747942  -1.97511031
   0.32096157  -1.96957386
   0.30987456  -1.96030670
   0.30623159  -1.95745528
   0.29177306  -1.94598337
   0.29080358  -1.94511499
   0.27664073  -1.93343657
   0.27304048  -1.93054874
   0.26221752  -1.92190914
   0.25468225  -1.91569167
   0.24705354  -1.90943709
   0.23772826  -1.90110232
   0.23240152  -1.89722934
   0.21852944  -1.88615378
   0.21754501  -1.88527372
   0.20287153  -1.87312143
   0.20094701  -1.87136291
   0.18814703  -1.86101703
   0.18264657  -1.85634058
   0.17324155  -1.84919216
   0.16385190  -1.84193375
   0.15830829  -1.83725366
   0.14551462  -1.82696821
   0.14356472  -1.82519464
   0.12889290  -1.81305386
   0.12718833  -1.81195291
   0.11429386  -1.80172432
   0.10870262  -1.79715719
   0.09952873  -1.78967289
   0.09100911  -1.78257094
   0.08445518  -1.77706359
   0.07265001  -1.76756776
   0.06969300  -1.76506920
   0.05510482  -1.75367292
   0.05415748  -1.75277379
   0.04031777  -1.74165523
   0.03642791  -1.73820155
   0.02535432  -1.72892230
   0.01809990  -1.72318460
   0.01058610  -1.71687907
  -0.00037078  -1.70838796
  -0.00400800  -1.70553879
  -0.01810552  -1.69381702
  -0.01909111  -1.69293618
  -0.03353651  -1.68143710
  -0.03642319  -1.67879958
  -0.04848744  -1.66962548
  -0.05515520  -1.66423706
  -0.06347616  -1.65689002
  -0.07263111  -1.64943141
  -0.07806624  -1.64558493
  -0.09215511  -1.63486891
  -0.09309915  -1.63397530
  -0.10773474  -1.62740887
  -0.12241035  -1.62268640
  -0.13711974  -1.62068577
  -0.15186899  -1.62014340
  -0.15557863  -1.61947772
  -0.16668454  -1.61862574
  -0.18147414  -1.61862605
  -0.19533346  -1.61958410
  -0.19630309  -1.62010285
  -0.21098965  -1.62096409
  -0.22574375  -1.62447009
  -0.24035884  -1.63021291
  -0.24765091  -1.63469814
  -0.25520584  -1.64018590
  -0.26747730  -1.64906140
  -0.27010999  -1.65107995
  -0.28482649  -1.66321430
  -0.28658124  -1.66429121
  -0.29960071  -1.67432867
  -0.30517393  -1.67887115
  -0.31446215  -1.68626724
  -0.32368573  -1.69366726
  -0.32919946  -1.69832892
  -0.34203877  -1.70867968
  -0.34383572  -1.70967561
  -0.35887805  -1.72135124
  -0.36084690  -1.72303584
  -0.37374944  -1.73326097
  -0.38004941  -1.73805336
  -0.38828903  -1.74466649
  -0.39857935  -1.75284921
  -0.40345942  -1.75713799
  -0.41632212  -1.76741841
  -0.41804033  -1.76850648
  -0.43278698  -1.77966706
  -0.43643831  -1.78244170
  -0.44747752  -1.79180315
  -0.45472567  -1.79743908
  -0.46217703  -1.80304250
  -0.47328909  -1.81225510
  -0.47697878  -1.81504000
  -0.49102109  -1.82683238
  -0.49199536  -1.82769320
  -0.50674257  -1.83885434
  -0.51044038  -1.84162882
  -0.52175593  -1.85058129
  -0.52911288  -1.85619449
  -0.53640498  -1.86186345
  -0.54832902  -1.87122480
  -0.55122612  -1.87384829
  -0.56568970  -1.88531792
  -0.56667048  -1.88623760
  -0.58066156  -1.89716464
  -0.58527367  -1.90081796
  -0.59549195  -1.90914278
  -0.60380152  -1.91561787
  -0.61036325  -1.92105440
  -0.62321578  -1.93041605
  -0.62515506  -1.93215308
  -0.63999222  -1.94412032
  -0.64096187  -1.94498884
  -0.65458779  -1.95546976
  -0.66015686  -1.96001039
  -0.66955172  -1.96819788
  -0.67868942  -1.97481132
  -0.68430077  -1.97935428
  -0.69793650  -1.98981613
  -0.69889038  -1.99070441
  -0.71387480  -2.00250311
  -0.71659180  -2.00440946
  -0.72874624  -2.01441477
  -0.73504247  -2.01920585
  -0.74328754  -2.02582272
  -0.75282294  -2.03379075
  -0.75836176  -2.03842580
  -0.77190303  -2.04900964
  -0.77285390  -2.04990177
  -0.78763933  -2.06105083
  -0.79131953  -2.06380857
  -0.80248506  -2.07297030
  -0.80900623  -2.07840437
  -0.81738024  -2.08488191
  -0.82771722  -2.09298519
  -0.83230602  -2.09672611
  -0.84603597  -2.10800795
  -0.84701040  -2.10886896
  -0.86187493  -2.11988696
  -0.86562329  -2.12259003
  -0.87677647  -2.13176285
  -0.88412835  -2.13737520
  -0.89153486  -2.14383858
  -0.90244372  -2.15241008
  -0.90614218  -2.15518533
  -0.92087952  -2.16635089
  -0.92183551  -2.16721205
  -0.93578637  -2.17914728
  -0.93942907  -2.18201279
  -0.95052471  -2.19033881
  -0.95809768  -2.19658036
  -0.96539712  -2.20225318
  -0.97658330  -2.21139159
  -0.98013924  -2.21432246
  -0.99415050  -2.22619646
  -0.99510790  -2.22708198
  -1.00947529  -2.23953868
  -1.01136857  -2.24140563
  -1.02433955  -2.25248909
  -1.02897705  -2.25621622
  -1.03915289  -2.26537981
  -1.04478525  -2.27082185
  -1.05396057  -2.27836647
  -1.06238327  -2.28562831
  -1.06884101  -2.29119698
  -1.07903314  -2.30043136
  -1.08360408  -2.30419434
  -1.09645914  -2.31541863
  -1.09835624  -2.31721088
  -1.11307456  -2.32930287
  -1.11401037  -2.33021545
  -1.12798563  -2.34304120
  -1.12989705  -2.34484141
  -1.14274712  -2.35602670
  -1.14650503  -2.35964104
  -1.15748210  -2.36907474
  -1.16315078  -2.37444495
  -1.17230529  -2.38288984
  -1.17963390  -2.38941178
  -1.18712541  -2.39586927
  -1.19814125  -2.40431410
  -1.20190598  -2.40793195
  -1.21403398  -2.41886123
  -1.21687126  -2.42156803
  -1.23088784  -2.43344444
  -1.23184283  -2.43433024
  -1.24658870  -2.44734173
  -1.24827074  -2.44847237
  -1.26112102  -2.45965888
  -1.26487849  -2.46327354
  -1.27586279  -2.47270247
  -1.28249569  -2.47824641
  -1.29080296  -2.48548583
  -1.29912882  -2.49288884
  -1.30581674  -2.49911989
  -1.31505162  -2.50745969
  -1.32058176  -2.51211460
  -1.33322052  -2.52267402
  -1.33510857  -2.52447810
  -1.34927093  -2.53707833
  -1.35019682  -2.53799799
  -1.36472316  -2.55037650
  -1.36738490  -2.55226402
  -1.37940858  -2.56341121
  -1.38404160  -2.56716532
  -1.39425332  -2.57634184
  -1.39991036  -2.58172478
  -1.40909941  -2.58926436
  -1.41751641  -2.59653624
  -1.42397574  -2.60210676
  -1.43417106  -2.61134409
  -1.43874311  -2.61510834
  -1.45082817  -2.62615202
  -1.45350229  -2.62812612
  -1.46745872  -2.64095972
  -1.46840925  -2.64185652
  -1.48302467  -2.65409566
  -1.48490322  -2.65593029
  -1.49807432  -2.66770985
  -1.50096320  -2.67035000
  -1.51265438  -2.67999348
  -1.51928701  -2.68554650
  -1.52758722  -2.69279117
  -1.53591478  -2.70019590
  -1.54237471  -2.70576710
  -1.55257123  -2.71500549
  -1.55737211  -2.71942611
  -1.56920505  -2.72981446
  -1.57185757  -2.73180053
  -1.58664414  -2.74386653
  -1.58757941  -2.74478052
  -1.60141745  -2.75772249
  -1.60331282  -2.75959177
  -1.61628783  -2.77068388
  -1.62006079  -2.77424277
  -1.63106666  -2.78365801
  -1.63686720  -2.78902966
  -1.64622571  -2.79712632
  -1.65432463  -2.80386844
  -1.66078520  -2.80944034
  -1.67096141  -2.81867894
  -1.67567595  -2.82321135
  -1.68854516  -2.83349140
  -1.69044155  -2.83529171
  -1.70427631  -2.84830310
  -1.70522704  -2.84920012
  -1.71994320  -2.86137269
  -1.72261373  -2.86324866
  -1.73471029  -2.87436055
  -1.73926777  -2.87806037
  -1.74949088  -2.88733605
  -1.75592207  -2.89287237
  -1.76433989  -2.90026583
  -1.77272762  -2.90755356
  -1.77910905  -2.91321039
  -1.78938458  -2.92236713
  -1.79409965  -2.92690012
  -1.80683940  -2.93732260
  -1.80870533  -2.93915735
  -1.82198391  -2.95176649
  -1.82393762  -2.95349321
  -1.83861383  -2.96567912
  -1.83956215  -2.96657943
  -1.85338310  -2.97867849
  -1.85690749  -2.98162161
  -1.86795546  -2.99189203
  -1.87443303  -2.99666996
  -1.88277797  -3.00396047
  -1.89116177  -3.01125398
  -1.89754831  -3.01690690
  -1.90774463  -3.02621993
  -1.91255479  -3.03061660
  -1.92450937  -3.04088519
  -1.92719865  -3.04284319
  -1.94134306  -3.05546815
  -1.94226847  -3.05639411
  -1.95682254  -3.06876620
  -1.95874315  -3.07051814
  -1.97182660  -3.08238893
  -1.97535048  -3.08533273
  -1.98637790  -3.09473520
  -1.99280990  -3.10027297
  -2.00122951  -3.10766990
  -2.00960948  -3.11496923
  -2.01600111  -3.12061832
  -2.02629471  -3.12978697
  -2.03109774  -3.13420999
  -2.04293304  -3.14460498
  -2.04577240  -3.14731416
  -2.05980298  -3.15919415
  -2.06075717  -3.16008751
  -2.07528130  -3.17244110
  -2.07720010  -3.17424166
  -2.09006572  -3.18542663
  -2.09461450  -3.18917772
  -2.10484215  -3.19845756
  -2.11046682  -3.20387838
  -2.11989485  -3.21207553
  -2.12736610  -3.21847074
  -2.13478577  -3.22493682
  -2.14402771  -3.23329102
  -2.14956345  -3.23794319
  -2.16160943  -3.24811027
  -2.16445536  -3.25081226
  -2.17806671  -3.26316054
  -2.17901789  -3.26405807
  -2.19367286  -3.27627405
  -2.19555142  -3.27811222
  -2.20870675  -3.28993176
  -2.21236340  -3.29279797
  -2.22354094  -3.30285062
  -2.22912523  -3.30758087
  -2.23823669  -3.31503573
  -2.24657057  -3.32244653
  -2.25303494  -3.32802253
  -2.26250785  -3.33703965
  -2.26804430  -3.34169257
  -2.27936127  -3.35163494
  -2.28286075  -3.35463822
  -2.29740071  -3.36615017
  -2.29834532  -3.36705145
  -2.31225161  -3.37988427
  -2.31415885  -3.38173670
  -2.32724429  -3.39361438
  -2.33076656  -3.39656062
  -2.34181575  -3.40595105
  -2.34762108  -3.41133750
  -2.35672896  -3.41879779
  -2.36506408  -3.42620975
  -2.37175888  -3.43244849
  -2.38170901  -3.44103500
  -2.38625683  -3.44482922
  -2.39841142  -3.45585742
  -2.40111503  -3.45780085
  -2.41505090  -3.47068490
  -2.41600235  -3.47158271
  -2.43075419  -3.48374055
  -2.43266211  -3.48550953
  -2.44554103  -3.49668917
  -2.44927002  -3.50033693
  -2.46038339  -3.50968545
  -2.46686144  -3.51516406
  -2.47523764  -3.52257721
  -2.48355019  -3.52999145
  -2.49013986  -3.53636237
  -2.50024873  -3.54481668
  -2.50483239  -3.54857799
  -2.51709297  -3.55941445
  -2.51987105  -3.56219439
  -2.53361065  -3.57446768
  -2.53458656  -3.57533032
  -2.54917305  -3.58754618
  -2.55107306  -3.58941781
  -2.56405956  -3.60052582
  -2.56779043  -3.60413118
  -2.57885445  -3.61351383
  -2.58445891  -3.61896022
  -2.59390171  -3.62715833
  -2.60137424  -3.63355948
  -2.60879804  -3.64002991
  -2.61804626  -3.64838908
  -2.62358507  -3.65304443
  -2.63542444  -3.66345008
  -2.63826580  -3.66616144
  -2.65210218  -3.67828002
  -2.65305392  -3.67917815
  -2.66801732  -3.69201005
  -2.66898419  -3.69288096
  -2.68296248  -3.70482806
  -2.68655985  -3.70771289
  -2.69760029  -3.71799845
  -2.70299956  -3.72277578
  -2.71244638  -3.73097399
  -2.71991929  -3.73737682
  -2.72734424  -3.74384844
  -2.73659419  -3.75220896
  -2.74213386  -3.75686519
  -2.75418482  -3.76704311
  -2.75703285  -3.76974736
  -2.77070085  -3.78209816
  -2.77167706  -3.78296112
  -2.78636618  -3.79512034
  -2.78821284  -3.79694091
  -2.80116458  -3.80815868
  -2.80488672  -3.81177449
  -2.81608894  -3.82193289
  -2.82177651  -3.82654085
  -2.83109968  -3.83469061
  -2.83849334  -3.84121193
  -2.84603975  -3.84753320
  -2.85537004  -3.85581865
  -2.86069668  -3.86068628
  -2.87184058  -3.87088313
  -2.87548396  -3.87374093
  -2.88850504  -3.88572082
  -2.89040913  -3.88751773
  -2.90495585  -3.89899929
  -2.90685164  -3.90078512
  -2.91986897  -3.91185195
  -2.92369211  -3.91539711
  -2.93456092  -3.92494918
  -2.94014346  -3.93045947
  -2.94959251  -3.93866403
  -2.95706627  -3.94507042
  -2.96449366  -3.95154456
  -2.97448001  -3.96013683
  -2.97907860  -3.96388680
  -2.99206083  -3.97497975
  -2.99396017  -3.97678328
  -3.00802464  -3.98958722
  -3.00897999  -3.99048181
  -3.02374945  -4.00352551
  -3.02544693  -4.00465349
  -3.03853768  -4.01654826
  -3.04206619  -4.01949127
  -3.05339697  -4.02952286
  -3.05896716  -4.03411026
  -3.06828359  -4.04242265
  -3.07637203  -4.04917788
  -3.08296361  -4.05555846
  -3.09235400  -4.06378833
  -3.09789643  -4.06844736
  -3.10904025  -4.07862846
  -3.11268486  -4.08148747
  -3.12648110  -4.09369304
  -3.12745783  -4.09455651
  -3.14236412  -4.10741547
  -3.14332663  -4.10831458
  -3.15715473  -4.12044108
  -3.16068684  -4.12338113
  -3.17201851  -4.13341716
  -3.17758657  -4.13800744
  -3.18690661  -4.14632050
  -3.19429422  -4.15284719
  -3.20172424  -4.15932401
  -3.21189408  -4.16769462
  -3.21662500  -4.17222818
  -3.22858119  -4.18253870
  -3.23143123  -4.18524509
  -3.24454515  -4.19715246
  -3.24622624  -4.19827768
  -3.26100024  -4.21132734
  -3.26196401  -4.21222592
  -3.27579332  -4.22435589
  -3.27942698  -4.22728837
  -3.29073847  -4.23722872
  -3.29622762  -4.24192676
  -3.30528561  -4.25048990
  -3.31269967  -4.25711434
  -3.32021576  -4.26347717
  -3.32963163  -4.27161464
  -3.33517610  -4.27627571
  -3.34651140  -4.28623417
  -3.35008397  -4.28917384
  -3.36320082  -4.30108353
  -3.36511259  -4.30287384
  -3.37965862  -4.31526181
  -3.38062368  -4.31615985
  -3.39438609  -4.32746533
  -3.39820243  -4.33101898
  -3.40917297  -4.34050592
  -3.41563642  -4.34610166
  -3.42421874  -4.35418337
  -3.43088172  -4.36048265
  -3.43904230  -4.36719243
  -3.44849935  -4.37533629
  -3.45394709  -4.38010338
  -3.46518644  -4.39018343
  -3.46884977  -4.39302524
  -3.48187944  -4.40503782
  -3.48379160  -4.40682852
  -3.49834005  -4.41921961
  -3.49930645  -4.42011708
  -3.51297331  -4.43239923
  -3.51582593  -4.43519207
  -3.52788406  -4.44537445
  -3.53361050  -4.44995216
  -3.54290947  -4.45814982
  -3.55030180  -4.46468060
  -3.55773615  -4.47116179
  -3.56790931  -4.47953977
  -3.57264307  -4.48407629
  -3.58388778  -4.49416206
  -3.58745883  -4.49710150
  -3.60037755  -4.50924637
  -3.60205316  -4.51037657
  -3.61704912  -4.52322281
  -3.61875527  -4.52432067
  -3.63184639  -4.53623945
  -3.63549078  -4.53916764
  -3.64680300  -4.54911957
  -3.65159355  -4.55359215
  -3.66162439  -4.56214060
  -3.66901841  -4.56867282
  -3.67645430  -4.57515555
  -3.68572072  -4.58352845
  -3.69149799  -4.58885037
  -3.70261081  -4.59816171
  -3.70641397  -4.60177344
  -3.72003470  -4.61324957
  -3.72099118  -4.61414533
  -3.73577536  -4.62720811
  -3.73670013  -4.62811805
  -3.75054603  -4.64031483
  -3.75339863  -4.64297798
  -3.76556330  -4.65403493
  -3.77009763  -4.65783842
  -3.78028267  -4.66626903
  -3.78703201  -4.67245979
  -3.79542798  -4.67983753
  -3.80373289  -4.68731960
  -3.81024496  -4.69287234
  -3.82207870  -4.70241814
  -3.82493170  -4.70512759
  -3.83805712  -4.71705560
  -3.83991310  -4.71891309
  -3.85437211  -4.73143654
  -3.85531443  -4.73234865
  -3.86836224  -4.74701526
  -3.86920768  -4.74800411
  -3.87885701  -4.76166128
  -3.88405932  -4.77112910
  -3.88682375  -4.77668657
  -3.89275284  -4.79136216
  -3.89552391  -4.80619313
  -3.89506848  -4.82105235
  -3.89463315  -4.83586911
  -3.89418773  -4.85070618
  -3.89467873  -4.86555278
  -3.89515085  -4.88038641
  -3.89516910  -4.89522616
  -3.89518741  -4.91006614
  -3.89567922  -4.92491394
  -3.89614004  -4.93977029
  -3.89571641  -4.95459521
  -3.89617680  -4.96945179
  -3.89575382  -4.98427743
  -3.89622528  -4.99911251
  -3.89624399  -5.01395417
  -3.89626275  -5.02879607
  -3.89674511  -5.04364028
  -3.89676399  -5.05848266
  -3.89678292  -5.07332529
  -3.89629460  -5.08822413
  -3.89400130  -5.10296401
  -3.88997052  -5.11759835
  -3.88448892  -5.12970848
  -3.88348731  -5.13245598
  -3.87390029  -5.14758865
  -3.86996608  -5.15198921
  -3.85978226  -5.16217783
  -3.85515329  -5.16680905
  -3.84492674  -5.17676572
  -3.84021731  -5.18053462
  -3.82738086  -5.19180561
  -3.82549074  -5.19361610
  -3.81145685  -5.20638777
  -3.81048637  -5.20733433
  -3.79616578  -5.21988784
  -3.79425484  -5.22166828
  -3.78116484  -5.23356453
  -3.77758250  -5.23648165
  -3.76637735  -5.24656098
  -3.76094424  -5.25131673
  -3.75170842  -5.25969566
  -3.74497332  -5.26590434
  -3.73669336  -5.27335281
  -3.72830785  -5.28072273
  -3.72189028  -5.28633211
  -3.71092130  -5.29575571
  -3.70732448  -5.29865701
  -3.69498486  -5.31034382
  -3.69210202  -5.31299802
  -3.67832135  -5.32515953
  -3.67735426  -5.32603534
  -3.66280426  -5.33837601
  -3.66093026  -5.34021542
  -3.64784121  -5.35211288
  -3.64425873  -5.35503001
  -3.63317884  -5.36523703
  -3.62851571  -5.36984705
  -3.61838642  -5.37824631
  -3.61095923  -5.38468734
  -3.60337269  -5.39190508
  -3.59429498  -5.39950726
  -3.58857080  -5.40488580
  -3.57833015  -5.41408201
  -3.57377731  -5.41787470
  -3.56166690  -5.42889982
  -3.55901209  -5.43089696
  -3.54569219  -5.44350706
  -3.54384179  -5.44532476
  -3.52929680  -5.45765389
  -3.52833711  -5.45854588
  -3.51452715  -5.47067370
  -3.51167458  -5.47336296
  -3.49974233  -5.48367318
  -3.49431245  -5.48843100
  -3.48507382  -5.49680963
  -3.47764917  -5.50325234
  -3.47029006  -5.50980722
  -3.46168051  -5.51784332
  -3.45526053  -5.52345234
  -3.44427750  -5.53286620
  -3.44039382  -5.53634592
  -3.42812238  -5.54725512
  -3.42553955  -5.54928719
  -3.41169325  -5.56229872
  -3.41074664  -5.56320219
  -3.39599011  -5.57622630
  -3.39503462  -5.57710437
  -3.38100616  -5.58900896
  -3.37744002  -5.59195292
  -3.36643821  -5.60224892
  -3.36096269  -5.60697753
  -3.35141585  -5.61591724
  -3.34504201  -5.62160021
  -3.33698721  -5.62838574
  -3.32837986  -5.63642351
  -3.32195865  -5.64203256
  -3.31164807  -5.65099286
  -3.30681328  -5.65553859
  -3.29482368  -5.66583884
  -3.29202912  -5.66856786
  -3.27839436  -5.68088380
  -3.27744780  -5.68178738
  -3.26291988  -5.69415223
  -3.26101112  -5.69593442
  -3.24780369  -5.70768114
  -3.24489112  -5.71029143
  -3.23303761  -5.72071343
  -3.22821959  -5.72511876
  -3.21812706  -5.73359044
  -3.21082147  -5.74019158
  -3.20355498  -5.74681810
  -3.19439248  -5.75524863
  -3.18857900  -5.76051812
  -3.17736056  -5.76958187
  -3.17352442  -5.77320820
  -3.15904858  -5.78378592
  -3.15806215  -5.78461747
  -3.14429618  -5.79222844
  -3.13020005  -5.79921398
  -3.12924407  -5.79997419
  -3.11449087  -5.80571712
  -3.09963568  -5.81204984
  -3.09412614  -5.81402247
  -3.08491220  -5.81789648
  -3.07029750  -5.82393172
  -3.05905548  -5.82913982
  -3.05528740  -5.83083062
  -3.04051013  -5.83647569
  -3.02564226  -5.84287127
  -3.02295659  -5.84398120
  -3.01087572  -5.84942716
  -2.99610971  -5.85510668
  -2.98859972  -5.85859731
  -2.98113319  -5.86214216
  -2.96642403  -5.86792697
  -2.95349427  -5.87356809
  -2.95162876  -5.87446421
  -2.93679087  -5.88087942
  -2.92187222  -5.88713750
  -2.91915265  -5.88818812
  -2.90721958  -5.89305748
  -2.89236439  -5.89944369
  -2.88396002  -5.90308042
  -2.87752503  -5.90585739
  -2.86277086  -5.91155963
  -2.84884540  -5.91795515
  -2.84782387  -5.91865127
  -2.83313963  -5.92451367
  -2.81833201  -5.93100709
  -2.81373237  -5.93293187
  -2.80350886  -5.93746813
  -2.78881303  -5.94332679
  -2.77956336  -5.94772436
  -2.77381512  -5.95026884
  -2.75899907  -5.95581816
  -2.74432277  -5.96166210
  -2.74330452  -5.96240337
  -2.72943298  -5.96892789
  -2.71457831  -5.97531473
  -2.70997197  -5.97721078
  -2.69980379  -5.98188381
  -2.68510829  -5.98774283
  -2.67405756  -5.99255767
  -2.67026238  -5.99416428
  -2.65553460  -5.99986355
  -2.64076650  -6.00647774
  -2.63972006  -6.00711412
  -2.62581879  -6.01267113
  -2.61093687  -6.01893752
  -2.60457246  -6.02187275
  -2.59619086  -6.02562838
  -2.58122449  -6.03170011
  -2.57017306  -6.03645158
  -2.56649565  -6.03835161
  -2.55184022  -6.04521994
  -2.53788508  -6.05155256
  -2.53686368  -6.05225552
  -2.52203652  -6.05870015
  -2.50753553  -6.06486276
  -2.50401123  -6.06689084
  -2.49248989  -6.07365692
  -2.47980960  -6.08105559
  -2.47908751  -6.08480507
  -2.47705347  -6.09531192
         
