# shadow point cont 2D ind 54  size 1289
# norm  0.6613119 -0.7501111  0.0000000
# angle  0.8482300
   2.10169642  -6.09508856
   2.10740421  -6.08162101
   2.10814907  -6.08057028
   2.12176339  -6.07238603
   2.13193470  -6.06588159
   2.13647418  -6.06384407
   2.15140263  -6.05669885
   2.16255451  -6.05125792
   2.16629208  -6.04949640
   2.18102230  -6.04280799
   2.19481372  -6.03614021
   2.19583192  -6.03539863
   2.21056476  -6.02875689
   2.22526683  -6.02206548
   2.22628504  -6.02132393
   2.24027555  -6.01509808
   2.25501596  -6.00843366
   2.25786964  -6.00672492
   2.26980644  -6.00097757
   2.28470817  -5.99472828
   2.29128071  -5.99201759
   2.29936335  -5.98790896
   2.31417812  -5.98136085
   2.32360648  -5.97716227
   2.32920268  -5.97441878
   2.34386134  -5.96764837
   2.35684699  -5.96215083
   2.35873037  -5.96130486
   2.37348416  -5.95468875
   2.38818478  -5.94799865
   2.38920300  -5.94725722
   2.40310665  -5.94080144
   2.41773146  -5.93485445
   2.42243789  -5.93224332
   2.43282251  -5.92714599
   2.44743030  -5.92115307
   2.45490516  -5.91749926
   2.46238019  -5.91401999
   2.47716546  -5.90747737
   2.48824139  -5.90277002
   2.49198513  -5.90101712
   2.50678993  -5.89451976
   2.51974414  -5.88805370
   2.52159228  -5.88708882
   2.53641405  -5.88063449
   2.55118497  -5.87407252
   2.55389460  -5.87300069
   2.56598177  -5.86750245
   2.58086374  -5.86031894
   2.58536422  -5.85822767
   2.59560712  -5.85361813
   2.61033103  -5.84790778
   2.61962126  -5.84340412
   2.62517581  -5.84062689
   2.63995832  -5.83402812
   2.65016588  -5.82864401
   2.65484975  -5.82593614
   2.66967616  -5.81674251
   2.67344981  -5.81407011
   2.68461996  -5.80489590
   2.69115336  -5.79938773
   2.69924964  -5.79174245
   2.70676574  -5.78441528
   2.71417007  -5.77795134
   2.72330910  -5.76950093
   2.72884270  -5.76481123
   2.73927233  -5.75490491
   2.74397792  -5.75036514
   2.75588426  -5.74003508
   2.75870546  -5.73729828
   2.77162068  -5.72521315
   2.77351129  -5.72339784
   2.78735611  -5.71039029
   2.78830454  -5.70948914
   2.80242918  -5.69582813
   2.80335450  -5.69490138
   2.81764993  -5.68232484
   2.81953916  -5.68051336
   2.83244196  -5.66841162
   2.83527139  -5.66568924
   2.84737325  -5.65463812
   2.85119725  -5.65107253
   2.86262081  -5.64031664
   2.86716211  -5.63651264
   2.87728607  -5.62717171
   2.88363277  -5.62147000
   2.89208533  -5.61326608
   2.89936444  -5.60664469
   2.90665296  -5.60003707
   2.91521092  -5.59196888
   2.92180584  -5.58556496
   2.93096301  -5.57716076
   2.93661233  -5.57166685
   2.94670936  -5.56234728
   2.95148299  -5.55787211
   2.96252407  -5.54757762
   2.96626875  -5.54395576
   2.97825613  -5.53275349
   2.98103222  -5.52997375
   2.99393143  -5.51789327
   2.99583900  -5.51607645
   3.01032421  -5.50369494
   3.01128768  -5.50281399
   3.02554147  -5.48935169
   3.02651723  -5.48848383
   3.04002934  -5.47600958
   3.04280549  -5.47323000
   3.05498433  -5.46134418
   3.05780685  -5.45861419
   3.06992018  -5.44760471
   3.07446183  -5.44380146
   3.08483252  -5.43380147
   3.08958206  -5.42930008
   3.09948939  -5.41972866
   3.10504182  -5.41416982
   3.11464004  -5.40534237
   3.12107166  -5.39964425
   3.12921455  -5.39207700
   3.13680264  -5.38482041
   3.14391180  -5.37804199
   3.15307590  -5.36963818
   3.15871944  -5.36414680
   3.16882252  -5.35482797
   3.17352716  -5.35025181
   3.18456585  -5.34001474
   3.18838271  -5.33644045
   3.20054094  -5.32545735
   3.20342232  -5.32283736
   3.21796767  -5.31142262
   3.21969065  -5.31033362
   3.23223434  -5.29968632
   3.23621396  -5.29535140
   3.24763858  -5.28268704
   3.24945639  -5.28080350
   3.26265544  -5.26716536
   3.26358080  -5.26623891
   3.27734114  -5.25317366
   3.27992636  -5.25111668
   3.29199217  -5.23909837
   3.29546285  -5.23608889
   3.30676090  -5.22612407
   3.31163029  -5.22178994
   3.32210430  -5.21185786
   3.32690218  -5.20734486
   3.33689823  -5.19795288
   3.34316843  -5.19213298
   3.35169018  -5.18404633
   3.35902583  -5.17754978
   3.36669558  -5.17029208
   3.37409858  -5.16288097
   3.38126569  -5.15622619
   3.39036679  -5.14767121
   3.39604736  -5.14231077
   3.40609983  -5.13285103
   3.41082299  -5.12838975
   3.42206576  -5.11833628
   3.42592404  -5.11471466
   3.43735887  -5.10298312
   3.43988101  -5.10088997
   3.45237341  -5.08839048
   3.45513506  -5.08554019
   3.46583708  -5.07315395
   3.46936138  -5.06567812
   3.47213278  -5.05826217
   3.47411144  -5.04348869
   3.47417759  -5.02865434
   3.47547199  -5.01386251
   3.47554711  -4.99897647
   3.47469261  -4.98418535
   3.47457524  -4.96929975
   3.47455895  -4.95446119
   3.47454270  -4.93962286
   3.47406318  -4.92478276
   3.47404704  -4.90994491
   3.47403094  -4.89510729
   3.47401489  -4.88026991
   3.47399889  -4.86543276
   3.47352608  -4.85059386
   3.47350954  -4.83575718
   3.47175183  -4.82084286
   3.46951752  -4.81341258
   3.46725083  -4.80614429
   3.45880041  -4.79143567
   3.45430987  -4.78575451
   3.44766620  -4.77658403
   3.43960563  -4.76615571
   3.43591511  -4.76149835
   3.42452234  -4.74873535
   3.42271347  -4.74683649
   3.40987823  -4.73463742
   3.40631602  -4.73168956
   3.39518252  -4.72147272
   3.39036966  -4.71703804
   3.38000594  -4.70791897
   3.37435325  -4.70244307
   3.36509251  -4.69409562
   3.35767467  -4.68759547
   3.35034769  -4.68097578
   3.34115289  -4.67252562
   3.33575375  -4.66771759
   3.32457522  -4.65756962
   3.32067679  -4.65407833
   3.30849328  -4.64302190
   3.30572203  -4.64026479
   3.29186548  -4.62814793
   3.29091649  -4.62724450
   3.27634031  -4.61487821
   3.27443977  -4.61307291
   3.26152966  -4.60185426
   3.25774390  -4.59822532
   3.24634816  -4.58737537
   3.24177093  -4.58359925
   3.23165354  -4.57422836
   3.22528739  -4.56852652
   3.21696990  -4.56107971
   3.20859775  -4.55368650
   3.20200268  -4.54729311
   3.19281436  -4.53891782
   3.18714152  -4.53435813
   3.17591798  -4.52427232
   3.17221695  -4.52140733
   3.15943913  -4.50914164
   3.15758306  -4.50732836
   3.14282914  -4.49515474
   3.14187655  -4.49425548
   3.12778205  -4.48054442
   3.12611301  -4.47941087
   3.11320612  -4.46819510
   3.10942129  -4.46456719
   3.09829197  -4.45437629
   3.09349371  -4.44992730
   3.08340129  -4.44146735
   3.07588053  -4.43510152
   3.06838559  -4.42771527
   3.05933665  -4.42012769
   3.05357843  -4.41467384
   3.04288365  -4.40496728
   3.03911987  -4.40131188
   3.02698332  -4.39028657
   3.02407098  -4.38766178
   3.01094765  -4.37569967
   3.00911187  -4.37386138
   2.99441134  -4.36169155
   2.99343935  -4.36082024
   2.97973459  -4.34850247
   2.97689137  -4.34578843
   2.96496282  -4.33545527
   2.96008794  -4.33112336
   2.94988364  -4.32180467
   2.94352030  -4.31610587
   2.93499876  -4.30797441
   2.92758604  -4.30147962
   2.92024590  -4.29488363
   2.91105933  -4.28652610
   2.90544362  -4.28187290
   2.89438030  -4.27159263
   2.89059329  -4.26801511
   2.87770192  -4.25674953
   2.87584505  -4.25491879
   2.86181328  -4.24209021
   2.86087386  -4.24117730
   2.84606307  -4.22816455
   2.84512581  -4.22724890
   2.83148748  -4.21582771
   2.82770430  -4.21220162
   2.81667212  -4.20190443
   2.81123767  -4.19713179
   2.80199790  -4.18875118
   2.79457099  -4.18227595
   2.78695662  -4.17508829
   2.77858996  -4.16770097
   2.77194415  -4.16139594
   2.76189032  -4.15286103
   2.75714732  -4.14838987
   2.74521512  -4.13802140
   2.74241089  -4.13528610
   2.72934257  -4.12335965
   2.72764128  -4.12225548
   2.71286427  -4.10921435
   2.71191231  -4.10831578
   2.69794388  -4.09543682
   2.69526844  -4.09345549
   2.68314942  -4.08237701
   2.67874954  -4.07843589
   2.66858454  -4.06912905
   2.66210064  -4.06356492
   2.65370043  -4.05622131
   2.64597801  -4.04918713
   2.63860741  -4.04260258
   2.63017654  -4.03433177
   2.62374820  -4.02876650
   2.61275299  -4.01932038
   2.60900531  -4.01567682
   2.59615070  -4.00444237
   2.59444847  -4.00333429
   2.57964173  -3.99034403
   2.57871549  -3.98941694
   2.56459057  -3.97574191
   2.56366435  -3.97481484
   2.54999385  -3.96346449
   2.54613725  -3.95993831
   2.53498064  -3.94978542
   2.53020821  -3.94531529
   2.51998242  -3.93611261
   2.51348089  -3.93057315
   2.50515053  -3.92306306
   2.49698371  -3.91547855
   2.49031359  -3.90924369
   2.48100804  -3.90087812
   2.47551350  -3.89621605
   2.46364554  -3.88581279
   2.46081872  -3.88313951
   2.44697699  -3.87098050
   2.44605091  -3.87005360
   2.43130566  -3.85702332
   2.43035407  -3.85612515
   2.41650515  -3.84309997
   2.41460704  -3.84129737
   2.40149438  -3.82940610
   2.39869175  -3.82665237
   2.38665675  -3.81647568
   2.38111941  -3.81181993
   2.37197229  -3.80331400
   2.36479624  -3.79659449
   2.35707191  -3.78960005
   2.34860037  -3.78221980
   2.34217446  -3.77663608
   2.33199881  -3.76732563
   2.32748515  -3.76352710
   2.31539624  -3.75249806
   2.31256714  -3.74974608
   2.29882638  -3.73750875
   2.29790047  -3.73658206
   2.28297562  -3.72375645
   2.28204049  -3.72284005
   2.26813892  -3.70991413
   2.26626604  -3.70808619
   2.25336242  -3.69685753
   2.24886255  -3.69301074
   2.23891613  -3.68441101
   2.23149463  -3.67794171
   2.22388607  -3.67075977
   2.21552549  -3.66337917
   2.20909266  -3.65776680
   2.19961374  -3.64869589
   2.19415322  -3.64399340
   2.18310242  -3.63371779
   2.17958653  -3.63075570
   2.16650701  -3.61885914
   2.16458186  -3.61707243
   2.15059747  -3.60422120
   2.14966103  -3.60330693
   2.13505190  -3.59102582
   2.13243621  -3.58899341
   2.12037455  -3.57790836
   2.11652000  -3.57438449
   2.10569480  -3.56479233
   2.10003423  -3.55934894
   2.09063703  -3.55119911
   2.08305745  -3.54494631
   2.07564716  -3.53838283
   2.06646865  -3.52994371
   2.06084396  -3.52448073
   2.05068532  -3.51526802
   2.04606140  -3.51148548
   2.03407268  -3.50029775
   2.03126890  -3.49757349
   2.01746963  -3.48545057
   2.01651137  -3.48456232
   2.00174780  -3.47153245
   2.00079669  -3.47063484
   1.98696840  -3.45852649
   1.98412890  -3.45581666
   1.97229291  -3.44540890
   1.96766515  -3.44077751
   1.95742434  -3.43159613
   1.95085567  -3.42615089
   1.94249507  -3.41875702
   1.93493678  -3.41152321
   1.92756604  -3.40497773
   1.91838295  -3.39654593
   1.91291982  -3.39185351
   1.90172483  -3.38172549
   1.89797867  -3.37809280
   1.88513364  -3.36687816
   1.88320931  -3.36508981
   1.86924343  -3.35222801
   1.86830794  -3.35131333
   1.85367192  -3.33814823
   1.85200005  -3.33702070
   1.83889482  -3.32514453
   1.83534000  -3.32220458
   1.82422182  -3.31202808
   1.81959478  -3.30739756
   1.80922189  -3.29836552
   1.80275973  -3.29279097
   1.79465776  -3.28604717
   1.78607145  -3.27800723
   1.77972244  -3.27229517
   1.76953216  -3.26310471
   1.76494020  -3.25930629
   1.75281962  -3.24832467
   1.74996328  -3.24557849
   1.73707526  -3.23351527
   1.73537429  -3.23241265
   1.72058537  -3.21941722
   1.71966006  -3.21849123
   1.70574610  -3.20650556
   1.70284653  -3.20387875
   1.69097672  -3.19256257
   1.68658186  -3.18862714
   1.67619388  -3.17958193
   1.67044634  -3.17425481
   1.66127096  -3.16581732
   1.65326724  -3.15898912
   1.64652226  -3.15280999
   1.63708204  -3.14464269
   1.63169021  -3.13986308
   1.62065970  -3.12959644
   1.61689909  -3.12596203
   1.60478014  -3.11498439
   1.60189683  -3.11229445
   1.58810319  -3.10018077
   1.58714534  -3.09929301
   1.57238808  -3.08626879
   1.57071662  -3.08514169
   1.55771304  -3.07317252
   1.55481387  -3.07054618
   1.54295107  -3.06015944
   1.53741793  -3.05550940
   1.52794973  -3.04650052
   1.52148925  -3.04092791
   1.51315986  -3.03352268
   1.50480529  -3.02614899
   1.49845804  -3.02043718
   1.48836467  -3.01108636
   1.48359667  -3.00663426
   1.47101160  -2.99603587
   1.46912301  -2.99422631
   1.45582165  -2.98167318
   1.45389821  -2.97988268
   1.43938295  -2.96753133
   1.43842923  -2.96663838
   1.42438877  -2.95385987
   1.42177480  -2.95182939
   1.40972125  -2.94075955
   1.40513414  -2.93701113
   1.39495535  -2.92775699
   1.38920924  -2.92243160
   1.38003620  -2.91399473
   1.37274387  -2.90739971
   1.36538113  -2.90088198
   1.35606269  -2.89270998
   1.35026067  -2.88734087
   1.34012842  -2.87801537
   1.33567497  -2.87415255
   1.32355895  -2.86318179
   1.32068438  -2.86048076
   1.30662709  -2.84859885
   1.30565894  -2.84767519
   1.29138370  -2.83423799
   1.28970587  -2.83311576
   1.27639130  -2.82056838
   1.27449541  -2.81876841
   1.26161673  -2.80757958
   1.25712661  -2.80373069
   1.24687961  -2.79457723
   1.24031507  -2.78913674
   1.23214223  -2.78152342
   1.22474290  -2.77411950
   1.21730043  -2.76771306
   1.20717023  -2.75931092
   1.20247354  -2.75476766
   1.19073776  -2.74426382
   1.18785784  -2.74161182
   1.17409718  -2.72945926
   1.17315137  -2.72855683
   1.15840163  -2.71553677
   1.15744765  -2.71465088
   1.14319200  -2.70120008
   1.14224163  -2.70030337
   1.12852208  -2.68811270
   1.12562391  -2.68548757
   1.11386806  -2.67498448
   1.10841481  -2.67022541
   1.09908864  -2.66201002
   1.09249958  -2.65565656
   1.08412291  -2.64833157
   1.07561181  -2.64108534
   1.06910201  -2.63466964
   1.05919679  -2.62604816
   1.05443028  -2.62160311
   1.04255075  -2.61124232
   1.03968697  -2.60859232
   1.02590490  -2.59643671
   1.02498012  -2.59551140
   1.01066342  -2.58207742
   1.00964961  -2.58116751
   0.99561907  -2.56844591
   0.99375694  -2.56659056
   0.98078354  -2.55551032
   0.97691970  -2.55201065
   0.96590406  -2.54173469
   0.96047907  -2.53698573
   0.95122328  -2.52953597
   0.94337659  -2.52278673
   0.93597399  -2.51616656
   0.92765149  -2.50783945
   0.92132698  -2.50215265
   0.91053772  -2.49257052
   0.90677300  -2.48894060
   0.89463101  -2.47798491
   0.89177379  -2.47528408
   0.87797372  -2.46318836
   0.87701595  -2.46229285
   0.86246097  -2.44908765
   0.86152525  -2.44815911
   0.84750212  -2.43537872
   0.84487783  -2.43335534
   0.83296752  -2.42306445
   0.82822748  -2.41855157
   0.81796348  -2.40941765
   0.81160480  -2.40375364
   0.80308646  -2.39563515
   0.79496129  -2.38895112
   0.78830444  -2.38266844
   0.77816439  -2.37433454
   0.77339143  -2.36984046
   0.76236808  -2.35957797
   0.75860968  -2.35595167
   0.74575492  -2.34476665
   0.74384704  -2.34296867
   0.72955243  -2.33042921
   0.72854843  -2.32951401
   0.71412605  -2.31629493
   0.71245550  -2.31516888
   0.69957850  -2.30306688
   0.69673574  -2.30036834
   0.68480967  -2.29008855
   0.67938541  -2.28533935
   0.67002583  -2.27620254
   0.66363065  -2.27053668
   0.65547857  -2.26391351
   0.64633747  -2.25550121
   0.64059844  -2.25012004
   0.63037013  -2.24093519
   0.62582368  -2.23714707
   0.61302227  -2.22590513
   0.61113771  -2.22409353
   0.59709085  -2.21133536
   0.59614538  -2.21043338
   0.58140097  -2.19742192
   0.58043496  -2.19653494
   0.56644240  -2.18466377
   0.56287524  -2.18173514
   0.55157188  -2.17180921
   0.54604233  -2.16716363
   0.53703809  -2.15948320
   0.52799364  -2.15190445
   0.52229822  -2.14736395
   0.50941839  -2.13711378
   0.50746624  -2.13539797
   0.49264790  -2.12342468
   0.49169406  -2.12253794
   0.47777209  -2.11057031
   0.47486328  -2.10796472
   0.46304801  -2.09846905
   0.45653852  -2.09294293
   0.44798058  -2.08585444
   0.43877792  -2.07837386
   0.43329680  -2.07369326
   0.42125206  -2.06356629
   0.41857857  -2.06158464
   0.40389812  -2.04943204
   0.40293245  -2.04854584
   0.38894055  -2.03667512
   0.38537383  -2.03374738
   0.37429929  -2.02447794
   0.36779042  -2.01895283
   0.35923244  -2.01186420
   0.35002983  -2.00438340
   0.34446905  -1.99980993
   0.33246545  -1.98958584
   0.32983137  -1.98759574
   0.31515136  -1.97544375
   0.31418587  -1.97455788
   0.30030322  -1.96348460
   0.29644071  -1.95998675
   0.28546540  -1.95059422
   0.27810094  -1.94497610
   0.27080548  -1.93934841
   0.26057188  -1.93016668
   0.25572427  -1.92582462
   0.24372073  -1.91560047
   0.24108697  -1.91361100
   0.22640734  -1.90145959
   0.22544204  -1.90057401
   0.21155971  -1.88950121
   0.20695642  -1.88577725
   0.19674297  -1.87751076
   0.18921250  -1.87120658
   0.18183357  -1.86470323
   0.17182954  -1.85618510
   0.16720760  -1.85248611
   0.15426965  -1.84138870
   0.15257247  -1.84028208
   0.13790983  -1.82811939
   0.13595059  -1.82636997
   0.12272116  -1.81564591
   0.11804382  -1.81202099
   0.10800231  -1.80353186
   0.10047204  -1.79722800
   0.09309314  -1.79072478
   0.08296421  -1.78240643
   0.07834285  -1.77865974
   0.06460410  -1.76741172
   0.06363854  -1.76653738
   0.04872373  -1.75373690
   0.04704684  -1.75261586
   0.03430631  -1.74219351
   0.02947675  -1.73782222
   0.01926378  -1.72955653
   0.01173368  -1.72325296
   0.00449227  -1.71751402
  -0.00672894  -1.70845064
  -0.01059887  -1.70492704
  -0.02432154  -1.69366504
  -0.02528520  -1.69279560
  -0.04011973  -1.68083156
  -0.04280254  -1.67886953
  -0.05474263  -1.66859676
  -0.06018948  -1.66385121
  -0.06937567  -1.65639872
  -0.07842189  -1.64882232
  -0.08411112  -1.64428610
  -0.09810831  -1.63427347
  -0.09912098  -1.63351079
  -0.11399248  -1.62644866
  -0.12871552  -1.62268456
  -0.14345386  -1.62075220
  -0.15822553  -1.62047486
  -0.16654445  -1.62001271
  -0.17306115  -1.61917652
  -0.18776155  -1.61912927
  -0.19608630  -1.61998535
  -0.20259352  -1.62047582
  -0.21731701  -1.62165627
  -0.23203702  -1.62632540
  -0.24668851  -1.63296696
  -0.24861426  -1.63463240
  -0.26154929  -1.64384740
  -0.26816800  -1.64921384
  -0.27650049  -1.65565538
  -0.28664138  -1.66401207
  -0.29126317  -1.66771079
  -0.30438469  -1.67858151
  -0.30609235  -1.67968157
  -0.32091968  -1.69165626
  -0.32286802  -1.69337764
  -0.33572166  -1.70366144
  -0.34135383  -1.70817325
  -0.35050219  -1.71569662
  -0.35941675  -1.72342376
  -0.36510658  -1.72796295
  -0.37815036  -1.73798804
  -0.38007493  -1.73974653
  -0.39468656  -1.75108087
  -0.39663387  -1.75278370
  -0.40969866  -1.76373118
  -0.41513393  -1.76757803
  -0.42432028  -1.77502984
  -0.43336682  -1.78260544
  -0.43905696  -1.78714538
  -0.45135150  -1.79694777
  -0.45425292  -1.79958108
  -0.46870495  -1.81107991
  -0.46966995  -1.81196603
  -0.48355235  -1.82303830
  -0.48813702  -1.82676186
  -0.49824277  -1.83520459
  -0.50588795  -1.84133731
  -0.51314142  -1.84707248
  -0.52512700  -1.85635514
  -0.52800549  -1.85900513
  -0.54195722  -1.87092420
  -0.54292108  -1.87179432
  -0.55753116  -1.88311728
  -0.56118030  -1.88594814
  -0.57234238  -1.89511424
  -0.57965333  -1.90074358
  -0.58686805  -1.90653729
  -0.59723611  -1.91554166
  -0.60185823  -1.91924091
  -0.61573245  -1.93033811
  -0.61671689  -1.93118047
  -0.63158422  -1.94311383
  -0.63348414  -1.94490608
  -0.64632020  -1.95519720
  -0.65195281  -1.95970970
  -0.66113837  -1.96718377
  -0.67119085  -1.97473071
  -0.67581307  -1.97843010
  -0.68893588  -1.98930282
  -0.69084462  -1.99110118
  -0.70528991  -2.00262416
  -0.70796075  -2.00455473
  -0.72016546  -2.01454711
  -0.72589540  -2.01890711
  -0.73531673  -2.02700407
  -0.74375378  -2.03344539
  -0.75014448  -2.03903091
  -0.76107578  -2.04848625
  -0.76471942  -2.05129394
  -0.77931441  -2.06263135
  -0.78026845  -2.06351775
  -0.79396416  -2.07484303
  -0.79857405  -2.07854426
  -0.80877747  -2.08684569
  -0.81720049  -2.09329566
  -0.82375526  -2.09863058
  -0.83497975  -2.10770129
  -0.83862070  -2.11056477
  -0.85309132  -2.12204929
  -0.85405622  -2.12293937
  -0.86792381  -2.13403878
  -0.87253381  -2.13774003
  -0.88287425  -2.14678269
  -0.89004699  -2.15253478
  -0.89758339  -2.15893552
  -0.90798807  -2.16692356
  -0.91260593  -2.17065867
  -0.92634726  -2.18191139
  -0.92731302  -2.18278602
  -0.94181550  -2.19421277
  -0.94467888  -2.19693404
  -0.95685544  -2.20688597
  -0.96238721  -2.21150652
  -0.97147121  -2.21913716
  -0.97995371  -2.22630648
  -0.98637964  -2.23192566
  -0.99674504  -2.24092549
  -1.00129080  -2.24473800
  -1.01416999  -2.25590955
  -1.01605757  -2.25771771
  -1.03008572  -2.27048491
  -1.03104409  -2.27138008
  -1.04569470  -2.28356824
  -1.04837217  -2.28550784
  -1.06030886  -2.29671397
  -1.06410594  -2.30031396
  -1.07541040  -2.31024065
  -1.08094045  -2.31488676
  -1.09008442  -2.32333126
  -1.09743374  -2.32991799
  -1.10495638  -2.33619429
  -1.11494967  -2.34471444
  -1.11941893  -2.34857954
  -1.13160137  -2.35951909
  -1.13448058  -2.36217004
  -1.14824773  -2.37432180
  -1.14921360  -2.37519656
  -1.16413271  -2.38800038
  -1.16508603  -2.38889277
  -1.17890708  -2.40190091
  -1.18080746  -2.40369377
  -1.19344175  -2.41421427
  -1.19818088  -2.41872905
  -1.20844624  -2.42786060
  -1.21480585  -2.43352322
  -1.22309421  -2.44098328
  -1.23145004  -2.44832579
  -1.23787671  -2.45394807
  -1.24824563  -2.46295723
  -1.25278981  -2.46676191
  -1.26493016  -2.47772063
  -1.26760415  -2.47969894
  -1.28161481  -2.49250355
  -1.28254705  -2.49340949
  -1.29710366  -2.50661280
  -1.29876590  -2.50776518
  -1.31196328  -2.51951948
  -1.31487291  -2.52212604
  -1.32659802  -2.53263912
  -1.33208267  -2.53737984
  -1.34147081  -2.54551837
  -1.34888847  -2.55194943
  -1.35638455  -2.55925627
  -1.36532107  -2.56696637
  -1.37091261  -2.57162076
  -1.38218571  -2.58156213
  -1.38595075  -2.58519228
  -1.39865345  -2.59659117
  -1.40056627  -2.59836707
  -1.41475183  -2.61094965
  -1.41571040  -2.61184312
  -1.43045130  -2.62485817
  -1.43140477  -2.62575075
  -1.44512905  -2.63795721
  -1.44803892  -2.64056406
  -1.45998418  -2.65083600
  -1.46541072  -2.65558303
  -1.47472288  -2.66386740
  -1.48225682  -2.67017594
  -1.48945607  -2.67686627
  -1.49777978  -2.68519437
  -1.50429930  -2.69072425
  -1.51474692  -2.69959440
  -1.51934121  -2.70340028
  -1.53130548  -2.71457569
  -1.53393961  -2.71657832
  -1.54862616  -2.72873655
  -1.54958060  -2.72962169
  -1.56360695  -2.74240544
  -1.56550780  -2.74419888
  -1.57838906  -2.75630504
  -1.58195705  -2.75923956
  -1.59303670  -2.76851420
  -1.59879682  -2.77381819
  -1.60794386  -2.78226284
  -1.61523965  -2.78884333
  -1.62268319  -2.79530001
  -1.63211819  -2.80341867
  -1.63751869  -2.80820027
  -1.64784219  -2.81822638
  -1.65237857  -2.82201879
  -1.66463941  -2.83283075
  -1.66753076  -2.83551263
  -1.68131323  -2.84762909
  -1.68227087  -2.84851653
  -1.69679545  -2.86086920
  -1.69869649  -2.86266287
  -1.71146950  -2.87398011
  -1.71606904  -2.87770397
  -1.72635439  -2.88775477
  -1.73180645  -2.89252260
  -1.74113682  -2.90073126
  -1.74843794  -2.90731687
  -1.75587749  -2.91377168
  -1.76532957  -2.92178981
  -1.77119090  -2.92708562
  -1.78196416  -2.93669894
  -1.78549213  -2.93965665
  -1.79858222  -2.95153343
  -1.80049214  -2.95332389
  -1.81483749  -2.96582174
  -1.81581462  -2.96677310
  -1.82999745  -2.97934866
  -1.83261929  -2.98137242
  -1.84467295  -2.99246236
  -1.84927758  -2.99619052
  -1.85932884  -3.00556335
  -1.86499480  -3.01099180
  -1.87430235  -3.01927873
  -1.88183854  -3.02558983
  -1.88922307  -3.03209154
  -1.89852337  -3.04037549
  -1.90400631  -3.04507339
  -1.91517561  -3.05518748
  -1.91893466  -3.05882241
  -1.93179511  -3.07002686
  -1.93370541  -3.07181596
  -1.94822827  -3.08417163
  -1.94918612  -3.08505932
  -1.96321396  -3.09784476
  -1.96511543  -3.09963893
  -1.97800089  -3.11174951
  -1.98156339  -3.11468048
  -1.99254875  -3.12406285
  -1.99821538  -3.12949207
  -2.00756532  -3.13771697
  -2.01486807  -3.14430445
  -2.02253570  -3.15141153
  -2.03174809  -3.15887899
  -2.03714978  -3.16366513
  -2.04817097  -3.17392431
  -2.05201418  -3.17749262
  -2.06502326  -3.18853772
  -2.06693400  -3.19032539
  -2.08145844  -3.20268373
  -2.08241641  -3.20357156
  -2.09667616  -3.21702572
  -2.09762701  -3.21792293
  -2.11122124  -3.22935360
  -2.11572192  -3.23319575
  -2.12588839  -3.24248443
  -2.13165112  -3.24779144
  -2.14089249  -3.25613950
  -2.14831029  -3.26260405
  -2.15568561  -3.26911758
  -2.16498894  -3.27740048
  -2.17055208  -3.28200690
  -2.18257024  -3.29221738
  -2.18538986  -3.29494456
  -2.19976624  -3.30656328
  -2.20068855  -3.30746191
  -2.21490812  -3.32097730
  -2.21586221  -3.32187061
  -2.22976485  -3.33481619
  -2.23161574  -3.33666827
  -2.24447185  -3.34788760
  -2.24897311  -3.35173038
  -2.25903698  -3.36111612
  -2.26551250  -3.36675084
  -2.27382869  -3.37409425
  -2.28210573  -3.38153050
  -2.28880417  -3.38782968
  -2.29824698  -3.39594093
  -2.30364953  -3.40073055
  -2.31484969  -3.41082897
  -2.31843406  -3.41372372
  -2.33227400  -3.42584159
  -2.33321055  -3.42672759
  -2.34796920  -3.43976428
  -2.34892742  -3.44065240
  -2.36296097  -3.45344240
  -2.36558404  -3.45546747
  -2.37784869  -3.46631872
  -2.38170280  -3.46984173
  -2.39252866  -3.47942997
  -2.39818876  -3.48487218
  -2.40741921  -3.49323739
  -2.41483900  -3.49970413
  -2.42221637  -3.50621956
  -2.43152326  -3.51450133
  -2.43700708  -3.51921034
  -2.44818413  -3.52932283
  -2.45194396  -3.53296456
  -2.46480977  -3.54418452
  -2.46672219  -3.54596745
  -2.48075193  -3.55876496
  -2.48171030  -3.55965323
  -2.49624597  -3.57201463
  -2.49814847  -3.57380996
  -2.51079659  -3.58434271
  -2.51552996  -3.58885954
  -2.52570002  -3.59815613
  -2.53146519  -3.60346585
  -2.54071062  -3.61181710
  -2.54813149  -3.61828501
  -2.55550998  -3.62480147
  -2.56481886  -3.63308265
  -2.57030285  -3.63779477
  -2.58148222  -3.64790683
  -2.58529774  -3.65147846
  -2.59814591  -3.66273137
  -2.60002261  -3.66455598
  -2.61405427  -3.67735678
  -2.61501279  -3.67824521
  -2.62990259  -3.69110393
  -2.63089210  -3.69195100
  -2.64433460  -3.70361118
  -2.64812189  -3.70722530
  -2.65912757  -3.71660421
  -2.66550183  -3.72227942
  -2.67379251  -3.72975672
  -2.68144420  -3.73688778
  -2.68905384  -3.74406943
  -2.69741533  -3.75145019
  -2.70384869  -3.75706320
  -2.71492172  -3.76635211
  -2.71873612  -3.76998819
  -2.73217451  -3.78161356
  -2.73311272  -3.78249391
  -2.74787737  -3.79554063
  -2.74883604  -3.79642924
  -2.76334933  -3.80962532
  -2.76431182  -3.81051154
  -2.77799858  -3.82276443
  -2.78162621  -3.82563624
  -2.79255216  -3.83512597
  -2.79903392  -3.84068710
  -2.80749075  -3.84889372
  -2.81479098  -3.85549701
  -2.82215913  -3.86203212
  -2.83148805  -3.87028986
  -2.83709683  -3.87487377
  -2.84814116  -3.88514202
  -2.85172733  -3.88806394
  -2.86481028  -3.89997234
  -2.86670989  -3.90177080
  -2.88095959  -3.91434141
  -2.88193136  -3.91521619
  -2.89634881  -3.92771941
  -2.89903634  -3.92968670
  -2.91101305  -3.94087149
  -2.91551771  -3.94471790
  -2.92581109  -3.95386921
  -2.93147489  -3.95931548
  -2.94084631  -3.96754066
  -2.94814780  -3.97414529
  -2.95560444  -3.98058153
  -2.96506401  -3.98873100
  -2.97045746  -3.99352617
  -2.98238140  -4.00386715
  -2.98524942  -4.00653443
  -2.99833262  -4.01844551
  -3.00026176  -4.02022659
  -3.01479388  -4.03260113
  -3.01574889  -4.03349544
  -3.02980940  -4.04628906
  -3.03242660  -4.04832281
  -3.04449331  -4.05942286
  -3.04835060  -4.06294930
  -3.05941883  -4.07321492
  -3.06485222  -4.07798570
  -3.07408877  -4.08636438
  -3.08224170  -4.09306723
  -3.08875810  -4.09861084
  -3.09914224  -4.10763816
  -3.10390826  -4.11212285
  -3.11512270  -4.12224233
  -3.11890426  -4.12582018
  -3.13179781  -4.13707894
  -3.13342049  -4.13823953
  -3.14770793  -4.15170370
  -3.14867931  -4.15257971
  -3.16320456  -4.16497860
  -3.16510366  -4.16678202
  -3.17800450  -4.17798940
  -3.18250196  -4.18184597
  -3.19291054  -4.19179807
  -3.19843650  -4.19647359
  -3.20762917  -4.20491010
  -3.21493337  -4.21151761
  -3.22239123  -4.21796179
  -3.23185686  -4.22610731
  -3.23731710  -4.23082794
  -3.24853478  -4.24094684
  -3.25204852  -4.24392174
  -3.26513560  -4.25584160
  -3.26706633  -4.25762061
  -3.28160352  -4.27000178
  -3.28255890  -4.27089648
  -3.29662515  -4.28369475
  -3.29924331  -4.28572945
  -3.31131379  -4.29683732
  -3.31517258  -4.30036534
  -3.32610700  -4.30986130
  -3.33259348  -4.31542735
  -3.34122271  -4.32342577
  -3.34876271  -4.32976398
  -3.35610133  -4.33639140
  -3.36529184  -4.34483559
  -3.37075200  -4.34956024
  -3.38266761  -4.35991079
  -3.38529632  -4.36195752
  -3.39951331  -4.37457141
  -3.40047287  -4.37546095
  -3.41525806  -4.38850435
  -3.41621050  -4.38940329
  -3.43007235  -4.40243856
  -3.43269101  -4.40447377
  -3.44487845  -4.41545476
  -3.44866308  -4.41908178
  -3.45955989  -4.42861232
  -3.46604769  -4.43417972
  -3.47484324  -4.44201050
  -3.48225788  -4.44850615
  -3.48956104  -4.45514716
  -3.49944871  -4.46382434
  -3.50391756  -4.46771868
  -3.51531871  -4.47854082
  -3.51895253  -4.48141829
  -3.53204373  -4.49334754
  -3.53397630  -4.49512438
  -3.54851901  -4.50751270
  -3.54947479  -4.50840782
  -3.56354734  -4.52121113
  -3.56616654  -4.52324686
  -3.57835674  -4.53423020
  -3.58214220  -4.53785809
  -3.59340485  -4.54792002
  -3.59883493  -4.55270275
  -3.60793455  -4.56031731
  -3.61569433  -4.56732059
  -3.62304912  -4.57393213
  -3.63224487  -4.58237778
  -3.63770472  -4.58711081
  -3.64893327  -4.59722811
  -3.65267855  -4.60088579
  -3.66627662  -4.61237301
  -3.66724187  -4.61325559
  -3.68152456  -4.62674681
  -3.68249069  -4.62763059
  -3.69726961  -4.63977449
  -3.69917067  -4.64157976
  -3.71186420  -4.65303559
  -3.71565052  -4.65666439
  -3.72676725  -4.66595192
  -3.73324259  -4.67153979
  -3.74159224  -4.67896279
  -3.74924870  -4.68611772
  -3.75656678  -4.69274743
  -3.76576534  -4.70119388
  -3.77139354  -4.70668292
  -3.78233288  -4.71616193
  -3.78623590  -4.71964792
  -3.79915024  -4.73090279
  -3.80100126  -4.73274656
  -3.81554995  -4.74514254
  -3.81650617  -4.74603812
  -3.83058561  -4.75884689
  -3.83248678  -4.76065249
  -3.84552201  -4.77268355
  -3.84830476  -4.77546867
  -3.85999660  -4.78695664
  -3.86361487  -4.79075396
  -3.87465503  -4.80197425
  -3.87753118  -4.80560385
  -3.88777704  -4.82035707
  -3.88972607  -4.82579871
  -3.89313036  -4.83517358
  -3.89414399  -4.84988116
  -3.89491089  -4.86469070
  -3.89492995  -4.87952578
  -3.89586633  -4.89440096
  -3.89589487  -4.90919796
  -3.89591411  -4.92403377
  -3.89610641  -4.93889686
  -3.89616840  -4.95370589
  -3.89618693  -4.96854244
  -3.89620552  -4.98337924
  -3.89693785  -4.99821786
  -3.89666030  -5.01305191
  -3.89630904  -5.02786909
  -3.89699682  -5.04273052
  -3.89519420  -5.05749334
  -3.88986893  -5.07133163
  -3.88919766  -5.07235267
  -3.87901775  -5.08711288
  -3.87543091  -5.09091897
  -3.86359293  -5.10225005
  -3.86079220  -5.10497650
  -3.84785585  -5.11705708
  -3.84594502  -5.11884675
  -3.83147163  -5.13124310
  -3.83051231  -5.13213182
  -3.81668937  -5.14515567
  -3.81477614  -5.14693962
  -3.80147264  -5.15860309
  -3.79860434  -5.16127489
  -3.78691561  -5.17092578
  -3.78051912  -5.17651665
  -3.77234265  -5.18411706
  -3.76424372  -5.19171489
  -3.75771364  -5.19734207
  -3.74790709  -5.20597307
  -3.74243743  -5.21066661
  -3.73123638  -5.22075868
  -3.72750392  -5.22440357
  -3.71549927  -5.23556537
  -3.71252285  -5.23905030
  -3.70159141  -5.25033244
  -3.69804142  -5.25329801
  -3.68404724  -5.26523127
  -3.68307655  -5.26610068
  -3.66823376  -5.27809621
  -3.66553687  -5.28004938
  -3.65362900  -5.28942710
  -3.64790399  -5.29478629
  -3.63860273  -5.30306778
  -3.63124383  -5.30958276
  -3.62408047  -5.31630505
  -3.61483631  -5.32477341
  -3.60903227  -5.32997839
  -3.59795816  -5.33927105
  -3.59437633  -5.34217778
  -3.58058524  -5.35431805
  -3.57961163  -5.35520288
  -3.56553158  -5.36884417
  -3.56460619  -5.36977032
  -3.55009895  -5.38214557
  -3.54818810  -5.38393234
  -3.53514364  -5.39496494
  -3.53131962  -5.39852820
  -3.52035475  -5.40794766
  -3.51463002  -5.41330753
  -3.50575388  -5.42111381
  -3.49804248  -5.42826579
  -3.49044272  -5.43539136
  -3.48223545  -5.44292420
  -3.47587518  -5.44861751
  -3.46489322  -5.45804901
  -3.46109062  -5.46161194
  -3.44823000  -5.47284143
  -3.44631760  -5.47462339
  -3.43194373  -5.48713524
  -3.43097845  -5.48801713
  -3.41681525  -5.50066261
  -3.41490888  -5.50245440
  -3.40187573  -5.51349860
  -3.39805188  -5.51706233
  -3.38708737  -5.52648300
  -3.38066269  -5.53205724
  -3.37219860  -5.54026990
  -3.36493091  -5.54687686
  -3.35749877  -5.55337658
  -3.34827269  -5.56169527
  -3.34272435  -5.56639058
  -3.33069316  -5.57656746
  -3.32791211  -5.57929156
  -3.31478612  -5.59119690
  -3.31287365  -5.59295351
  -3.29836326  -5.60536858
  -3.29737813  -5.60622182
  -3.28331756  -5.61895420
  -3.28143136  -5.62076843
  -3.26861395  -5.63204780
  -3.26406300  -5.63584038
  -3.25382602  -5.64503399
  -3.24810172  -5.65039532
  -3.23919334  -5.65817146
  -3.23152711  -5.66535739
  -3.22402547  -5.67168255
  -3.21408363  -5.68025029
  -3.20963428  -5.68417761
  -3.19743456  -5.69512524
  -3.19458067  -5.69780540
  -3.18077628  -5.70993332
  -3.17981955  -5.71083438
  -3.16506447  -5.72384319
  -3.16411818  -5.72474659
  -3.15020907  -5.73679853
  -3.14728830  -5.73939352
  -3.13551300  -5.74983786
  -3.13018252  -5.75470707
  -3.12065715  -5.76280014
  -3.11229716  -5.76931532
  -3.10580271  -5.77477119
  -3.09310499  -5.78444759
  -3.09093473  -5.78592450
  -3.07627810  -5.79446525
  -3.06801018  -5.79935169
  -3.06137957  -5.80275133
  -3.04687697  -5.80984590
  -3.03838459  -5.81415006
  -3.03175455  -5.81755081
  -3.01694220  -5.82495074
  -3.01036252  -5.82845231
  -3.00231663  -5.83261983
  -2.98741222  -5.84003266
  -2.98083213  -5.84321930
  -2.97246882  -5.84797975
  -2.95778845  -5.85483256
  -2.95120714  -5.85802439
  -2.94301220  -5.86302221
  -2.92800220  -5.87024261
  -2.92233401  -5.87271315
  -2.91303288  -5.87815580
  -2.89854913  -5.88524630
  -2.89305774  -5.88813991
  -2.88373171  -5.89276258
  -2.86892542  -5.90004787
  -2.86420293  -5.90264765
  -2.85401685  -5.90821914
  -2.83914185  -5.91551324
  -2.83541558  -5.91731320
  -2.82439609  -5.92302568
  -2.80958583  -5.93042913
  -2.80671664  -5.93209554
  -2.79470876  -5.93859534
  -2.77996663  -5.94616453
  -2.77732800  -5.94736647
  -2.76504039  -5.95335876
  -2.75031988  -5.96087061
  -2.74931057  -5.96165304
  -2.73542101  -5.96816686
  -2.72069963  -5.97567892
  -2.71969032  -5.97646138
  -2.70580299  -5.98390361
  -2.69123007  -5.99078268
  -2.69018639  -5.99149204
  -2.67611337  -5.99855062
  -2.66179255  -6.00584394
  -2.66073081  -6.00654309
  -2.64649543  -6.01428839
  -2.63270395  -6.02095227
  -2.63168604  -6.02169339
  -2.61694846  -6.02926071
  -2.60490396  -6.03567748
  -2.60206849  -6.03743198
  -2.58737393  -6.04504351
  -2.57717137  -6.05057855
  -2.57251740  -6.05328552
  -2.55764313  -6.06150500
  -2.55023861  -6.06520788
  -2.54268117  -6.07057126
  -2.53063298  -6.07982157
  -2.52827199  -6.09478339
         
