# shadow point cont 3D ind 64  size 1285
# norm  0.5358268 -0.8443279  0.0000000
# angle  1.0053096
   1.80073295140070    1.14277988068251   -6.09524337459491
   1.80326351729428    1.14438582663229   -6.08026331357646
   1.80893427057870    1.14798459609819   -6.07453769062840
   1.81755875521454    1.15345786047946   -6.06535045453282
   1.82143530254740    1.15591799222474   -6.06259261005342
   1.83398009374347    1.16387915880143   -6.05339183473604
   1.83785001841670    1.16633508767910   -6.05054466430172
   1.84649715532376    1.17182272762883   -6.04416571642393
   1.85683407400621    1.17838273570186   -6.03603985594117
   1.85912988620050    1.17983970242389   -6.03418218910568
   1.87151233364768    1.18769784252470   -6.02474426049495
   1.87690967022268    1.19112309647053   -6.02090098427579
   1.88400026849728    1.19562292696673   -6.01544914497300
   1.89627220031536    1.20341093171663   -6.00667883580130
   1.89711625159891    1.20394658294929   -6.00587662113057
   1.90886817819072    1.21140458234777   -5.99761684104061
   1.91757289486551    1.21692876352925   -5.99123268962195
   1.92139453673921    1.21935405121060   -5.98836631738062
   1.93366509338869    1.22714118325197   -5.97960057960173
   1.93844797489239    1.23017649215208   -5.97607938058579
   1.94631617293855    1.23516980246908   -5.97063042042902
   1.95816174492522    1.24268723104226   -5.96161979804758
   1.95904444849478    1.24324741176152   -5.96086223939418
   1.97130117398900    1.25102576628485   -5.95207163093586
   1.97907540751522    1.25595944490421   -5.94643950884947
   1.98387323915925    1.25900424145188   -5.94296766721706
   1.99634300636367    1.26691779635568   -5.93455679875397
   1.99957167100353    1.26896676924144   -5.93198201197978
   2.00901611447338    1.27496039532197   -5.92468817781569
   2.01978185717831    1.28179254339491   -5.91695422542349
   2.02130427513798    1.28275869921105   -5.91595080146343
   2.03387018427974    1.29073326764359   -5.90682878104959
   2.04019304799272    1.29474587897159   -5.90234789773769
   2.04652178935152    1.29876222036705   -5.89783426268029
   2.05892469925688    1.30663334633870   -5.88834992474660
   2.06040963708470    1.30757571653989   -5.88730439090000
   2.07121365493365    1.31443215475784   -5.87963823969857
   2.08080223340714    1.32051725169314   -5.87271856997687
   2.08414014381547    1.32263555405174   -5.87033396227452
   2.09654287052627    1.33050656376457   -5.86175506206762
   2.10192931334161    1.33392490432030   -5.85789148768148
   2.10903148924331    1.33843208220208   -5.85246218619761
   2.12129441074558    1.34621436883168   -5.84367380077189
   2.12213636565758    1.34674868966650   -5.84287171073392
   2.13388762884181    1.35420626805373   -5.83461438563882
   2.14262027279939    1.35974817242780   -5.82822082247277
   2.14641791668308    1.36215823052159   -5.82536706132600
   2.15915074426660    1.37023872861840   -5.81458937392332
   2.16056312919269    1.37113505534805   -5.81342635873014
   2.17138487643863    1.37800274498347   -5.80397597392255
   2.17697431030338    1.38154990757639   -5.79860329143199
   2.18415259513789    1.38610538565564   -5.79236022167553
   2.19479397999683    1.39285861383971   -5.78355320501245
   2.19644358999190    1.39390548817601   -5.78183437663552
   2.20871656481500    1.40169415483702   -5.77129400335827
   2.21184162533636    1.40367737854987   -5.76851518557904
   2.22148436710095    1.40979684855491   -5.75971730096155
   2.22851658878001    1.41425963213705   -5.75416153597489
   2.23415745492820    1.41783943464956   -5.74883201255679
   2.24557752024863    1.42508682848111   -5.73909835238523
   2.24640564969955    1.42561237541153   -5.73824596785000
   2.25887937736325    1.43352844369923   -5.72708285618573
   2.26198058338540    1.43549652888654   -5.72425509339414
   2.27129983060943    1.44141070301350   -5.71585564296642
   2.27851960347433    1.44599251019745   -5.70970672479902
   2.28390683129644    1.44941134893363   -5.70490256972302
   2.29507639482783    1.45649976949580   -5.69522879010073
   2.29691028925987    1.45766359429203   -5.69357028141219
   2.30895330065369    1.46530632172309   -5.68276788340870
   2.31276578415508    1.46772579732464   -5.67980466624619
   2.32123764616489    1.47310220444219   -5.67221701023402
   2.32916568629449    1.47813349170014   -5.66495438523572
   2.33396509291150    1.48117928775606   -5.66056512017837
   2.34591115140267    1.48876048700415   -5.65079176302958
   2.34684987034384    1.48935621615918   -5.64997048383926
   2.35893194747769    1.49702373546274   -5.63918977866774
   2.36355146692697    1.49995537165063   -5.63535933727875
   2.37146778938581    1.50497922264859   -5.62815348187245
   2.38016677816661    1.51049976879801   -5.62075706296231
   2.38403373547506    1.51295381452873   -5.61708670398434
   2.39591633719553    1.52049474288557   -5.60634475919204
   2.39685679813547    1.52109157754665   -5.60552411305377
   2.40880690523659    1.52867534612074   -5.59546337954975
   2.41368863068958    1.53177338329852   -5.59117755645016
   2.42167960792476    1.53684461165820   -5.58400229939183
   2.43017499813989    1.54223595022889   -5.57631090284211
   2.43412329889475    1.54474161808043   -5.57281280450349
   2.44633807504548    1.55249335074086   -5.56215001590608
   2.44715143464504    1.55300952443859   -5.56129922973532
   2.45885411869250    1.56043627356817   -5.55106173181791
   2.46418822122773    1.56382139797211   -5.54623507015381
   2.47129198429238    1.56832958309812   -5.53986711674952
   2.48140858381475    1.57474977238053   -5.53146341812906
   2.48393280765147    1.57635169353864   -5.52900561119830
   2.49642317493268    1.58427832164871   -5.51876936699815
   2.49872032235717    1.58573613573359   -5.51684365664880
   2.50884533137613    1.59216166184484   -5.50752001032227
   2.51498690245406    1.59605922136813   -5.50180552041453
   2.52129732319198    1.60006393614403   -5.49634945504573
   2.53218471079271    1.60697328241530   -5.48700324732782
   2.53366834676364    1.60791482643298   -5.48594649755874
   2.54642851983400    1.61601267850344   -5.47432540459340
   2.54872571305600    1.61747052165230   -5.47239980471440
   2.55872379550211    1.62381549771105   -5.46381715546001
   2.56579259401852    1.62830149366001   -5.45739180849258
   2.57124422813061    1.63176120587069   -5.45273496616917
   2.58232415452621    1.63879274097671   -5.44276814376254
   2.58378528297712    1.63972000128785   -5.44168616855597
   2.59624747489450    1.64762874876831   -5.43051455290792
   2.59937289735014    1.64961220217164   -5.42773704498506
   2.60859881568300    1.65546714798324   -5.42008010699435
   2.61590595701895    1.66010440088492   -5.41320630566111
   2.62143912533727    1.66361585627628   -5.40859185076970
   2.63311276979575    1.67102417632231   -5.39833416694208
   2.63394095713402    1.67154975998915   -5.39748218826062
   2.64622853941230    1.67934769682311   -5.38696280488342
   2.65016967900991    1.68184882006607   -5.38331091750621
   2.65877349724516    1.68730896915072   -5.37591913815975
   2.66671306128437    1.69234756970409   -5.36865980523553
   2.67144684626791    1.69535172100507   -5.36415413772748
   2.68323683599291    1.70283387600241   -5.35417795201080
   2.68415050798733    1.70341370988168   -5.35331336614427
   2.69623697825430    1.71108401715230   -5.34252631185110
   2.70082741261024    1.71399719537869   -5.33865629847441
   2.70878190248175    1.71904526815327   -5.33148316460185
   2.71730930567873    1.72445692278001   -5.32399383845247
   2.72132641491296    1.72700625782040   -5.32044821569211
   2.73372321925959    1.73487350908665   -5.31009736301820
   2.73453889472619    1.73539115247829   -5.30922293679991
   2.74605743258393    1.74270103888230   -5.29873050782350
   2.75083661339942    1.74573399925426   -5.29422225605622
   2.75871166061997    1.75073165618949   -5.28782731607494
   2.76892566268365    1.75721365900426   -5.27960787601796
   2.77138396900428    1.75877374763461   -5.27699932646367
   2.78385761876356    1.76668976648265   -5.26587013745739
   2.78470613817555    1.76722825327585   -5.26502195009832
   2.79630580189672    1.77458962371832   -5.25466273291399
   2.80174501211933    1.77804145148899   -5.24998619307913
   2.80884463253181    1.78254700760799   -5.24361920938005
   2.81894972262476    1.78895989278439   -5.23519640343700
   2.82144284671590    1.79054207744380   -5.23265966718351
   2.83382712466306    1.79840137921522   -5.22228816327166
   2.83611178325742    1.79985126764750   -5.22034640146278
   2.84619135404329    1.80624795777918   -5.21093853104064
   2.85318968972774    1.81068923665522   -5.20535107258885
   2.85867506888947    1.81417036412560   -5.20072966036482
   2.86988313266495    1.82128321768563   -5.19098292440875
   2.87134451286750    1.82221063776321   -5.18990125013582
   2.88399478379687    1.83023874381416   -5.17810241361045
   2.88629235542373    1.83169682710605   -5.17617748716507
   2.89629291607421    1.83804337588111   -5.16759808814530
   2.90329728842323    1.84248848574098   -5.16108903277364
   2.90881344168292    1.84598914304779   -5.15559213156635
   2.91834007850431    1.85203493061534   -5.14648600731005
   2.92154750874491    1.85407042774155   -5.14194086411982
   2.92885602646304    1.85870855412192   -5.13180949712922
   2.93383003882046    1.86186515835016   -5.11947152360294
   2.93465401907209    1.86238807211864   -5.11669162825564
   2.93693446310680    1.86383528591004   -5.10184154869717
   2.93733069645857    1.86408674324140   -5.08698080030878
   2.93768846670833    1.86431379114598   -5.07216941179025
   2.93806673375035    1.86455384671048   -5.05733486301219
   2.93766038043399    1.86429596705429   -5.04249700431736
   2.93764639940284    1.86428709442212   -5.02766117403014
   2.93802491513203    1.86452730780830   -5.01282735473684
   2.93800374496946    1.86451387281459   -4.99801959600089
   2.93721511736883    1.86401339452066   -4.98315568043919
   2.93720135396088    1.86400465999637   -4.96832083596219
   2.93718763359226    1.86399595278568   -4.95348623640984
   2.93678117315665    1.86373800514955   -4.93865014629524
   2.93716032201248    1.86397862033010   -4.92381776904941
   2.93714673082118    1.86396999509783   -4.90898389972652
   2.93712623534047    1.86395698827026   -4.89417786172308
   2.93633757255884    1.86345648764978   -4.87931567530493
   2.93698015240232    1.86386428121866   -4.86448390212569
   2.93631069970461    1.86343943361791   -4.84964963114830
   2.93629732793420    1.86343094763436   -4.83481696773803
   2.93587446679972    1.86316259179824   -4.81998242113283
   2.93548862894023    1.86291773164688   -4.80515116416699
   2.93547539044471    1.86290933024216   -4.79031921678430
   2.93545166113967    1.86289427116726   -4.77554331025639
   2.93387776489531    1.86189544623825   -4.76080117178739
   2.93309330547771    1.86139761315370   -4.75801913220711
   2.92926543686842    1.85896837386579   -4.74614792742700
   2.92059156756369    1.85346376902063   -4.73315419426341
   2.91905733096624    1.85249011286889   -4.73126789809336
   2.90834806548305    1.84569380633074   -4.71990957929984
   2.90516525079512    1.84367393070927   -4.71625329389449
   2.89562151738908    1.83761729331918   -4.70629554218252
   2.89163299100722    1.83508609750849   -4.70167136080231
   2.88312527848702    1.82968693896521   -4.69321961542680
   2.87699057254785    1.82579373619145   -4.68657580812779
   2.87068521129615    1.82179223226313   -4.68014093007489
   2.86290267932334    1.81685328728944   -4.67171586746691
   2.85829578391026    1.81392966255853   -4.66695983954033
   2.84881621040612    1.80791374228032   -4.65686948420984
   2.84579417222816    1.80599589853466   -4.65394103609874
   2.83394711188880    1.79847752542414   -4.64200340678742
   2.83316446103695    1.79798084009031   -4.64107550064526
   2.82067792389464    1.79005664266030   -4.62806175430405
   2.81986100421160    1.78953820966490   -4.62715505182059
   2.80796564004787    1.78198918201529   -4.61443000423233
   2.80637894825239    1.78098223678262   -4.61260603780934
   2.79542434592626    1.77403023474954   -4.60143210130528
   2.79160988334706    1.77160950318701   -4.59778656349505
   2.78291684129547    1.76609273094671   -4.58837620686877
   2.77750834126362    1.76266039245573   -4.58285303119616
   2.77039771668435    1.75814785288013   -4.57544495526003
   2.76335507593355    1.75367845715401   -4.56796165900884
   2.75789150401436    1.75021116898057   -4.56244863345340
   2.74851123188359    1.74425826727017   -4.55313216845028
   2.74545430958683    1.74231828538955   -4.55024998869370
   2.73379215415336    1.73491725650051   -4.53809506521891
   2.73297760704333    1.73440032918573   -4.53721283298941
   2.72050503255618    1.72648499272612   -4.52414495875770
   2.71970480393363    1.72597715219980   -4.52322749815481
   2.70805521472712    1.71858409808089   -4.51107010447943
   2.70562161278563    1.71703968732628   -4.50838280927829
   2.69530254108270    1.71049100529086   -4.49749746404947
   2.69137430066791    1.70799806811824   -4.49373317200660
   2.68276012571198    1.70253134645879   -4.48451834467303
   2.67729192969779    1.69906112374543   -4.47888923443507
   2.67037570140903    1.69467195180716   -4.47228127262968
   2.66259811145548    1.68973614313425   -4.46387340120387
   2.65774805108135    1.68665820122657   -4.45853298816044
   2.64909736031379    1.68116830592839   -4.44929217768267
   2.64520552570739    1.67869847258432   -4.44555480007179
   2.63365298049747    1.67136700445835   -4.43418449812445
   2.63283857812784    1.67085016899862   -4.43330245101002
   2.62036730443087    1.66293565804557   -4.42023847789926
   2.61956634448125    1.66242735340498   -4.41932217184934
   2.60780213361074    1.65496155816618   -4.40734334615386
   2.60536062102876    1.65341212716646   -4.40470068443661
   2.59524832753211    1.64699467057105   -4.39438937354243
   2.59062820041899    1.64406264874796   -4.38965391864603
   2.58274143646565    1.63905755614800   -4.38139398847502
   2.57593080703467    1.63473539928267   -4.37458644413676
   2.57024729202919    1.63112853098232   -4.36838469463797
   2.56233213737910    1.62610542109832   -4.36017270900345
   2.55787217480077    1.62327504277979   -4.35612949726287
   2.54761486146619    1.61676555379671   -4.34514503037200
   2.54514361668550    1.61519725416993   -4.34255926289723
   2.53337698559789    1.60772992301464   -4.33048245739739
   2.53260244766714    1.60723838629711   -4.32959109494845
   2.52026063679142    1.59940603494874   -4.31726183978720
   2.51866330277669    1.59839233595837   -4.31543749313582
   2.50762859784261    1.59138949926450   -4.30351896228352
   2.50522870008091    1.58986647783278   -4.30080986454977
   2.49532650874742    1.58358235612458   -4.29117365757009
   2.48989900631522    1.58013795834364   -4.28554480725576
   2.48282149591682    1.57564643366624   -4.27817859683606
   2.47565114669983    1.57109599168301   -4.27093055942501
   2.47025786922787    1.56767331372229   -4.26526154232865
   2.46157471865186    1.56216281880328   -4.25609478176613
   2.45756692296689    1.55961939432098   -4.25158641566052
   2.44737576428335    1.55315188835607   -4.24146736139303
   2.44498424253390    1.55163418250338   -4.23865860263183
   2.43328990502199    1.54421273024632   -4.22662611954412
   2.43249673460909    1.54370936899605   -4.22572347220117
   2.42015615319829    1.53587779788985   -4.21339764084121
   2.41855833944413    1.53486379444758   -4.21157447363559
   2.40767340231626    1.52795600329367   -4.20132332953309
   2.40353850386658    1.52533191694412   -4.19692991042128
   2.39497224055339    1.51989560093773   -4.18763666862951
   2.38963281129950    1.51650709609533   -4.18191588480442
   2.38253992744442    1.51200581512566   -4.17457444994171
   2.37555378805526    1.50757227625397   -4.16707532789919
   2.37016135602881    1.50415013482929   -4.16140740124843
   2.36069894186344    1.49814510419859   -4.15224244379082
   2.35748470077198    1.49610528477499   -4.14864903968769
   2.34661787519138    1.48920898755850   -4.13739848576770
   2.34505390720340    1.48821646329258   -4.13554443874205
   2.33274697819058    1.48040624864754   -4.12322964753937
   2.33192741926230    1.47988614073618   -4.12235560114609
   2.32006733007285    1.47235949926596   -4.10955352023486
   2.31848711216150    1.47135666248509   -4.10775289473887
   2.30777413180512    1.46455799841672   -4.09722512095684
   2.30380906457818    1.46204169023845   -4.09266663145823
   2.29501360267445    1.45645992038353   -4.08366036359430
   2.28954922228849    1.45299211914147   -4.07807693653614
   2.28245740798281    1.44849151692849   -4.07073688383341
   2.27486884821864    1.44367567046158   -4.06300879951743
   2.27027533994748    1.44076054146927   -4.05824789351369
   2.26077900615901    1.43473398479119   -4.04819067117807
   2.25749897267709    1.43265241224697   -4.04470865999991
   2.24654677248151    1.42570193465229   -4.03357793847446
   2.24493029449232    1.42467608652630   -4.03180276612590
   2.23287656737819    1.41702655869234   -4.02007354364597
   2.23122409823111    1.41597786988300   -4.01830072654836
   2.22018875826787    1.40897463018737   -4.00640522747739
   2.21776216712988    1.40743466862395   -4.00371667338385
   2.20745269895382    1.40089208117201   -3.99374178991736
   2.20276017458634    1.39791411465421   -3.98907626706713
   2.19501202816476    1.39299699141487   -3.98065694080523
   2.18886461314299    1.38909572321204   -3.97402800794014
   2.18258319821485    1.38510941608277   -3.96757798164634
   2.17463300789576    1.38006407188712   -3.95943054815743
   2.17002197032872    1.37713781846538   -3.95467381072066
   2.16055707793633    1.37113121510399   -3.94459752742289
   2.15745885452566    1.36916502273947   -3.94178958307069
   2.14570160541945    1.36170364557064   -3.92976518991709
   2.14491246129428    1.36120283948026   -3.92883180184704
   2.13264348217992    1.35341670857313   -3.91647520201466
   2.13103783454253    1.35239773359738   -3.91469831262312
   2.12006833217531    1.34543627571069   -3.90359501898090
   2.11678896263194    1.34335512451469   -3.90011387390632
   2.10732940331641    1.33735190562679   -3.89001378207508
   2.10270238647768    1.33441551145087   -3.88527391119489
   2.09495589017112    1.32949943540637   -3.87685540594586
   2.08866461302649    1.32550686952419   -3.87046429939749
   2.08254115386735    1.32162080417408   -3.86468762365740
   2.07395445127669    1.31617151700777   -3.85540301305667
   2.07006400018011    1.31370256166573   -3.85167079402129
   2.05972341632780    1.30714022760518   -3.84079985179330
   2.05749994137259    1.30572916749100   -3.83878240470034
   2.04565248027944    1.29821054005438   -3.82597214226785
   2.04484506177420    1.29769813668977   -3.82509456026004
   2.03238040403473    1.28978782435101   -3.81205087473945
   2.03158256523905    1.28928150045494   -3.81114527498198
   2.01996734376097    1.28191025675970   -3.79988692730664
   2.01614036416681    1.27948158165795   -3.79608273486432
   2.00728561760819    1.27386218861698   -3.78622724681244
   2.00265820106403    1.27092554078028   -3.78148937035807
   1.99486171557647    1.26597774063685   -3.77408619221814
   1.98780924901195    1.26150210925973   -3.76666401891683
   1.98242688990883    1.25808636030657   -3.76100432992223
   1.97439873365121    1.25299153742179   -3.75204642412949
   1.96985335135203    1.25010695010001   -3.74814257460115
   1.95907415293617    1.24326626277325   -3.73679187380459
   1.95746265903657    1.24224357764669   -3.73500447568663
   1.94548730101905    1.23464378435377   -3.72239894846216
   1.94466667717003    1.23412300062316   -3.72145388568593
   1.93258964164616    1.22645868082258   -3.70980097337175
   1.93017386426309    1.22492558187671   -3.70713605282564
   1.91993493724669    1.21842776120596   -3.69611532028741
   1.91610740377583    1.21599873460336   -3.69231298432745
   1.90732251929217    1.21042367738333   -3.68330518273836
   1.90184583786237    1.20694806966148   -3.67772143044973
   1.89477148195965    1.20245854688792   -3.67039237046837
   1.88777987283430    1.19802153681608   -3.66289902617829
   1.88248698987941    1.19466257115327   -3.65804564708065
   1.87294709537467    1.18860837000402   -3.64808219286154
   1.86973168723870    1.18656780995146   -3.64449062579258
   1.85843764267325    1.17940039132290   -3.63280089911684
   1.85763199793808    1.17888911362700   -3.63190733990501
   1.84487653903100    1.17079425325553   -3.61929297783247
   1.84404821758815    1.17026858448333   -3.61844067431822
   1.83239775212472    1.16287497427487   -3.60628146780552
   1.82937051015104    1.16095382810003   -3.60338003812349
   1.82028728448754    1.15518943781003   -3.59373943060239
   1.81550352969369    1.15215357470313   -3.58832525444302
   1.80749598970608    1.14707183530114   -3.58019889746231
   1.80122624428786    1.14309293386804   -3.57374643033262
   1.79494794485298    1.13910860389091   -3.56730053407590
   1.78700338140138    1.13406683061396   -3.55915580471213
   1.78229589747148    1.13107937046917   -3.55454918384631
   1.77278586962933    1.12504412328035   -3.54453003393487
   1.76979249420887    1.12314446947374   -3.54155113309459
   1.75823808844281    1.11581182060294   -3.52929735303892
   1.75740393425160    1.11528245025607   -3.52845866106820
   1.74501032941339    1.10741722945960   -3.51627335122558
   1.74342351431006    1.10641020597340   -3.51445936323602
   1.73238809912349    1.09940691853959   -3.50254030546965
   1.72936017995457    1.09748534260359   -3.49964051220158
   1.72004312466545    1.09157255952083   -3.48937319214872
   1.71549424722435    1.08868575411454   -3.48458861904597
   1.70755311499706    1.08364615835875   -3.47727836371638
   1.70043803228718    1.07913078956744   -3.47001035433074
   1.69495449393827    1.07565083031240   -3.46447414909465
   1.68685526616318    1.07051090407113   -3.45561934397405
   1.68220255198513    1.06755820186777   -3.45091668777125
   1.67230626932760    1.06127782991936   -3.44037884742552
   1.67002589781741    1.05983066215342   -3.43843028146960
   1.65795371830233    1.05216942406973   -3.42598470322749
   1.65713187267996    1.05164786497817   -3.42504184676894
   1.64501008098286    1.04395514204638   -3.41254610767473
   1.64342287707264    1.04294787181582   -3.41073298783974
   1.63258299071135    1.03606867074776   -3.39947358500961
   1.62877675631790    1.03365316095070   -3.39568315224851
   1.61999316910324    1.02807892700262   -3.38662882950174
   1.61450628501819    1.02459684447885   -3.38110444764678
   1.60743696952970    1.02011052044943   -3.37374908455975
   1.60044310025707    1.01567207604452   -3.36628918782901
   1.59496014419372    1.01219248631913   -3.36075378198824
   1.58622074711348    1.00664629628311   -3.35170121962456
   1.58240373541215    1.00422394699849   -3.34786880856974
   1.57215457941215    0.99771963481736   -3.33688527835425
   1.56973843979512    0.99618630599082   -3.33420571042023
   1.55751223408057    0.98842731990863   -3.32271824678260
   1.55671254983761    0.98791982485610   -3.32183590920290
   1.54523542541925    0.98063622021990   -3.30948202551481
   1.54219182716185    0.97870469403178   -3.30648952877469
   1.53220478492239    0.97236672430123   -3.29634641583781
   1.52824003273759    0.96985061605477   -3.29262250256919
   1.51968473462052    0.96442125877344   -3.28334090962696
   1.51433631005274    0.96102704533127   -3.27762301891902
   1.50757938709989    0.95673897163337   -3.27080570587983
   1.49968386638509    0.95172832182360   -3.26257957077670
   1.49489985221506    0.94869229411157   -3.25715020032616
   1.48562280803950    0.94280490285359   -3.24776619417654
   1.48242067433202    0.94077276700951   -3.24416510157583
   1.47077881964331    0.93338462136485   -3.23295370559344
   1.46997014676702    0.93287142195215   -3.23206597625140
   1.45752280531923    0.92497209886626   -3.21904132684566
   1.45671462559524    0.92445921241754   -3.21814269511128
   1.44505431112622    0.91705935184007   -3.20604477968411
   1.44267227154757    0.91554766355594   -3.20332336990625
   1.43263684466125    0.90917898799479   -3.19296673937385
   1.42802777783800    0.90625398524508   -3.18827915923343
   1.42003067992102    0.90117887258262   -3.18014877994918
   1.41376235177323    0.89720087057669   -3.17370136952495
   1.40748658374540    0.89321814707932   -3.16725897904954
   1.39970193456666    0.88827785848588   -3.15888988199418
   1.39501590560764    0.88530401407964   -3.15426095835507
   1.38486741976422    0.87886358912254   -3.14407572329199
   1.38265383898269    0.87745880804192   -3.14205183580670
   1.37080678497440    0.86994043894921   -3.12926489032315
   1.36999819003032    0.86942728899380   -3.12837727394052
   1.35759222578558    0.86155422467944   -3.11621422345890
   1.35597899796152    0.86053043917096   -3.11445002174706
   1.34495148395372    0.85353216597767   -3.10253330086585
   1.34252576020756    0.85199275487784   -3.09987053742806
   1.33236777253155    0.84554629987444   -3.08970440876926
   1.32766827134337    0.84256390573158   -3.08505913961581
   1.31993210694573    0.83765438651587   -3.07664626315687
   1.31315818830974    0.83335552702947   -3.06979748920821
   1.30740669148754    0.82970551615634   -3.06374686916117
   1.29896151267983    0.82434604271376   -3.05520809143713
   1.29516288891040    0.82193536276557   -3.05136732254269
   1.28429460945881    0.81503814289449   -3.04016848869543
   1.28268958916067    0.81401956604034   -3.03837469113275
   1.27083255660475    0.80649486436874   -3.02559405135146
   1.26999881650726    0.80596575681374   -3.02475593017935
   1.25760501062050    0.79810040842798   -3.01258715513873
   1.25601645034105    0.79709227741933   -3.01077685113286
   1.24499071265116    0.79009513151167   -2.99886076396032
   1.24256520417726    0.78855585702777   -2.99619831897568
   1.23245430743435    0.78213928683924   -2.98502643359031
   1.22927865566410    0.78012395694357   -2.98139017740350
   1.22031297068941    0.77443416024292   -2.97341943790234
   1.21305586772188    0.76982866265546   -2.96635139438859
   1.20757485497474    0.76635030619605   -2.96081874670558
   1.19883888072943    0.76080628835713   -2.95177029255937
   1.19502166039934    0.75838380667267   -2.94794155088927
   1.18416537567995    0.75149419889011   -2.93673334591836
   1.18255520085700    0.75047235087505   -2.93494782226608
   1.17030669378750    0.74269921192264   -2.92259334241354
   1.16948613952315    0.74217847235180   -2.92169830171866
   1.15770298874411    0.73470065748155   -2.90976942911973
   1.15528155632081    0.73316396973802   -2.90711563255786
   1.14540682987649    0.72689727777849   -2.89657770257109
   1.14142137386298    0.72436803048280   -2.89207683023960
   1.13271391556734    0.71884210941582   -2.88383445345917
   1.12638568820492    0.71482609421239   -2.87750071479748
   1.12022244054051    0.71091477830901   -2.87091610292788
   1.11246511749585    0.70599183140758   -2.86247271991297
   1.10770760106980    0.70297261967523   -2.85795708332677
   1.09763895825929    0.69658286464760   -2.84766254201593
   1.09518213328996    0.69502371611138   -2.84505544830092
   1.08360617501494    0.68767738960249   -2.83285085353261
   1.08280115144176    0.68716650610796   -2.83195818929138
   1.07040734767727    0.67930115906904   -2.81976613960323
   1.06874904300319    0.67824876692166   -2.81804878090598
   1.05758637213915    0.67116472057921   -2.80635747951954
   1.05455453728497    0.66924065967378   -2.80346603348582
   1.04524598546821    0.66333327305868   -2.79320475884724
   1.04069540406285    0.66044538628379   -2.78842883173502
   1.03258303835678    0.65529712245798   -2.78048225019944
   1.02625065317646    0.65127846862307   -2.77408520374756
   1.02028523359243    0.64749269823710   -2.76818668608534
   1.01178474933335    0.64209812688781   -2.75881818607351
   1.00779975424478    0.63956917210399   -2.75429624261117
   0.99848385235367    0.63365712098986   -2.74401753175784
   0.99522153285738    0.63158679008276   -2.74051766809896
   0.98426918783157    0.62463622057602   -2.72943993056051
   0.98280150727151    0.62370480216997   -2.72836649852829
   0.97024313878596    0.61573501918338   -2.71553498607048
   0.96944965859552    0.61523146134230   -2.71463258893706
   0.95788888765310    0.60789477300775   -2.70328496781349
   0.95403004461943    0.60544587675240   -2.69959630298310
   0.94525997795793    0.59988022320826   -2.69054058216543
   0.94036679316019    0.59677491370916   -2.68525413977588
   0.93255928119042    0.59182011594734   -2.67600161222300
   0.92787479739765    0.58884725213342   -2.67045012881311
   0.92006735484941    0.58389249842783   -2.66119772071902
   0.91538291247562    0.58091966089919   -2.65564630869122
   0.90772529398380    0.57605998843105   -2.64806591511399
   0.90004878442366    0.57118832732641   -2.64040913312920
   0.89531102384347    0.56818165303508   -2.63681102965156
   0.88324353025284    0.56052338872947   -2.62609293164031
   0.88241558657051    0.55999795969138   -2.62523293681378
   0.87016029598210    0.55222051578697   -2.61211025715219
   0.86873563964608    0.55131640138376   -2.61100284474362
   0.85790885302976    0.54444551366665   -2.59974793856979
   0.85409760919439    0.54202682478108   -2.59596820725313
   0.84532896988549    0.53646207706245   -2.58691277114490
   0.84043523393043    0.53335641778828   -2.58162742496301
   0.83289836972984    0.52857337832362   -2.57389562496410
   0.82578983006294    0.52406216187364   -2.56659309703654
   0.82031028108044    0.52058473434751   -2.56106269626774
   0.81095980497403    0.51465074176916   -2.55178999085331
   0.80775940284595    0.51261970481878   -2.54819154782907
   0.79690645213783    0.50573221286411   -2.53698739621015
   0.79529671864334    0.50471064492460   -2.53520256926454
   0.78304995449127    0.49693861206123   -2.52285455317936
   0.78223180449193    0.49641939828336   -2.52195759560124
   0.77060634415119    0.48904165680829   -2.50984761774772
   0.76822304475025    0.48752916901663   -2.50715181144805
   0.75786970152004    0.48095873760864   -2.49628133446768
   0.75397599578452    0.47848771680992   -2.49258089816059
   0.74540398464476    0.47304775312187   -2.48421967616336
   0.73972905870310    0.46944633560716   -2.47801016715150
   0.73267149207647    0.46496746763219   -2.47068232419065
   0.72567745614437    0.46052891746196   -2.46320851037168
   0.72030735247650    0.45712094604452   -2.45755198382664
   0.71103147094133    0.45123429262057   -2.44817547747112
   0.70794708892410    0.44927688427144   -2.44534375841324
   0.69681209038152    0.44221039931819   -2.43360352938241
   0.69523272085115    0.44120810093626   -2.43175548840407
   0.68312792600359    0.43352616453319   -2.41924243972524
   0.68231011177630    0.43300716384274   -2.41834540431948
   0.67053031778718    0.42553147925616   -2.40642254293159
   0.66809059294469    0.42398318279041   -2.40377307815949
   0.65778287813603    0.41744170805925   -2.39383978225391
   0.65307931459928    0.41445673587161   -2.38920252817726
   0.64546841318651    0.40962671096336   -2.38064608437685
   0.63921763857148    0.40565984876806   -2.37417020293303
   0.63294526770939    0.40167928117762   -2.36773303833967
   0.62438850853050    0.39624899667827   -2.35936976071449
   0.62059154336753    0.39383936931374   -2.35553158345856
   0.61033693419863    0.38733159644639   -2.34456942352447
   0.60793051309685    0.38580443517718   -2.34188050238347
   0.59628496614363    0.37841394635020   -2.32976924862461
   0.59547681225436    0.37790107629669   -2.32888232687253
   0.58303483787778    0.37000515925776   -2.31587142485297
   0.58223196083788    0.36949563799469   -2.31496931435084
   0.57078494735730    0.36223114234066   -2.30354057914341
   0.56751496226126    0.36015594669603   -2.29995695553737
   0.55805859625619    0.35415475434458   -2.29088474271661
   0.55257560034349    0.35067513933002   -2.28536998947666
   0.54562834281782    0.34626627563922   -2.27787143847610
   0.53852492291879    0.34175830829274   -2.27057048973506
   0.53315076423001    0.33834776348077   -2.26490553124096
   0.52447059084602    0.33283915794527   -2.25577091669679
   0.52058519833159    0.33037341287708   -2.25204590015468
   0.50981512482332    0.32353851639276   -2.24074230743289
   0.50821091784211    0.32252045568523   -2.23894982926541
   0.49637209419200    0.31500730973665   -2.22617283738837
   0.49556397690149    0.31449446290941   -2.22528598309912
   0.48316583664422    0.30662636384848   -2.21313277505106
   0.48096137807466    0.30522737189961   -2.21114351526251
   0.47061177345976    0.29865931308904   -2.20027480995205
   0.46671626335651    0.29618714720374   -2.19657594699979
   0.45807759445693    0.29070488121497   -2.18739159530676
   0.45266424062957    0.28726946241169   -2.18177696532369
   0.44594529291493    0.28300548853279   -2.17491454692814
   0.43861143609532    0.27835128146964   -2.16697824726488
   0.43313288589218    0.27487448778817   -2.16144959800677
   0.42378322314607    0.26894101138395   -2.15218012105856
   0.42077758145926    0.26703357316800   -2.14925220297932
   0.40912159000668    0.25963645606018   -2.13715280625356
   0.40831687421277    0.25912576788833   -2.13626066422631
   0.39618505539203    0.25142668155038   -2.12377483498368
   0.39451149738618    0.25036460934431   -2.12202877983697
   0.38343040816047    0.24333233628386   -2.11025858077928
   0.38040206883837    0.24141049371054   -2.10725934769963
   0.37083520586182    0.23533917784867   -2.09743670573680
   0.36680794796054    0.23278340226833   -2.09298917994899
   0.35836351681300    0.22742440330532   -2.08446847747479
   0.35212410760384    0.22346475381591   -2.07796532010570
   0.34576575446352    0.21942962021246   -2.07166055675401
   0.33792372024890    0.21445291396786   -2.06339344400652
   0.33324067459628    0.21148096282543   -2.05876927093029
   0.32371002687343    0.20543262986241   -2.04882463861428
   0.32068974577886    0.20351590119579   -2.04590790163518
   0.30904580629486    0.19612643249981   -2.03379908122349
   0.30823774512496    0.19561362128780   -2.03291233917932
   0.29599085927728    0.18784151119404   -2.02057573753363
   0.29436681653052    0.18681086232691   -2.01877652756275
   0.28339956201754    0.17985083097189   -2.00775212047512
   0.28017140892455    0.17780218272366   -2.00420582977476
   0.27082390185227    0.17187007435165   -1.99492236808448
   0.26533824370413    0.16838876983111   -1.98940845955521
   0.25827516967038    0.16390640674931   -1.98206294287562
   0.25128878790595    0.15947271406160   -1.97461183929232
   0.24581055693078    0.15599612296835   -1.96908386159820
   0.23707962456837    0.15045530480561   -1.96004269280840
   0.23326146963447    0.14803223000354   -1.95621850901388
   0.22180041054964    0.14075882073802   -1.94478992313698
   0.22099574319678    0.14024816330779   -1.94389788518921
   0.20855771368682    0.13235474975734   -1.93089220694827
   0.20774125217709    0.13183660752757   -1.92999540928072
   0.19596327296146    0.12436207463125   -1.91807656431287
   0.19353697542125    0.12282229939065   -1.91542707841801
   0.18351615403324    0.11646289276058   -1.90507841159805
   0.17948832475810    0.11390675457536   -1.90063106201165
   0.17092212839445    0.10847048105644   -1.89227317000613
   0.16465370686255    0.10449241978715   -1.88583485184241
   0.15827447040649    0.10044403322854   -1.87956584363516
   0.14982803821190    0.09508376436245   -1.87103902474247
   0.14603165651064    0.09267450727399   -1.86720204895839
   0.13577905888182    0.08616801096878   -1.85624335546921
   0.13356686950442    0.08476411290007   -1.85422174722565
   0.12139534021976    0.07703982553540   -1.84175638479714
   0.12056826318757    0.07651494649021   -1.84089606128074
   0.10852530390156    0.06887225212777   -1.82841089988194
   0.10690429119959    0.06784352618554   -1.82665254851038
   0.09597304824571    0.06090634846087   -1.81555601267823
   0.09269887008521    0.05882849181661   -1.81208269130978
   0.08363259559368    0.05307485906746   -1.80333835029418
   0.07724339089794    0.04902014647158   -1.79706182132941
   0.07077928497488    0.04491790011144   -1.78996881232916
   0.06319648351109    0.04010570797307   -1.78226666125918
   0.05861094069286    0.03719563401091   -1.77751761832498
   0.04851740770587    0.03079008319696   -1.76724643826950
   0.04606179486369    0.02923170390002   -1.76464151075798
   0.03431821291902    0.02177900017564   -1.75267682575937
   0.03351020540103    0.02126622301216   -1.75179021688132
   0.02106927774722    0.01337097024370   -1.73878357197743
   0.02026874633092    0.01286293755863   -1.73788228325916
   0.00867343637691    0.00550433010081   -1.72663371716622
   0.00544432741513    0.00345507523979   -1.72308708572806
  -0.00390110179277   -0.00247571447937   -1.71380608937876
  -0.00938696820720   -0.00595715116972   -1.70829266899439
  -0.01644966042649   -0.01043927194470   -1.70094819837951
  -0.02421623403232   -0.01536808943076   -1.69349831064547
  -0.02889893281369   -0.01833982044200   -1.68887504677484
  -0.03886873509310   -0.02466684936121   -1.67847374037265
  -0.04126830104585   -0.02618966022056   -1.67577641310242
  -0.05309232543134   -0.03369341427022   -1.66390944896128
  -0.05390032298292   -0.03420618510882   -1.66302287460693
  -0.06614699594420   -0.04197816010076   -1.65068812635972
  -0.06776962555272   -0.04300791216310   -1.64889014231347
  -0.07865780057561   -0.04991775814766   -1.63866279508495
  -0.08403782524320   -0.05333202562298   -1.63366392318208
  -0.09134139656723   -0.05796701292620   -1.62877840595636
  -0.10387833386162   -0.06592319526532   -1.62345585956051
  -0.11635638061410   -0.07384200453010   -1.62081082435444
  -0.12725631043184   -0.08075931033431   -1.61967142603447
  -0.12884279675353   -0.08176612516935   -1.61908085544261
  -0.14129442971568   -0.08966817173306   -1.61862573603661
  -0.15378170398367   -0.09759283695726   -1.61862604748702
  -0.16235997041567   -0.10303677037448   -1.61965228489491
  -0.16628015191347   -0.10552459320286   -1.62028134567013
  -0.17874264538931   -0.11343353205815   -1.62151926744586
  -0.19112507458637   -0.12129166057708   -1.62461218841934
  -0.20366802914528   -0.12925166158838   -1.63080633466593
  -0.20858629199246   -0.13237288610159   -1.63412926214344
  -0.21616175561981   -0.13718042150735   -1.64089057691340
  -0.22478469402971   -0.14265270462381   -1.64915637673626
  -0.22886107737553   -0.14523965615926   -1.65352816493956
  -0.23900142387967   -0.15167491573456   -1.66372221281496
  -0.24122193286584   -0.15308409358756   -1.66573521833087
  -0.25346665002027   -0.16085482738673   -1.67807700701473
  -0.25428276780779   -0.16137275148376   -1.67897406030450
  -0.26590765402177   -0.16875012860691   -1.69018203778786
  -0.26915638273293   -0.17081183453950   -1.69375591711348
  -0.27880577678555   -0.17693552621489   -1.70347064810950
  -0.28351251814480   -0.17992251511002   -1.70810545016733
  -0.29116384034918   -0.18477819183265   -1.71568263160992
  -0.29829331870775   -0.18930269638042   -1.72291200751731
  -0.30370927711824   -0.19273976810242   -1.72855576668113
  -0.31297847123472   -0.19862217756142   -1.73792888644772
  -0.31617817400906   -0.20065277068842   -1.74152571670167
  -0.32780918079657   -0.20803403204564   -1.75272520924946
  -0.32861725835227   -0.20854685365640   -1.75361189854734
  -0.34105895266772   -0.21644259296313   -1.76661916588990
  -0.34248813918032   -0.21734958230382   -1.76774717760203
  -0.35345595590129   -0.22430997044687   -1.77877081840673
  -0.35727006850591   -0.22673047990877   -1.78254743090853
  -0.36603193233064   -0.23229092777440   -1.79160052146058
  -0.37151797618135   -0.23577247706923   -1.79711402846823
  -0.37858138281065   -0.24025505122259   -1.80445951075776
  -0.38620574657751   -0.24509361960053   -1.81213463049194
  -0.39096151576871   -0.24811172250394   -1.81664693729337
  -0.40117749575855   -0.25459498054881   -1.82670722869772
  -0.40358375066737   -0.25612203634876   -1.82939555648851
  -0.41523271973495   -0.26351469691554   -1.84150514766974
  -0.41606603917511   -0.26404353751328   -1.84234251086256
  -0.42860133858645   -0.27199868042021   -1.85430691579436
  -0.43022168854687   -0.27302698577387   -1.85607366938081
  -0.44105027009176   -0.27989901258729   -1.86731132890343
  -0.44488489654482   -0.28233254053327   -1.87109724165698
  -0.45364364707690   -0.28789101264331   -1.88010379480230
  -0.45913004536123   -0.29137278686855   -1.88566351252909
  -0.46599146921892   -0.29572717885728   -1.89233199300431
  -0.47392381649416   -0.30076119951297   -1.90046864926517
  -0.47853965641145   -0.30369050059885   -1.90520244550404
  -0.48860302426437   -0.31007690803660   -1.91549198336596
  -0.49107091732286   -0.31164308059580   -1.91807455980676
  -0.50282399127346   -0.31910180813031   -1.93005906300887
  -0.50362406301262   -0.31960954909540   -1.93094157289722
  -0.51602447591492   -0.32747909042071   -1.94309268928464
  -0.51825772452091   -0.32889635308229   -1.94508586555147
  -0.52847388067382   -0.33537972292365   -1.95609796112320
  -0.53169932888326   -0.33742665460059   -1.95965672125339
  -0.54120101118466   -0.34345660554819   -1.96866522606356
  -0.54680266001813   -0.34701151999598   -1.97415695238100
  -0.55369322541221   -0.35138440576605   -1.98168923394601
  -0.56134916516558   -0.35624301287438   -1.98925757489191
  -0.56605366368645   -0.35922857842099   -1.99385583777906
  -0.57634345987690   -0.36575868165124   -2.00380356499995
  -0.57886707385457   -0.36736021578103   -2.00636684370135
  -0.59083803126357   -0.37495721636286   -2.01817803622529
  -0.59164037899582   -0.37546640171708   -2.01908089065815
  -0.60343010532243   -0.38294838955671   -2.03099054502981
  -0.60585468109781   -0.38448707213213   -2.03365116180521
  -0.61576969970783   -0.39077933427755   -2.04413560215771
  -0.61973556826819   -0.39329615099748   -2.04867715299925
  -0.62830532980273   -0.39873468704265   -2.05703863934217
  -0.63520691700555   -0.40311456746525   -2.06370341044481
  -0.64095599642777   -0.40676304420970   -2.06974946754151
  -0.64897156370325   -0.41184987788349   -2.07778572029835
  -0.65357793009888   -0.41477316688971   -2.08254497651960
  -0.66423600064203   -0.42153698413098   -2.09307775278595
  -0.66584569392207   -0.42255852654962   -2.09486227131829
  -0.67825519524964   -0.43043383556500   -2.10700363592166
  -0.67907144679571   -0.43095184454778   -2.10787839135812
  -0.69078121271598   -0.43838308797051   -2.11897868364796
  -0.69467654052175   -0.44085513816631   -2.12267685809725
  -0.70331699407713   -0.44633853673209   -2.13186301368726
  -0.70812770510195   -0.44939150678335   -2.13710692865634
  -0.71598056231264   -0.45437508151011   -2.14457455847547
  -0.72243917440763   -0.45847384138094   -2.15175771533594
  -0.72854082468084   -0.46234606639119   -2.15837651714481
  -0.73699951409548   -0.46771411392565   -2.16685294696055
  -0.74089678460241   -0.47018739699710   -2.17055524853202
  -0.75184235617793   -0.47713366794157   -2.18165141834000
  -0.75345331448609   -0.47815601317147   -2.18342676985700
  -0.76555822304982   -0.48583802174102   -2.19581047709236
  -0.76639555595256   -0.48636940935957   -2.19665511260238
  -0.77840822040411   -0.49399287803544   -2.20842704949980
  -0.78149289293031   -0.49595047074718   -2.21125877172036
  -0.79094742049021   -0.50195049638586   -2.22133258747753
  -0.79557968792055   -0.50489022268853   -2.22605296819159
  -0.80370981267280   -0.51004975674775   -2.23483654786525
  -0.80974244404211   -0.51387818102969   -2.24062430751802
  -0.81613828932791   -0.51793710787216   -2.24692714189850
  -0.82463466408119   -0.52332907124976   -2.25539576348207
  -0.82873452256245   -0.52593092055917   -2.25977554053710
  -0.83870445018981   -0.53225802902661   -2.27019125734035
  -0.84110276501645   -0.53378004589718   -2.27294886129125
  -0.85271986133841   -0.54115247940453   -2.28501076513551
  -0.85355635816320   -0.54168333643187   -2.28585526801694
  -0.86573902859681   -0.54941469418466   -2.29740712325661
  -0.86816402726000   -0.55095364513284   -2.30006836818150
  -0.87855801401428   -0.55754986970553   -2.31080577859067
  -0.88248112178229   -0.56003954960145   -2.31458274628754
  -0.89075374168161   -0.56528951383081   -2.32327762173548
  -0.89701778447284   -0.56926479626676   -2.32968870421032
  -0.90323444393529   -0.57321000832790   -2.33624432000771
  -0.91048556769731   -0.57781171139615   -2.34422888091455
  -0.91590558340925   -0.58125135795994   -2.34988866591417
  -0.92529298244090   -0.58720878253917   -2.35904833899950
  -0.92864311312969   -0.58933484012358   -2.36249858214330
  -0.94000231172100   -0.59654360675426   -2.37408315695815
  -0.94080399740134   -0.59705237195757   -2.37496565555603
  -0.95320757549337   -0.60492392197336   -2.38712178155382
  -0.95482846921500   -0.60595257240838   -2.38888934905093
  -0.96572199978698   -0.61286581712774   -2.40005533769644
  -0.96949286251721   -0.61525887938474   -2.40392056340339
  -0.97849752895435   -0.62097341447370   -2.41350837474284
  -0.98320025586188   -0.62395785572030   -2.41821167586437
  -0.99080291818217   -0.62878265194146   -2.42582357792327
  -0.99793446406712   -0.63330846858137   -2.43305506618721
  -1.00316097027640   -0.63662531028052   -2.43804196601808
  -1.01261104499517   -0.64262251006028   -2.44810698185013
  -1.01582582159141   -0.64466266932555   -2.45169216464128
  -1.02667143026920   -0.65154550188608   -2.46291080119703
  -1.02828316702025   -0.65256834113086   -2.46468642628635
  -1.04068560870790   -0.66043916996251   -2.47683862412715
  -1.04149849809378   -0.66095504525356   -2.47771846491860
  -1.05313263591978   -0.66833829362823   -2.48986111930854
  -1.05616532780026   -0.67026289841909   -2.49275087993152
  -1.06547449643278   -0.67617067647737   -2.50301249208282
  -1.07002576189345   -0.67905899736696   -2.50778771401062
  -1.07813856667641   -0.68420753983944   -2.51573683049397
  -1.08447201454493   -0.68822686807679   -2.52213154274069
  -1.09074016812810   -0.69220475930064   -2.52855071942619
  -1.09928337655162   -0.69762644422915   -2.53694214189637
  -1.10318232530780   -0.70010079234995   -2.54064547748226
  -1.11412920284463   -0.70704789208268   -2.55174676263771
  -1.11574121268524   -0.70807090463536   -2.55352245507322
  -1.12799416996105   -0.71584686777457   -2.56588081516557
  -1.12879980165301   -0.71635813719301   -2.56678275409423
  -1.14059250897649   -0.72384201683078   -2.57869962368748
  -1.14301805488437   -0.72538131507100   -2.58136164155942
  -1.15324541118660   -0.73187179274325   -2.59144293372023
  -1.15787667671349   -0.73481088321867   -2.59616622193268
  -1.16573096919266   -0.73979536879451   -2.60440984525009
  -1.17149503483309   -0.74345335608223   -2.61038102930896
  -1.17818110247748   -0.74769646363405   -2.61745206548021
  -1.18658786193075   -0.75303155541290   -2.62601242833873
  -1.19066678839380   -0.75562012085962   -2.63038797823462
  -1.20081066990971   -0.76205762382162   -2.64059169830302
  -1.20322622250161   -0.76359058011067   -2.64326992960905
  -1.21487194233476   -0.77098117865058   -2.65539919994953
  -1.21567482958801   -0.77149070639525   -2.65628126608172
  -1.22808105812195   -0.77936393843262   -2.66844135902012
  -1.23031004983587   -0.78077849958834   -2.67043806272635
  -1.24076959478509   -0.78741632865665   -2.68108606691420
  -1.24479649998510   -0.78997188040596   -2.68473944204014
  -1.25315413208625   -0.79527579501912   -2.69427122953980
  -1.25843968226968   -0.79863010716366   -2.70005460086012
  -1.26543050395361   -0.80306661750998   -2.70659029388912
  -1.27343126667532   -0.80814405592825   -2.71463857929774
  -1.27823992574530   -0.81119572376937   -2.72005045410047
  -1.28749852229650   -0.81707140780893   -2.72944589804996
  -1.29051946220623   -0.81898855457237   -2.73236553788895
  -1.30156186799739   -0.82599627837875   -2.74425480183841
  -1.30320271401207   -0.82703759092397   -2.74593851695036
  -1.31575032870242   -0.83500054934461   -2.75795030485336
  -1.31717618729951   -0.83590542672590   -2.75906655545566
  -1.32808121839437   -0.84282596989901   -2.77115111653194
  -1.33106130999436   -0.84471719353681   -2.77410577705896
  -1.34042380684799   -0.85065881471332   -2.78339569016258
  -1.34591096561721   -0.85414107155696   -2.78891584726730
  -1.35297935249471   -0.85862680627193   -2.79626841512889
  -1.36012050961919   -0.86315872238992   -2.80350218145607
  -1.36544042871925   -0.86653484571219   -2.80835499923516
  -1.37481641541415   -0.87248502780229   -2.81853674844165
  -1.37809336831589   -0.87456464535088   -2.82201387960820
  -1.38904161592814   -0.88151261455990   -2.83312019901020
  -1.39065457099303   -0.88253622697016   -2.83489604446129
  -1.40306160445157   -0.89040996982822   -2.84705318781914
  -1.40387477249457   -0.89092602196046   -2.84793340733348
  -1.41531909164370   -0.89818880773975   -2.85942292212384
  -1.41854303955121   -0.90023478729613   -2.86297501588145
  -1.42785680379016   -0.90614548181494   -2.87324013553573
  -1.43241186636977   -0.90903621242948   -2.87801409834220
  -1.44034134726426   -0.91406841402464   -2.88533709615952
  -1.44745721411562   -0.91858428044726   -2.89259822872017
  -1.45294011158674   -0.92206383298889   -2.89813234606217
  -1.46229466012136   -0.92800041000877   -2.90741242121824
  -1.46530268040935   -0.92990935773094   -2.91034332383105
  -1.47635793096075   -0.93692523307004   -2.92222500682210
  -1.47777491970696   -0.93782448147279   -2.92334753464981
  -1.49038919458474   -0.94582974373476   -2.93616185806389
  -1.49120684948716   -0.94634864331456   -2.93703673606655
  -1.50286925141784   -0.95374982863549   -2.94913345081118
  -1.50525171316714   -0.95526178483726   -2.95185418291098
  -1.51552259399427   -0.96177988401293   -2.96188515773981
  -1.52028966582482   -0.96480515978937   -2.96643751841792
  -1.52783383590770   -0.96959283570793   -2.97417416547039
  -1.53478399931557   -0.97400354352765   -2.98170927001018
  -1.54044588327256   -0.97759668434721   -2.98792372111017
  -1.54823294703779   -0.98253850528383   -2.99629419994637
  -1.55292034661426   -0.98551321951036   -3.00092394365091
  -1.56307147355780   -0.99195532056055   -3.01111097255563
  -1.56528575796583   -0.99336054817613   -3.01313532450216
  -1.57774192795211   -1.00126547402291   -3.02526633317909
  -1.57854124713280   -1.00177273739988   -3.02615268569921
  -1.59045208043429   -1.00933158206284   -3.03792030151297
  -1.59291804418105   -1.01089653024358   -3.04051428384911
  -1.60289878218392   -1.01723049918393   -3.05003530419000
  -1.60778894347238   -1.02033388990569   -3.05532968015132
  -1.61552937327877   -1.02524611603211   -3.06374538772848
  -1.62166994913008   -1.02914304396538   -3.07037363863086
  -1.62794800629570   -1.03312722019377   -3.07681772358453
  -1.63635694729938   -1.03846369642662   -3.08541688344286
  -1.64042385822430   -1.04104463658097   -3.08981939268326
  -1.65057566443690   -1.04748716870841   -3.10000806902158
  -1.65298443815016   -1.04901582299026   -3.10269996611869
  -1.66464293632820   -1.05641453091443   -3.11482393395716
  -1.66545189777178   -1.05692791345749   -3.11571187160047
  -1.67786398835192   -1.06480486566252   -3.12787960392917
  -1.67949937782856   -1.06584271538340   -3.12963653153179
  -1.69049099021095   -1.07281820471239   -3.14066741317230
  -1.69432062807639   -1.07524856680440   -3.14446368807228
  -1.70297614423862   -1.08074152439116   -3.15365594231956
  -1.70840506871440   -1.08418682462839   -3.15927496989177
  -1.71539920200069   -1.08862543658147   -3.16581481256291
  -1.72340386518059   -1.09370535030577   -3.17386810173667
  -1.72801696106079   -1.09663290997277   -3.17861411807542
  -1.73731694064173   -1.10253485648160   -3.18891202098866
  -1.74059524987246   -1.10461533478274   -3.19239091363340
  -1.75154578312489   -1.11156475450313   -3.20350535556564
  -1.75296681867062   -1.11246657108295   -3.20462217823999
  -1.76524293101922   -1.12025722887819   -3.21695562848411
  -1.76685851609615   -1.12128251034483   -3.21877641615716
  -1.77783477191747   -1.12824825410382   -3.22982094472449
  -1.78105657662740   -1.13029287354567   -3.23337816227239
  -1.79062094753546   -1.13636260789279   -3.24331570566961
  -1.79531817752828   -1.13934356069123   -3.24796699005976
  -1.80286606648796   -1.14413359668077   -3.25570563972240
  -1.80998663130637   -1.14865244452395   -3.26301323083738
  -1.81547183399365   -1.15213346000024   -3.26855028041506
  -1.82421515207290   -1.15768213837790   -3.27760563845789
  -1.82822745289901   -1.16022842190970   -3.28210977896844
  -1.83889889031295   -1.16700072202512   -3.29265649984574
  -1.84031644198558   -1.16790032767183   -3.29377968561722
  -1.85277851075501   -1.17580899700024   -3.30679607917446
  -1.85359213672176   -1.17632533973972   -3.30770336068900
  -1.86538490536055   -1.18380925828937   -3.31964370260520
  -1.86850054501834   -1.18578650334039   -3.32249818418352
  -1.87790395024028   -1.19175408575687   -3.33257510594268
  -1.88186982627847   -1.19427090722237   -3.33712659387287
  -1.89058868673683   -1.19980406432184   -3.34530327338986
  -1.89635814202321   -1.20346547198289   -3.35145161948046
  -1.90328001206547   -1.20785822428681   -3.35897329650955
  -1.91096271955180   -1.21273381871501   -3.36653663996617
  -1.91557539742822   -1.21566111310875   -3.37128589818437
  -1.92580713592839   -1.22215437180838   -3.38135965405372
  -1.92823851623260   -1.22369737266910   -3.38404214394771
  -1.93989257551324   -1.23109326358332   -3.39618503889019
  -1.94069942132875   -1.23160530350798   -3.39706451706023
  -1.95297065171913   -1.23939286311833   -3.40942904637694
  -1.95455706626836   -1.24039963240518   -3.41124349682823
  -1.96552329986147   -1.24735901586474   -3.42235083891219
  -1.96940786742890   -1.24982423740564   -3.42606820516617
  -1.97787501898216   -1.25519765517658   -3.43459783951178
  -1.98413026953909   -1.25916735789098   -3.44110746691837
  -1.99049801879039   -1.26320845444778   -3.44742409495067
  -1.99834890627038   -1.26819077914543   -3.45570901673906
  -2.00303891790143   -1.27116715103220   -3.46034201585349
  -2.01305252543935   -1.27752197961379   -3.47075751047756
  -2.01551216067017   -1.27908291159619   -3.47336782304011
  -2.02726866034221   -1.28654381315964   -3.48536160775530
  -2.02807800942378   -1.28705744170525   -3.48625004442805
  -2.04035923877044   -1.29485134684621   -3.49858798144782
  -2.04191850336476   -1.29584088624774   -3.50041509954606
  -2.05310212307067   -1.30293822712951   -3.51218699097234
  -2.05617497207535   -1.30488831640632   -3.51502210457024
  -2.06555520394329   -1.31084119256515   -3.52431224848213
  -2.07044181046800   -1.31394232736524   -3.52961753616406
  -2.07818925356452   -1.31885900426091   -3.53803709392206
  -2.08497785465503   -1.32316718151628   -3.54488637735821
  -2.09054521461776   -1.32670033558500   -3.55030371851698
  -2.09935314778813   -1.33229001994640   -3.55926571134426
  -2.10317080782203   -1.33471278067538   -3.56310312835012
  -2.11404149783985   -1.34161153033830   -3.57432458609047
  -2.11565364622890   -1.34263463081650   -3.57611241020450
  -2.12808667837442   -1.35052487294303   -3.58827218817250
  -2.12890585918861   -1.35104474089590   -3.58914679154455
  -2.14070835290053   -1.35853483116463   -3.60108581571621
  -2.14373413925949   -1.36045505357826   -3.60399007664305
  -2.15306009383227   -1.36637348431817   -3.61426313861258
  -2.15762332523152   -1.36926939902330   -3.61903684144903
  -2.16556564274830   -1.37430974698667   -3.62636192772603
  -2.17268299975307   -1.37882655908941   -3.63363827358619
  -2.17836411517119   -1.38243190456532   -3.63983525640129
  -2.18676103829635   -1.38776075402054   -3.64846501943070
  -2.19084495868491   -1.39035248870875   -3.65284701190598
  -2.20143461814516   -1.39707289095665   -3.66353139908816
  -2.20304168373984   -1.39809276579546   -3.66532756631350
  -2.21565360898567   -1.40609653693565   -3.67727153526072
  -2.21644817280216   -1.40660078246672   -3.67814034922283
  -2.22799128597009   -1.41392626483682   -3.69043952166536
  -2.23105538123945   -1.41587079882427   -3.69326675934339
  -2.24053605838427   -1.42188741949416   -3.70341800895457
  -2.24459822252502   -1.42446534724767   -3.70780222601108
  -2.25307163294152   -1.42984273701399   -3.71633288700734
  -2.25933112160116   -1.43381512931016   -3.72284332380328
  -2.26570142223260   -1.43785784502203   -3.72916305760668
  -2.27417612797835   -1.44323605682929   -3.73768124106780
  -2.27824664016478   -1.44581928241369   -3.74208832244860
  -2.28779304231983   -1.45187761344340   -3.75205907028580
  -2.29089347200861   -1.45384520595458   -3.75486823047943
  -2.30302820462280   -1.46154614144208   -3.76652485239372
  -2.30381770753586   -1.46204717522618   -3.76744158065432
  -2.31558191022600   -1.46951296527356   -3.78035333417684
  -2.31791199932383   -1.47099168478004   -3.78227809677216
  -2.32830164944639   -1.47758515724255   -3.79307355751628
  -2.33218208545342   -1.48004775681549   -3.79680066590069
  -2.34065763901154   -1.48542650666085   -3.80533164368119
  -2.34689322134896   -1.48938372754360   -3.81185315324762
  -2.35316286815677   -1.49336256639662   -3.81832554468386
  -2.36051603557049   -1.49802902833544   -3.82622123770029
  -2.36602921418682   -1.50152779787617   -3.83174416289568
  -2.37599519776090   -1.50785240337129   -3.84129614729764
  -2.37840647174528   -1.50938264437345   -3.84399124865601
  -2.39007871996771   -1.51679007834113   -3.85612778001295
  -2.39088852350656   -1.51730399529410   -3.85701678777988
  -2.40331453728015   -1.52518978342637   -3.86919799851216
  -2.40491733277289   -1.52620694837608   -3.87097701085092
  -2.41577921768929   -1.53310011015173   -3.88224355926490
  -2.41959640960000   -1.53552257380069   -3.88602888807935
  -2.42838784194278   -1.54110178641848   -3.89510234075260
  -2.43326427305347   -1.54419646370446   -3.90040818126026
  -2.44095693771063   -1.54907837714544   -3.90800338175303
  -2.44796160391800   -1.55352367349349   -3.91547211978693
  -2.45345192489872   -1.55700793713757   -3.92101544430972
  -2.46283122916166   -1.56296022462036   -3.93030396040906
  -2.46611304676297   -1.56504292940117   -3.93378722514911
  -2.47706796208019   -1.57199513006444   -3.94492032006840
  -2.47868780849564   -1.57302311585875   -3.94669863257380
  -2.49095653912865   -1.58080908907482   -3.95908928425662
  -2.49177473924583   -1.58132833465844   -3.95997995461913
  -2.50358212703938   -1.58882153080582   -3.97192977375983
  -2.50660486332316   -1.59073981758289   -3.97484139279899
  -2.51593851925956   -1.59666313575677   -3.98511903257613
  -2.52056339103433   -1.59959816863370   -3.98994022611387
  -2.52858454483658   -1.60468854762518   -3.99701939876307
  -2.53574530603059   -1.60923290486400   -4.00428946716625
  -2.54102617640322   -1.61258424711030   -4.01008578151415
  -2.54964725080776   -1.61805534729299   -4.01935150088219
  -2.55345268544810   -1.62047034955129   -4.02320007095248
  -2.56438723004924   -1.62740962256503   -4.03439852696286
  -2.56603635458308   -1.62845618881826   -4.03612523367095
  -2.57842639016739   -1.63631914449732   -4.04835374484615
  -2.57922960662776   -1.63682888116318   -4.04925171672706
  -2.59091628599170   -1.64424547341175   -4.06134520041975
  -2.59326454850746   -1.64573572611995   -4.06409737521480
  -2.60365121394696   -1.65232730444499   -4.07499038260734
  -2.60752808879603   -1.65478764403837   -4.07872598925213
  -2.61614345806900   -1.66025512363446   -4.08708731456634
  -2.62241895795622   -1.66423767696463   -4.09355256165870
  -2.62870622983444   -1.66822770102746   -4.10000801405391
  -2.63727604161749   -1.67366626896130   -4.10840268465815
  -2.64127726713102   -1.67620552388601   -4.11292524850252
  -2.65075516450070   -1.68222038045696   -4.12301213982334
  -2.65377698541180   -1.68413808632087   -4.12593936706790
  -2.66562530821525   -1.69165726061546   -4.13786746870393
  -2.66640790193564   -1.69215390969256   -4.13879505574860
  -2.67869829851999   -1.69995363253946   -4.15115824630245
  -2.68090024957501   -1.70135103317123   -4.15315638993602
  -2.69110826777050   -1.70782923850776   -4.16339059671953
  -2.69516503867751   -1.71040374361107   -4.16778884484539
  -2.70384472738767   -1.71591204156321   -4.17698578703886
  -2.70928842868943   -1.71936671945938   -4.18260622844505
  -2.71648437582493   -1.72393340637567   -4.18980297583761
  -2.72415089331566   -1.72879872632025   -4.19745781924544
  -2.72884634598001   -1.73177855119175   -4.20209734537538
  -2.73839997309248   -1.73784146731886   -4.21208208627293
  -2.74161708081294   -1.73988310596054   -4.21567813404866
  -2.75310307810328   -1.74717234149253   -4.22715388961088
  -2.75391340564683   -1.74768659098901   -4.22804354303210
  -2.76620965621184   -1.75549002888500   -4.24039796306159
  -2.76854346282007   -1.75697110759531   -4.24232196449596
  -2.77887322606439   -1.76352657468922   -4.25413092040382
  -2.78197833172828   -1.76549713466444   -4.25702200873328
  -2.79163031846244   -1.77162247170558   -4.26680351182698
  -2.79693023733107   -1.77498590249503   -4.27169794400702
  -2.80401342960587   -1.77948103300084   -4.27906891370059
  -2.81118788723529   -1.78403408226188   -4.28632287353473
  -2.81658576419548   -1.78745967914659   -4.29199591375620
  -2.82588421157804   -1.79336065329276   -4.30140021420057
  -2.82909333731582   -1.79539722641420   -4.30500955003214
  -2.84014826216588   -1.80241289505694   -4.31601348882327
  -2.84176919099672   -1.80344156777294   -4.31779312934237
  -2.85420525228501   -1.81133373225193   -4.32997816165533
  -2.85502185059934   -1.81185196130055   -4.33088149222936
  -2.86653860395421   -1.81916071522460   -4.34322614739350
  -2.86952234250096   -1.82105425328520   -4.34617285246672
  -2.87899123297091   -1.82706339390376   -4.35632968473043
  -2.88364781534009   -1.83001855093585   -4.36104750916954
  -2.89163307094223   -1.83508614823679   -4.36917271598197
  -2.89791048623235   -1.83906991711859   -4.37564362944523
  -2.90400702465435   -1.84293889804941   -4.38144276737947
  -2.91277362279986   -1.84850235040637   -4.39050467473407
  -2.91658160092270   -1.85091896680775   -4.39435627005482
  -2.92687009912247   -1.85744824630807   -4.40535294917663
  -2.92928382168794   -1.85898004122703   -4.40805107936195
  -2.94157574351108   -1.86678073201991   -4.41952512846824
  -2.94237882593994   -1.86729038362678   -4.42042477188816
  -2.95438492499645   -1.87490968577627   -4.43304959143997
  -2.95659675723055   -1.87631335719496   -4.43507662661530
  -2.96667416318945   -1.88270867348566   -4.44544436700006
  -2.97069005434896   -1.88525723551232   -4.44992985076889
  -2.97937823486100   -1.89077092252581   -4.45912818481932
  -2.98559679417938   -1.89471734027218   -4.46476206096289
  -2.99188840652206   -1.89871011887751   -4.47122268027631
  -3.00031846736062   -1.90405999816513   -4.47984001787602
  -3.00439437472938   -1.90664664763635   -4.48425368557859
  -3.01395141524934   -1.91271172997773   -4.49424678119415
  -3.01717029124867   -1.91475449080330   -4.49784499384018
  -3.02882902191025   -1.92215334626601   -4.50909439251663
  -3.02964424889368   -1.92267070504158   -4.50997718078268
  -3.04212468985609   -1.93059103371818   -4.52305548438040
  -3.04292267003128   -1.93109744733641   -4.52397479057917
  -3.05439411572959   -1.93837744814729   -4.53547846678080
  -3.05760535321842   -1.94041536142670   -4.53906362431096
  -3.06702073766276   -1.94639054608887   -4.54835089699824
  -3.07251401983382   -1.94987668896149   -4.55389922014739
  -3.07960110883773   -1.95437429240678   -4.56127482736206
  -3.08661566119518   -1.95882586269645   -4.56875194838604
  -3.09211253939500   -1.96231428767831   -4.57430304543339
  -3.10148283483847   -1.96826085799042   -4.58362163167835
  -3.10449847349406   -1.97017464047568   -4.58656167856244
  -3.11620148154658   -1.97760159522512   -4.59870240627605
  -3.11700678677620   -1.97811265746425   -4.59960115514261
  -3.12966225685260   -1.98614406299423   -4.61244415786845
  -3.13043786186441   -1.98663627690200   -4.61335655957018
  -3.14213334655709   -1.99405845718210   -4.62552648008309
  -3.14527687653811   -1.99605340197047   -4.62835303092583
  -3.15466872079151   -2.00201364757320   -4.63850431071600
  -3.15928217021183   -2.00494143160358   -4.64330266210602
  -3.16727135058218   -2.01001151963817   -4.65143402430071
  -3.17371479630480   -2.01410065463642   -4.65769396314635
  -3.17990628304723   -2.01802989160365   -4.66429170275648
  -3.18781505166875   -2.02304894879068   -4.67255230621287
  -3.19242632445428   -2.02597535148662   -4.67731204281295
  -3.20318835920675   -2.03280514642138   -4.68784015402510
  -3.20483957346900   -2.03385303885658   -4.68956934830439
  -3.21679507534034   -2.04144023105596   -4.70229179818391
  -3.21757856120190   -2.04193744630306   -4.70322049925269
  -3.22989315113898   -2.04975252271848   -4.71558747333528
  -3.23218685791467   -2.05120815330124   -4.71755497622680
  -3.24235349006119   -2.05766009425245   -4.72775830961412
  -3.24636719814565   -2.06020727085756   -4.73225151393140
  -3.25525953009085   -2.06585051631015   -4.74211668861024
  -3.25988201616230   -2.06878403517372   -4.74688222029401
  -3.26752125830313   -2.07363204565490   -4.75547427989538
  -3.27239958695639   -2.07672792715802   -4.76178635935563
  -3.28017567232457   -2.08166278099202   -4.77391245307195
  -3.28172091219516   -2.08264342003323   -4.77670817144772
  -3.28518828954448   -2.08484388461098   -4.79152275493972
  -3.28596965676378   -2.08533975532682   -4.80638499833427
  -3.28598482044296   -2.08534937849024   -4.82122355908225
  -3.28639137900536   -2.08560738839952   -4.83606439051259
  -3.28642496569915   -2.08562870316355   -4.85090984264643
  -3.28720445314588   -2.08612338093943   -4.86574418132886
  -3.28721981183969   -2.08613312786291   -4.88058368536086
  -3.28723521769824   -2.08614290471804   -4.89542342385817
  -3.28726946934430   -2.08616464147360   -4.91026985700345
  -3.28765733327248   -2.08641078740725   -4.92510303954809
  -3.28765324889179   -2.08640819538044   -4.93996308905528
  -3.28731645965836   -2.08619446243370   -4.95479121319461
  -3.28809549099451   -2.08668885075302   -4.96962719164138
  -3.28771981333931   -2.08645043846337   -4.98446624450162
  -3.28812692403603   -2.08670879876775   -4.99930976345020
  -3.28814271124099   -2.08671881763267   -5.01415140945667
  -3.28815854555920   -2.08672886639657   -5.02899329650476
  -3.28817442698350   -2.08673894505490   -5.04383542532465
  -3.28819035550672   -2.08674905360312   -5.05867779664652
  -3.28820633112171   -2.08675919203668   -5.07352041120055
  -3.28820300635218   -2.08675708207378   -5.08835381371341
  -3.28691579318578   -2.08594019175833   -5.10326624658245
  -3.28250470061681   -2.08314082729081   -5.11774920658395
  -3.28022911716126   -2.08169669811674   -5.12049903865522
  -3.27032321052690   -2.07541021860690   -5.13277091476305
  -3.26782858729608   -2.07382708256452   -5.13530802573547
  -3.25543737129074   -2.06596337776750   -5.14568096244366
  -3.25376032946973   -2.06489909466509   -5.14737127641663
  -3.24290807276662   -2.05801204313940   -5.15675437646618
  -3.23657163392524   -2.05399081677295   -5.16215851732137
  -3.23039225620935   -2.05006926442763   -5.16692778676530
  -3.21870939674509   -2.04265509636111   -5.17719104574663
  -3.21787128809832   -2.04212321644044   -5.17802071825791
  -3.20544783357370   -2.03423905245695   -5.18835720460454
  -3.20085912324124   -2.03132696832914   -5.19222765889739
  -3.19298545412844   -2.02633018596767   -5.19862420208589
  -3.18338972804850   -2.02024055302340   -5.20660427740212
  -3.18024969259216   -2.01824782592783   -5.20936153477451
  -3.16785910259540   -2.01038451840793   -5.21973501273038
  -3.16553397380462   -2.00890894680802   -5.22161426164600
  -3.15545530987975   -2.00251283218784   -5.23008685823658
  -3.14785384728073   -1.99768879733294   -5.23691588600372
  -3.14299826976548   -1.99460735414104   -5.24129830855074
  -3.13112453735585   -1.98707205442001   -5.25121986100787
  -3.13027563703413   -1.98653332589416   -5.25201663109586
  -3.11782763282741   -1.97863358220867   -5.26141166671315
  -3.11238181737608   -1.97517756263239   -5.26608968820360
  -3.10528387243650   -1.97067306980082   -5.27245753386267
  -3.09517103149637   -1.96425526578722   -5.28088253273804
  -3.09286265230796   -1.96279032380821   -5.28279415223849
  -3.08038897456321   -1.95487428720005   -5.29304600722016
  -3.07650105438953   -1.95240693803051   -5.29586390995210
  -3.06770243449687   -1.94682316405487   -5.30289476326717
  -3.05827900181947   -1.94084287182869   -5.31029779320478
  -3.05518998740341   -1.93888252366987   -5.31313205646910
  -3.04283397736787   -1.93104116126066   -5.32446915243680
  -3.04199061223776   -1.93050594547422   -5.32528552460237
  -3.03046529611478   -1.92319175745228   -5.33395009511441
  -3.02338224284404   -1.91869671516113   -5.34035762430374
  -3.01789622490816   -1.91521518231235   -5.34497988829906
  -3.00603240272339   -1.90768617181127   -5.35492970147707
  -3.00519439267623   -1.90715435446380   -5.35575952931202
  -2.99288871489062   -1.89934493387169   -5.36536347785704
  -2.98738440798665   -1.89585179449083   -5.36994606889748
  -2.98018518902902   -1.89128303121307   -5.37614235653791
  -2.97006402155067   -1.88485994301763   -5.38454588571468
  -2.96771844829582   -1.88337139696630   -5.38639731939045
  -2.95522202690933   -1.87544092680419   -5.39660898460325
  -2.95209496231463   -1.87345643126773   -5.39938686936017
  -2.94286601514561   -1.86759956329825   -5.40704465595439
  -2.93494068953302   -1.86256999872518   -5.41426400095116
  -2.93027367868697   -1.85960822358043   -5.41802763647253
  -2.91793319140939   -1.85177671221298   -5.42751530261150
  -2.91563364238197   -1.85031737402453   -5.42947363972222
  -2.90535276699492   -1.84379293210826   -5.43854128371822
  -2.89909500423644   -1.83982163510228   -5.44407011090367
  -2.89274747805170   -1.83579337249377   -5.44950755729727
  -2.88094243825796   -1.82830166643239   -5.45862335212310
  -2.88010447873847   -1.82776988115076   -5.45945327847522
  -2.86787741650913   -1.82001035150775   -5.46915556214443
  -2.86309765181604   -1.81697702059580   -5.47366457964413
  -2.85522131150299   -1.81197854303911   -5.48006071223427
  -2.84563317473681   -1.80589372641980   -5.48804581800400
  -2.84249386239311   -1.80390145822546   -5.49080385402000
  -2.83028987439631   -1.79615657193570   -5.50055932269846
  -2.82711661339536   -1.79414275926836   -5.50327144944204
  -2.81764826947350   -1.78813396549975   -5.51144891897805
  -2.80991859737298   -1.78322856642108   -5.51808763262390
  -2.80524814099443   -1.78026460467491   -5.52182077741393
  -2.79278020490895   -1.77235221183452   -5.53208329480806
  -2.79128352470469   -1.77140238969465   -5.53312774657513
  -2.78027170183226   -1.76441407439866   -5.54224453707662
  -2.77401570358470   -1.76044389718536   -5.54777430946328
  -2.76796277792564   -1.75660259375552   -5.55278710277027
  -2.75596857302026   -1.74899083986387   -5.56252151200709
  -2.75512342558796   -1.74845449299406   -5.56333077821072
  -2.74280019224852   -1.74063393130871   -5.57286261731879
  -2.73801962449676   -1.73760009076023   -5.57737186865060
  -2.73014221148167   -1.73260093244613   -5.58376813537828
  -2.71989902758063   -1.72610041027423   -5.59195139309050
  -2.71755383031893   -1.72461210283541   -5.59380326397885
  -2.70487508085679   -1.71656592375800   -5.60464927504392
  -2.70257697893156   -1.71510750392853   -5.60657542746301
  -2.69257461926926   -1.70875981346586   -5.61516098523138
  -2.68484368170352   -1.70385361129853   -5.62179995008569
  -2.68017396563730   -1.70089011936886   -5.62553368624979
  -2.66770657247310   -1.69297807107678   -5.63579732311376
  -2.66686482594408   -1.69244388248583   -5.63661685621147
  -2.65547199991023   -1.68521377523118   -5.64547605360872
  -2.64817872423632   -1.68058532174621   -5.65160138176407
  -2.64247075764239   -1.67696293599597   -5.65670610553104
  -2.63144445639720   -1.66996543244524   -5.66584975785217
  -2.62998285885718   -1.66903787444109   -5.66693209998392
  -2.61770409939163   -1.66124553673436   -5.67747718336144
  -2.61314740001327   -1.65835376737574   -5.68139175702038
  -2.60534585828444   -1.65340275844402   -5.68796601911019
  -2.59515239394662   -1.64693378926642   -5.69628145007765
  -2.59277151927135   -1.64542284025246   -5.69806568935910
  -2.58014778322247   -1.63741157374874   -5.70799319059612
  -2.57702403419101   -1.63542918233268   -5.71075437950267
  -2.56761978350783   -1.62946106337020   -5.71907877787789
  -2.55977759269656   -1.62448425774634   -5.72552532018353
  -2.55510858347126   -1.62152121439155   -5.72925965287519
  -2.54266688128937   -1.61362547009263   -5.73952971291254
  -2.54183844407236   -1.61309972784791   -5.74038222366101
  -2.53036994788679   -1.60582159885474   -5.75009391485564
  -2.52396189396272   -1.60175492417482   -5.75541085442918
  -2.51784286287543   -1.59787166896455   -5.76025842482732
  -2.50586730813295   -1.59027175082618   -5.77000548975085
  -2.50503294320190   -1.58974224673974   -5.77084448172584
  -2.49255776787050   -1.58182525973419   -5.78109777132681
  -2.48853993105432   -1.57927546295625   -5.78460701038519
  -2.48001057351936   -1.57386256806892   -5.79122221845752
  -2.47042999015655   -1.56778254498515   -5.79922842390242
  -2.46734206214789   -1.56582288628143   -5.80206419297554
  -2.45504108379916   -1.55801644804264   -5.81259156703538
  -2.45271198070785   -1.55653835427493   -5.81446025199060
  -2.44256168206504   -1.55009677888037   -5.82281722063516
  -2.43471949467382   -1.54511997542694   -5.82926455048542
  -2.43005115829602   -1.54215735907416   -5.83299948522884
  -2.41758460929441   -1.53424584650396   -5.84326567434644
  -2.41610564622340   -1.53330726799874   -5.84434130149335
  -2.40508189120696   -1.52631138033391   -5.85343174008088
  -2.39883084065258   -1.52234434302218   -5.85896413765309
  -2.39253566421479   -1.51834930257331   -5.86449551365254
  -2.38211246469111   -1.51173453901343   -5.87331462452829
  -2.37979419257033   -1.51026331878863   -5.87521107686342
  -2.36732337475234   -1.50234909714517   -5.88545163956494
  -2.36413642368389   -1.50032659649680   -5.88813644198205
  -2.35488212474996   -1.49445363980809   -5.89575281904713
  -2.34568754632102   -1.48861858290430   -5.90348215741818
  -2.34233335143307   -1.48648994610069   -5.90679601797922
  -2.32980875799203   -1.47854159740911   -5.91694994872408
  -2.32896683613112   -1.47800729754915   -5.91777856450622
  -2.31738474883852   -1.47065708144742   -5.92727731942937
  -2.31049186688444   -1.46628272554367   -5.93305812202713
  -2.30500159543585   -1.46279849333364   -5.93768219284100
  -2.29324535005721   -1.45533775314969   -5.94783136153907
  -2.29240031031468   -1.45480147462189   -5.94864106796831
  -2.28000522754700   -1.44693531590286   -5.95808109826916
  -2.27516087608298   -1.44386099697971   -5.96245314170664
  -2.26730492927981   -1.43887546153794   -5.96886775494567
  -2.25652414867301   -1.43203377012227   -5.97748980748112
  -2.25484083533347   -1.43096550699319   -5.97912967426079
  -2.24235773329527   -1.42304348954653   -5.98935093004116
  -2.23923180620202   -1.42105971589044   -5.99213083551764
  -2.22987376078063   -1.41512091967873   -6.00049923823358
  -2.22279917854448   -1.41063125326961   -6.00692758981249
  -2.21728816424402   -1.40713385724549   -6.01148971602386
  -2.20538897758195   -1.39958240376467   -6.02132971541132
  -2.20455756517986   -1.39905477341008   -6.02224236513293
  -2.19231877061376   -1.39128779819976   -6.03193894204086
  -2.18688507643235   -1.38783947101528   -6.03662280636304
  -2.17995823632997   -1.38344356461531   -6.04238058783943
  -2.17032149535267   -1.37732790282567   -6.05122423771310
  -2.16723394007381   -1.37536848066348   -6.05406096266131
  -2.15491982619550   -1.36755370636415   -6.06537643353670
  -2.15420657394060   -1.36710106271917   -6.06636242612039
  -2.14595108877109   -1.36186197252001   -6.08068260104053
      
      
