# shadow point cont 2D ind 119  size 1280
# norm -0.2940403 -0.9557930 -0.0000000
# angle  1.8692476
   2.24775133  -6.08034176
   2.24830317  -6.07955205
   2.25821747  -6.06547854
   2.26286255  -6.06192277
   2.27737107  -6.05133432
   2.27836013  -6.05048130
   2.29243978  -6.04156474
   2.30075479  -6.03585514
   2.30700930  -6.03190109
   2.32178148  -6.02166341
   2.32355944  -6.02062162
   2.33674039  -6.01170211
   2.34590729  -6.00600939
   2.35142594  -6.00225552
   2.36611971  -5.99280913
   2.36893033  -5.99099781
   2.38078755  -5.98340261
   2.39105606  -5.97602022
   2.39569583  -5.97326406
   2.41047703  -5.96401530
   2.41504164  -5.96119175
   2.42530430  -5.95472723
   2.43829122  -5.94650832
   2.44027234  -5.94484140
   2.45494151  -5.93536096
   2.46058236  -5.93175304
   2.46967741  -5.92601512
   2.48357919  -5.91673490
   2.48456041  -5.91590154
   2.49952236  -5.90689758
   2.50691828  -5.90226363
   2.51412959  -5.89737159
   2.52906070  -5.88822304
   2.53006119  -5.88745418
   2.54370762  -5.87877919
   2.55306306  -5.87242854
   2.55864551  -5.86877072
   2.57330688  -5.85931757
   2.57608848  -5.85745473
   2.58810993  -5.85000655
   2.59932363  -5.84278733
   2.60309635  -5.84011541
   2.61769048  -5.83146326
   2.62320862  -5.82776264
   2.63258836  -5.82135630
   2.64464411  -5.81313864
   2.64738015  -5.81123128
   2.66210848  -5.80182653
   2.66762670  -5.79812608
   2.67689969  -5.79163090
   2.68799816  -5.78330372
   2.69170638  -5.78053457
   2.70651671  -5.76944676
   2.70745871  -5.76854259
   2.72130724  -5.75832271
   2.72769126  -5.75369396
   2.73616709  -5.74719957
   2.74658313  -5.73925303
   2.75096181  -5.73617755
   2.76574602  -5.72587565
   2.76756881  -5.72408905
   2.78057349  -5.71389510
   2.78612471  -5.70937198
   2.79534841  -5.70275840
   2.80566973  -5.69459466
   2.81041333  -5.69105863
   2.82502011  -5.68062281
   2.82601959  -5.67977260
   2.84003328  -5.66884954
   2.84534911  -5.66491846
   2.85482397  -5.65770828
   2.86576591  -5.65011754
   2.86940668  -5.64726649
   2.88354471  -5.63553336
   2.88452559  -5.63468112
   2.89897315  -5.62495448
   2.90458901  -5.62035597
   2.91391586  -5.61308684
   2.92408817  -5.60567569
   2.92874941  -5.60201603
   2.94348930  -5.59170056
   2.94441536  -5.59084789
   2.95829300  -5.57970227
   2.96381295  -5.57590596
   2.97301784  -5.56940098
   2.98413285  -5.56109050
   2.98797495  -5.55756861
   3.00199507  -5.54663702
   3.00297597  -5.54578488
   3.01746732  -5.53608838
   3.02302779  -5.53157448
   3.03236727  -5.52419317
   3.04256839  -5.51679747
   3.04731224  -5.51326233
   3.06139462  -5.50241527
   3.06236787  -5.50152527
   3.07674614  -5.49081266
   3.08226404  -5.48701402
   3.09172573  -5.47991985
   3.10176768  -5.47234061
   3.10642916  -5.46868159
   3.12044958  -5.45775112
   3.12143050  -5.45689909
   3.13609135  -5.44651394
   3.14079149  -5.44292230
   3.15095384  -5.43547917
   3.16024281  -5.42812362
   3.16565797  -5.42424189
   3.18031103  -5.41384813
   3.18125382  -5.41294530
   3.19553908  -5.40145496
   3.19927231  -5.39872154
   3.21005259  -5.39087189
   3.21931943  -5.38347104
   3.22502862  -5.37906088
   3.23890877  -5.36887521
   3.23988972  -5.36802327
   3.25443444  -5.35749718
   3.25994967  -5.35369541
   3.26928349  -5.34643635
   3.27870389  -5.33925110
   3.28434267  -5.33473380
   3.29814029  -5.32444085
   3.29912126  -5.32358896
   3.31366643  -5.31306350
   3.31825496  -5.30938491
   3.32851468  -5.30107558
   3.33778263  -5.29460275
   3.34349204  -5.29019307
   3.35661402  -5.28023020
   3.35854934  -5.27844326
   3.37305975  -5.26790675
   3.37679543  -5.26518507
   3.38799973  -5.25700212
   3.39717422  -5.25039322
   3.40269455  -5.24664345
   3.41660752  -5.23557905
   3.41758852  -5.23472725
   3.43225028  -5.22434399
   3.43695787  -5.22075845
   3.44711381  -5.21331144
   3.45733306  -5.20596240
   3.46201633  -5.20233394
   3.47601712  -5.19137488
   3.47698977  -5.19053507
   3.49156129  -5.18002393
   3.49619550  -5.17633259
   3.50635015  -5.16888463
   3.51581071  -5.16175767
   3.52125338  -5.15790801
   3.53525466  -5.14694962
   3.53623120  -5.14606251
   3.55069830  -5.13455307
   3.55358184  -5.13190591
   3.56542011  -5.11878408
   3.56707743  -5.11691728
   3.57294783  -5.10225680
   3.57570527  -5.08742701
   3.57707002  -5.07259955
   3.57806018  -5.05776660
   3.57750224  -5.04292335
   3.57840833  -5.02809334
   3.57839130  -5.01325732
   3.57837197  -4.99842704
   3.57743084  -4.98358468
   3.57741396  -4.96874940
   3.57739713  -4.95391438
   3.57737855  -4.93908541
   3.57698941  -4.92424551
   3.57642044  -4.90940943
   3.57640242  -4.89458145
   3.57601592  -4.87974202
   3.57600032  -4.86490845
   3.57542777  -4.85007337
   3.57541049  -4.83524669
   3.57502848  -4.82043721
   3.57445221  -4.80557353
   3.57443550  -4.79074783
   3.57405634  -4.77593889
   3.57347695  -4.76108269
   3.57253458  -4.74624292
   3.57187693  -4.73123793
   3.56836894  -4.71675636
   3.56488183  -4.70925397
   3.56174016  -4.70158213
   3.55281105  -4.68716346
   3.55006726  -4.68439565
   3.53660460  -4.67187041
   3.53565650  -4.67096538
   3.52086809  -4.65791050
   3.51991419  -4.65701983
   3.50572049  -4.64436759
   3.50377593  -4.64262441
   3.49106714  -4.63208452
   3.48633565  -4.62754941
   3.47625415  -4.61907144
   3.46964932  -4.61270004
   3.46147313  -4.60600867
   3.45130370  -4.59762069
   3.44644274  -4.59326320
   3.43442166  -4.58300099
   3.43154091  -4.58035139
   3.41773742  -4.56815300
   3.41679592  -4.56724948
   3.40210150  -4.55502736
   3.40014788  -4.55329979
   3.38712923  -4.54221102
   3.38253346  -4.53845321
   3.37233604  -4.52917485
   3.36584862  -4.52360710
   3.35766873  -4.51691765
   3.34822658  -4.50876250
   3.34272498  -4.50406743
   3.33154457  -4.49391682
   3.32794128  -4.49102570
   3.31395417  -4.47906672
   3.31299718  -4.47816659
   3.29822433  -4.46511806
   3.29652380  -4.46399501
   3.28358767  -4.45285970
   3.27988056  -4.44914917
   3.26852712  -4.43732241
   3.26574685  -4.43453958
   3.25356247  -4.42264004
   3.25000298  -4.41969511
   3.23887141  -4.41139190
   3.23032486  -4.40506168
   3.22411133  -4.40015512
   3.21203509  -4.38999730
   3.20935902  -4.38800915
   3.19448752  -4.37600646
   3.19274615  -4.37492995
   3.17990245  -4.36460880
   3.17442475  -4.35983492
   3.16509929  -4.35160309
   3.15845324  -4.34524756
   3.15010839  -4.33878571
   3.13994424  -4.33040212
   3.13508558  -4.32604704
   3.12378149  -4.31600058
   3.12023384  -4.31307328
   3.10640641  -4.30094896
   3.10543949  -4.30007611
   3.09113905  -4.28839288
   3.08830032  -4.28562184
   3.07600283  -4.27477612
   3.07213192  -4.27126831
   3.06110699  -4.26188314
   3.05473680  -4.25620484
   3.04629255  -4.24796415
   3.03898774  -4.24136751
   3.03143830  -4.23502041
   3.02188257  -4.22696011
   3.01661088  -4.22296847
   3.00358639  -4.21191256
   3.00184625  -4.21084116
   2.98695140  -4.19887598
   2.98504759  -4.19707900
   2.97216058  -4.18585995
   2.96764395  -4.18201046
   2.95736098  -4.17285541
   2.95017310  -4.16695939
   2.94251950  -4.16082996
   2.93296665  -4.15276736
   2.92753237  -4.14802289
   2.91560459  -4.13772246
   2.91273981  -4.13501541
   2.89910709  -4.12266627
   2.89813960  -4.12178957
   2.88342553  -4.10962067
   2.88151572  -4.10783206
   2.86864406  -4.09660442
   2.86411752  -4.09275417
   2.85388510  -4.08444601
   2.84633304  -4.07816626
   2.83865383  -4.07105838
   2.83016848  -4.06375343
   2.82394378  -4.05886929
   2.81188105  -4.04871428
   2.80901418  -4.04600892
   2.79519623  -4.03388897
   2.79423126  -4.03301572
   2.77949481  -4.02085622
   2.77759154  -4.01905982
   2.76480580  -4.00772892
   2.76020892  -4.00400146
   2.75029799  -3.99531645
   2.74351600  -3.98916023
   2.73511022  -3.98185103
   2.72619894  -3.97408663
   2.72048586  -3.96954713
   2.70834466  -3.95950154
   2.70546128  -3.95684549
   2.69100615  -3.94529128
   2.69004807  -3.94442967
   2.67585821  -3.93178781
   2.67390657  -3.93006233
   2.66100107  -3.91885851
   2.65721346  -3.91524360
   2.64643788  -3.90653676
   2.63915774  -3.89993917
   2.63160077  -3.89354114
   2.62201291  -3.88558909
   2.61660938  -3.88080335
   2.60541796  -3.87073000
   2.60176323  -3.86786686
   2.58779097  -3.85592135
   2.58682791  -3.85502554
   2.57207194  -3.84199105
   2.57111742  -3.84109715
   2.55740851  -3.82976919
   2.55280043  -3.82603687
   2.54251483  -3.81688999
   2.53614095  -3.81121453
   2.52777666  -3.80475701
   2.51832291  -3.79662201
   2.51268960  -3.79115797
   2.50189070  -3.78156465
   2.49821264  -3.77873367
   2.48410725  -3.76695790
   2.48314340  -3.76606258
   2.46861930  -3.75369384
   2.46598606  -3.75167626
   2.45372855  -3.74080949
   2.44912100  -3.73707773
   2.43874382  -3.72804276
   2.43226429  -3.72248333
   2.42427025  -3.71562389
   2.41511302  -3.70720032
   2.40928971  -3.70190364
   2.39821477  -3.69261274
   2.39453992  -3.68978117
   2.38043547  -3.67800743
   2.37947085  -3.67711257
   2.36494869  -3.66474547
   2.36231552  -3.66272844
   2.35006037  -3.65186265
   2.34545333  -3.64813143
   2.33569683  -3.63933752
   2.32828811  -3.63274265
   2.32077540  -3.62646746
   2.31144199  -3.61826374
   2.30585341  -3.61360942
   2.29440316  -3.60386775
   2.29074213  -3.60101005
   2.27677513  -3.58906949
   2.27580975  -3.58817506
   2.26105978  -3.57514574
   2.26010559  -3.57425222
   2.24680557  -3.56341090
   2.24198670  -3.55897103
   2.23173233  -3.54981479
   2.22530470  -3.54415044
   2.21692055  -3.53773982
   2.20732385  -3.52979735
   2.20177091  -3.52424020
   2.19037436  -3.51418181
   2.18734317  -3.51175046
   2.17331427  -3.49992589
   2.17234873  -3.49903947
   2.15790554  -3.48750971
   2.15500848  -3.48486919
   2.14286947  -3.47388355
   2.13834086  -3.47004916
   2.12798955  -3.46099498
   2.12149453  -3.45545856
   2.11321192  -3.44799776
   2.10483797  -3.44064135
   2.09841785  -3.43501942
   2.08887328  -3.42606269
   2.08332101  -3.42050632
   2.07406731  -3.41124580
   2.06852463  -3.40665336
   2.05487154  -3.39618307
   2.05388698  -3.39533410
   2.03932312  -3.38484285
   2.03470532  -3.38113882
   2.02435486  -3.37208583
   2.01859243  -3.36677857
   2.00942385  -3.35928264
   2.00004531  -3.35197368
   1.99465012  -3.34719069
   1.98362188  -3.33692617
   1.97995906  -3.33409302
   1.96604240  -3.32210970
   1.96508138  -3.32122246
   1.95054501  -3.30891418
   1.94864450  -3.30705465
   1.93587865  -3.29669615
   1.93107959  -3.29223957
   1.92072994  -3.28318773
   1.91423615  -3.27765268
   1.90590379  -3.27025502
   1.89780838  -3.26261645
   1.89122112  -3.25712666
   1.87999892  -3.24803263
   1.87617332  -3.24447241
   1.86242925  -3.23320445
   1.86146218  -3.23233038
   1.84652704  -3.21951820
   1.84557323  -3.21862512
   1.83198815  -3.20718459
   1.82819555  -3.20358356
   1.81720874  -3.19420031
   1.81154270  -3.18877120
   1.80234003  -3.18130791
   1.79326815  -3.17373119
   1.78769375  -3.16907673
   1.77638511  -3.15914946
   1.77256143  -3.15558943
   1.75881919  -3.14432261
   1.75786756  -3.14342807
   1.74312300  -3.13040235
   1.74216527  -3.12951471
   1.72847348  -3.11817498
   1.72385566  -3.11447264
   1.71350749  -3.10542295
   1.70701480  -3.09988918
   1.69897175  -3.09308372
   1.68966162  -3.08485638
   1.68386313  -3.07955535
   1.67277997  -3.07027626
   1.66924927  -3.06731722
   1.65690373  -3.05566891
   1.65418444  -3.05374331
   1.63948006  -3.04157974
   1.63784172  -3.04041704
   1.62487437  -3.02930598
   1.62025652  -3.02560413
   1.61000187  -3.01645574
   1.60358981  -3.01079198
   1.59513667  -3.00356601
   1.58606337  -2.99599119
   1.58049393  -2.99133728
   1.56918304  -2.98141260
   1.56559176  -2.97851180
   1.55181137  -2.96636392
   1.55084852  -2.96548385
   1.53592918  -2.95267140
   1.53497160  -2.95178394
   1.52128320  -2.94044642
   1.51740304  -2.93696987
   1.50641051  -2.92759766
   1.50074586  -2.92217024
   1.49139940  -2.91489978
   1.48201044  -2.90759749
   1.47646104  -2.90204459
   1.46563167  -2.89250783
   1.46183431  -2.88892272
   1.44822514  -2.87751085
   1.44726237  -2.87663087
   1.43234383  -2.86381973
   1.43138632  -2.86293236
   1.41769950  -2.85159591
   1.41381963  -2.84811970
   1.40273527  -2.83884810
   1.39624402  -2.83331604
   1.38804494  -2.82577670
   1.37981456  -2.81828825
   1.37324365  -2.81279962
   1.36201192  -2.80371226
   1.35842403  -2.80081207
   1.34464608  -2.78866652
   1.34368337  -2.78778662
   1.32899422  -2.77563531
   1.32708450  -2.77386203
   1.31400996  -2.76197563
   1.31043342  -2.75905457
   1.29937028  -2.74975429
   1.29284445  -2.74424522
   1.28461813  -2.73768293
   1.27531367  -2.72944914
   1.26952467  -2.72415000
   1.25773355  -2.71463973
   1.25490987  -2.71191701
   1.24107371  -2.69983050
   1.24011106  -2.69895068
   1.22519395  -2.68614194
   1.22423657  -2.68525473
   1.21066867  -2.67380881
   1.20686292  -2.67022122
   1.19580070  -2.66092179
   1.18855489  -2.65514199
   1.18104908  -2.64885151
   1.17174391  -2.64061827
   1.16626485  -2.63588780
   1.15492301  -2.62599214
   1.15105477  -2.62248729
   1.13732196  -2.61122685
   1.13636364  -2.61033328
   1.12185710  -2.59797352
   1.11994697  -2.59620050
   1.10676301  -2.58445142
   1.10310956  -2.58161926
   1.09202572  -2.57235018
   1.08477530  -2.56658772
   1.07734172  -2.56020090
   1.06818015  -2.55179498
   1.06247330  -2.54640198
   1.05136575  -2.53716974
   1.04772206  -2.53432421
   1.03394728  -2.52218183
   1.03298474  -2.52130216
   1.01806881  -2.50849554
   1.01711154  -2.50760848
   1.00354447  -2.49616438
   0.99973980  -2.49257746
   0.98899458  -2.48382636
   0.98215724  -2.47777201
   0.97369960  -2.47055035
   0.96462192  -2.46297885
   0.95891650  -2.45758655
   0.94795480  -2.44816920
   0.94430161  -2.44533740
   0.93039231  -2.43336838
   0.92942983  -2.43248877
   0.91497973  -2.42013775
   0.91297596  -2.41832227
   0.89977474  -2.40759571
   0.89598448  -2.40399764
   0.88512649  -2.39446916
   0.87863547  -2.38897065
   0.87057233  -2.38213672
   0.86106877  -2.37416949
   0.85528817  -2.36887338
   0.84419554  -2.35959980
   0.84038673  -2.35604373
   0.82684226  -2.34456165
   0.82587982  -2.34368211
   0.81119332  -2.33153570
   0.80928257  -2.32976289
   0.79644121  -2.31854785
   0.79261971  -2.31495836
   0.78145376  -2.30581811
   0.77508623  -2.30016663
   0.76674440  -2.29275985
   0.75752028  -2.28536651
   0.75204673  -2.28063875
   0.74085830  -2.27056009
   0.73697986  -2.26708576
   0.72329666  -2.25576126
   0.72233426  -2.25488178
   0.70764813  -2.24273614
   0.70573716  -2.24096335
   0.69266672  -2.22908249
   0.68909307  -2.22616315
   0.67803466  -2.21686751
   0.67151609  -2.21136159
   0.66313220  -2.20405528
   0.65490047  -2.19656965
   0.64842550  -2.19099693
   0.63731642  -2.18176477
   0.63366367  -2.17893358
   0.61957120  -2.16719157
   0.61860248  -2.16631847
   0.60390012  -2.15418268
   0.60126995  -2.15216916
   0.58926709  -2.14196871
   0.58443884  -2.13759606
   0.57452434  -2.12989492
   0.56548866  -2.12231412
   0.55982950  -2.11771584
   0.54835538  -2.10800899
   0.54477887  -2.10511340
   0.53034077  -2.09357396
   0.52935390  -2.09273509
   0.51526241  -2.08098306
   0.51159701  -2.07817786
   0.50053960  -2.06888334
   0.49404422  -2.06338383
   0.48579111  -2.05676682
   0.47532432  -2.04881718
   0.47057213  -2.04436340
   0.45797934  -2.03378495
   0.45606036  -2.03201822
   0.44137665  -2.01986683
   0.44041144  -2.01898700
   0.42631978  -2.00724628
   0.42266725  -2.00441542
   0.41181127  -1.99580500
   0.40437474  -1.98939673
   0.39690452  -1.98299283
   0.38657971  -1.97483087
   0.38205729  -1.97103860
   0.36906177  -1.96002094
   0.36712109  -1.95826856
   0.35243467  -1.94611868
   0.35074275  -1.94500264
   0.33759857  -1.93415743
   0.33299722  -1.93043314
   0.32285408  -1.92207440
   0.31470723  -1.91541296
   0.30823787  -1.90984421
   0.29713020  -1.90061392
   0.29347777  -1.89778325
   0.27888789  -1.88643585
   0.27790490  -1.88559131
   0.26394374  -1.87369851
   0.26107576  -1.87102180
   0.24887552  -1.86107734
   0.24258837  -1.85622600
   0.23419880  -1.84891793
   0.22596586  -1.84143237
   0.21941459  -1.83504082
   0.20956549  -1.82639830
   0.20463419  -1.82208548
   0.19158217  -1.81206152
   0.18984437  -1.81098884
   0.17531227  -1.80048521
   0.17141016  -1.79704441
   0.16015114  -1.78800429
   0.15366309  -1.78247681
   0.14531406  -1.77508336
   0.13722591  -1.76745464
   0.13062395  -1.75924834
   0.12585927  -1.75288788
   0.11643653  -1.73821988
   0.11560955  -1.73736271
   0.10120863  -1.72932044
   0.08658148  -1.72363322
   0.08554151  -1.72287928
   0.07170577  -1.71457291
   0.06327669  -1.70827413
   0.05681104  -1.70270882
   0.04570409  -1.69347971
   0.04205179  -1.69064934
   0.02796119  -1.67891073
   0.02699163  -1.67803733
   0.01217772  -1.66606041
   0.01026813  -1.66428948
  -0.00254952  -1.65394674
  -0.00883462  -1.64909716
  -0.01742702  -1.64206468
  -0.02754129  -1.63453196
  -0.03207294  -1.63173653
  -0.04690333  -1.62370582
  -0.06155353  -1.62050021
  -0.07541219  -1.61906079
  -0.07633632  -1.61862450
  -0.07726088  -1.61906095
  -0.09121896  -1.61990446
  -0.10593433  -1.62108699
  -0.12069487  -1.62154770
  -0.13551287  -1.62308722
  -0.15024802  -1.62522425
  -0.16491374  -1.62999786
  -0.17243454  -1.63437478
  -0.17994972  -1.63974643
  -0.19206047  -1.64893670
  -0.19464115  -1.65097963
  -0.20918752  -1.66330757
  -0.21013974  -1.66419100
  -0.22433114  -1.67674612
  -0.22623721  -1.67853008
  -0.23896038  -1.68895648
  -0.24452832  -1.69355499
  -0.25390065  -1.70077663
  -0.26486459  -1.70835033
  -0.26851700  -1.71118084
  -0.28172408  -1.72291176
  -0.28334159  -1.72406750
  -0.29628720  -1.73793978
  -0.29817147  -1.73975085
  -0.31218990  -1.75251193
  -0.31315933  -1.75338506
  -0.32771268  -1.76568021
  -0.32956761  -1.76753194
  -0.34230890  -1.77796291
  -0.34713482  -1.78232891
  -0.35739421  -1.79147034
  -0.36376443  -1.79712164
  -0.37209653  -1.80452381
  -0.38059688  -1.81169658
  -0.38702551  -1.81730576
  -0.39809879  -1.82653385
  -0.40171900  -1.82943714
  -0.41479086  -1.84129415
  -0.41673234  -1.84304603
  -0.43141946  -1.85519586
  -0.43310285  -1.85631025
  -0.44594298  -1.86752266
  -0.44974513  -1.87110791
  -0.46070927  -1.88049282
  -0.46713620  -1.88612841
  -0.47556451  -1.89337976
  -0.48394020  -1.90069830
  -0.49041054  -1.90626974
  -0.50151399  -1.91549949
  -0.50510500  -1.91839720
  -0.51745195  -1.93006201
  -0.52003474  -1.93210679
  -0.53460662  -1.94441384
  -0.53554604  -1.94531279
  -0.54950015  -1.95721605
  -0.55235960  -1.95989250
  -0.56458887  -1.97074090
  -0.56919071  -1.97446562
  -0.57903216  -1.98315978
  -0.58641520  -1.98970770
  -0.59388626  -1.99605135
  -0.60319733  -2.00428298
  -0.60874535  -2.00893099
  -0.62077413  -2.01908642
  -0.62364567  -2.02174698
  -0.63760133  -2.03366138
  -0.63857032  -2.03453442
  -0.65327400  -2.04667016
  -0.65518040  -2.04845458
  -0.66793039  -2.05978523
  -0.67254979  -2.06348411
  -0.68289401  -2.07252607
  -0.69010161  -2.07827739
  -0.69735548  -2.08491446
  -0.70654841  -2.09327159
  -0.71211846  -2.09794097
  -0.72432223  -2.10788194
  -0.72719391  -2.11054270
  -0.74095882  -2.12267959
  -0.74190260  -2.12358365
  -0.75648863  -2.13586761
  -0.75837555  -2.13768576
  -0.77125370  -2.14790147
  -0.77592835  -2.15248028
  -0.78623337  -2.16157873
  -0.79272752  -2.16707674
  -0.80099702  -2.17455903
  -0.80937014  -2.18187726
  -0.81584669  -2.18745251
  -0.82625931  -2.19631859
  -0.83092242  -2.20008011
  -0.84359551  -2.21148554
  -0.84551497  -2.21325279
  -0.85953011  -2.22604895
  -0.86046244  -2.22695615
  -0.87483369  -2.23854323
  -0.87763377  -2.24127570
  -0.89005850  -2.25283418
  -0.89371188  -2.25566593
  -0.90448904  -2.26527631
  -0.91015353  -2.27068464
  -0.91936369  -2.27907973
  -0.92679724  -2.28548656
  -0.93413224  -2.29205659
  -0.94344111  -2.30028868
  -0.94891636  -2.30501844
  -0.96009953  -2.31509725
  -0.96392044  -2.31865706
  -0.97673741  -2.32989734
  -0.97862230  -2.33170926
  -0.99323145  -2.34398673
  -0.99414451  -2.34488062
  -1.00799642  -2.35695024
  -1.01082516  -2.35969452
  -1.02309009  -2.37047902
  -1.02688104  -2.37407764
  -1.03764488  -2.38369624
  -1.04330785  -2.38910584
  -1.05252063  -2.39750240
  -1.05995291  -2.40390946
  -1.06722456  -2.41053426
  -1.07729335  -2.41894263
  -1.08200446  -2.42355169
  -1.09325956  -2.43352401
  -1.09685166  -2.43642308
  -1.11068459  -2.44850431
  -1.11162347  -2.44941294
  -1.12584161  -2.46289489
  -1.12678506  -2.46378315
  -1.14133130  -2.47608030
  -1.14396773  -2.47810699
  -1.15603948  -2.48915519
  -1.15984522  -2.49274308
  -1.17081802  -2.50212332
  -1.17647341  -2.50754101
  -1.18568894  -2.51593896
  -1.19397559  -2.52253704
  -1.20060359  -2.52874523
  -1.20906569  -2.53692503
  -1.21547538  -2.54254709
  -1.22572021  -2.55172671
  -1.23048202  -2.55618683
  -1.24236732  -2.56653283
  -1.24500159  -2.56853989
  -1.25969298  -2.58069928
  -1.26064589  -2.58157614
  -1.27435108  -2.59375542
  -1.27715216  -2.59654410
  -1.28944663  -2.60827010
  -1.29300325  -2.61118394
  -1.30397431  -2.62063538
  -1.31047432  -2.62616471
  -1.31885489  -2.63347861
  -1.32722395  -2.64079863
  -1.33378448  -2.64719817
  -1.34372285  -2.65575556
  -1.34851098  -2.66026035
  -1.36053079  -2.67041815
  -1.36335510  -2.67314137
  -1.37706018  -2.68538662
  -1.37799813  -2.68629679
  -1.39288105  -2.69915916
  -1.39383312  -2.70003612
  -1.40769311  -2.71298784
  -1.41034951  -2.71499674
  -1.42252422  -2.72595559
  -1.42640485  -2.72943223
  -1.43720216  -2.73902237
  -1.44287429  -2.74446681
  -1.45219214  -2.75269550
  -1.46027553  -2.75940757
  -1.46675260  -2.76501169
  -1.47692679  -2.77421604
  -1.48179012  -2.77864153
  -1.49576432  -2.78869468
  -1.49675925  -2.78952187
  -1.51132459  -2.80000535
  -1.51520550  -2.80348231
  -1.52649277  -2.81536529
  -1.52911688  -2.81826568
  -1.54119312  -2.83117709
  -1.54298589  -2.83307936
  -1.55582651  -2.84430346
  -1.56032060  -2.84812840
  -1.57048700  -2.85743948
  -1.57697206  -2.86293967
  -1.58525673  -2.87042921
  -1.59362376  -2.87775120
  -1.60034499  -2.88397947
  -1.60981342  -2.89210052
  -1.61513273  -2.89696048
  -1.62693968  -2.90737928
  -1.62976463  -2.91010327
  -1.64360997  -2.92219610
  -1.64457308  -2.92307638
  -1.65949631  -2.93589171
  -1.66045417  -2.93677940
  -1.67405837  -2.94912701
  -1.67690796  -2.95181991
  -1.68904581  -2.96280075
  -1.69283874  -2.96640175
  -1.70382673  -2.97578476
  -1.71024128  -2.98145065
  -1.71861411  -2.98876220
  -1.72684613  -2.99625362
  -1.73334404  -3.00183557
  -1.74373133  -3.01083663
  -1.74843048  -3.01538795
  -1.76018103  -3.02588962
  -1.76305490  -3.02855300
  -1.77702853  -3.04048077
  -1.77798087  -3.04137474
  -1.79253806  -3.05458587
  -1.79429490  -3.05564205
  -1.80750987  -3.06831789
  -1.81014218  -3.07033374
  -1.82228118  -3.08131635
  -1.82680654  -3.08515090
  -1.83706370  -3.09430247
  -1.84342906  -3.09995851
  -1.85179788  -3.10737576
  -1.86030655  -3.11455839
  -1.86695965  -3.12083769
  -1.87627846  -3.12912857
  -1.88174553  -3.13382331
  -1.89293476  -3.14394536
  -1.89645435  -3.14690239
  -1.90953218  -3.15878265
  -1.91145809  -3.16057557
  -1.92578517  -3.17311649
  -1.92673064  -3.17404793
  -1.94055570  -3.18615856
  -1.94339342  -3.18886671
  -1.95541616  -3.19908143
  -1.96024976  -3.20346007
  -1.97014395  -3.21210299
  -1.97673931  -3.21850601
  -1.98519264  -3.22573668
  -1.99356759  -3.23309325
  -1.99981893  -3.23887259
  -2.00989658  -3.24823684
  -2.01459258  -3.25197000
  -2.02688899  -3.26272261
  -2.02948535  -3.26477231
  -2.04335360  -3.27778092
  -2.04431710  -3.27866162
  -2.05905012  -3.29166716
  -2.05999721  -3.29259852
  -2.07393518  -3.30461145
  -2.07686152  -3.30719805
  -2.08879128  -3.31749284
  -2.09352401  -3.32200895
  -2.10368660  -3.33129698
  -2.11018310  -3.33683427
  -2.11846790  -3.34429618
  -2.12684404  -3.35165405
  -2.13326593  -3.35727712
  -2.14350720  -3.36646712
  -2.14828598  -3.37093113
  -2.16109056  -3.38130669
  -2.16294466  -3.38314230
  -2.17663776  -3.39634947
  -2.17760140  -3.39723033
  -2.19253104  -3.41005478
  -2.19348943  -3.41094307
  -2.20729796  -3.42307086
  -2.21015176  -3.42576389
  -2.22231166  -3.43674170
  -2.22681427  -3.44058590
  -2.23699775  -3.44984506
  -2.24331072  -3.45564224
  -2.25176256  -3.46287702
  -2.26013995  -3.47023626
  -2.26656266  -3.47586041
  -2.27690434  -3.48490219
  -2.28181650  -3.48924595
  -2.29386067  -3.49939889
  -2.29678087  -3.50212081
  -2.31013075  -3.51470243
  -2.31109871  -3.51558954
  -2.32586900  -3.52860137
  -2.32679486  -3.52952790
  -2.34060575  -3.54166654
  -2.34346000  -3.54436008
  -2.35562146  -3.55534007
  -2.36012476  -3.55918501
  -2.37041547  -3.56833536
  -2.37678987  -3.57401070
  -2.38521482  -3.58132469
  -2.39415303  -3.58906072
  -2.39987995  -3.59446611
  -2.41084928  -3.60389748
  -2.41467532  -3.60746321
  -2.42695874  -3.61828051
  -2.42979574  -3.62103710
  -2.44411252  -3.63272951
  -2.44504924  -3.63364311
  -2.45919372  -3.64721795
  -2.46011973  -3.64814465
  -2.47405918  -3.66014765
  -2.47697281  -3.66275864
  -2.48882855  -3.67317766
  -2.49364857  -3.67758396
  -2.50374869  -3.68695950
  -2.51012414  -3.69263597
  -2.51841428  -3.70010659
  -2.52679437  -3.70746873
  -2.53330695  -3.71299819
  -2.54438436  -3.72229295
  -2.54822424  -3.72585509
  -2.56177740  -3.73735083
  -2.56271549  -3.73826464
  -2.57699307  -3.75173470
  -2.57795681  -3.75263022
  -2.59248722  -3.76500383
  -2.59439694  -3.76679212
  -2.60714094  -3.77812653
  -2.61087723  -3.78184705
  -2.62193076  -3.79116549
  -2.62751708  -3.79666532
  -2.63684374  -3.80500735
  -2.64440985  -3.81128942
  -2.65184993  -3.81774593
  -2.66130563  -3.82588460
  -2.66694262  -3.83135120
  -2.67705149  -3.84071719
  -2.68175160  -3.84526735
  -2.69367310  -3.85557076
  -2.69631269  -3.85759879
  -2.71036311  -3.87039603
  -2.71132581  -3.87129226
  -2.72585922  -3.88366836
  -2.72776928  -3.88545703
  -2.74076144  -3.89656063
  -2.74537334  -3.90029566
  -2.75566112  -3.90944747
  -2.76132595  -3.91489493
  -2.77047488  -3.92336369
  -2.77778228  -3.92995800
  -2.78523376  -3.93642127
  -2.79468776  -3.94456308
  -2.80009537  -3.94935125
  -2.81129976  -3.95942818
  -2.81512560  -3.96303542
  -2.82800115  -3.97424951
  -2.82991618  -3.97604969
  -2.84445795  -3.98842231
  -2.84541463  -3.98931041
  -2.85946495  -4.00212061
  -2.86136910  -4.00391774
  -2.87416155  -4.01525337
  -2.87803284  -4.01876106
  -2.88917351  -4.02893930
  -2.89471468  -4.03359748
  -2.90387851  -4.04206333
  -2.91123756  -4.04866639
  -2.91878029  -4.05495961
  -2.92743697  -4.06299915
  -2.93382497  -4.06861731
  -2.94477231  -4.07810798
  -2.94830631  -4.08106720
  -2.96216149  -4.09318569
  -2.96312943  -4.09406275
  -2.97789663  -4.10709402
  -2.97883328  -4.10802479
  -2.99288634  -4.12083791
  -2.99479087  -4.12263545
  -3.00745156  -4.13318479
  -3.01220153  -4.13770940
  -3.02272007  -4.14754450
  -3.02815557  -4.15231751
  -3.03716870  -4.16002427
  -3.04482745  -4.16716293
  -3.05245725  -4.17433847
  -3.06152743  -4.18200028
  -3.06702259  -4.18669758
  -3.07909796  -4.19685827
  -3.08196101  -4.19956784
  -3.09506268  -4.21145987
  -3.09700225  -4.21328456
  -3.11132248  -4.22587784
  -3.11229205  -4.22676802
  -3.12631690  -4.23867520
  -3.12916670  -4.24138160
  -3.14113328  -4.25260662
  -3.14563117  -4.25645463
  -3.15591706  -4.26565416
  -3.16251749  -4.27107860
  -3.17075602  -4.27862606
  -3.17829502  -4.28591632
  -3.18567392  -4.29244683
  -3.19569824  -4.30099553
  -3.20048614  -4.30545844
  -3.21256642  -4.31562025
  -3.21542663  -4.31833236
  -3.22852789  -4.33023229
  -3.23046212  -4.33206030
  -3.24479547  -4.34464823
  -3.24575084  -4.34553785
  -3.25957890  -4.35768871
  -3.26244139  -4.36038642
  -3.27484291  -4.37205773
  -3.27840388  -4.37500377
  -3.28942283  -4.38440026
  -3.29509231  -4.38985274
  -3.30424005  -4.39741032
  -3.31248236  -4.40493328
  -3.31925496  -4.41111664
  -3.32940140  -4.41955251
  -3.33418622  -4.42400589
  -3.34624961  -4.43418368
  -3.34917475  -4.43684615
  -3.36296004  -4.44902974
  -3.36392468  -4.44987901
  -3.37845913  -4.46140349
  -3.38131011  -4.46411114
  -3.39328127  -4.47534154
  -3.39636015  -4.47872775
  -3.40821059  -4.49009806
  -3.41191995  -4.49381069
  -3.42289490  -4.50509452
  -3.42650367  -4.50888925
  -3.43788818  -4.52165388
  -3.43974295  -4.52351031
  -3.45250879  -4.53763245
  -3.45342353  -4.53859198
  -3.46665286  -4.55320992
  -3.46756847  -4.55413864
  -3.48126366  -4.56829422
  -3.48221209  -4.56919950
  -3.49631980  -4.58291601
  -3.49723110  -4.58386493
  -3.51092831  -4.59800074
  -3.51185583  -4.59892910
  -3.52580127  -4.61285247
  -3.52677012  -4.61373047
  -3.54085097  -4.62747802
  -3.54176859  -4.62840631
  -3.55636933  -4.64167485
  -3.55730376  -4.64256669
  -3.57141271  -4.65629593
  -3.57236903  -4.65719166
  -3.58623245  -4.67024899
  -3.58813888  -4.67204857
  -3.60104149  -4.68328533
  -3.60557507  -4.68713547
  -3.61599172  -4.69521267
  -3.62454862  -4.70153954
  -3.63092620  -4.70623805
  -3.64486103  -4.71641985
  -3.64586837  -4.71726801
  -3.66041776  -4.72786208
  -3.66511126  -4.73150391
  -3.67525823  -4.73901111
  -3.68550257  -4.74637612
  -3.69024674  -4.74995563
  -3.70494484  -4.75945195
  -3.70696434  -4.76103714
  -3.71980487  -4.77057191
  -3.72725529  -4.77610692
  -3.73462146  -4.78175602
  -3.74512418  -4.79073999
  -3.74962482  -4.79554006
  -3.75811743  -4.80559763
  -3.76428495  -4.81796090
  -3.76533644  -4.82069133
  -3.76906515  -4.83555160
  -3.77093556  -4.85039637
  -3.77187865  -4.86523973
  -3.77189620  -4.88007854
  -3.77191380  -4.89491758
  -3.77240831  -4.90980900
  -3.77339245  -4.92463468
  -3.77262252  -4.93921105
  -3.77246212  -4.95431860
  -3.77343482  -4.96917793
  -3.77249459  -4.98395871
  -3.77251333  -4.99879942
  -3.77254139  -5.01369809
  -3.77351812  -5.02848046
  -3.77353541  -5.04332189
  -3.77355276  -5.05816355
  -3.77357017  -5.07300546
  -3.77358763  -5.08784762
  -3.77359639  -5.10272550
  -3.77217658  -5.11753428
  -3.77032584  -5.13237298
  -3.76531734  -5.14706169
  -3.76448030  -5.14894830
  -3.75852441  -5.16225176
  -3.75003136  -5.17412010
  -3.74811491  -5.17684656
  -3.73515475  -5.18981420
  -3.73255508  -5.19188377
  -3.72038243  -5.20190002
  -3.71478444  -5.20648162
  -3.70534519  -5.21361882
  -3.69515465  -5.22106038
  -3.69054086  -5.22478922
  -3.67664177  -5.23587573
  -3.67567481  -5.23672172
  -3.66098825  -5.24803643
  -3.65737006  -5.25090811
  -3.64610506  -5.25998440
  -3.63875865  -5.26552610
  -3.63133252  -5.27114195
  -3.61940830  -5.28054532
  -3.61672072  -5.28250981
  -3.60186130  -5.29449139
  -3.60015453  -5.29558987
  -3.58713237  -5.30572250
  -3.58075639  -5.31041644
  -3.57222429  -5.31670809
  -3.56200036  -5.32498754
  -3.55731528  -5.32861734
  -3.54348618  -5.33981140
  -3.54253179  -5.34070492
  -3.52779143  -5.35190967
  -3.52404642  -5.35463308
  -3.51287342  -5.36380593
  -3.50552145  -5.36943466
  -3.49808472  -5.37495008
  -3.48607976  -5.38425487
  -3.48339241  -5.38621955
  -3.46876114  -5.39755967
  -3.46677550  -5.39927514
  -3.45372005  -5.40931405
  -3.44812757  -5.41389992
  -3.43880455  -5.42121923
  -3.42867838  -5.42870690
  -3.42408743  -5.43245701
  -3.41015932  -5.44351883
  -3.40917802  -5.44437102
  -3.39453746  -5.45570054
  -3.39088384  -5.45855834
  -3.37977372  -5.46689261
  -3.37143602  -5.47337251
  -3.36476411  -5.47866850
  -3.35276076  -5.48797496
  -3.35007362  -5.48993983
  -3.33521627  -5.50192385
  -3.33351060  -5.50302314
  -3.32076694  -5.51260983
  -3.31411903  -5.51785519
  -3.30586088  -5.52448198
  -3.29550770  -5.53263734
  -3.29076195  -5.53617320
  -3.27667111  -5.54702222
  -3.27569511  -5.54791239
  -3.26122498  -5.55942854
  -3.25757064  -5.56228587
  -3.24646124  -5.57062107
  -3.23814609  -5.57711240
  -3.23183140  -5.58195005
  -3.21888109  -5.59219444
  -3.21686997  -5.59382758
  -3.20190715  -5.60565668
  -3.20093822  -5.60652946
  -3.18717896  -5.61688929
  -3.18150780  -5.62136050
  -3.17240211  -5.62804684
  -3.16298010  -5.63616427
  -3.15756322  -5.64004767
  -3.14308506  -5.65068461
  -3.14206670  -5.65148749
  -3.12819294  -5.66256780
  -3.12355336  -5.66630925
  -3.11315695  -5.67436133
  -3.10484286  -5.68085384
  -3.09827299  -5.68629951
  -3.08692385  -5.69522267
  -3.08323604  -5.69805978
  -3.06867540  -5.70857528
  -3.06670872  -5.71027036
  -3.05391728  -5.72065656
  -3.04827227  -5.72524198
  -3.03901116  -5.73259264
  -3.02983393  -5.74012620
  -3.02434201  -5.74391844
  -3.01024013  -5.75473219
  -3.00925897  -5.75558470
  -2.99462400  -5.76692016
  -2.99096821  -5.76977685
  -2.97986008  -5.77811407
  -2.97154699  -5.78460777
  -2.96523812  -5.78945284
  -2.95210824  -5.79943028
  -2.95016679  -5.80117073
  -2.93531190  -5.81315899
  -2.93360777  -5.81425937
  -2.92089612  -5.82473880
  -2.91452179  -5.82966861
  -2.90590513  -5.83571345
  -2.89546035  -5.84367029
  -2.89077662  -5.84730223
  -2.87632468  -5.85707212
  -2.87341212  -5.85882649
  -2.86120685  -5.86589587
  -2.84741564  -5.87347610
  -2.84640263  -5.87424531
  -2.83165636  -5.88178760
  -2.81869396  -5.88826714
  -2.81684220  -5.88919280
  -2.80202815  -5.89659813
  -2.79000852  -5.90309626
  -2.78716043  -5.90481876
  -2.77252324  -5.91253702
  -2.76231018  -5.91807838
  -2.75758852  -5.92067103
  -2.74277487  -5.92807681
  -2.73354255  -5.93273195
  -2.72807325  -5.93565917
  -2.71304209  -5.94359500
  -2.70555642  -5.94714850
  -2.69824756  -5.95104968
  -2.68358583  -5.95873863
  -2.67722809  -5.96244081
  -2.66871000  -5.96696373
  -2.65408610  -5.97467164
  -2.64936119  -5.97733453
  -2.63908489  -5.98270497
  -2.62427201  -5.99011168
  -2.62056881  -5.99196337
  -2.60958497  -5.99772401
  -2.59464745  -6.00585365
  -2.59196250  -6.00696406
  -2.57983486  -6.01326072
  -2.56513542  -6.02084518
  -2.56412435  -6.02162229
  -2.55021083  -6.02900343
  -2.53797597  -6.03604185
  -2.53518001  -6.03789598
  -2.52058803  -6.04567487
  -2.51124163  -6.05105456
  -2.50573184  -6.05391552
  -2.49096467  -6.06141860
  -2.48256223  -6.06589976
  -2.47608342  -6.07053320
  -2.46123764  -6.07973820
  -2.45954999  -6.08076879
  -2.45183690  -6.09532593
         
