# shadow point cont 3D ind 12  size 1291
# norm  0.9822873 -0.1873813  0.0000000
# angle  0.1884956
   0.40455810432195    2.12076785208278   -6.09523372518628
   0.40472935948636    2.12166560309382   -6.09284541736517
   0.40585684890850    2.12757610963049   -6.07991807403831
   0.40709044557045    2.13404284979748   -6.07544612199975
   0.40970484545849    2.14774801396500   -6.06538091397002
   0.40989354172906    2.14873719445642   -6.06459034749772
   0.41262818713962    2.16307270772782   -6.05589434614421
   0.41433020294585    2.17199498704202   -6.05001460967923
   0.41540531242014    2.17763090827607   -6.04667994485328
   0.41818475373202    2.19220124988585   -6.03836266162117
   0.41904526297995    2.19671219733676   -6.03553400767161
   0.42097642305810    2.20683569299093   -6.02928076590848
   0.42357656599135    2.22046611958415   -6.02091730842099
   0.42376563253603    2.22145724112040   -6.02013011170228
   0.42648811049255    2.23572897036405   -6.01225724669301
   0.42827400097617    2.24509093613491   -6.00632292316549
   0.42930299984958    2.25048513713411   -6.00337340030838
   0.43206194788185    2.26494804921000   -5.99487906680448
   0.43326287626362    2.27124353625502   -5.99105681389329
   0.43481132085101    2.27936076704728   -5.98632395778103
   0.43762429118796    2.29410687396179   -5.97743196636281
   0.43781822470361    2.29512350905337   -5.97670280258086
   0.44039729459598    2.30864346689770   -5.96907915735569
   0.44267920574790    2.32060566407185   -5.96189552338475
   0.44320956055029    2.32338588130911   -5.96009641703592
   0.44589951591981    2.33748712118113   -5.95197406892571
   0.44747425175460    2.34574217551888   -5.94653399747278
   0.44869790327400    2.35215678142286   -5.94294740937194
   0.45149058264548    2.36679651937137   -5.93476072101079
   0.45236074673166    2.37135807925680   -5.93201122699747
   0.45425539867692    2.38129019257616   -5.92632514386315
   0.45700477371859    2.39570292127796   -5.91777354398168
   0.45719433245776    2.39669662298807   -5.91700145061899
   0.45981854038471    2.41045320269617   -5.90888503333755
   0.46191519040767    2.42144422702184   -5.90261417150617
   0.46259530251123    2.42500949952443   -5.90051589534602
   0.46533739604131    2.43938405720573   -5.89193456343240
   0.46676681831818    2.44687735119601   -5.88750077303202
   0.46814203776977    2.45408650402553   -5.88295721364859
   0.47090838168350    2.46858818666980   -5.87452932458632
   0.47158738229597    2.47214763253205   -5.87257194252187
   0.47369119447428    2.48317620219095   -5.86629140076406
   0.47631801023298    2.49694645263184   -5.85819225456058
   0.47651644638839    2.49798669138762   -5.85752331350515
   0.47922637150344    2.51219261633176   -5.84947113876110
   0.48114219547820    2.52223571731655   -5.84312813325819
   0.48201831317603    2.52682848712727   -5.84039266961646
   0.48480665224772    2.54144547242743   -5.83118863988881
   0.48565888207045    2.54591301761147   -5.82829225918613
   0.48757465996568    2.55595587703891   -5.82093818122142
   0.48964695819691    2.56681924480184   -5.81347313668744
   0.49034132458833    2.57045924089823   -5.81065659213154
   0.49312984552513    2.58507717956870   -5.79969997042433
   0.49346153522519    2.58681595786838   -5.79865312910624
   0.49589889187830    2.59959302889667   -5.78845674669986
   0.49707583399873    2.60576277555628   -5.78361798041868
   0.49865605151561    2.61404656587785   -5.77726151233519
   0.50074369572708    2.62499038008644   -5.76901162539002
   0.50143821460301    2.62863117553459   -5.76619536018110
   0.50420451317806    2.64313262050518   -5.75503161782629
   0.50453049470878    2.64484147553329   -5.75395771053773
   0.50694676788847    2.65750802312335   -5.74461708875144
   0.50820152234583    2.66408567633805   -5.73936588410648
   0.50980766666831    2.67250537973424   -5.73319111826027
   0.51184573262917    2.68318929565146   -5.72453460438409
   0.51254506304639    2.68685531408239   -5.72184626131506
   0.51534455646373    2.70153077251024   -5.71085991159111
   0.51553323355073    2.70251985243782   -5.71003842123914
   0.51808021613449    2.71587160271979   -5.70042442683939
   0.51948162334241    2.72321803657562   -5.69486549086519
   0.52085028205730    2.73039279681897   -5.68927413296624
   0.52311479352065    2.74226378163138   -5.68008660347625
   0.52362457790550    2.74493616496355   -5.67816051830890
   0.52639171212960    2.75944199055985   -5.66698860559470
   0.52675715440057    2.76135770603258   -5.66526404468486
   0.52914093625420    2.77385392812664   -5.65570597950567
   0.53053564612441    2.78116525330867   -5.65017983103622
   0.53196284898243    2.78864691269787   -5.64403723600928
   0.53432171112213    2.80101250107671   -5.63518360135930
   0.53468782240069    2.80293172361005   -5.63346517620731
   0.53747601419429    2.81754793685144   -5.62246684918053
   0.53799422270836    2.82026448101549   -5.62057175754560
   0.54023825027004    2.83202808545494   -5.61125460182720
   0.54163334434669    2.83934142471762   -5.60572888033918
   0.54300316396797    2.84652227064539   -5.60007304800854
   0.54527864162668    2.85845074226706   -5.59097469557281
   0.54579574922807    2.86116151524477   -5.58909896594465
   0.54858660224838    2.87579167912510   -5.57808737442718
   0.54909186640221    2.87844036657644   -5.57612267601791
   0.55134775516140    2.89026614959068   -5.56690547463421
   0.55276171179129    2.89767836982032   -5.56156381871621
   0.55414250852367    2.90491675977967   -5.55592216200236
   0.55654852451862    2.91752953732427   -5.54649672135514
   0.55690950282208    2.91942185185980   -5.54473522077961
   0.55964960187282    2.93378595411421   -5.53340211257129
   0.56015941621498    2.93645849448811   -5.53147640421510
   0.56239244165713    2.94816442379716   -5.52298024287569
   0.56398811146055    2.95652921784155   -5.51676403556012
   0.56524027272692    2.96309327707299   -5.51147686195231
   0.56764714786701    2.97571055841418   -5.50207010331254
   0.56801474362808    2.97763756287730   -5.50036593809940
   0.57074023849220    2.99192510730443   -5.48983531936726
   0.57128879742973    2.99480075396003   -5.48726357702690
   0.57356782798899    3.00674785053863   -5.47818097263104
   0.57510109195943    3.01478550174997   -5.47239359983947
   0.57629666731836    3.02105292726657   -5.46766473285386
   0.57874515802649    3.03388836505523   -5.45762791995113
   0.57911275820659    3.03581539268374   -5.45592385519887
   0.58185860706578    3.05020963648960   -5.44554208986724
   0.58255969939606    3.05388489119227   -5.44279744831606
   0.58462463175645    3.06470964570798   -5.43436589263701
   0.58619956814225    3.07296575137093   -5.42795328743967
   0.58743640990769    3.07944950296616   -5.42259394665706
   0.58981532478896    3.09192021149762   -5.41298427407963
   0.59014658577037    3.09365674237544   -5.41193868285669
   0.59293667728105    3.10828291428254   -5.40095492527822
   0.59362924021724    3.11191345633551   -5.39816502753558
   0.59570917778229    3.12281687088876   -5.38983168485985
   0.59725476080017    3.13091910080835   -5.38328350254183
   0.59846850039782    3.13728174659890   -5.37859492400453
   0.60094183306131    3.15024741047805   -5.36875102650307
   0.60130944336147    3.15217449115780   -5.36704715646102
   0.60405526859255    3.16656861110078   -5.35666629096728
   0.60475676613602    3.17024599000532   -5.35392248333518
   0.60682150690814    3.18106974018022   -5.34549147323664
   0.60839720721919    3.18932985047957   -5.33908013528416
   0.60963344271768    3.19581042391212   -5.33372089108330
   0.61218277583981    3.20917449614776   -5.32409476846688
   0.61236658389316    3.21013805170707   -5.32324288030190
   0.61515395682558    3.22474997232785   -5.31223197477025
   0.61585565928663    3.22842842544799   -5.30948861406031
   0.61790668239513    3.23918026511184   -5.30096227547325
   0.61947819285326    3.24741841143304   -5.29456876868480
   0.62073232641567    3.25399280980243   -5.28928791646283
   0.62313921836871    3.26661017928018   -5.27990243797666
   0.62347278251253    3.26835878375814   -5.27887057714888
   0.62626966561205    3.28302055842071   -5.26789732883877
   0.62709273252046    3.28733522625417   -5.26483020399196
   0.62897808877726    3.29721860986808   -5.25725211307359
   0.63072592391151    3.30638108251134   -5.24998596111420
   0.63178992325628    3.31195876240684   -5.24548761983306
   0.63426069442278    3.32491099844854   -5.23569237719502
   0.63459340574196    3.32665513226322   -5.23456528838494
   0.63733241876191    3.34101354134484   -5.22322297429297
   0.63802468000467    3.34464250186546   -5.22043300662793
   0.64011869426757    3.35561970905308   -5.21219741209828
   0.64182565567952    3.36456791414035   -5.20555762515446
   0.64288934648978    3.37014397664131   -5.20105913328220
   0.64548042802475    3.38372690172124   -5.19080410237556
   0.64566424590970    3.38469050881965   -5.18995234946748
   0.64845160223445    3.39930234237996   -5.17894267054036
   0.64915392838240    3.40298406498134   -5.17620077051974
   0.65120491010192    3.41373568767655   -5.16767536915204
   0.65275207795517    3.42184622559409   -5.16113007228319
   0.65394542661600    3.42810197835044   -5.15455424860162
   0.65521355590037    3.43474974486369   -5.14645189518144
   0.65658782352659    3.44195390804994   -5.13158822555690
   0.65676061864085    3.44285973176082   -5.12788015163990
   0.65718103837667    3.44506364919709   -5.11677439961271
   0.65743855232859    3.44641358460776   -5.10191148922225
   0.65760526261694    3.44728751054415   -5.08707778816761
   0.65760210199324    3.44727094197445   -5.07224107715940
   0.65759895064546    3.44725442203089   -5.05740461657375
   0.65759580857513    3.44723795072139   -5.04256840565267
   0.65759267578375    3.44722152805385   -5.02773244363814
   0.65758955227283    3.44720515403618   -5.01289672977219
   0.65758643804387    3.44718882867629   -4.99806126329680
   0.65758333309840    3.44717255198210   -4.98322604345398
   0.65758023743791    3.44715632396150   -4.96839106948575
   0.65757715106391    3.44714014462241   -4.95355634063408
   0.65757067590359    3.44710620064332   -4.93872635588184
   0.65748707350177    3.44666794150512   -4.92388811628417
   0.65748404243714    3.44665205210788   -4.90905411669398
   0.65739130079883    3.44616588341428   -4.89421862731434
   0.65747800933309    3.44662042546892   -4.87938684300468
   0.65738523204409    3.44613406988781   -4.86455184673635
   0.65737895720684    3.44610117603900   -4.84972338544673
   0.65720560651563    3.44519243989175   -4.83488480804460
   0.65719940000179    3.44515990420683   -4.82005686138517
   0.65701701189824    3.44420379228501   -4.80523843717082
   0.65671028815012    3.44259589008868   -4.79777788448117
   0.65628114944373    3.44034626620800   -4.79003896612032
   0.65479009023812    3.43252986012187   -4.77546329031741
   0.65389601683427    3.42784296320389   -4.77001971311763
   0.65217793396265    3.41883645738333   -4.76063568230376
   0.65111560349371    3.41326752604132   -4.75518218566243
   0.64918495798518    3.40314672785556   -4.74601715878459
   0.64834007653071    3.39871770416697   -4.74216547192324
   0.64595384160126    3.38620862259913   -4.73072860141811
   0.64558946875558    3.38429851325010   -4.72898525431522
   0.64296976665958    3.37056555393504   -4.71608965116434
   0.64279067675699    3.36962673178810   -4.71519434798219
   0.64006556973170    3.35534122048334   -4.70280845167353
   0.63971770497698    3.35351764957773   -4.70098773982359
   0.63725786858231    3.34062273561739   -4.68904342094675
   0.63672144129387    3.33781068529345   -4.68636998558146
   0.63444606898739    3.32588276594749   -4.67533080693733
   0.63359510062002    3.32142183354400   -4.67152031768906
   0.63169952467915    3.31148487647003   -4.66214987317871
   0.63050468519500    3.30522130854417   -4.65642167805323
   0.62891241082447    3.29687431398233   -4.64918865526310
   0.62733766117302    3.28861918721516   -4.64184320579149
   0.62612200328496    3.28224648539409   -4.63627469817194
   0.62421369696261    3.27224279332335   -4.62698526483269
   0.62337064612202    3.26782336604875   -4.62312609055826
   0.62108714002406    3.25585280787468   -4.61213980275283
   0.62055315424126    3.25305355637151   -4.60943291486207
   0.61796039002733    3.23946181037957   -4.59729614810513
   0.61778133852867    3.23852318955309   -4.59640106730211
   0.61497926014415    3.22383418025281   -4.58356269609410
   0.61479539787082    3.22287034046235   -4.58266338629444
   0.61224206057894    3.20948527763384   -4.57031674633477
   0.61156245239705    3.20592264678112   -4.56740165423791
   0.60946875309254    3.19494709066322   -4.55729855388330
   0.60858731991554    3.19032645613490   -4.55273969519524
   0.60673957027230    3.18064021329312   -4.54402847230712
   0.60549808084127    3.17413209778166   -4.53764199215639
   0.60390613047644    3.16578680171719   -4.53041079503759
   0.60229379144533    3.15733462452110   -4.52328898112734
   0.60109833159085    3.15106780450006   -4.51760663823539
   0.59916857336381    3.14095165760678   -4.50844579558261
   0.59832403776761    3.13652444697070   -4.50459605582653
   0.59607903661750    3.12475573880203   -4.49338786504994
   0.59553270617588    3.12189177433110   -4.49077415357954
   0.59295615743982    3.10838503285099   -4.47853205833517
   0.59277714271290    3.10744660478873   -4.47763719187067
   0.58997577860266    3.09276133984534   -4.46480105507135
   0.58979144874129    3.09179504887256   -4.46390456166195
   0.58723885489146    3.07841388330370   -4.45155981014232
   0.58655982866397    3.07485430316283   -4.44864266264450
   0.58444013817045    3.06374249646067   -4.43869457561390
   0.58354123694842    3.05903029123350   -4.43421929409203
   0.58166588027160    3.04919932725352   -4.42568605543998
   0.58028216468065    3.04194563610174   -4.41916093846998
   0.57889047605086    3.03465014881663   -4.41268511522767
   0.57715896846545    3.02557326818180   -4.40431197293657
   0.57609730671852    3.02000784240334   -4.39886239872397
   0.57403638159682    3.00920409456845   -4.38946250171009
   0.57334192358839    3.00556361819891   -4.38575273557281
   0.57107932069240    2.99370263844696   -4.37464741192788
   0.57057556734882    2.99106187094030   -4.37267883569620
   0.56791936677311    2.97713757989418   -4.36002620873537
   0.56773984969720    2.97619651842634   -4.35913786404056
   0.56494066365020    2.96152267129026   -4.34629862652594
   0.56476371136397    2.96059505492074   -4.34539268404827
   0.56219996222075    2.94715541125606   -4.33306593696476
   0.56153776573803    2.94368405572690   -4.33010235342611
   0.55948553984649    2.93292591085352   -4.32063036809274
   0.55841329482560    2.92730500561007   -4.31526337338774
   0.55664316081120    2.91802563814343   -4.30712961571254
   0.55524552311941    2.91069896478316   -4.30065606515555
   0.55387676460542    2.90352368137460   -4.29406406519376
   0.55216251743307    2.89453728299375   -4.28559410486417
   0.55114442371958    2.88920024884489   -4.28082245988238
   0.54903547830007    2.87814476979323   -4.27076874372372
   0.54835288912196    2.87456651201109   -4.26791058574811
   0.54574267526094    2.86088329176566   -4.25591080748896
   0.54556909814116    2.85997336863830   -4.25498359083699
   0.54279540749605    2.84543317307941   -4.24196633498488
   0.54261856472898    2.84450613082944   -4.24107390807546
   0.54002064598475    2.83088736384338   -4.22805493933709
   0.53952325839558    2.82827996679000   -4.22603308845598
   0.53722239088483    2.81621839690280   -4.21520085143629
   0.53650363941977    2.81245056977379   -4.21164455600434
   0.53442755489917    2.80156735358686   -4.20233985277928
   0.53334019058676    2.79586719024169   -4.19699247813674
   0.53164124208847    2.78696099031880   -4.18845287041167
   0.53015173705147    2.77915273146984   -4.18152506107664
   0.52892004883822    2.77269599574132   -4.17607442418334
   0.52699499015599    2.76260448472465   -4.16691143562600
   0.52609168028962    2.75786916857448   -4.16250346759609
   0.52387296687215    2.74623826552625   -4.15206963721103
   0.52333938383750    2.74344112530281   -4.14936512653952
   0.52074876953523    2.72986064954249   -4.13723788275416
   0.52056985196191    2.72892273077724   -4.13634358951455
   0.51780369243384    2.71442201471644   -4.12330303410838
   0.51762425689132    2.71348138066157   -4.12240840369639
   0.51503417605764    2.69990370144151   -4.11028475335490
   0.51449887013634    2.69709752952999   -4.10758484875008
   0.51223728090380    2.68524186358794   -4.09742591906977
   0.51134099498398    2.68054336825510   -4.09296713549185
   0.50942130333175    2.67047999219499   -4.08376179848339
   0.50835168405018    2.66487285155908   -4.07831981584910
   0.50667167949057    2.65606595924048   -4.07061520989529
   0.50510048486829    2.64782946858886   -4.06331090518096
   0.50387712003817    2.64141636556268   -4.05776177572376
   0.50196800133786    2.63140841485752   -4.04846184511759
   0.50112618125074    2.62699543941858   -4.04462128825357
   0.49884835923073    2.61505467822460   -4.03363909773518
   0.49831260249452    2.61224614305856   -4.03094283841945
   0.49563249530463    2.59819652915207   -4.01924369716209
   0.49545196260868    2.59725014361750   -4.01834950915375
   0.49277834132195    2.58323453000611   -4.00487811552642
   0.49246865317054    2.58161108786353   -4.00373697058495
   0.49004868913480    2.56892519212846   -3.99163077357142
   0.48938904565521    2.56546721991040   -3.98867552580890
   0.48726802235493    2.55434842639052   -3.97867103007254
   0.48622277469649    2.54886904627723   -3.97407688591406
   0.48443683883838    2.53950684264491   -3.96511277478544
   0.48309723121567    2.53248437356000   -3.95925691065818
   0.48170648512591    2.52519382724280   -3.95278657203940
   0.48008514714911    2.51669447592136   -3.94486841572983
   0.47889280728377    2.51044401145616   -3.93908916285577
   0.47685264803110    2.49974912211897   -3.92959542173309
   0.47614298282095    2.49602892680624   -3.92598065210393
   0.47386564669156    2.48409071274005   -3.91500002314370
   0.47331986297380    2.48122961429597   -3.91241312422973
   0.47061167138318    2.46703277680511   -3.90083992139786
   0.47043577651015    2.46611070358975   -3.89993251353930
   0.46780910689082    2.45234121923826   -3.88710651121365
   0.46744792518129    2.45044783841080   -3.88534417057642
   0.46506995293278    2.43798207133329   -3.87391236774095
   0.46435793273283    2.43424953073169   -3.87030577689843
   0.46225533639242    2.42322733471831   -3.86023692458302
   0.46124173833545    2.41791386762620   -3.85545125446500
   0.45947446258151    2.40864948368559   -3.84731519376590
   0.45807602190129    2.40131860091256   -3.84085587185869
   0.45668627096039    2.39403327134834   -3.83441333274868
   0.45495372392787    2.38495094174100   -3.82602964184441
   0.45393689541977    2.37962054003099   -3.82127436095909
   0.45183636099820    2.36860915297471   -3.81121010958787
   0.45116639307203    2.36509705811225   -3.80827453306002
   0.44857713219804    2.35152367727138   -3.79615345801445
   0.44839829896132    2.35058620061409   -3.79525967442837
   0.44563324464071    2.33609127825373   -3.78222751891910
   0.44545432118212    2.33515332863681   -3.78133096683649
   0.44286488205698    2.32157901337072   -3.76921727488590
   0.44233509966542    2.31880179681613   -3.76649645930452
   0.44006566486150    2.30690500294859   -3.75546221440148
   0.43921309302916    2.30243566488741   -3.75167197666662
   0.43732143873595    2.29251926581041   -3.74231129531353
   0.43613449898514    2.28629710973691   -3.73661664664892
   0.43456579038366    2.27807365126269   -3.72921304810224
   0.43296696804333    2.26969233104111   -3.72203133842142
   0.43175294503264    2.26332819954737   -3.71647229841375
   0.42984478360962    2.25332526706551   -3.70720918112113
   0.42894203735138    2.24859290545266   -3.70280460053164
   0.42672409456632    2.23696604220096   -3.69238201361138
   0.42619084451474    2.23417064753591   -3.68967953230276
   0.42356779409128    2.22042013567361   -3.67779058419327
   0.42338711178315    2.21947296584454   -3.67685948950283
   0.42065848905302    2.20516902456960   -3.66363732097629
   0.42047972730709    2.20423192268016   -3.66274017914182
   0.41789048551610    2.19065864187591   -3.65062963028006
   0.41735688864894    2.18786142913997   -3.64792325371230
   0.41507728978726    2.17591135341575   -3.63695638075698
   0.41423904752726    2.17151713360334   -3.63308826050056
   0.41229954958608    2.16134992934052   -3.62402506498904
   0.41107418427084    2.15492633940407   -3.61849796297661
   0.40950914207786    2.14672210091631   -3.61114335537377
   0.40795272714555    2.13856308811273   -3.60367681040169
   0.40676120845675    2.13231692840573   -3.59800573987630
   0.40487237634620    2.12241532372835   -3.58863179056983
   0.40401247991805    2.11790758879122   -3.58488085956353
   0.40157848886755    2.10514816086973   -3.57380796217991
   0.40122209397512    2.10327987341620   -3.57201292546630
   0.39859228356147    2.08949392444437   -3.55921772476627
   0.39841525894845    2.08856592892454   -3.55828908863571
   0.39565474876892    2.07409482778588   -3.54527382787434
   0.39533480724556    2.07241763558523   -3.54417185340047
   0.39287890238900    2.05954333146941   -3.53229847201782
   0.39234871406762    2.05676398695617   -3.52957759809943
   0.39012518339872    2.04510783099151   -3.51921354852753
   0.38909509172357    2.03970790132504   -3.51452496862198
   0.38732961235234    2.03045293435236   -3.50638770559697
   0.38593064780733    2.02311930538397   -3.49993720782256
   0.38456439271454    2.01595714536890   -3.49334905025269
   0.38285109227250    2.00697570992212   -3.48489253736580
   0.38177125286757    2.00131499352339   -3.47958462639507
   0.37986193976582    1.99130602373016   -3.47030071780019
   0.37900531290793    1.98681542848062   -3.46657230053552
   0.37657196640535    1.97405937939765   -3.45548393575912
   0.37622088119077    1.97221892625018   -3.45363014497963
   0.37362391433816    1.95860514925475   -3.44066651639317
   0.37344570822051    1.95767096007072   -3.43982459363130
   0.37071603882250    1.94336153197062   -3.42746804647866
   0.37022753125091    1.94080068559956   -3.42539629686187
   0.36795446566724    1.92888485851810   -3.41442802225659
   0.36724846648425    1.92518388119274   -3.41079889068098
   0.36515792302674    1.91422486860418   -3.40066878359210
   0.36412771386891    1.90882432307188   -3.39598208494295
   0.36236279659161    1.89957230269881   -3.38784453445025
   0.36096366230874    1.89223778393337   -3.38139673302844
   0.35959770626412    1.88507719158372   -3.37480910035230
   0.35788476826499    1.87609765612922   -3.36635320431567
   0.35684787816945    1.87066208789498   -3.36170227335326
   0.35476389743319    1.85973747829598   -3.35153802414034
   0.35403951070658    1.85594011009140   -3.34803566025854
   0.35147063828360    1.84247360925365   -3.33672013686306
   0.35129189924299    1.84153662638968   -3.33582694313910
   0.34852806922761    1.82704812206206   -3.32280442586854
   0.34835134051591    1.82612167771125   -3.32190206487172
   0.34577070538654    1.81259351460724   -3.30973187859368
   0.34523086776269    1.80976358667901   -3.30708701008075
   0.34296363972024    1.79787836106024   -3.29605510351849
   0.34211044001245    1.79340573156069   -3.29227223958930
   0.34022023089125    1.78349690834062   -3.28291551726684
   0.33903340046153    1.77727532534839   -3.27722660109268
   0.33744146671161    1.76893011638235   -3.26996735451007
   0.33586781338937    1.76068073677414   -3.26264796961494
   0.33463332621611    1.75420932838340   -3.25723547646474
   0.33270608010408    1.74410635045814   -3.24806076342281
   0.33183931125117    1.73956258900881   -3.24343169349258
   0.32962748359909    1.72796778240680   -3.23301960490832
   0.32908205841234    1.72510856344810   -3.23041132144495
   0.32663892119471    1.71230118963944   -3.21843408412557
   0.32632923698785    1.71067776817490   -3.21731137395532
   0.32356567426351    1.69619066503599   -3.20429103249834
   0.32338747196327    1.69525649586356   -3.20339202558520
   0.32077107154519    1.68154084455027   -3.19145970708866
   0.32023131212026    1.67871132655517   -3.18880677141555
   0.31798694242026    1.66694592856389   -3.17762774760925
   0.31728122688364    1.66324643816487   -3.17399571258174
   0.31521131441225    1.65239557699301   -3.16470046949416
   0.31398521225242    1.64596812438198   -3.15918293204869
   0.31244501990910    1.63789415336805   -3.15167815445897
   0.31090754258715    1.62983441499460   -3.14414136230337
   0.30969424160394    1.62347406850145   -3.13858679672401
   0.30775336072835    1.61329961464254   -3.12955591381199
   0.30686247690624    1.60862943809764   -3.12504553056877
   0.30463100758601    1.59693166626534   -3.11474629906098
   0.30409534045159    1.59412360080836   -3.11205608600076
   0.30146972358758    1.58035963519354   -3.10005253263639
   0.30128757376505    1.57940477238459   -3.09918063263792
   0.29857409332190    1.56518020975779   -3.08599778323781
   0.29839304207612    1.56423110588987   -3.08512248377358
   0.29579877457335    1.55063147938180   -3.07303368098018
   0.29526882995768    1.54785341241867   -3.07031439261967
   0.29308959917660    1.53642948459863   -3.06061612416830
   0.29201612517793    1.53080213682805   -3.05527275448677
   0.29025266638321    1.52155776208841   -3.04713481761458
   0.28885306844637    1.51422081276371   -3.04069367136499
   0.28748788048940    1.50706424687056   -3.03410753531389
   0.28590666831792    1.49877524238697   -3.02588399241413
   0.28473930063142    1.49265568666766   -3.02100448130503
   0.28248328297489    1.48082922794994   -3.01084294499622
   0.28195040629438    1.47803579056459   -3.00814286755170
   0.27953691585157    1.46538383059210   -2.99603375000573
   0.27918072432304    1.46351660920951   -2.99424003167258
   0.27642539276999    1.44907265538158   -2.98209388670509
   0.27624463357664    1.44812508250607   -2.98122387994724
   0.27365241942029    1.43453622001697   -2.96822036433269
   0.27329740525729    1.43267517060062   -2.96641587400539
   0.27085922075555    1.41989375983787   -2.95538489950113
   0.27014151774972    1.41613142892459   -2.95183512852533
   0.26807300127308    1.40528788581350   -2.94157392775738
   0.26705942402303    1.39997452779507   -2.93679793266547
   0.26532050306502    1.39085878490011   -2.92850110509326
   0.26376644160208    1.38271210941509   -2.92198939713636
   0.26253171197724    1.37623943004860   -2.91563518253612
   0.26078834844953    1.36710039838776   -2.90740393474574
   0.25976252620836    1.36172284987794   -2.90265868847880
   0.25766508728647    1.35072768999925   -2.89260116408385
   0.25695166092910    1.34698777806227   -2.88900396897008
   0.25440822346136    1.33365461192931   -2.87756588710008
   0.25422955732538    1.33271801124480   -2.87667317640638
   0.25156516866395    1.31875079675013   -2.86317625956936
   0.25139017144482    1.31783342920126   -2.86226092250194
   0.24865734744594    1.30350746410428   -2.84999085465470
   0.24817014203693    1.30095344390854   -2.84795162976377
   0.24594752897207    1.28930209819274   -2.83758102114419
   0.24504907539008    1.28459223957685   -2.83314555352601
   0.24313903651738    1.27457946515908   -2.82484812629464
   0.24188841054722    1.26802345423220   -2.81856924226236
   0.24034892600290    1.25995319363058   -2.81106637466939
   0.23893163329868    1.25252348508687   -2.80395661694434
   0.23753624541247    1.24520860562054   -2.79741860345546
   0.23555530368399    1.23482414541632   -2.78849724247248
   0.23483374630162    1.23104160915364   -2.78497769627845
   0.23270431569772    1.21987874300478   -2.77415086372289
   0.23204137623726    1.21640349264986   -2.77121962123330
   0.22945505913676    1.20284554361007   -2.75911309993362
   0.22927640843313    1.20190902382476   -2.75822049695030
   0.22651370219374    1.18742641053718   -2.74520741603416
   0.22633596088427    1.18649465796301   -2.74430728512289
   0.22366847426079    1.17251120338255   -2.73181550882976
   0.22315457271369    1.16981723713002   -2.72992459936591
   0.22096474797043    1.15833777381542   -2.71932423166588
   0.21996843698113    1.15311492870562   -2.71446646140635
   0.21820529698787    1.14387222518176   -2.70628154151674
   0.21693609793453    1.13721885074317   -2.70012399419180
   0.21539682607864    1.12914970509334   -2.69262177576715
   0.21383328253434    1.12095332279705   -2.68529918705018
   0.21262760194702    1.11463292381814   -2.67965103603859
   0.21074165484997    1.10474644291114   -2.67028369395290
   0.20988221569546    1.10024110508638   -2.66653572026398
   0.20758595127967    1.08820366546802   -2.65570664741240
   0.20705029114770    1.08539563671920   -2.65301839005471
   0.20446564849726    1.07184646545401   -2.64090391593527
   0.20428739978504    1.07091205298146   -2.63998122391565
   0.20156271820374    1.05662877193221   -2.62677025106030
   0.20138514244863    1.05569788722436   -2.62587057319954
   0.19876971731709    1.04198734854217   -2.61394557730377
   0.19809311637742    1.03844048220524   -2.61106617381838
   0.19600540525127    1.02749631721764   -2.60094179504536
   0.19511049422854    1.02280502934772   -2.59649180619722
   0.19323645348947    1.01298096375503   -2.58796879907029
   0.19185577791255    1.00574320891485   -2.58146085558073
   0.19048986354468    0.99858283504242   -2.57486853188229
   0.18873697821863    0.98939388836661   -2.56665409052813
   0.18765807973414    0.98373810444555   -2.56135385281959
   0.18574836908376    0.97372705062942   -2.55208615938019
   0.18486659298528    0.96910461844375   -2.54757345618866
   0.18263639646473    0.95741351886106   -2.53727920875383
   0.18214378196606    0.95483114322436   -2.53525810383915
   0.17951626813964    0.94105723338432   -2.52247815613519
   0.17933844907862    0.94012507322225   -2.52158959372671
   0.17658794241580    0.92570641235469   -2.50943209785914
   0.17622722806629    0.92381548151417   -2.50767278448939
   0.17380727088850    0.91112962172978   -2.49559264463721
   0.17327754485119    0.90835270059449   -2.49287490463961
   0.17103921793440    0.89661897998217   -2.48261640613039
   0.17015855071104    0.89200236072344   -2.47807324685053
   0.16822870807365    0.88188577133557   -2.46901368080723
   0.16686377765543    0.87473055550781   -2.46327262066724
   0.16549958624384    0.86757921368847   -2.45668906946904
   0.16378863100712    0.85861007223855   -2.44823992617405
   0.16270986783044    0.85295499762582   -2.44293623866304
   0.16063487209101    0.84207748902972   -2.43366375578566
   0.15992130765767    0.83833685327319   -2.43006905817679
   0.15755175738129    0.82591523571973   -2.41863729093680
   0.15722891050242    0.82422281311210   -2.41754911858628
   0.15456326350706    0.81024900219997   -2.40406747616818
   0.15439074541783    0.80934463070517   -2.40317597877417
   0.15166946046226    0.79507915539154   -2.39083830348851
   0.15131513193394    0.79322170019806   -2.38903424668046
   0.14882432478642    0.78016443186561   -2.37744457215765
   0.14813473127668    0.77654945609123   -2.37464696501117
   0.14606966359609    0.76572399220213   -2.36527712753374
   0.14486172960413    0.75939178046240   -2.35966509823351
   0.14328168827288    0.75110891373825   -2.35147578027097
   0.14191664665621    0.74395311498783   -2.34486485216296
   0.14053155502868    0.73669221039965   -2.33842320495121
   0.13878004641522    0.72751048070400   -2.33024466303890
   0.13772576463072    0.72198374204340   -2.32473246360592
   0.13568008350057    0.71125990601078   -2.31526461448360
   0.13496893092492    0.70753191365503   -2.31174420352782
   0.13253783212678    0.69478764745133   -2.30063791607091
   0.13221536908502    0.69309723698832   -2.29953965803804
   0.12949150994442    0.67881826732420   -2.28633196585363
   0.12931396679431    0.67788755353776   -2.28543253905109
   0.12665663972006    0.66395735717948   -2.27285397433868
   0.12630430214063    0.66211033890556   -2.27104107885251
   0.12389238272983    0.64946661457131   -2.25984974754602
   0.12304052434004    0.64500101650692   -2.25606187382327
   0.12116676326930    0.63517841698695   -2.24754128319610
   0.11991580464263    0.62862066221356   -2.24126675024063
   0.11835472429121    0.62043719242656   -2.23391587671473
   0.11679765223179    0.61227473484204   -2.22646767153346
   0.11558942848460    0.60594100415223   -2.22093348284274
   0.11365964253125    0.59582471191249   -2.21184346952291
   0.11280102579442    0.59132368535224   -2.20806860103579
   0.11043150043988    0.57890219844364   -2.19663877562104
   0.11006716169859    0.57699226787608   -2.19491367663343
   0.10741932659747    0.56311183018351   -2.18224002012648
   0.10724450695375    0.56219539351754   -2.18132456249042
   0.10448379833956    0.54772325214796   -2.16925853948913
   0.10413155370751    0.54587672112132   -2.16744528498013
   0.10171921571528    0.53323080250635   -2.15625789602013
   0.10086739026184    0.52876537710034   -2.15247030012948
   0.09897015902600    0.51881974266623   -2.14410800266141
   0.09771322051434    0.51223064023797   -2.13783330420650
   0.09616471419140    0.50411308581659   -2.13040455812173
   0.09461123652381    0.49596947069393   -2.12305418833931
   0.09339521205836    0.48959484720694   -2.11744910321978
   0.09134193338117    0.47883118343789   -2.10807417952669
   0.09067134295601    0.47531582532148   -2.10514984442931
   0.08836679191390    0.46323494568668   -2.09345044563648
   0.08786896821816    0.46062526248259   -2.09143272434066
   0.08515011789811    0.44637254997534   -2.07911934343862
   0.08496844502441    0.44542018741970   -2.07825087688062
   0.08238039413572    0.43185314954389   -2.06616690416673
   0.08184994588454    0.42907244243094   -2.06345520683583
   0.07956485249060    0.41709356335993   -2.05258094220727
   0.07869876389460    0.41255336794216   -2.04888159121141
   0.07677850122051    0.40248699848063   -2.03970358779192
   0.07557035469574    0.39615367260489   -2.03409267960080
   0.07405251027541    0.38819685350595   -2.02740380461543
   0.07229262124933    0.37897119214888   -2.01928275364540
   0.07126566059738    0.37358767588077   -2.01454412377355
   0.06916997436183    0.36260170390563   -2.00449279007380
   0.06845626073120    0.35886028602950   -2.00089920912633
   0.06594735787669    0.34570815667897   -1.98924366630663
   0.06576481247694    0.34475122018161   -1.98838288169664
   0.06294280516852    0.32995773980365   -1.97577269958270
   0.06276187054643    0.32900924729843   -1.97489826088644
   0.06020863440173    0.31562471470201   -1.96258805644989
   0.05953714132774    0.31210462473472   -1.95965204980992
   0.05746100849376    0.30122115528022   -1.95041687364271
   0.05638742599032    0.29559323870769   -1.94507943859395
   0.05464987948897    0.28648470096687   -1.93678934961865
   0.05326883171647    0.27924499500916   -1.93028447889267
   0.05188103538985    0.27196991189180   -1.92382740124372
   0.05015099574497    0.26290072647076   -1.91548826785273
   0.04911591368835    0.25747463630845   -1.91084219231488
   0.04699866472507    0.24637562855601   -1.90091780832536
   0.04631618167581    0.24279792712078   -1.89808482120712
   0.04370457256063    0.22910739269693   -1.88612471531060
   0.04352561642560    0.22816927178412   -1.88520250706704
   0.04077166888213    0.21373257318847   -1.87219942223714
   0.04059073923198    0.21278410674715   -1.87132503464667
   0.03805343368426    0.19948308526461   -1.85983626824504
   0.03733430748529    0.19571329371162   -1.85630313775627
   0.03524708330270    0.18477168137152   -1.84618421099885
   0.03421640278823    0.17936866490119   -1.84150779210378
   0.03252182024388    0.17048535211036   -1.83388102511511
   0.03096259146706    0.16231158861733   -1.82648350989626
   0.02971011579197    0.15574588119766   -1.82025691900055
   0.02798001108870    0.14667635472854   -1.81191788872958
   0.02696810440028    0.14137175410090   -1.80803809927992
   0.02465331435373    0.12923719972515   -1.79734993738327
   0.02411758402424    0.12642880298799   -1.79466334202978
   0.02157129486044    0.11308068774074   -1.78232731490239
   0.02139357160119    0.11214902978910   -1.78143459537144
   0.01860102527992    0.09750998931427   -1.76863180934707
   0.01828162789000    0.09583564956098   -1.76753089918526
   0.01588281369976    0.08326062519876   -1.75626921112249
   0.01516370261868    0.07949091289651   -1.75273626229214
   0.01310186823761    0.06868239855713   -1.74339125726325
   0.01204534827275    0.06314392694418   -1.73794202075307
   0.01032744359186    0.05413835523211   -1.73045667162055
   0.00875395718447    0.04588985062218   -1.72314739152370
   0.00752042495371    0.03942344821532   -1.71679862822126
   0.00563817141240    0.02955632960561   -1.70835093630440
   0.00473596128721    0.02482677850061   -1.70395593590957
   0.00248291825796    0.01301591332514   -1.69378593357606
   0.00199018112568    0.01043289482047   -1.69176578289610
  -0.00072853004835   -0.00381908825780   -1.67942965609131
  -0.00090780679676   -0.00475888988479   -1.67853464145687
  -0.00356366497471   -0.01868138601901   -1.66595421148939
  -0.00406197937060   -0.02129364156337   -1.66396851033597
  -0.00628325963914   -0.03293800051619   -1.65360725530274
  -0.00717985056365   -0.03763809473960   -1.64917439281191
  -0.00907146963528   -0.04755430917863   -1.64076534487183
  -0.01062173445226   -0.05568108194860   -1.63418280868933
  -0.01187971758777   -0.06227566048688   -1.63001555902559
  -0.01459542120017   -0.07651187737494   -1.62547085469474
  -0.01738931017532   -0.09115795628794   -1.62299361736061
  -0.02015174019402   -0.10563912157593   -1.62181485423993
  -0.02293473178290   -0.12022807438956   -1.62047425317205
  -0.02570225967196   -0.13473596364984   -1.62018434093368
  -0.02605393130482   -0.13657949090957   -1.61965399911503
  -0.02847727706834   -0.14928311428248   -1.61862547384006
  -0.02987472465630   -0.15660879108355   -1.61916236601162
  -0.03125542659765   -0.16384668413090   -1.62028168842965
  -0.03400053891098   -0.17823706682815   -1.62356807165412
  -0.03677882313398   -0.19280134276562   -1.63074492804447
  -0.03783336945155   -0.19832946815709   -1.63430771686131
  -0.03955401406455   -0.20734940309632   -1.64178662981030
  -0.04129815358542   -0.21649250265580   -1.64910051933687
  -0.04233560486880   -0.22193101273971   -1.65374067447330
  -0.04472965614149   -0.23448106901374   -1.66411780602750
  -0.04509298825316   -0.23638572264406   -1.66585446832620
  -0.04787282433217   -0.25095813369560   -1.67781918860606
  -0.04818585635914   -0.25259910504776   -1.67891589040193
  -0.05061378285145   -0.26532674144191   -1.69005267534600
  -0.05149103653861   -0.26992546631720   -1.69369951113035
  -0.05336850715580   -0.27976751196067   -1.70124570907907
  -0.05509693135023   -0.28882822889389   -1.70870730702063
  -0.05615917578947   -0.29439670925242   -1.71316395180189
  -0.05827547689982   -0.30549074818578   -1.72307093765758
  -0.05894027127152   -0.30897572232593   -1.72600721862950
  -0.06153235617162   -0.32256390723007   -1.73809410234220
  -0.06171490562626   -0.32352086498391   -1.73895484402581
  -0.06449453904648   -0.33809221366093   -1.75091633020377
  -0.06498752451937   -0.34067653401263   -1.75289348987594
  -0.06727823431603   -0.35268485529778   -1.76378325331907
  -0.06814732894401   -0.35724080888702   -1.76746187164691
  -0.07003966017600   -0.36716075660139   -1.77587112274341
  -0.07158422921808   -0.37525767107367   -1.78247465749514
  -0.07285010009212   -0.38189359858537   -1.78759663173587
  -0.07560818241701   -0.39635197246428   -1.79397770881111
  -0.07827816512668   -0.41034851198673   -1.79306634591600
  -0.08113587216963   -0.42532913692696   -1.78585620759946
  -0.08257749566618   -0.43288639195068   -1.79676586646533
  -0.08313802515191   -0.43582479041752   -1.81177034990021
  -0.08374514947732   -0.43900744758786   -1.82665201740402
  -0.08391962196690   -0.43992206440811   -1.82847918045841
  -0.08529743025196   -0.44714478837795   -1.84144065533554
  -0.08670590194943   -0.45452825558492   -1.84870825359569
  -0.08824224633119   -0.46258205487791   -1.85623747656617
  -0.08947463776802   -0.46904247703356   -1.86164739531378
  -0.09156808301754   -0.48001670134858   -1.87081011954027
  -0.09223877154580   -0.48353257373945   -1.87373399858529
  -0.09482410684415   -0.49708537599213   -1.88583383148687
  -0.09500704030546   -0.49804434677943   -1.88668757619793
  -0.09781348729089   -0.51275625708772   -1.89847128720104
  -0.09818471546850   -0.51470230334525   -1.90014923432196
  -0.10059204195407   -0.52732195072230   -1.91141290062141
  -0.10157993919059   -0.53250068939536   -1.91542909968490
  -0.10329869624821   -0.54151072942275   -1.92291617710430
  -0.10487197309009   -0.54975813545180   -1.93022457381339
  -0.10610456632710   -0.55621961548105   -1.93563503108787
  -0.10819804757907   -0.56719402852750   -1.94479824585425
  -0.10892926355993   -0.57102719693663   -1.94823273837018
  -0.11158439809322   -0.58494589959265   -1.95915593720470
  -0.11176380956141   -0.58588640744549   -1.96005165312876
  -0.11444373454321   -0.59993506618368   -1.97246104445953
  -0.11481457378129   -0.60187907354876   -1.97414188656419
  -0.11728869052142   -0.61484884770167   -1.98488114663270
  -0.11829302721106   -0.62011376500599   -1.98883023107064
  -0.11996594154258   -0.62888348904731   -1.99668611341759
  -0.12164154311196   -0.63766730008278   -2.00444491975250
  -0.12273511566539   -0.64340000816714   -2.00962695763312
  -0.12499514714136   -0.65524750806324   -2.01880255437226
  -0.12553888667174   -0.65809789050182   -2.02147612313293
  -0.12815802744688   -0.67182790726990   -2.03332791596424
  -0.12834486899972   -0.67280736499045   -2.03416218704658
  -0.13104622880541   -0.68696838901054   -2.04573763758510
  -0.13158568448197   -0.68979631470090   -2.04838814069108
  -0.13376742705183   -0.70123340977885   -2.05807643711694
  -0.13484121290007   -0.70686239232213   -2.06341497628056
  -0.13660590363158   -0.71611322510058   -2.07056432812752
  -0.13834985594214   -0.72525534326924   -2.07798111458585
  -0.13938093443479   -0.73066044601429   -2.08261301380710
  -0.14166350837516   -0.74262611764714   -2.09254676181218
  -0.14222741962619   -0.74558224394853   -2.09511916859432
  -0.14488519056050   -0.75951476710271   -2.10691437200259
  -0.14506275020225   -0.76044556734138   -2.10781382041039
  -0.14770023051532   -0.77427172333404   -2.11957606562627
  -0.14838720618665   -0.77787297591893   -2.12239198394983
  -0.15046236070943   -0.78875131688652   -2.13167468849214
  -0.15168981834641   -0.79518587515758   -2.13718145414984
  -0.15323054252197   -0.80326263413376   -2.14372272568024
  -0.15501059685874   -0.81259400575144   -2.15173119379151
  -0.15603632730687   -0.81797107306526   -2.15649488336268
  -0.15840290908431   -0.83037712920235   -2.16701664944363
  -0.15876790615515   -0.83229051085425   -2.16874052503407
  -0.16154843005671   -0.84686652759790   -2.18071724161961
  -0.16172941210997   -0.84781526874596   -2.18159194502174
  -0.16430581182120   -0.86132122901056   -2.19284243478203
  -0.16502332474448   -0.86508256347624   -2.19639039346690
  -0.16709478731813   -0.87594155056869   -2.20567917593811
  -0.16832214790125   -0.88237560006566   -2.21118637816223
  -0.16991034504408   -0.89070122105133   -2.21833824208868
  -0.17161406193756   -0.89963241777720   -2.22598795530248
  -0.17264550668048   -0.90503944047337   -2.23062042608347
  -0.17489913774936   -0.91685338826054   -2.24079508833924
  -0.17543487825180   -0.91966183832616   -2.24348254085974
  -0.17801949430150   -0.93321087014541   -2.25559515641672
  -0.17819728817026   -0.93414289824501   -2.25648394919661
  -0.18097170081818   -0.94868687867518   -2.26846641395294
  -0.18134123782734   -0.95062405951722   -2.27015720965201
  -0.18370753029632   -0.96302859904624   -2.28075127672270
  -0.18473855540510   -0.96843342194317   -2.28542984767872
  -0.18647663087774   -0.97754473264860   -2.29372329885140
  -0.18800026455481   -0.98553190009414   -2.30045569437051
  -0.18924898279646   -0.99207791035795   -2.30574620976569
  -0.19119299377383   -1.00226877278503   -2.31480171523020
  -0.19204675840032   -1.00674436369217   -2.31853553400008
  -0.19447929854041   -1.01949618567494   -2.32960899887443
  -0.19483659115768   -1.02136917916686   -2.33139388831089
  -0.19755634831912   -1.03562664550318   -2.34374122017206
  -0.19773393694489   -1.03655759768138   -2.34464086285683
  -0.20034950075045   -1.05026886331822   -2.35656600601122
  -0.20102615994637   -1.05381603504512   -2.35944535277313
  -0.20315754351361   -1.06498913898634   -2.36925477623317
  -0.20422671931146   -1.07059395479916   -2.37367118051898
  -0.20594496617239   -1.07960132028182   -2.38219174540384
  -0.20746430170123   -1.08756595604528   -2.38884294730328
  -0.20864715263869   -1.09376667780854   -2.39370002991278
  -0.21090311434820   -1.10559284324175   -2.40385741963371
  -0.21144836623774   -1.10845115374468   -2.40646461531423
  -0.21406046931610   -1.12214427761426   -2.41843116841811
  -0.21423880488789   -1.12307914542061   -2.41935306688471
  -0.21697858673162   -1.13744158481765   -2.43154322519625
  -0.21734597407660   -1.13936749672542   -2.43324582408929
  -0.21975292558134   -1.15198517838409   -2.44449328284499
  -0.22060712444074   -1.15646304561982   -2.44827070033770
  -0.22254254578469   -1.16660887961161   -2.45733299056806
  -0.22376182498964   -1.17300056504061   -2.46271159478084
  -0.22530748864013   -1.18110321765113   -2.46942785718164
  -0.22705027983520   -1.19023924903923   -2.47766074307351
  -0.22807656894153   -1.19561924494194   -2.48240210963101
  -0.23034103728637   -1.20749000371918   -2.49247005190888
  -0.23088393022350   -1.21033594816052   -2.49514640959656
  -0.23346903368010   -1.22388753505619   -2.50726211822760
  -0.23364696104331   -1.22482026295821   -2.50815096209073
  -0.23635557500952   -1.23901931461949   -2.51965908260682
  -0.23689680234659   -1.24185652767952   -2.52229871224133
  -0.23914132176425   -1.25362271051827   -2.53253482115742
  -0.24018958175996   -1.25911788185652   -2.53710545860620
  -0.24192782050443   -1.26823004846282   -2.54540021073920
  -0.24332746129625   -1.27556722244117   -2.55173011184023
  -0.24473818329541   -1.28296248614268   -2.55812240974522
  -0.24663567434937   -1.29290948259105   -2.56649302622947
  -0.24748377575604   -1.29735538586019   -2.57032692696526
  -0.24992604411995   -1.31015820497816   -2.58130420979869
  -0.25028941561566   -1.31206306506682   -2.58308092988527
  -0.25300963378545   -1.32632294809355   -2.59543176576915
  -0.25318745073888   -1.32725509720726   -2.59633240624922
  -0.25580352419881   -1.34096903454591   -2.60825966201956
  -0.25634320527200   -1.34379814180679   -2.61091162428307
  -0.25856862312337   -1.35546419072836   -2.62126685179382
  -0.25972948015526   -1.36154961640099   -2.62617705893278
  -0.26131998365453   -1.36988732773053   -2.63343880522077
  -0.26289294247033   -1.37813306660847   -2.64075529283933
  -0.26414903601664   -1.38471773957332   -2.64696707786053
  -0.26606685567919   -1.39477130231985   -2.65513800051653
  -0.26693514219512   -1.39932301963737   -2.65893317412401
  -0.26947897926439   -1.41265828055491   -2.67037206198429
  -0.26965767652992   -1.41359504442627   -2.67126482998935
  -0.27245275262831   -1.42824734645722   -2.68407935744302
  -0.27263380733315   -1.42919646845821   -2.68495451931431
  -0.27519603126793   -1.44262811670027   -2.69630868123928
  -0.27606476844089   -1.44718219644467   -2.69998902209620
  -0.27795885824484   -1.45711136291607   -2.70840782006681
  -0.27922799418176   -1.46376440648681   -2.71456708312617
  -0.28074799983500   -1.47173255516539   -2.72126102002643
  -0.28265152382583   -1.48171117737638   -2.72960886695199
  -0.28353620303202   -1.48634882818563   -2.73413199916033
  -0.28577210645672   -1.49806984440754   -2.74441907894142
  -0.28631750116061   -1.50092890356948   -2.74702667221640
  -0.28892996028837   -1.51462389391540   -2.75899905147180
  -0.28910803793072   -1.51555740960829   -2.75988783976341
  -0.29181732924331   -1.52976001204358   -2.77139919400211
  -0.29235784026345   -1.53259347003876   -2.77403876321463
  -0.29458136625601   -1.54424960148916   -2.78441218064901
  -0.29563699614108   -1.54978340714040   -2.78903324577594
  -0.29739070071723   -1.55897664847558   -2.79714843369588
  -0.29877252911738   -1.56622044662679   -2.80366100153115
  -0.30018466377447   -1.57362311574049   -2.80997167756698
  -0.30209990137546   -1.58366314284636   -2.81824678874096
  -0.30294781247256   -1.58810804847783   -2.82208310320684
  -0.30535982050468   -1.60075223738133   -2.83328374941626
  -0.30572520653942   -1.60266765805339   -2.83500706988620
  -0.30850686533694   -1.61724962412998   -2.84699380893305
  -0.30868794923811   -1.61819889918352   -2.84786914630059
  -0.31126973973929   -1.63173311895867   -2.86002681113451
  -0.31194572260144   -1.63527674521974   -2.86290769941887
  -0.31407969859279   -1.64646343912410   -2.87272074787656
  -0.31514790378421   -1.65206316683983   -2.87715008554754
  -0.31690262668161   -1.66126174640195   -2.88542389069366
  -0.31840319858969   -1.66912801982081   -2.89230161086111
  -0.31961387247204   -1.67547459456894   -2.89783882448732
  -0.32169035446790   -1.68635989439408   -2.90711830553294
  -0.32240384979599   -1.69010016788824   -2.91071689422959
  -0.32498183178828   -1.70361442276061   -2.92193450416313
  -0.32516473596028   -1.70457324000800   -2.92281837293189
  -0.32788747350119   -1.71884633004061   -2.93516735337864
  -0.32824292544443   -1.72070967438133   -2.93697227165343
  -0.33068185860963   -1.73349500977537   -2.94800686754032
  -0.33153962143454   -1.73799155997262   -2.95177953299069
  -0.33349174529258   -1.74822495160952   -2.96075070332076
  -0.33469938991866   -1.75455564644022   -2.96636985127237
  -0.33622026416691   -1.76252834845330   -2.97306449666771
  -0.33798341790324   -1.77177112402089   -2.98119176490878
  -0.33900899393583   -1.77714738186010   -2.98594032286405
  -0.34127600260945   -1.78903145750717   -2.99600905271574
  -0.34181789219321   -1.79187214218596   -2.99869201025668
  -0.34449620370632   -1.80591234282507   -3.01037796675251
  -0.34467620467429   -1.80685594094399   -3.01127373063037
  -0.34733526754877   -1.82079523668573   -3.02387141716046
  -0.34783259564098   -1.82340232184511   -3.02586133635743
  -0.35007992656973   -1.83518324314115   -3.03610166224694
  -0.35098919951986   -1.83994981887107   -3.04044931128274
  -0.35286725055018   -1.84979490714670   -3.04897725879561
  -0.35427022850754   -1.85714957515946   -3.05529599200602
  -0.35567913722262   -1.86453533329291   -3.06170719486990
  -0.35754468473978   -1.87431487585719   -3.07030603949107
  -0.35846372658001   -1.87913266190237   -3.07456592922735
  -0.36087545637317   -1.89177539222615   -3.08489593409235
  -0.36123300771048   -1.89364974197603   -3.08668241567303
  -0.36398660992469   -1.90808463029224   -3.09883886107577
  -0.36416774430113   -1.90903416994640   -3.09971449554054
  -0.36676280046402   -1.92263793075560   -3.11180878278284
  -0.36742570072822   -1.92611297563649   -3.11476083127514
  -0.36947353372437   -1.93684809214578   -3.12423148050608
  -0.37067696633212   -1.94315670680310   -3.12980972457224
  -0.37229407604125   -1.95163389276912   -3.13690886086902
  -0.37388495479722   -1.95997357126323   -3.14416509855907
  -0.37509657501250   -1.96632510686232   -3.14970206872303
  -0.37717368742504   -1.97721371144744   -3.15898462759363
  -0.37788712083053   -1.98095366033192   -3.16258555687150
  -0.38046631494412   -1.99447426936670   -3.17380502911009
  -0.38064895045856   -1.99543167826184   -3.17469071450975
  -0.38337224842999   -2.00970770617413   -3.18704496119217
  -0.38372824788716   -2.01157392068338   -3.18884857502609
  -0.38616764507605   -2.02436168857479   -3.19988822691352
  -0.38702082055690   -2.02883419107233   -3.20367191373582
  -0.38891737036206   -2.03877625332170   -3.21209130698687
  -0.39031818406711   -2.04611957592652   -3.21848733609267
  -0.39173096590397   -2.05352563767540   -3.22480170204972
  -0.39348075896510   -2.06269837413077   -3.23308010189158
  -0.39451553537364   -2.06812286202977   -3.23771169321813
  -0.39690720357729   -2.08066042581843   -3.24813004749890
  -0.39726365141888   -2.08252899084113   -3.24992502022772
  -0.39989390453450   -2.09631726053797   -3.26272005437959
  -0.40007233757052   -2.09725263926977   -3.26360843359436
  -0.40285070812246   -2.11181736775939   -3.27560137423692
  -0.40335807571792   -2.11447708183790   -3.27754371691269
  -0.40563074991398   -2.12639085719368   -3.28856899646982
  -0.40648361477804   -2.13086173138099   -3.29236249521781
  -0.40838415596573   -2.14082471719033   -3.30073530871373
  -0.40978332862121   -2.14815943711201   -3.30718510258566
  -0.41115008524480   -2.15532422624355   -3.31377501342116
  -0.41289671269490   -2.16448036798480   -3.32200774815778
  -0.41394047880824   -2.16995198156667   -3.32663782065448
  -0.41636558029860   -2.18266480878198   -3.33683053309885
  -0.41672777906433   -2.18456352120478   -3.33861564925323
  -0.41948246748016   -2.19900410358936   -3.35077563254909
  -0.41966365911877   -2.19995394342230   -3.35165159663249
  -0.42221577062679   -2.21333258046682   -3.36307641827717
  -0.42292684596948   -2.21706016795319   -3.36669286416213
  -0.42508144431427   -2.22835496802016   -3.37639710876280
  -0.42613744615091   -2.23389072350982   -3.38103203439835
  -0.42782635660390   -2.24274430215643   -3.38865646529103
  -0.42938311362472   -2.25090510825077   -3.39612269690685
  -0.43059579057387   -2.25726218344280   -3.40165908123335
  -0.43284269496491   -2.26904086874984   -3.41094785004220
  -0.43338363866530   -2.27187659493433   -3.41363890525823
  -0.43597131311729   -2.28544165945981   -3.42576965777581
  -0.43614987861276   -2.28637773256830   -3.42665782662645
  -0.43887381618649   -2.30065711339328   -3.43901801008370
  -0.43936997243547   -2.30325805553535   -3.44104611640409
  -0.44167035015769   -2.31531705786114   -3.45186531913887
  -0.44253138584750   -2.31983076501701   -3.45562008796336
  -0.44448180342589   -2.33005521202275   -3.46461958497134
  -0.44568884211515   -2.33638273042140   -3.47007435265007
  -0.44730547314598   -2.34485740706794   -3.47728827300396
  -0.44901473933208   -2.35381769420445   -3.48483252214281
  -0.45004307681337   -2.35920842806471   -3.48958925934385
  -0.45227714153797   -2.37091980548314   -3.49989670994354
  -0.45276983544016   -2.37350259736773   -3.50192302146973
  -0.45540097815251   -2.38729553049395   -3.51472314429221
  -0.45557961882650   -2.38823199770205   -3.51561118406236
  -0.45831729554408   -2.40258340164136   -3.52697153390477
  -0.45886683961988   -2.40546421257264   -3.52955013396652
  -0.46113984259846   -2.41737971146675   -3.54058226682882
  -0.46212684305282   -2.42255374904317   -3.54461259272136
  -0.46385187831775   -2.43159670058583   -3.55210495134935
  -0.46529319769515   -2.43915236136118   -3.55920873088290
  -0.46668330769872   -2.44643957319779   -3.56565401383774
  -0.46858389124592   -2.45640278106348   -3.57403255225482
  -0.46943116973835   -2.46084437046516   -3.57787968930860
  -0.47187886324105   -2.47367562915656   -3.58886091461873
  -0.47219752380895   -2.47534610635357   -3.58998593897658
  -0.47496355492448   -2.48984614925225   -3.60302050502329
  -0.47514269040876   -2.49078521034673   -3.60391772042566
  -0.47776161002096   -2.50451406773807   -3.61586339967571
  -0.47844277812561   -2.50808487599226   -3.61873305151272
  -0.48054569533214   -2.51910875404478   -3.62879923220744
  -0.48168963639027   -2.52510550307743   -3.63381682793755
  -0.48328513917097   -2.53346942155806   -3.64107692837290
  -0.48474310819523   -2.54111236283878   -3.64796389917694
  -0.48611359411562   -2.54829670162882   -3.65371957694560
  -0.48832872697681   -2.55990883474375   -3.66324169867981
  -0.48886229219242   -2.56270588155644   -3.66594541471180
  -0.49145283106364   -2.57628596189341   -3.67807034901645
  -0.49163175029307   -2.57722388934025   -3.67896441853511
  -0.49441590958389   -2.59181896346179   -3.69096418635278
  -0.49478383290178   -2.59374768503795   -3.69266985050717
  -0.49719205794752   -2.60637204283237   -3.70394789674500
  -0.49804446996700   -2.61084054312525   -3.70774051967673
  -0.49998664425000   -2.62102177726321   -3.71680663344683
  -0.50136964301102   -2.62827171066093   -3.72233757748500
  -0.50275314818696   -2.63552429877864   -3.72893390346690
  -0.50464257288752   -2.64542900992165   -3.73739504072651
  -0.50554594094051   -2.65016463109673   -3.74180212711408
  -0.50780271946849   -2.66199507844235   -3.75200054241080
  -0.50834921683497   -2.66485991796400   -3.75458683999354
  -0.51105805136240   -2.67906012584766   -3.76616492238689
  -0.51123372613087   -2.67998104523455   -3.76707227609283
  -0.51388758968068   -2.69389308516187   -3.77972062053640
  -0.51439530066713   -2.69655459935902   -3.78166474668063
  -0.51662563184519   -2.70824640484110   -3.79204243680834
  -0.51765535519215   -2.71364440366359   -3.79673976283495
  -0.51942456346688   -2.72291891823297   -3.80487869707351
  -0.52082290260641   -2.73024926871103   -3.81134251123207
  -0.52217129872603   -2.73731780871013   -3.81712780969631
  -0.52422547475801   -2.74808617657772   -3.82661129857149
  -0.52496147899614   -2.75194444591046   -3.83002348979703
  -0.52755151747342   -2.76552190309049   -3.84123676695453
  -0.52773048318397   -2.76646007419994   -3.84213109784741
  -0.53053083799143   -2.78114004819288   -3.85496326716019
  -0.53071216516211   -2.78209059850982   -3.85583999081040
  -0.53329687435388   -2.79564011859689   -3.86801961448354
  -0.53397092615168   -2.79917362186412   -3.87091701224543
  -0.53602282669449   -2.80993006119974   -3.88039154579984
  -0.53709549580929   -2.81555318962131   -3.88575299354637
  -0.53882272943797   -2.82460766539029   -3.89324385454334
  -0.54042879780907   -2.83302697063546   -3.90034315188507
  -0.54160920899328   -2.83921490276428   -3.90523668679228
  -0.54373161442419   -2.85034094166666   -3.91518714230479
  -0.54440159490693   -2.85385310235292   -3.91812658866576
  -0.54702857153160   -2.86762419608275   -3.93002223061950
  -0.54721024445974   -2.86857655892377   -3.93091550429086
  -0.54996689178595   -2.88302741027615   -3.94309991196263
  -0.55032835978565   -2.88492229188930   -3.94486341480541
  -0.55275805870221   -2.89765921965672   -3.95599037623051
  -0.55362606506679   -2.90220946836945   -3.95970033483835
  -0.55554831956214   -2.91228627932364   -3.96891287961133
  -0.55689080237401   -2.91932382067796   -3.97476505402530
  -0.55830513164116   -2.92673799434051   -3.98108785736070
  -0.56022332365564   -2.93679350902424   -3.98937909960820
  -0.56107018819381   -2.94123292840168   -3.99323430764485
  -0.56348572503710   -2.95389561598115   -4.00445443572454
  -0.56384257955936   -2.95576631289859   -4.00625172388276
  -0.56656892746158   -2.97005832910801   -4.01863100737261
  -0.56674869695921   -2.97100071381686   -4.01952029260750
  -0.56943770584957   -2.98509699207136   -4.03195247497569
  -0.56994561703475   -2.98775955574700   -4.03389761821230
  -0.57217633383010   -2.99945338270566   -4.04428350386839
  -0.57320573344016   -3.00484968443992   -4.04898652696317
  -0.57497673617007   -3.01413360587279   -4.05712438499031
  -0.57651098868033   -3.02217643919137   -4.06380643129621
  -0.57774755301649   -3.02865873645137   -4.06922914054332
  -0.57984428986125   -3.03965021591290   -4.07842744581832
  -0.58051420221919   -3.04316201947646   -4.08136917334932
  -0.58297082131975   -3.05604006779043   -4.09327237138814
  -0.58328577053088   -3.05769108937392   -4.09439733523182
  -0.58607292507011   -3.07230186513750   -4.10640025220577
  -0.58644110278485   -3.07423192030866   -4.10810729113728
  -0.58882243977148   -3.08671532596105   -4.11956046001835
  -0.58952814747024   -3.09041477527258   -4.12320087163157
  -0.59163008975527   -3.10143354260761   -4.13237532115924
  -0.59300519881510   -3.10864211674328   -4.13803298885526
  -0.59444047708462   -3.11616610892209   -4.14517199441561
  -0.59616617807869   -3.12521255033910   -4.15263820670432
  -0.59720984246906   -3.13068363067047   -4.15728408059315
  -0.59933324167004   -3.14181487909803   -4.16724959138316
  -0.60000393087573   -3.14533075504013   -4.17019164071149
  -0.60268795389604   -3.15940089644853   -4.18190623241011
  -0.60286777644100   -3.16034355924119   -4.18279580931764
  -0.60553198703543   -3.17430984027596   -4.19541617287388
  -0.60602623561260   -3.17690078205220   -4.19742781773953
  -0.60828209817530   -3.18872642773962   -4.20766750163761
  -0.60932611878462   -3.19419937543615   -4.21227462066514
  -0.61107248117517   -3.20335412768655   -4.22057907984464
  -0.61245915412096   -3.21062332183538   -4.22709652493236
  -0.61387411065676   -3.21804078375531   -4.23342265600378
  -0.61579485143454   -3.22810965952419   -4.24172872859063
  -0.61663972775339   -3.23253865629092   -4.24557909508674
  -0.61909456203288   -3.24540734824523   -4.25657349458964
  -0.61945275732482   -3.24728507372346   -4.25836361875956
  -0.62221252995614   -3.26175230849898   -4.27053888222373
  -0.62252655238746   -3.26339847173255   -4.27166661728353
  -0.62498031299740   -3.27626153531393   -4.28360770845016
  -0.62566481701516   -3.27984983103706   -4.28646349822397
  -0.62777348997570   -3.29090388180875   -4.29558037253083
  -0.62899642504134   -3.29731473193058   -4.30112642077084
  -0.63054259532861   -3.30542004042415   -4.30864965811265
  -0.63212231241796   -3.31370120741272   -4.31596616235716
  -0.63334164562937   -3.32009317595350   -4.32151411711833
  -0.63528630659769   -3.33028744575244   -4.33057678261595
  -0.63611966301224   -3.33465605306599   -4.33454454872718
  -0.63865732832311   -3.34795896049300   -4.34610809210874
  -0.63884042979169   -3.34891881200530   -4.34697201633876
  -0.64166914696359   -3.36374746671940   -4.35963678359415
  -0.64185037932341   -3.36469752002042   -4.36051235234086
  -0.64445628073069   -3.37835813359169   -4.37165204371169
  -0.64532705755700   -3.38292290557340   -4.37538764299922
  -0.64720470588843   -3.39276588282750   -4.38392518388776
  -0.64859212740614   -3.40003900112774   -4.39044319597386
  -0.65000752240626   -3.40745876155815   -4.39677162729953
  -0.65175398346941   -3.41661403106845   -4.40507308501097
  -0.65279645923895   -3.42207888043122   -4.40971477571337
  -0.65502094373657   -3.43374003654112   -4.42014795378522
  -0.65556768877209   -3.43660617438935   -4.42276307878987
  -0.65827700987423   -3.45080893298698   -4.43435143864105
  -0.65845692040760   -3.45175205703107   -4.43524149528911
  -0.66104835806737   -3.46533684898258   -4.44738121971822
  -0.66158987078492   -3.46817555805952   -4.45008158586926
  -0.66387421851478   -3.48015052822254   -4.46012490557614
  -0.66478719141421   -3.48493649976590   -4.46450844364812
  -0.66666546338792   -3.49478274626734   -4.47304640024553
  -0.66808776445086   -3.50223870954691   -4.47934656885112
  -0.66944105642103   -3.50933291449336   -4.48514716122549
  -0.67138910372456   -3.51954493608316   -4.49419734660393
  -0.67225408868582   -3.52407934604500   -4.49793690365746
  -0.67465778355559   -3.53667995582530   -4.50927230213618
  -0.67502410686188   -3.53860028984691   -4.51100079029344
  -0.67777655197551   -3.55302911242953   -4.52324878347467
  -0.67795743441374   -3.55397733137732   -4.52414010976092
  -0.68058028005333   -3.56772676972497   -4.53610984256397
  -0.68125258421957   -3.57125111158676   -4.53902321225778
  -0.68335887467921   -3.58229267285131   -4.54819242302859
  -0.68459738889799   -3.58878519175401   -4.55363268270978
  -0.68612710797329   -3.59680425997422   -4.56034548151929
  -0.68803743250885   -3.60681853188917   -4.56871534345187
  -0.68889930046989   -3.61133660196359   -4.57247588836535
  -0.69133737101510   -3.62411741534531   -4.58358451046471
  -0.69169462654380   -3.62599021441211   -4.58538400001468
  -0.69433062504865   -3.63980860249407   -4.59820712668568
  -0.69451059680379   -3.64075204747397   -4.59909751422848
  -0.69723856321659   -3.65505254821296   -4.61149400168543
  -0.69759889362273   -3.65694146635181   -4.61328422900658
  -0.70001372305954   -3.66960044557665   -4.62452928571335
  -0.70088056805537   -3.67414460618113   -4.62832442360675
  -0.70279975407403   -3.68420533161726   -4.63659423585425
  -0.70420130052527   -3.69155249541209   -4.64301942417991
  -0.70559486786982   -3.69885783126491   -4.64950331090979
  -0.70736783451420   -3.70815204789792   -4.65765829668341
  -0.70838922316308   -3.71350635470303   -4.66242849493509
  -0.71063642473236   -3.72528659787297   -4.67272804214986
  -0.71118345839132   -3.72815424873828   -4.67534470305845
  -0.71389375507592   -3.74236212151821   -4.68694237964005
  -0.71407376143565   -3.74330574790171   -4.68783295303417
  -0.71670829015507   -3.75711643109860   -4.70066328363171
  -0.71706897217339   -3.75900719245303   -4.70245242610496
  -0.71951257108124   -3.77181698652659   -4.71353608403359
  -0.72023265251775   -3.77559178561013   -4.71712041994690
  -0.72227573952955   -3.78630202279817   -4.72756952296153
  -0.72314520463800   -3.79085991851406   -4.73221337602909
  -0.72483059431183   -3.79969504058996   -4.74706342682821
  -0.72500509945544   -3.80060982858862   -4.75077426067328
  -0.72551403610637   -3.80327776794396   -4.76183806012140
  -0.72569103002381   -3.80420560255192   -4.77667730216410
  -0.72586474281416   -3.80511623688934   -4.79148728832675
  -0.72586811728941   -3.80513392650809   -4.80632552375230
  -0.72587477351265   -3.80516881965228   -4.82119351678209
  -0.72596103937440   -3.80562104113632   -4.83600214256677
  -0.72605050657586   -3.80609004463088   -4.85081193594203
  -0.72602753990710   -3.80596964913700   -4.86572240027721
  -0.72605882228022   -3.80613363707975   -4.88052166147569
  -0.72606225833907   -3.80615164953105   -4.89536129763060
  -0.72606570449705   -3.80616971492381   -4.91020116889321
  -0.72606916075227   -3.80618783324815   -4.92504127599343
  -0.72607684026045   -3.80622809063985   -4.93991769012510
  -0.72632425915755   -3.80752510591990   -4.95470423112852
  -0.72612155399996   -3.80646248827095   -4.96969682421221
  -0.72633821849386   -3.80759828332350   -4.98440091672090
  -0.72625563843012   -3.80716538346922   -4.99950540860716
  -0.72635336471955   -3.80767768261915   -5.01408880393426
  -0.72663964029842   -3.80917839175836   -5.02904565527393
  -0.72752931684462   -3.81384223954133   -5.04391604892672
  -0.72784426537777   -3.81549325757074   -5.04679060393762
  -0.72902493115997   -3.82168252434898   -5.05863957856662
  -0.72903319683017   -3.82172585450956   -5.07326147179372
  -0.72785007471666   -3.81552371119166   -5.07943804059700
  -0.72578190501839   -3.80468198595642   -5.08791555652988
  -0.72509923355006   -3.80110329679386   -5.09061217647892
  -0.72231876042103   -3.78652754620914   -5.10179274300857
  -0.72214295352197   -3.78560593416945   -5.10270473671884
  -0.71957977936429   -3.77216930468454   -5.11308891400575
  -0.71850851539354   -3.76655354228600   -5.11748577831782
  -0.71678994012738   -3.75754445524285   -5.12413915810517
  -0.71474186811864   -3.74680808578569   -5.13268973443255
  -0.71403436921400   -3.74309924664415   -5.13535980709414
  -0.71122226338979   -3.72835767166410   -5.14623069184906
  -0.71089597790100   -3.72664722323202   -5.14730405652290
  -0.70846785825900   -3.71391857431175   -5.15654292242325
  -0.70705644763409   -3.70651970070762   -5.16191167475084
  -0.70566924816080   -3.69924774640504   -5.16752133332017
  -0.70340744430975   -3.68739095539335   -5.17673641831288
  -0.70289170867825   -3.68468737453371   -5.17857436275065
  -0.70011311800896   -3.67012149214853   -5.18877706813278
  -0.69941731111523   -3.66647394467456   -5.19154176984407
  -0.69739412341585   -3.65586802333536   -5.19937964387260
  -0.69566783461390   -3.64681850052153   -5.20683065111869
  -0.69461567629914   -3.64130289347915   -5.21047520685075
  -0.69185000589214   -3.62680474148081   -5.22072567202223
  -0.69166370934543   -3.62582814078245   -5.22156786737511
  -0.68903869241338   -3.61206732012109   -5.23157985127725
  -0.68781603099844   -3.60565790452643   -5.23622179462587
  -0.68626134270304   -3.59750794307055   -5.24267977342959
  -0.68399951181673   -3.58565101033507   -5.25098940326541
  -0.68349186460397   -3.58298983045138   -5.25293035211535
  -0.68070396959852   -3.56837517302791   -5.26392802211719
  -0.68018274853598   -3.56564283653173   -5.26578999283255
  -0.67794336423187   -3.55390357290096   -5.27424626731893
  -0.67623428376611   -3.54494425934455   -5.28089063449276
  -0.67515624872464   -3.53929300175026   -5.28526497799291
  -0.67254807520707   -3.52562047735977   -5.29541866001837
  -0.67236333675098   -3.52465204445845   -5.29626219866410
  -0.66965456728024   -3.51045217761392   -5.30601413322727
  -0.66858198764246   -3.50482951824730   -5.31040571497049
  -0.66680123698532   -3.49549449639041   -5.31749511388710
  -0.66474019952660   -3.48469015966424   -5.32504098232398
  -0.66404031846770   -3.48102125466856   -5.32777478930847
  -0.66124902995441   -3.46638880785401   -5.33878915111924
  -0.66106778546806   -3.46543869098350   -5.33966006363234
  -0.65856134149633   -3.45229945154795   -5.34866853631384
  -0.65698638204139   -3.44404322495230   -5.35508446294359
  -0.65572337439911   -3.43742230702712   -5.36025723085841
  -0.65328876438832   -3.42465963440215   -5.36949067306279
  -0.65296255490419   -3.42294958440047   -5.37056423365634
  -0.65021496067874   -3.40854619106423   -5.38096168555470
  -0.64933358428812   -3.40392585422057   -5.38455002514201
  -0.64742014693351   -3.39389526433670   -5.39193167616773
  -0.64548134068948   -3.38373168607733   -5.39911439718399
  -0.64460010886260   -3.37911210706327   -5.40271814472863
  -0.64188045843090   -3.36485520022387   -5.41329867936109
  -0.64153815160632   -3.36306076500836   -5.41430519588758
  -0.63910448679115   -3.35030304727235   -5.42348282828978
  -0.63773656334132   -3.34313214142342   -5.42919218895930
  -0.63633205303797   -3.33576944057170   -5.43464259305739
  -0.63374814945971   -3.32222414365853   -5.44401348153265
  -0.63356501114216   -3.32126409897719   -5.44487266577717
  -0.63077491439021   -3.30663789959443   -5.45590079940206
  -0.63006991826731   -3.30294218049424   -5.45858855004487
  -0.62801654628081   -3.29217802758069   -5.46620252845458
  -0.62611884697256   -3.28222993942504   -5.47370878701061
  -0.62527397622800   -3.27780097187976   -5.47666163515889
  -0.62247837413393   -3.26314591248290   -5.48760020421107
  -0.62215624185519   -3.26145723594034   -5.48870818427442
  -0.61967164095407   -3.24843250189089   -5.49849526391062
  -0.61844811442866   -3.24201855122830   -5.50304667230072
  -0.61691800046813   -3.23399741294720   -5.50882457484620
  -0.61448543028748   -3.22124543348631   -5.51806958276730
  -0.61411505904018   -3.21930387941478   -5.51974704108955
  -0.61136659526183   -3.20489592772263   -5.53012291111273
  -0.61067269921214   -3.20125839724392   -5.53290122275124
  -0.60863171789347   -3.19055919848584   -5.54062734724352
  -0.60688208477084   -3.18138730045743   -5.54778762662818
  -0.60584474409351   -3.17594937019074   -5.55167543223325
  -0.60313490261246   -3.16174388367134   -5.56236522720363
  -0.60293956200574   -3.16071987235006   -5.56312293007819
  -0.60033720623170   -3.14707784563917   -5.57245804535417
  -0.59892786866324   -3.13968983937754   -5.57767782805890
  -0.59751811545724   -3.13229965426762   -5.58316350042618
  -0.59523149164648   -3.12031275247068   -5.59216228473267
  -0.59471934222354   -3.11762797117465   -5.59407454422066
  -0.59197885262753   -3.10326182161027   -5.60453226834046
  -0.59142000357971   -3.10033223230743   -5.60699782932390
  -0.58919391860015   -3.08866268617744   -5.61559284004984
  -0.58744836403747   -3.07951216870902   -5.62201031152977
  -0.58638635400507   -3.07394491715418   -5.62643587014077
  -0.58370694104638   -3.05989894253515   -5.63646089585271
  -0.58351154341656   -3.05887463228828   -5.63721820241929
  -0.58090643467148   -3.04521817399785   -5.64728720115038
  -0.57970303638228   -3.03890973924465   -5.65206750230788
  -0.57811069416493   -3.03056238901732   -5.65830050192846
  -0.57602548956168   -3.01963136368290   -5.66665278349944
  -0.57531506926046   -3.01590721004418   -5.66930291868737
  -0.57266695926267   -3.00202533129278   -5.67933378047656
  -0.57195598889563   -2.99829829410804   -5.68212024107464
  -0.56985413396865   -2.98727998471995   -5.69030734973458
  -0.56828486575483   -2.97905359265508   -5.69662855399546
  -0.56702713192993   -2.97246032104877   -5.70117700472830
  -0.56435846799309   -2.95847069477559   -5.71072507418595
  -0.56417535294876   -2.95751077209674   -5.71158453263686
  -0.56146693258647   -2.94331273534277   -5.72225483200261
  -0.56046231377863   -2.93804633912305   -5.72621651131215
  -0.55874666330934   -2.92905258440201   -5.73289076117165
  -0.55659862915650   -2.91779219503430   -5.74075700757129
  -0.55588814655553   -2.91406771480886   -5.74340670333453
  -0.55315644426400   -2.89974762990770   -5.75388359488162
  -0.55264921946184   -2.89708866437785   -5.75583244103767
  -0.55046609418480   -2.88564432089506   -5.76455931787834
  -0.54885968584492   -2.87722323347117   -5.77095296550330
  -0.54763226143272   -2.87078884937048   -5.77544334033753
  -0.54501991103972   -2.85709442903218   -5.78548570250841
  -0.54482721047823   -2.85608425731269   -5.78627222294088
  -0.54209603469607   -2.84176693247032   -5.79681294360245
  -0.54110598269708   -2.83657689813673   -5.80076766380462
  -0.53928416208834   -2.82702658005386   -5.80775820035198
  -0.53724401521523   -2.81633175561258   -5.81542225422947
  -0.53653195872116   -2.81259902475058   -5.81805981624515
  -0.53378970576675   -2.79822363133770   -5.82838863881564
  -0.53328849220513   -2.79559617783432   -5.83037728636752
  -0.53102684009010   -2.78374018225071   -5.83891103656154
  -0.52932246645955   -2.77480554278861   -5.84526529472894
  -0.52820681857348   -2.76895711175794   -5.84955979444873
  -0.52557087476333   -2.75513901039559   -5.85951251630773
  -0.52537458854752   -2.75411004201788   -5.86025636508108
  -0.52261593266585   -2.73964866144905   -5.87048275895942
  -0.52161166570682   -2.73438410968540   -5.87444700660253
  -0.51987092909400   -2.72525884879461   -5.88101031722275
  -0.51773480364425   -2.71406088703472   -5.88895498740639
  -0.51700971454740   -2.71025983687640   -5.89146727665418
  -0.51421842423170   -2.69562738061333   -5.90148135935884
  -0.51371156746474   -2.69297034439160   -5.90340425056583
  -0.51145360207126   -2.68113367527916   -5.91265912591153
  -0.50993770805573   -2.67318708056023   -5.91853811712674
  -0.50868459082245   -2.66661800997471   -5.92296905034921
  -0.50604554269705   -2.65278363522196   -5.93281868160082
  -0.50586170291200   -2.65181991331921   -5.93367142678226
  -0.50307337472810   -2.63720298509482   -5.94469152019047
  -0.50222431051552   -2.63275203462034   -5.94761305608906
  -0.50029500124410   -2.62263824123481   -5.95485624282524
  -0.49838269528705   -2.61261358234472   -5.96224113611889
  -0.49754308316874   -2.60821218148358   -5.96522091355325
  -0.49479298600870   -2.59379566730476   -5.97560116065066
  -0.49427268246368   -2.59106814060385   -5.97747470552274
  -0.49201790687106   -2.57924819301313   -5.98579254475174
  -0.49045312586299   -2.57104532370462   -5.99217618136434
  -0.48921833497485   -2.56457232318470   -5.99674321791591
  -0.48673218460713   -2.55153946654685   -6.00649400068322
  -0.48640406741874   -2.54981941600918   -6.00755781461571
  -0.48363325328562   -2.53529429965421   -6.01872163495345
  -0.48281081389864   -2.53098292140332   -6.02179257744835
  -0.48089342062151   -2.52093159384744   -6.02917524960078
  -0.47910089834755   -2.51153486301409   -6.03614742657346
  -0.47807685780103   -2.50616665447473   -6.03997417106981
  -0.47532713928603   -2.49175212522270   -6.05035001243047
  -0.47514311336480   -2.49078742755996   -6.05120502875333
  -0.47253876968049   -2.47713497985850   -6.06231099061740
  -0.47168448919125   -2.47265668470415   -6.06610550697425
  -0.46975774445516   -2.46255633508359   -6.07900392826059
  -0.46948050849563   -2.46110301328845   -6.08062550848869
      
      
