# shadow point cont 2D ind 28  size 1293
# norm  0.9048271 -0.4257793  0.0000000
# angle  0.4398230
   2.12537995  -6.09528986
   2.12944246  -6.08487307
   2.13209985  -6.08002791
   2.14312739  -6.07341108
   2.15605673  -6.06504861
   2.15790757  -6.06412257
   2.17252940  -6.05727110
   2.18650322  -6.05004767
   2.18752109  -6.04930631
   2.20214302  -6.04245511
   2.21611690  -6.03523195
   2.21713478  -6.03449062
   2.23175681  -6.02763969
   2.24645562  -6.02098336
   2.24745432  -6.02019137
   2.26130144  -6.01355367
   2.27611640  -6.00618178
   2.27798316  -6.00529086
   2.29107310  -5.99910029
   2.30568284  -5.99229851
   2.30936934  -5.99040708
   2.32068709  -5.98428648
   2.33548603  -5.97778908
   2.33923213  -5.97603668
   2.35040125  -5.97061111
   2.36493781  -5.96363183
   2.37055417  -5.96088977
   2.37983119  -5.95635504
   2.39454667  -5.94964780
   2.40118439  -5.94627893
   2.40963187  -5.94191432
   2.42412219  -5.93572632
   2.43249154  -5.93117758
   2.43898334  -5.92837054
   2.45376494  -5.92186376
   2.46395882  -5.91636869
   2.46867864  -5.91377621
   2.48337888  -5.90704977
   2.49449184  -5.90148017
   2.49821231  -5.89967129
   2.51318783  -5.89264989
   2.52522798  -5.88712170
   2.52791211  -5.88601155
   2.54263590  -5.87930826
   2.55738910  -5.87277569
   2.55836240  -5.87194545
   2.57233745  -5.86472538
   2.58702551  -5.85804445
   2.58886522  -5.85709811
   2.60186819  -5.85061597
   2.61661994  -5.84407933
   2.62032184  -5.84222788
   2.63157187  -5.83603623
   2.64614264  -5.82922841
   2.64892336  -5.82738332
   2.66095673  -5.81909528
   2.66921567  -5.81268849
   2.67566677  -5.80707125
   2.68677164  -5.79778071
   2.69050280  -5.79410903
   2.70350451  -5.78303833
   2.70539449  -5.78123132
   2.72012763  -5.76912956
   2.72106092  -5.76821188
   2.73506770  -5.75536659
   2.73696825  -5.75357939
   2.74986899  -5.74150467
   2.75345502  -5.73856165
   2.76455686  -5.72926897
   2.77106851  -5.72374465
   2.77937212  -5.71635896
   2.78763691  -5.70891265
   2.79416920  -5.70245714
   2.80427772  -5.69398334
   2.80896866  -5.68943092
   2.82096846  -5.67926401
   2.82368440  -5.67734747
   2.83765900  -5.66444459
   2.83860670  -5.66354472
   2.85328151  -5.65138522
   2.85514177  -5.64954316
   2.86815056  -5.63840284
   2.87268591  -5.63472827
   2.88299383  -5.62458738
   2.88848162  -5.61997274
   2.89776965  -5.61160139
   2.90609962  -5.60507460
   2.91254891  -5.59954730
   2.92199670  -5.59051113
   2.92749108  -5.58581452
   2.93955084  -5.57569000
   2.94214417  -5.57365544
   2.95534794  -5.56091331
   2.95704074  -5.55980097
   2.97177981  -5.54769072
   2.97364085  -5.54586719
   2.98648329  -5.53467906
   2.99022683  -5.53096536
   3.00134457  -5.52167056
   3.00698017  -5.51623355
   3.01636459  -5.50805888
   3.02375292  -5.50159321
   3.03113647  -5.49505966
   3.04043337  -5.48677666
   3.04592791  -5.48208064
   3.05712094  -5.47199375
   3.06071543  -5.46909246
   3.07451754  -5.45695502
   3.07547793  -5.45607033
   3.09021532  -5.44394535
   3.09207096  -5.44212878
   3.10514764  -5.43021848
   3.10800948  -5.42753823
   3.11991294  -5.41721581
   3.12541866  -5.41250824
   3.13451818  -5.40500488
   3.14288136  -5.39752906
   3.14941151  -5.39114231
   3.15888610  -5.38305756
   3.16446670  -5.37846275
   3.17646206  -5.36825578
   3.17928730  -5.36553056
   3.19312290  -5.35344274
   3.19406739  -5.35253756
   3.20864833  -5.34021875
   3.21050548  -5.33840347
   3.22342050  -5.32723591
   3.22801867  -5.32349949
   3.23848457  -5.31363318
   3.24398396  -5.30897358
   3.25313585  -5.30051488
   3.26057393  -5.29401835
   3.26802022  -5.28762630
   3.27810046  -5.27913007
   3.28278332  -5.27550124
   3.29607272  -5.26483627
   3.29803455  -5.26313261
   3.31265824  -5.25177012
   3.31524203  -5.24971951
   3.32705636  -5.23839284
   3.33004616  -5.23490213
   3.34224594  -5.22303820
   3.34577672  -5.22008635
   3.35680433  -5.20980035
   3.36230821  -5.20509376
   3.37149123  -5.19760821
   3.37979828  -5.19024074
   3.38646886  -5.18392725
   3.39505387  -5.17587512
   3.40149136  -5.17028815
   3.41240544  -5.16083097
   3.41610660  -5.15712694
   3.42743197  -5.14623055
   3.43106701  -5.14246485
   3.44128701  -5.13138297
   3.44565142  -5.12654023
   3.45387975  -5.11631462
   3.46018458  -5.10874432
   3.46574130  -5.10134784
   3.47490996  -5.08839274
   3.47578491  -5.08660934
   3.48217094  -5.07191079
   3.48503818  -5.05692503
   3.48531041  -5.04236495
   3.48529382  -5.02752910
   3.48588479  -5.01269505
   3.48586796  -4.99785968
   3.48585119  -4.98302456
   3.48522795  -4.96818815
   3.48521160  -4.95335352
   3.48519531  -4.93851914
   3.48517906  -4.92368501
   3.48576812  -4.90885264
   3.48511555  -4.89403818
   3.48472097  -4.87908913
   3.48511457  -4.86435089
   3.48430669  -4.84963939
   3.48125372  -4.83484721
   3.47553667  -4.82016543
   3.47466242  -4.81926640
   3.46296881  -4.80509247
   3.46025649  -4.80224518
   3.44905968  -4.79024489
   3.44520345  -4.78573973
   3.43515110  -4.77539745
   3.43061172  -4.77066824
   3.42030905  -4.76056484
   3.41567366  -4.75592440
   3.40475380  -4.74550304
   3.40096871  -4.74187455
   3.38879097  -4.73086468
   3.38600989  -4.72808059
   3.37230147  -4.71580983
   3.37134892  -4.71491053
   3.35676950  -4.70162950
   3.35581384  -4.70073425
   3.34173540  -4.68701078
   3.34004589  -4.68589130
   3.32695339  -4.67397214
   3.32332880  -4.67106252
   3.31215490  -4.66094863
   3.30745633  -4.65638795
   3.29720302  -4.64715753
   3.29077395  -4.64153984
   3.28266663  -4.63388251
   3.27518452  -4.62646192
   3.26765728  -4.62010523
   3.25831384  -4.61186141
   3.25288570  -4.60707941
   3.24188958  -4.59676529
   3.23818241  -4.59305410
   3.22677378  -4.58219483
   3.22314346  -4.57931953
   3.20939626  -4.56709989
   3.20844647  -4.56619770
   3.19365763  -4.55315633
   3.19270221  -4.55226136
   3.17865534  -4.53944437
   3.17673484  -4.53765756
   3.16386582  -4.52641836
   3.16010791  -4.52277421
   3.14905363  -4.51248888
   3.14425264  -4.50802516
   3.13401909  -4.49879914
   3.12766716  -4.49308156
   3.11929959  -4.48569254
   3.11168908  -4.47848903
   3.10415300  -4.47120027
   3.09594695  -4.46362244
   3.08934453  -4.45631072
   3.08270673  -4.44898737
   3.07461062  -4.43951522
   3.06999461  -4.43395738
   3.05973715  -4.42573361
   3.05066531  -4.41898062
   3.04528922  -4.41591482
   3.03058609  -4.40472750
   3.02963090  -4.40383278
   3.01558710  -4.39102008
   3.01371783  -4.38919691
   3.00104948  -4.37772351
   2.99728025  -4.37411950
   2.98605597  -4.36397892
   2.98060578  -4.35927952
   2.97147170  -4.35076538
   2.96485744  -4.34444077
   2.95634036  -4.33715921
   2.94792615  -4.32985145
   2.94133365  -4.32347556
   2.93217697  -4.31501456
   2.92675139  -4.31023536
   2.91642793  -4.30017821
   2.91193890  -4.29631465
   2.89975113  -4.28534315
   2.89690930  -4.28263045
   2.88307291  -4.27050983
   2.88212105  -4.26961130
   2.86755325  -4.25634033
   2.86659772  -4.25544650
   2.85281487  -4.24327865
   2.85000077  -4.24057695
   2.83802578  -4.22934140
   2.83370961  -4.22536114
   2.82336857  -4.21613404
   2.81758457  -4.21090552
   2.80825899  -4.20257793
   2.80086983  -4.19606809
   2.79322898  -4.18891526
   2.78491057  -4.18148671
   2.77855112  -4.17579170
   2.76895332  -4.16687355
   2.76339635  -4.16131127
   2.75266534  -4.15160745
   2.74882030  -4.14806513
   2.73603042  -4.13675896
   2.73413628  -4.13495097
   2.72010270  -4.12214201
   2.71917659  -4.12121503
   2.70493575  -4.10848739
   2.70298526  -4.10674569
   2.68978581  -4.09408925
   2.68722165  -4.09192375
   2.67503780  -4.08099907
   2.67114921  -4.07745538
   2.65997979  -4.06736394
   2.65459893  -4.06257096
   2.64527422  -4.05424563
   2.63788971  -4.04773400
   2.63024727  -4.04058668
   2.62192995  -4.03316120
   2.61557182  -4.02746766
   2.60547666  -4.01810059
   2.60076438  -4.01355520
   2.58951842  -4.00350337
   2.58596894  -4.00055479
   2.57377605  -3.98867521
   2.57093544  -3.98596390
   2.55699582  -3.97374313
   2.55598880  -3.97291762
   2.54139162  -3.95991757
   2.54046954  -3.95900360
   2.52686639  -3.94662452
   2.52404950  -3.94393029
   2.51180756  -3.93207103
   2.50893770  -3.92937969
   2.49702468  -3.91906703
   2.49232671  -3.91451959
   2.48252398  -3.90575860
   2.47590842  -3.89944655
   2.46739501  -3.89216754
   2.45898220  -3.88487293
   2.45262529  -3.87918079
   2.44322425  -3.87005816
   2.43770280  -3.86538642
   2.42657714  -3.85522201
   2.42279725  -3.85159942
   2.41012248  -3.84016612
   2.40822872  -3.83835943
   2.39417042  -3.82557414
   2.39321916  -3.82467629
   2.37867023  -3.81140348
   2.37770563  -3.81052135
   2.36367245  -3.79772383
   2.36175762  -3.79593241
   2.34889756  -3.78471676
   2.34446137  -3.78083676
   2.33410084  -3.77080590
   2.32931684  -3.76631836
   2.31931292  -3.75781377
   2.31274220  -3.75143652
   2.30438057  -3.74403981
   2.29608170  -3.73661265
   2.28960235  -3.73012777
   2.28051189  -3.72157699
   2.27502478  -3.71686832
   2.26366624  -3.70697561
   2.25988705  -3.70335383
   2.24792992  -3.69215407
   2.24532119  -3.69011673
   2.23142346  -3.67712207
   2.23045275  -3.67625211
   2.21577146  -3.66316262
   2.21480382  -3.66228436
   2.20077290  -3.64949016
   2.19885897  -3.64769796
   2.18600043  -3.63648631
   2.18156688  -3.63260581
   2.17120625  -3.62257862
   2.16583402  -3.61778479
   2.15651648  -3.60945948
   2.14985060  -3.60321468
   2.14126172  -3.59515375
   2.13317708  -3.58840043
   2.12682240  -3.58271086
   2.11742606  -3.57358965
   2.11167741  -3.56826084
   2.10149744  -3.55899298
   2.09700516  -3.55514123
   2.08414662  -3.54393464
   2.08229579  -3.54208232
   2.06838869  -3.52912656
   2.06743776  -3.52822910
   2.05268337  -3.51520480
   2.05175873  -3.51429671
   2.03817575  -3.50190985
   2.03535529  -3.49922559
   2.02311451  -3.48737782
   2.01950448  -3.48445642
   2.00833889  -3.47438329
   2.00277744  -3.46967415
   1.99371659  -3.46125383
   1.98695784  -3.45492794
   1.97862924  -3.44762719
   1.97031569  -3.44021239
   1.96396201  -3.43452399
   1.95458481  -3.42539592
   1.94916525  -3.42062357
   1.93792755  -3.41058001
   1.93414961  -3.40695974
   1.92219649  -3.39576439
   1.91935788  -3.39305546
   1.90553776  -3.38094993
   1.90458698  -3.38005265
   1.88983482  -3.36703099
   1.88890947  -3.36612461
   1.87505457  -3.35311792
   1.87318084  -3.35130923
   1.86055948  -3.33981791
   1.85666155  -3.33628729
   1.84549679  -3.32621805
   1.83993762  -3.32150553
   1.83048456  -3.31255614
   1.82428910  -3.30687146
   1.81576173  -3.29948205
   1.80795614  -3.29251205
   1.80078642  -3.28579956
   1.79175059  -3.27724030
   1.78610080  -3.27179161
   1.77580939  -3.26265771
   1.77131842  -3.25880751
   1.75936708  -3.24761417
   1.75652889  -3.24490575
   1.74343144  -3.23303215
   1.74176020  -3.23190515
   1.72770526  -3.21821989
   1.72675150  -3.21732683
   1.71223186  -3.20497564
   1.71032021  -3.20318142
   1.69766460  -3.19180143
   1.69396434  -3.18809838
   1.68251882  -3.17732035
   1.67798070  -3.17354370
   1.66788868  -3.16418398
   1.66213832  -3.15880333
   1.65274789  -3.15067025
   1.64537483  -3.14415431
   1.63808248  -3.13755882
   1.62964963  -3.12934312
   1.62305910  -3.12298744
   1.61392706  -3.11453589
   1.60839479  -3.10988650
   1.59655997  -3.09949125
   1.59372216  -3.09678331
   1.58135640  -3.08514172
   1.57877347  -3.08305532
   1.56508063  -3.06988200
   1.56410582  -3.06902038
   1.54966582  -3.05664634
   1.54772827  -3.05482671
   1.53465051  -3.04295720
   1.53178807  -3.04025858
   1.51988065  -3.02997051
   1.51518346  -3.02543475
   1.50509315  -3.01607585
   1.49879512  -3.01036516
   1.49028308  -3.00309335
   1.48188665  -2.99581576
   1.47541219  -2.98933696
   1.46614833  -2.98101016
   1.46073089  -2.97624040
   1.45042396  -2.96620176
   1.44594156  -2.96234584
   1.43377326  -2.95139382
   1.43116626  -2.94935850
   1.41714473  -2.93658116
   1.41621985  -2.93565568
   1.40142371  -2.92264882
   1.40049737  -2.92177299
   1.38662439  -2.90789097
   1.38494977  -2.90673346
   1.37187106  -2.89486902
   1.36900951  -2.89216957
   1.35687205  -2.88120896
   1.35310176  -2.87758399
   1.34223272  -2.86809580
   1.33668374  -2.86254327
   1.32752976  -2.85410152
   1.32096192  -2.84773645
   1.31271230  -2.84112902
   1.30337649  -2.83293206
   1.29772881  -2.82748608
   1.28672793  -2.81812597
   1.28295195  -2.81450818
   1.27100506  -2.80332012
   1.26816791  -2.80061303
   1.25435506  -2.78851494
   1.25340476  -2.78761827
   1.23935018  -2.77393616
   1.23842541  -2.77301082
   1.22390903  -2.76064712
   1.22197670  -2.75890669
   1.20906499  -2.74686980
   1.20624867  -2.74410372
   1.19434260  -2.73382154
   1.18964564  -2.72928858
   1.17943114  -2.72005815
   1.17369962  -2.71471754
   1.16467813  -2.70615596
   1.15820506  -2.69967902
   1.14973055  -2.69242422
   1.14062169  -2.68487623
   1.13497459  -2.67943103
   1.12490069  -2.67007211
   1.12018852  -2.66554185
   1.10827163  -2.65526569
   1.10549755  -2.65248998
   1.09253208  -2.64046480
   1.09063671  -2.63866542
   1.07660684  -2.62589125
   1.07567662  -2.62496403
   1.06111669  -2.61175433
   1.06015980  -2.61085934
   1.04636376  -2.59876005
   1.04354493  -2.59605107
   1.03144076  -2.58501610
   1.02690135  -2.58124783
   1.01681522  -2.57189122
   1.01118243  -2.56644492
   1.00178467  -2.55826454
   0.99500118  -2.55210441
   0.98679077  -2.54460458
   0.97858925  -2.53707064
   0.97200479  -2.53071965
   0.96287073  -2.52226830
   0.95734808  -2.51762337
   0.94553456  -2.50723477
   0.94276072  -2.50445941
   0.93051778  -2.49266550
   0.92783617  -2.49070252
   0.91386694  -2.47786210
   0.91294234  -2.47693700
   0.89838405  -2.46372824
   0.89742736  -2.46283313
   0.88363224  -2.45073576
   0.88077283  -2.44803453
   0.86879383  -2.43692670
   0.86509552  -2.43322643
   0.85393992  -2.42309234
   0.84845339  -2.41842522
   0.83930277  -2.40998543
   0.83273586  -2.40362430
   0.82426420  -2.39636876
   0.81586275  -2.38905454
   0.80962218  -2.38327314
   0.79943757  -2.37402398
   0.79472618  -2.36949484
   0.78370209  -2.35922671
   0.78007984  -2.35636062
   0.76778672  -2.34465318
   0.76517926  -2.34262481
   0.75103654  -2.32986764
   0.75006756  -2.32899263
   0.73548449  -2.31592180
   0.73451485  -2.31505318
   0.72063626  -2.30210316
   0.71878723  -2.30025320
   0.70613642  -2.28883973
   0.70237734  -2.28522241
   0.69122298  -2.27508875
   0.68573635  -2.27042288
   0.67634125  -2.26224227
   0.66886425  -2.25585459
   0.66169955  -2.24914881
   0.65335347  -2.24082681
   0.64689737  -2.23525951
   0.63670862  -2.22602844
   0.63213889  -2.22226649
   0.62006225  -2.21123067
   0.61716519  -2.20860693
   0.60415056  -2.19665878
   0.60225663  -2.19486638
   0.58774591  -2.18252681
   0.58607633  -2.18138522
   0.57306945  -2.17035162
   0.56920218  -2.16683840
   0.55811812  -2.15760123
   0.55168763  -2.15203209
   0.54344423  -2.14542285
   0.53329715  -2.13702551
   0.52858121  -2.13345712
   0.51559520  -2.12244047
   0.51365607  -2.12070348
   0.49904564  -2.10937940
   0.49639078  -2.10739897
   0.48412145  -2.09660423
   0.47958133  -2.09283993
   0.46936293  -2.08452368
   0.46178599  -2.07827338
   0.45449266  -2.07261046
   0.44347915  -2.06325208
   0.43955948  -2.05984858
   0.42574076  -2.04867809
   0.42478769  -2.04778599
   0.41027713  -2.03544974
   0.40764630  -2.03341119
   0.39548155  -2.02340054
   0.38991267  -2.01885301
   0.38074566  -2.01131908
   0.37138286  -2.00406106
   0.36554759  -1.99887971
   0.35437451  -1.98971675
   0.35073325  -1.98688369
   0.33679289  -1.97492274
   0.33584608  -1.97403463
   0.32139951  -1.96253402
   0.31851262  -1.95989608
   0.30667652  -1.95043744
   0.30024598  -1.94486945
   0.29165541  -1.93777403
   0.28230059  -1.93052377
   0.27681400  -1.92578480
   0.26415650  -1.91528108
   0.26244308  -1.91418719
   0.24756107  -1.90137804
   0.24657495  -1.90049012
   0.23268447  -1.88944832
   0.22814412  -1.88568486
   0.21792710  -1.87736900
   0.21034982  -1.87112012
   0.20294763  -1.86466393
   0.19206212  -1.85609603
   0.18821304  -1.85257899
   0.17451012  -1.84129881
   0.17356025  -1.84040278
   0.15872268  -1.82841485
   0.15675398  -1.82673032
   0.14394508  -1.81547010
   0.13855568  -1.81150658
   0.12931425  -1.80417348
   0.12072062  -1.79713080
   0.11422453  -1.79159366
   0.10239589  -1.78211966
   0.09949922  -1.77949661
   0.08487458  -1.76818716
   0.08391661  -1.76732323
   0.07012410  -1.75523209
   0.06726670  -1.75253045
   0.05511481  -1.74252809
   0.04881770  -1.73773145
   0.04057624  -1.73112312
   0.03121410  -1.72294154
   0.02560383  -1.71839986
   0.01273010  -1.70814621
   0.01079120  -1.70640962
  -0.00404344  -1.69444543
  -0.00501289  -1.69357714
  -0.01874091  -1.68231615
  -0.02334786  -1.67856632
  -0.03359770  -1.67037404
  -0.04180620  -1.66376287
  -0.04836681  -1.65832775
  -0.05954911  -1.64919409
  -0.06318594  -1.64634492
  -0.07796354  -1.63522947
  -0.07973264  -1.63418362
  -0.09273685  -1.62775734
  -0.10759876  -1.62340871
  -0.12235270  -1.62135640
  -0.13714725  -1.62047450
  -0.15190916  -1.62014008
  -0.15933160  -1.61908795
  -0.16672634  -1.61862577
  -0.18146296  -1.61915218
  -0.18518214  -1.61985962
  -0.19624423  -1.62096300
  -0.21105152  -1.62521249
  -0.22586281  -1.63253142
  -0.22868624  -1.63429458
  -0.24054872  -1.64283303
  -0.24812629  -1.64908109
  -0.25541845  -1.65474385
  -0.26660124  -1.66387808
  -0.27031371  -1.66662629
  -0.28458289  -1.67815060
  -0.28558191  -1.67898206
  -0.29974185  -1.68993496
  -0.30434947  -1.69368549
  -0.31459950  -1.70187807
  -0.32296771  -1.70827519
  -0.32934642  -1.71303121
  -0.34147912  -1.72305956
  -0.34422154  -1.72494292
  -0.35879408  -1.73628611
  -0.36144978  -1.73829476
  -0.37381643  -1.74616918
  -0.38863080  -1.75044731
  -0.40330228  -1.75211889
  -0.40520864  -1.75276644
  -0.41765679  -1.76321326
  -0.41978289  -1.76767114
  -0.42841700  -1.78225331
  -0.43318262  -1.78953655
  -0.43857238  -1.79704247
  -0.44779697  -1.80628730
  -0.45403687  -1.81206712
  -0.46250614  -1.81932292
  -0.47164307  -1.82685934
  -0.47725393  -1.83140171
  -0.48938714  -1.84143098
  -0.49229375  -1.84403679
  -0.50690452  -1.85536019
  -0.50787410  -1.85622863
  -0.52160356  -1.86749171
  -0.52699438  -1.87145573
  -0.53636269  -1.87864753
  -0.54576833  -1.88582653
  -0.55130920  -1.89046786
  -0.56334416  -1.90062066
  -0.56625091  -1.90322655
  -0.58068298  -1.91475128
  -0.58167002  -1.91563922
  -0.59568207  -1.92653810
  -0.60032057  -1.93021720
  -0.61042095  -1.93862775
  -0.61863091  -1.94524064
  -0.62496702  -1.95003428
  -0.63729292  -1.95981630
  -0.63998465  -1.96177615
  -0.65459629  -1.97310064
  -0.65652852  -1.97483913
  -0.66964241  -1.98573178
  -0.67428105  -1.98941107
  -0.68425547  -1.99703872
  -0.69260662  -2.00443128
  -0.69926948  -2.00972037
  -0.71126501  -2.01900857
  -0.71394640  -2.02097163
  -0.72878418  -2.03293968
  -0.72975386  -2.03380825
  -0.74360518  -2.04492845
  -0.74749601  -2.04838327
  -0.75846746  -2.05685925
  -0.76674664  -2.06340666
  -0.77331941  -2.06881461
  -0.78597127  -2.07843295
  -0.78791068  -2.08017016
  -0.80274899  -2.09213885
  -0.80445557  -2.09323462
  -0.81722818  -2.10360972
  -0.82284230  -2.10823658
  -0.83233359  -2.11526853
  -0.84094364  -2.12237674
  -0.84738737  -2.12790949
  -0.85919595  -2.13740874
  -0.86187764  -2.13937187
  -0.87663736  -2.15052565
  -0.87860662  -2.15221079
  -0.89149102  -2.16338712
  -0.89602858  -2.16722598
  -0.90605300  -2.17477713
  -0.91450564  -2.18203333
  -0.92116925  -2.18732330
  -0.93316558  -2.19661373
  -0.93584744  -2.19857690
  -0.95050700  -2.21074857
  -0.95146384  -2.21164384
  -0.96518710  -2.22292614
  -0.96900370  -2.22644883
  -0.97994991  -2.23590498
  -0.98564777  -2.24125076
  -0.99504614  -2.24943231
  -1.00324329  -2.25605016
  -1.00970083  -2.26161864
  -1.02008009  -2.27062388
  -1.02457753  -2.27447106
  -1.03744996  -2.28565631
  -1.03934539  -2.28745552
  -1.05337595  -2.30022890
  -1.05432932  -2.30112133
  -1.06901086  -2.31328221
  -1.07094277  -2.31503185
  -1.08382292  -2.32621152
  -1.08759284  -2.32983544
  -1.09850396  -2.33929847
  -1.10493474  -2.34487082
  -1.11328283  -2.35226950
  -1.12160741  -2.35967095
  -1.12806542  -2.36523999
  -1.13844584  -2.37424552
  -1.14317357  -2.37876782
  -1.15509585  -2.38904973
  -1.15777826  -2.39101297
  -1.17174888  -2.40385561
  -1.17267368  -2.40478086
  -1.18741675  -2.41778921
  -1.18838669  -2.41865809
  -1.20220621  -2.43075079
  -1.20573491  -2.43369623
  -1.21689501  -2.44383197
  -1.22238150  -2.44850122
  -1.23178263  -2.45668266
  -1.23925947  -2.46307534
  -1.24666824  -2.46953326
  -1.25590645  -2.47788079
  -1.26143198  -2.48252614
  -1.27326575  -2.49291535
  -1.27610315  -2.49562232
  -1.28991753  -2.50772035
  -1.29086793  -2.50861700
  -1.30579560  -2.52142665
  -1.30676562  -2.52229563
  -1.32052647  -2.53446264
  -1.32341492  -2.53710234
  -1.33559048  -2.54804913
  -1.34006662  -2.55191049
  -1.35039174  -2.56097119
  -1.35694840  -2.56648764
  -1.36516224  -2.57398917
  -1.37408957  -2.58175166
  -1.37960639  -2.58641708
  -1.39093189  -2.59632944
  -1.39479732  -2.59983011
  -1.40830482  -2.61136851
  -1.40925531  -2.61226526
  -1.42400344  -2.62527952
  -1.42496106  -2.62617447
  -1.43899148  -2.63895003
  -1.44088332  -2.64075496
  -1.45381233  -2.65187886
  -1.45845319  -2.65556068
  -1.46854098  -2.66491824
  -1.47487880  -2.67060558
  -1.48323071  -2.67800469
  -1.49232347  -2.68562187
  -1.49791254  -2.69020094
  -1.50912143  -2.70022079
  -1.51289841  -2.70383921
  -1.52505560  -2.71479720
  -1.52773909  -2.71676045
  -1.54191221  -2.72937881
  -1.54286070  -2.73026650
  -1.55720534  -2.74280183
  -1.55909252  -2.74464415
  -1.57194739  -2.75584107
  -1.57652209  -2.75966840
  -1.58685191  -2.76869578
  -1.59258910  -2.77404258
  -1.60199055  -2.78217591
  -1.60947187  -2.78862222
  -1.61675507  -2.79520664
  -1.62681309  -2.80365894
  -1.63140062  -2.80740735
  -1.64346708  -2.81847247
  -1.64608128  -2.82050294
  -1.65939447  -2.83305353
  -1.66107261  -2.83417595
  -1.67582383  -2.84719552
  -1.67677026  -2.84809309
  -1.69073561  -2.86002483
  -1.69435176  -2.86291196
  -1.70560106  -2.87385826
  -1.71007988  -2.87772395
  -1.72018173  -2.88613573
  -1.72765687  -2.89253436
  -1.73518174  -2.89980860
  -1.74352010  -2.90712173
  -1.75007054  -2.91264939
  -1.76170116  -2.92238228
  -1.76460060  -2.92500857
  -1.77781778  -2.93674220
  -1.77972563  -2.93852834
  -1.79384658  -2.95123110
  -1.79484259  -2.95214775
  -1.80880387  -2.96412265
  -1.81162193  -2.96683637
  -1.82363670  -2.97708618
  -1.82850798  -2.98141968
  -1.83836196  -2.99009600
  -1.84493182  -2.99646552
  -1.85341694  -3.00371935
  -1.86195346  -3.01081826
  -1.86840100  -3.01648621
  -1.87939799  -3.02586058
  -1.88318317  -3.02947216
  -1.89512882  -3.04067511
  -1.89774360  -3.04270620
  -1.91248326  -3.05484689
  -1.91340486  -3.05572838
  -1.92726279  -3.06873652
  -1.92917599  -3.07053094
  -1.94218056  -3.08158262
  -1.94602424  -3.08512952
  -1.95681512  -3.09472325
  -1.96257508  -3.10009924
  -1.97173331  -3.10757717
  -1.97933744  -3.11475558
  -1.98675603  -3.12122058
  -1.99615960  -3.12934316
  -2.00164409  -3.13410205
  -2.01284222  -3.14416090
  -2.01642397  -3.14709469
  -2.03023649  -3.15920948
  -2.03119065  -3.16010281
  -2.04594669  -3.17312887
  -2.04689554  -3.17403580
  -2.06066303  -3.18620145
  -2.06355425  -3.18885453
  -2.07542173  -3.19922365
  -2.08090713  -3.20390527
  -2.09032197  -3.21208381
  -2.09779745  -3.21848433
  -2.10521695  -3.22495030
  -2.11445739  -3.23330797
  -2.12011737  -3.23874977
  -2.13111681  -3.24811990
  -2.13475701  -3.25097453
  -2.14797815  -3.26271542
  -2.14965703  -3.26383857
  -2.16374398  -3.27754258
  -2.16466713  -3.27842273
  -2.17897523  -3.29010958
  -2.18184332  -3.29280571
  -2.19398662  -3.30378267
  -2.19845377  -3.30764844
  -2.20892227  -3.31658591
  -2.21557775  -3.32200787
  -2.22380089  -3.32951309
  -2.23273827  -3.33727853
  -2.23848855  -3.34260791
  -2.24867099  -3.35187677
  -2.25339568  -3.35640373
  -2.26605178  -3.36692844
  -2.26794930  -3.36873005
  -2.28199642  -3.38151862
  -2.28295086  -3.38241225
  -2.29748010  -3.39477295
  -2.29939532  -3.39656592
  -2.31240478  -3.40762351
  -2.31694099  -3.41140882
  -2.32740347  -3.42130361
  -2.33291062  -3.42600112
  -2.34219861  -3.43429576
  -2.34957626  -3.44081342
  -2.35699784  -3.44728163
  -2.36640731  -3.45540374
  -2.37215872  -3.46080567
  -2.38290574  -3.47045792
  -2.38654694  -3.47331358
  -2.40029153  -3.48552082
  -2.40124296  -3.48641863
  -2.41619076  -3.49923725
  -2.41716169  -3.50011109
  -2.43099108  -3.51222904
  -2.43382486  -3.51495391
  -2.44570032  -3.52532358
  -2.45118497  -3.53001240
  -2.46083468  -3.53883599
  -2.46738848  -3.54437633
  -2.47561509  -3.55188274
  -2.48382734  -3.55941145
  -2.49042128  -3.56482891
  -2.50072216  -3.57403137
  -2.50520632  -3.57786846
  -2.51808635  -3.58907961
  -2.51975918  -3.59020790
  -2.53403291  -3.60367755
  -2.53498327  -3.60461459
  -2.54988421  -3.61737620
  -2.55090054  -3.61818269
  -2.56431475  -3.62993942
  -2.56808788  -3.63357786
  -2.57924994  -3.64370492
  -2.58545087  -3.64863940
  -2.59381961  -3.65603801
  -2.60235357  -3.66323026
  -2.60872066  -3.66891589
  -2.61883213  -3.67827823
  -2.62363852  -3.68270494
  -2.63551021  -3.69310353
  -2.63818509  -3.69508386
  -2.65164000  -3.70748542
  -2.65355792  -3.70926431
  -2.66825510  -3.72143580
  -2.66922257  -3.72231230
  -2.68301654  -3.73449013
  -2.68662807  -3.73739466
  -2.69779294  -3.74752193
  -2.70329941  -3.75222695
  -2.71259472  -3.76052163
  -2.71927679  -3.76682760
  -2.72740103  -3.77351439
  -2.73664883  -3.78187247
  -2.74218856  -3.78652886
  -2.75351149  -3.79647638
  -2.75735342  -3.80005675
  -2.76999308  -3.81154547
  -2.77189687  -3.81334209
  -2.78662333  -3.82549634
  -2.78758741  -3.82639526
  -2.80137478  -3.83856188
  -2.80426102  -3.84122995
  -2.81614574  -3.85160009
  -2.82162941  -3.85629714
  -2.83096620  -3.86366874
  -2.83946730  -3.87088213
  -2.84595181  -3.87644569
  -2.85544128  -3.88550620
  -2.86114413  -3.89088404
  -2.87119066  -3.90034158
  -2.87567940  -3.90417753
  -2.88856067  -3.91541046
  -2.89041369  -3.91726485
  -2.90431715  -3.93022823
  -2.90527236  -3.93112270
  -2.91998618  -3.94330325
  -2.92192242  -3.94505375
  -2.93504813  -3.95695636
  -2.93858975  -3.95992318
  -2.94976103  -3.97005092
  -2.95526691  -3.97476160
  -2.96456784  -3.98305626
  -2.97195187  -3.98957964
  -2.97937951  -3.99605418
  -2.98880116  -4.00417500
  -2.99428266  -4.00895999
  -3.00623275  -4.01926478
  -3.00908183  -4.02197022
  -3.02290553  -4.03412052
  -3.02383223  -4.03504791
  -3.03843512  -4.04827408
  -3.04012726  -4.04939553
  -3.05338029  -4.06112798
  -3.05703704  -4.06398016
  -3.06846450  -4.07476152
  -3.07294442  -4.07864348
  -3.08330530  -4.08769494
  -3.08985626  -4.09325413
  -3.09798852  -4.09993965
  -3.10797471  -4.10853101
  -3.11278445  -4.11296126
  -3.12411377  -4.12291440
  -3.12769576  -4.12586157
  -3.14152093  -4.13801574
  -3.14244780  -4.13894332
  -3.15705752  -4.15217282
  -3.15801710  -4.15306232
  -3.17207073  -4.16587733
  -3.17397310  -4.16766468
  -3.18686988  -4.17889973
  -3.19066112  -4.18247735
  -3.20167731  -4.19191304
  -3.20803237  -4.19763209
  -3.21640304  -4.20502189
  -3.22476986  -4.21242505
  -3.23157513  -4.21852411
  -3.24185201  -4.22685312
  -3.24625485  -4.23079647
  -3.25832030  -4.24189084
  -3.26123699  -4.24450488
  -3.27500087  -4.25675367
  -3.27595663  -4.25764871
  -3.29050368  -4.27003247
  -3.29242621  -4.27182026
  -3.30568163  -4.28355476
  -3.30859394  -4.28624129
  -3.32073041  -4.29723040
  -3.32597538  -4.30132193
  -3.33528557  -4.30961659
  -3.34194636  -4.31591381
  -3.35034923  -4.32327008
  -3.35956900  -4.33077315
  -3.36530042  -4.33615745
  -3.37605368  -4.34583083
  -3.37992768  -4.34934112
  -3.39273678  -4.36069689
  -3.39441159  -4.36182705
  -3.40931525  -4.37381852
  -3.41203129  -4.37575550
  -3.42386758  -4.38528466
  -3.42888378  -4.39042488
  -3.43922950  -4.40047176
  -3.44395233  -4.40504264
  -3.45392071  -4.41455602
  -3.45948483  -4.42012462
  -3.46870348  -4.42759692
  -3.47711618  -4.43494713
  -3.48384526  -4.44116750
  -3.49401226  -4.44958187
  -3.49880268  -4.45405420
  -3.51007584  -4.46406587
  -3.51349881  -4.46723820
  -3.52738822  -4.47927809
  -3.52835751  -4.48015758
  -3.54271004  -4.49276939
  -3.54462398  -4.49458345
  -3.55778507  -4.50550503
  -3.56172112  -4.50901833
  -3.57307713  -4.51989344
  -3.57748828  -4.52387242
  -3.58763368  -4.53222449
  -3.59510017  -4.53871454
  -3.60242097  -4.54532073
  -3.61178041  -4.55354984
  -3.61771012  -4.55868377
  -3.63014434  -4.56862082
  -3.63209943  -4.57034948
  -3.64701721  -4.58134759
  -3.64977034  -4.58323278
  -3.66188642  -4.59445040
  -3.66559721  -4.59816424
  -3.67655922  -4.60948718
  -3.67951397  -4.61301848
  -3.69166889  -4.62400243
  -3.69558171  -4.62748390
  -3.70648223  -4.63704201
  -3.71289248  -4.64270626
  -3.72130612  -4.65006173
  -3.72958781  -4.65756107
  -3.73610356  -4.66310797
  -3.74629562  -4.67243641
  -3.75109152  -4.67690734
  -3.76299237  -4.68729240
  -3.76562162  -4.68932341
  -3.78018860  -4.70171546
  -3.78114921  -4.70260603
  -3.79544640  -4.71611490
  -3.79640489  -4.71704233
  -3.81004413  -4.72939196
  -3.81366486  -4.73228819
  -3.82499946  -4.74226765
  -3.83050229  -4.74700096
  -3.84008410  -4.75593103
  -3.84650236  -4.76161555
  -3.85476113  -4.76914642
  -3.86246641  -4.77605995
  -3.86988914  -4.78277437
  -3.88157860  -4.79146294
  -3.88440272  -4.79325404
  -3.89898621  -4.80295312
  -3.90247520  -4.80656178
  -3.90184769  -4.82138943
  -3.89937890  -4.82706362
  -3.89587074  -4.83634361
  -3.89279811  -4.85106100
  -3.89281624  -4.86590027
  -3.89286503  -4.88072774
  -3.89339498  -4.89557882
  -3.89341350  -4.91041879
  -3.89343209  -4.92525900
  -3.89383455  -4.94010169
  -3.89385302  -4.95494238
  -3.89387155  -4.96978331
  -3.89392168  -4.98461224
  -3.89445255  -4.99946518
  -3.89441608  -5.01434768
  -3.89391297  -5.02915767
  -3.89289315  -5.04399569
  -3.88874867  -5.05866389
  -3.88448289  -5.06899345
  -3.88197863  -5.07378487
  -3.87303771  -5.08819464
  -3.86948831  -5.09293169
  -3.86147982  -5.10335985
  -3.85478602  -5.11150629
  -3.84927061  -5.11804712
  -3.84010084  -5.13014344
  -3.83811069  -5.13277666
  -3.82536174  -5.14595088
  -3.82422513  -5.14759773
  -3.81038479  -5.16059298
  -3.80779126  -5.16264665
  -3.79559153  -5.17451026
  -3.79205224  -5.17746519
  -3.78094320  -5.18858028
  -3.77646239  -5.19246847
  -3.76611141  -5.20153716
  -3.75964780  -5.20710135
  -3.75143156  -5.21464193
  -3.74390921  -5.22192042
  -3.73653366  -5.22844997
  -3.72793859  -5.23650769
  -3.72168964  -5.24229604
  -3.71166877  -5.25177532
  -3.70682705  -5.25614477
  -3.69484071  -5.26637584
  -3.69206360  -5.26915481
  -3.67995538  -5.28112405
  -3.67725767  -5.28307778
  -3.66313261  -5.29578365
  -3.66220692  -5.29671000
  -3.64811017  -5.31039403
  -3.64718442  -5.31132031
  -3.63282893  -5.32383345
  -3.63020145  -5.32584999
  -3.61806397  -5.33684981
  -3.61429845  -5.34047383
  -3.60326898  -5.35076084
  -3.59786657  -5.35552510
  -3.58847108  -5.36466871
  -3.58200613  -5.37027319
  -3.57344939  -5.37833295
  -3.56616006  -5.38493521
  -3.55878174  -5.39146551
  -3.54947932  -5.39974939
  -3.54398189  -5.40444583
  -3.53280834  -5.41455601
  -3.52904402  -5.41819566
  -3.51685400  -5.42914327
  -3.51425410  -5.43118747
  -3.50040181  -5.44419298
  -3.49945691  -5.44509843
  -3.48536852  -5.45875354
  -3.48440150  -5.45962947
  -3.46965348  -5.47270349
  -3.46799140  -5.47382678
  -3.45507401  -5.48590353
  -3.45224961  -5.48864448
  -3.44010979  -5.49964163
  -3.43557055  -5.50345034
  -3.42509330  -5.51331451
  -3.41963531  -5.51801510
  -3.41064061  -5.52573677
  -3.40323599  -5.53314908
  -3.39585510  -5.53968032
  -3.38726799  -5.54774054
  -3.38082747  -5.55332766
  -3.37058638  -5.56252353
  -3.36580523  -5.56697974
  -3.35464666  -5.57713573
  -3.35110176  -5.58008547
  -3.33891089  -5.59195711
  -3.33630564  -5.59399682
  -3.32197244  -5.60656313
  -3.32102587  -5.60746665
  -3.30674744  -5.62092582
  -3.30579365  -5.62182445
  -3.29215822  -5.63413178
  -3.28860594  -5.63710183
  -3.27734872  -5.64803000
  -3.27358846  -5.65169175
  -3.26239721  -5.66178624
  -3.25767943  -5.66632984
  -3.24759950  -5.67569776
  -3.24114750  -5.68129621
  -3.23280769  -5.68868836
  -3.22458910  -5.69620990
  -3.21800585  -5.70259519
  -3.20881892  -5.71102604
  -3.20300999  -5.71627187
  -3.19266008  -5.72537878
  -3.18818046  -5.72924444
  -3.17692590  -5.74020357
  -3.17317890  -5.74386186
  -3.16046365  -5.75523135
  -3.15853647  -5.75699358
  -3.14383819  -5.76917482
  -3.14290520  -5.77010532
  -3.12923350  -5.78149610
  -3.12369872  -5.78524107
  -3.11433066  -5.79066026
  -3.09941678  -5.79880597
  -3.09670543  -5.79985999
  -3.08462023  -5.80530649
  -3.07007942  -5.81141474
  -3.06349061  -5.81490353
  -3.05507459  -5.81848858
  -3.04010703  -5.82555337
  -3.03202420  -5.82965921
  -3.02544085  -5.83236796
  -3.01053507  -5.83861288
  -2.99939887  -5.84411597
  -2.99567122  -5.84591618
  -2.98090244  -5.85249302
  -2.96697530  -5.85888031
  -2.96595368  -5.85957638
  -2.95109987  -5.86598385
  -2.93653232  -5.87208299
  -2.93282852  -5.87393415
  -2.92163770  -5.87932635
  -2.90666807  -5.88639185
  -2.90122478  -5.88847539
  -2.89200559  -5.89227954
  -2.87708495  -5.89947449
  -2.86967760  -5.90317701
  -2.86220531  -5.90669980
  -2.84755921  -5.91263827
  -2.83640659  -5.91808774
  -2.83263891  -5.91977895
  -2.81782423  -5.92631088
  -2.80331415  -5.93255286
  -2.80228714  -5.93323600
  -2.78812908  -5.94001382
  -2.77338009  -5.94667131
  -2.77152759  -5.94752763
  -2.75849902  -5.95296888
  -2.74360381  -5.96025959
  -2.73902889  -5.96221945
  -2.72903989  -5.96631405
  -2.71402914  -5.97319776
  -2.70549644  -5.97700067
  -2.69924679  -5.97988554
  -2.68459715  -5.98667630
  -2.67421727  -5.99183722
  -2.66952951  -5.99449787
  -2.65496946  -6.00056110
  -2.64182246  -6.00663302
  -2.63995491  -6.00752389
  -2.62517166  -6.01405667
  -2.61042591  -6.02071570
  -2.60940762  -6.02145709
  -2.59554476  -6.02794237
  -2.58074819  -6.03447201
  -2.57702664  -6.03623754
  -2.56587068  -6.04182069
  -2.55125020  -6.04863965
  -2.54561895  -6.05126595
  -2.53636120  -6.05589569
  -2.52144623  -6.06300785
  -2.51585343  -6.06569053
  -2.50647301  -6.07222430
  -2.49246180  -6.08029749
  -2.49194649  -6.08137756
  -2.48743722  -6.09545480
         
