# shadow point cont 3D ind 128  size 1286
# norm -0.4257793 -0.9048271  0.0000000
# angle  2.0106193
   2.03311280031196   -0.95671026350222   -6.09537402067820
   2.03410551225720   -0.95717739828519   -6.08062895061832
   2.03851706651556   -0.95925331814380   -6.07658187889722
   2.05069905962556   -0.96498572897534   -6.06620479211765
   2.05230942561104   -0.96574350968779   -6.06517161151665
   2.06550469691946   -0.97195273304644   -6.05737365686481
   2.07647665407632   -0.97711574417944   -6.05107543411689
   2.07907306945928   -0.97833752451786   -6.04940780096912
   2.09242036221434   -0.98461828373927   -6.04187501184327
   2.10235664527655   -0.98929394363636   -6.03607126495460
   2.10565768638867   -0.99084729567454   -6.03414982985062
   2.11907750987927   -0.99716218526939   -6.02665097539892
   2.12858886517455   -1.00163788933726   -6.02174942181375
   2.13257743324196   -1.00351476700297   -6.01955734734600
   2.14591038803578   -1.00978877929196   -6.01199394952888
   2.15580297454397   -1.01444387715152   -6.00637157234499
   2.15925825943549   -1.01606981080288   -6.00444379779456
   2.17271306516236   -1.02240116178860   -5.99717778332514
   2.18201026689322   -1.02677609283836   -5.99180638370358
   2.18628194448422   -1.02878619173354   -5.98921298696370
   2.19972910213938   -1.03511394380989   -5.98194135624982
   2.20899472791163   -1.03947401634139   -5.97730162719788
   2.21301678569478   -1.04136665307111   -5.97517266788733
   2.22648740837039   -1.04770544694794   -5.96791820737385
   2.23579727590110   -1.05208633807071   -5.96248665126212
   2.23996327686242   -1.05404670931860   -5.95972620255537
   2.25318301557678   -1.06026744616454   -5.95285012536727
   2.26330873740916   -1.06503224918035   -5.94745915941436
   2.26662435255071   -1.06659245923621   -5.94554329500550
   2.28014151307584   -1.07295315216275   -5.93842554767750
   2.29103962361949   -1.07808141371729   -5.93281561659576
   2.29358544152448   -1.07927938468985   -5.93105094579485
   2.30673171280310   -1.08546555038470   -5.92403232612959
   2.31770470100493   -1.09062904669064   -5.91773594319745
   2.32030130769723   -1.09185091705240   -5.91606878395484
   2.33359739445070   -1.09810758055848   -5.90933711437660
   2.34467745413798   -1.10332146088101   -5.90329413947409
   2.34710673449265   -1.10446459344497   -5.90218383763332
   2.36050921966747   -1.11077132424772   -5.89477747981147
   2.37148246504600   -1.11593494157183   -5.88848148785263
   2.37391178414562   -1.11707809236778   -5.88737122198201
   2.38736242105431   -1.12340748165656   -5.88010162555613
   2.39848360846675   -1.12864071521752   -5.87401126807907
   2.40083205742347   -1.12974581141281   -5.87276800876423
   2.41412000890953   -1.13599864675263   -5.86515316023178
   2.42588032707924   -1.14153263241898   -5.85877417389818
   2.42757744411337   -1.14233123507628   -5.85790448450242
   2.44092668115977   -1.14861290921175   -5.85126976424553
   2.45279364487016   -1.15419707846031   -5.84412065073727
   2.45444315353574   -1.15497327831988   -5.84314497742207
   2.46778120287216   -1.16124968791864   -5.83566739551862
   2.47892480418408   -1.16649346866010   -5.82971888352407
   2.48158088534097   -1.16774332558054   -5.82818309666583
   2.49453962920727   -1.17384124757339   -5.82164811253796
   2.50721877910471   -1.17980760263127   -5.81453510498228
   2.50817131495281   -1.18025583197796   -5.81389473668538
   2.52128785366520   -1.18642800658914   -5.80671358000721
   2.53153268032492   -1.19124885608242   -5.79960057556488
   2.53488267204081   -1.19282524252628   -5.79682129310551
   2.54814555060999   -1.19906627944699   -5.78549595595132
   2.54900887609439   -1.19947252958301   -5.78460196304236
   2.56160766295562   -1.20540106866651   -5.77261167789363
   2.56490147664780   -1.20695101973901   -5.76975671521397
   2.57497479912797   -1.21169116549132   -5.75959405290359
   2.57932071776077   -1.21373619956896   -5.75516798333354
   2.58840554359135   -1.21801119410587   -5.74571839309261
   2.59342925666505   -1.22037517403741   -5.74015772923993
   2.60201811855420   -1.22441678565871   -5.73213299702844
   2.60888006092117   -1.22764577063635   -5.72586783256353
   2.61549777433096   -1.23075983019029   -5.71920343219644
   2.62323811787304   -1.23440215938551   -5.71110460578732
   2.62922490018519   -1.23721932530100   -5.70477031380276
   2.63801985617892   -1.24135791744648   -5.69591180202322
   2.64220635098042   -1.24332793236355   -5.69127817844582
   2.65211903266206   -1.24799248629395   -5.68099295101756
   2.65563232883787   -1.24964571798361   -5.67744201699235
   2.66648972210536   -1.25475481944236   -5.66625952127016
   2.66902243596149   -1.25594662411759   -5.66357829294913
   2.68156287840171   -1.26184770840056   -5.65143501391278
   2.68240018748489   -1.26224171614744   -5.65050832996951
   2.69527169371667   -1.26829858722551   -5.63695224501483
   2.69610891661018   -1.26869255441461   -5.63602547656877
   2.70951988859238   -1.27500327880577   -5.62321724750812
   2.71042197298552   -1.27542776749983   -5.62237794173346
   2.72256230369959   -1.28114057349597   -5.61068124871878
   2.72670200545196   -1.28308856927550   -5.60691356541411
   2.73592780506495   -1.28742990103900   -5.59958386470172
   2.74583701273383   -1.29209282022309   -5.59191398852373
   2.74918633462753   -1.29366889147255   -5.58820750029652
   2.75860624118702   -1.29810156303180   -5.57731863468906
   2.76293899831543   -1.30014040377560   -5.57185786804434
   2.77036889827470   -1.30363664930941   -5.56249008523402
   2.77618862086893   -1.30637520288882   -5.55600424972284
   2.78372466351637   -1.30992139538040   -5.54766496014696
   2.78965991721154   -1.31271431376928   -5.54128751972050
   2.79796030660234   -1.31662018053674   -5.53284103527209
   2.80282932455495   -1.31891136646982   -5.52804693293365
   2.81222323542618   -1.32333180538671   -5.51815538018622
   2.81673768859241   -1.32545614579595   -5.51383856599889
   2.82789814522368   -1.33070785804864   -5.50296461801363
   2.82959607449471   -1.33150684291561   -5.50115586340780
   2.84302385047334   -1.33782547466727   -5.48915858904762
   2.84390648339537   -1.33824081019380   -5.48829629698940
   2.85624081866958   -1.34404490780634   -5.47596555744925
   2.85868324062962   -1.34519422434039   -5.47311687206909
   2.86997881494587   -1.35050951814939   -5.45965384444821
   2.87081618282693   -1.35090355356445   -5.45872734257572
   2.88328597151612   -1.35677139071585   -5.44567666548093
   2.88500252313160   -1.35757913859296   -5.44387493472215
   2.89667435901713   -1.36307148765685   -5.43176578836687
   2.89924355671737   -1.36428046032596   -5.42905561229957
   2.90985611724963   -1.36927435224465   -5.41853352476841
   2.91413027852651   -1.37128561987368   -5.41400621235624
   2.92332638015926   -1.37561297682845   -5.40472353496929
   2.92852874608330   -1.37806102441011   -5.39939402960593
   2.93705896977100   -1.38207504298829   -5.39029570678360
   2.94280364651435   -1.38477828267082   -5.38459883249850
   2.95056947999227   -1.38843260651937   -5.37656695499217
   2.95726909043357   -1.39158520389108   -5.37008257757230
   2.96405625312155   -1.39477900022282   -5.36269872949404
   2.97130941149923   -1.39819207748134   -5.35497490069572
   2.97702822395344   -1.40088314635324   -5.34926660654580
   2.98622039488941   -1.40520865366250   -5.34001567422588
   2.99061506359515   -1.40727662778318   -5.33559718774502
   3.00069585689655   -1.41202028903710   -5.32550264716294
   3.00397192922419   -1.41356189165716   -5.32255632966628
   3.01561586054441   -1.41904110982935   -5.31045969515257
   3.01715388560636   -1.41976484948711   -5.30935210831262
   3.03008423305558   -1.42584940914037   -5.29592093557113
   3.03096305525357   -1.42626295147629   -5.29504679575114
   3.04411542206836   -1.43245198551273   -5.28367764630461
   3.04821383156046   -1.43438055062949   -5.28075644363022
   3.05711150706458   -1.43856747890755   -5.27291954628160
   3.06403293428481   -1.44182445533240   -5.26579142105182
   3.07087660246346   -1.44504484112974   -5.25666058336156
   3.07501159669616   -1.44699062171867   -5.25105610705198
   3.08437176940871   -1.45139518466317   -5.24012069994779
   3.08772157516141   -1.45297148359939   -5.23641545112281
   3.09773420853375   -1.45768307122529   -5.22622002223525
   3.10273029070723   -1.46003404904213   -5.22155163418365
   3.11104436351445   -1.46394635473661   -5.21312717388449
   3.11700444707581   -1.46675095717362   -5.20675883097569
   3.12436335374734   -1.47021379580202   -5.19913707451072
   3.13106311169987   -1.47336646258724   -5.19172685031466
   3.13798794575919   -1.47662504214888   -5.18462456910364
   3.14571439972741   -1.48026083540676   -5.17747146447247
   3.15137435668662   -1.48292420898496   -5.17158353273666
   3.15972335530673   -1.48685294951947   -5.16239696604045
   3.16482035869326   -1.48925141725439   -5.15776506719984
   3.17482574825907   -1.49395959620368   -5.14750371254194
   3.17799916280610   -1.49545289173899   -5.14453386819962
   3.18916547810528   -1.50070736087154   -5.13286633407460
   3.19184005175493   -1.50196591969853   -5.13019756103221
   3.20342651513315   -1.50741809550990   -5.11806537854355
   3.20519484662794   -1.50825020914869   -5.11633316506173
   3.21780229609116   -1.51418282454327   -5.10333752276124
   3.21863973744414   -1.51457689453159   -5.10241123956183
   3.23170738831971   -1.52072606427299   -5.08909604377685
   3.23256809291470   -1.52113108111207   -5.08819864380861
   3.24490029761360   -1.52693417615197   -5.07494538461593
   3.24662171961300   -1.52774421585778   -5.07315060666032
   3.25780208283016   -1.53300529543875   -5.05862213942318
   3.25916902461641   -1.53364852941786   -5.05591592821410
   3.26363701810540   -1.53575100756246   -5.04363924972547
   3.26586889546972   -1.53680124933016   -5.02869991269427
   3.26694024338496   -1.53730538739182   -5.01395946101548
   3.26700063100914   -1.53733380365079   -4.99902191896754
   3.26591303190267   -1.53682201835901   -4.98417869547093
   3.26505507367035   -1.53641829386010   -4.96933859678612
   3.26540008151113   -1.53658064222671   -4.95453154941692
   3.26541491413310   -1.53658762192881   -4.93966366494290
   3.26539962216547   -1.53658042607505   -4.92482483811826
   3.26457924656957   -1.53619438662244   -4.90995168268213
   3.26413969667955   -1.53598755014439   -4.89514319322267
   3.26409660863414   -1.53596727444927   -4.88030886278363
   3.26429152681544   -1.53605899598315   -4.86554232949763
   3.26448552252029   -1.53615028343256   -4.85063278685388
   3.26447051292915   -1.53614322045510   -4.83579536595844
   3.26445554969273   -1.53613617929051   -4.82095817598726
   3.26363276135968   -1.53574900448997   -4.80608708875176
   3.26277926550472   -1.53534737982647   -4.79124899164749
   3.26192582663830   -1.53494578197973   -4.77641113347885
   3.26067680330999   -1.53435803621503   -4.76159606072494
   3.25839693360697   -1.53328521096697   -4.75224102753824
   3.25695027147668   -1.53260446344147   -4.74660942630244
   3.24958085649360   -1.52913667997701   -4.73197965946307
   3.24452403344788   -1.52675711967528   -4.72458610415953
   3.23814499372816   -1.52375537143474   -4.71681258077601
   3.23121968892662   -1.52049657035863   -4.70868834702765
   3.22597318366188   -1.51802775237985   -4.70242129774521
   3.21741264290414   -1.51399946767140   -4.69239252973757
   3.21254380972449   -1.51170836868587   -4.68756509016175
   3.20412183542777   -1.50774528840455   -4.67928121058201
   3.19811051982314   -1.50491657799792   -4.67289116372443
   3.19057880973289   -1.50137242425300   -4.66551365487603
   3.18300540815177   -1.49780865198165   -4.65803290758846
   3.17711383591470   -1.49503628852670   -4.65159848413005
   3.16806626113323   -1.49077882300294   -4.64299238719736
   3.16394006010223   -1.48883718018065   -4.63924070700533
   3.15283307681285   -1.48361063057265   -4.62831719694180
   3.15029961380574   -1.48241847337373   -4.62558473974952
   3.13772276288095   -1.47650025655839   -4.61346111049750
   3.13687615729353   -1.47610187420868   -4.61254168769017
   3.12352388995074   -1.46981877412397   -4.60040105065276
   3.12180079662030   -1.46900794794946   -4.59860141256397
   3.11019530252991   -1.46354681696471   -4.58822208356359
   3.10580988969288   -1.46148319832523   -4.58374653345781
   3.09658691884254   -1.45714319767640   -4.57452014882603
   3.09070744537659   -1.45437652747099   -4.56889128845398
   3.08321479366694   -1.45085075320486   -4.56142968239216
   3.07576972476967   -1.44734736971064   -4.55385511930083
   3.06991412011557   -1.44459193131553   -4.54830955868924
   3.06052633732035   -1.44017437605232   -4.53926410733382
   3.05630940218101   -1.43819003699955   -4.53546814599067
   3.04543868482662   -1.43307466570143   -4.52432860220965
   3.04304811815614   -1.43194975041444   -4.52233633920715
   3.03033152913164   -1.42596577784065   -4.50947581393805
   3.02948517098060   -1.42556751192566   -4.50855651053573
   3.01613312131024   -1.41928451426982   -4.49642195170854
   3.01374133789603   -1.41815902642670   -4.49440603879000
   3.00265213917799   -1.41294084560272   -4.48352883988711
   2.99924949389414   -1.41133968227051   -4.47988001132525
   2.98920401018480   -1.40661263644939   -4.47054390174624
   2.98332598132790   -1.40384664602540   -4.46491577370704
   2.97583246037484   -1.40032046272437   -4.45745882422400
   2.96828921107854   -1.39677087904126   -4.45006179565943
   2.96243184022217   -1.39401460953444   -4.44444558159588
   2.95250133164112   -1.38934166690192   -4.43500306292160
   2.94900849106717   -1.38769806088785   -4.43152483788081
   2.93803015173065   -1.38253204652905   -4.42036313857551
   2.93567287767007   -1.38142279755512   -4.41837587874286
   2.92249764153815   -1.37522300203490   -4.40599023420028
   2.92164139292516   -1.37482008202179   -4.40508324733578
   2.90876336362389   -1.36876014142021   -4.39246682244921
   2.90704511342578   -1.36795159425079   -4.39066270184822
   2.89556928325341   -1.36255147847442   -4.38011367901711
   2.89057482112997   -1.36020126299526   -4.37543700974086
   2.88188084262051   -1.35611018724708   -4.36650984454209
   2.87607298854997   -1.35337721857099   -4.36093894064151
   2.86847083690124   -1.34979991754474   -4.35351168246127
   2.86025621578341   -1.34593441026300   -4.34589675395542
   2.85507260361760   -1.34349518753011   -4.34050161699488
   2.84581802209386   -1.33914031202747   -4.33126931756391
   2.84168496278912   -1.33719544194653   -4.32748147016370
   2.83003833790198   -1.33171495627796   -4.31622144953461
   2.82831811158464   -1.33090547921742   -4.31443882813669
   2.81499636734182   -1.32463674221330   -4.30224618985456
   2.81412588470468   -1.32422712417685   -4.30135992619088
   2.80162193395267   -1.31834321157892   -4.28919744327041
   2.79902296485817   -1.31712022955507   -4.28651997231599
   2.78801397299583   -1.31193979121250   -4.27551973791485
   2.78389925080810   -1.31000354992384   -4.27170971042284
   2.77460723440836   -1.30563105890568   -4.26252030365773
   2.76878433707059   -1.30289101140536   -4.25685889336850
   2.76133008563923   -1.29938330693859   -4.24934462278141
   2.75376616791132   -1.29582399742981   -4.24196678517931
   2.74783356351356   -1.29303232570566   -4.23648115226199
   2.73780598320910   -1.28831370458739   -4.22714301471710
   2.73455613098280   -1.28678444021048   -4.22422822321766
   2.72189685698960   -1.28082743804320   -4.21228321865455
   2.72102095985770   -1.28041527213891   -4.21140602606824
   2.70778433677614   -1.27418659011286   -4.19817759843592
   2.70694579885348   -1.27379200411801   -4.19725004481595
   2.69407291608056   -1.26773448528884   -4.18562511134324
   2.69150487802776   -1.26652605830840   -4.18291980114609
   2.68062773202975   -1.26140766192021   -4.17258891946852
   2.67571483347938   -1.25909582734519   -4.16779515110528
   2.66729438866378   -1.25513346678304   -4.15953153396594
   2.66062351216167   -1.25199439057677   -4.15295329173924
   2.65390908512772   -1.24883482104579   -4.14651561846253
   2.64553256096398   -1.24489312797362   -4.13811186887487
   2.64053546733630   -1.24254167420256   -4.13348565449178
   2.63032301145986   -1.23773605724365   -4.12344742124017
   2.62705225845878   -1.23619695770868   -4.12057322460824
   2.61600134684878   -1.23099679343018   -4.10868293483695
   2.61351822095277   -1.22982832307776   -4.10674861064335
   2.60035018188500   -1.22363191423886   -4.09444427433137
   2.59948001188871   -1.22322244332002   -4.09355837870208
   2.58672429469314   -1.21722005842655   -4.08175551891511
   2.58417415057341   -1.21602005169186   -4.07902111434103
   2.57332137971413   -1.21091312537330   -4.06870061350975
   2.56908966069502   -1.20892182955478   -4.06408244546992
   2.55987423268230   -1.20458537829591   -4.05486847217909
   2.55400119216131   -1.20182173520462   -4.04924328983591
   2.54647569176982   -1.19828050352214   -4.04188010289921
   2.53812486982992   -1.19435090499846   -4.03440729317621
   2.53312547345741   -1.19199836763793   -4.02971847186518
   2.52234439361800   -1.18692517655261   -4.01937346203260
   2.51975245410149   -1.18570550239707   -4.01669899763454
   2.50793050898708   -1.18014251729178   -4.00473116992169
   2.50626166553127   -1.17935721917054   -4.00292187855231
   2.49301120737626   -1.17312202685310   -3.99061385989008
   2.49215690623325   -1.17272002324980   -3.98970587920034
   2.47947288415319   -1.16675137551682   -3.97786651451152
   2.47690729378792   -1.16554410033070   -3.97515998384426
   2.46603308506157   -1.16042708611763   -3.96483331425762
   2.46111888449888   -1.15811463886211   -3.96004445851128
   2.45269910449494   -1.15415259113659   -3.95178815107585
   2.44603262007760   -1.15101558168854   -3.94520856443035
   2.43931794590922   -1.14785589586492   -3.93877821458477
   2.43094669791212   -1.14391668556831   -3.93037307887955
   2.42594834372232   -1.14156463862175   -3.92575454922318
   2.41571930509515   -1.13675121841266   -3.91579302518262
   2.41235613293633   -1.13516862972315   -3.91292488181292
   2.40065298833780   -1.12966154789722   -3.90087637042087
   2.39898436370098   -1.12887635274438   -3.89906778132450
   2.38560103843041   -1.12257863790821   -3.88695149786042
   2.38474952849244   -1.12217794774630   -3.88604175139851
   2.37255695709296   -1.11644055914958   -3.87443520424733
   2.36914890582703   -1.11483685195529   -3.87079312904361
   2.35896385652981   -1.11004413155363   -3.86171159196539
   2.35369525458023   -1.10756491566423   -3.85636774432098
   2.34536104666975   -1.10364313510937   -3.84800331483367
   2.33876325725197   -1.10053845107440   -3.84136694840154
   2.33204849695242   -1.09737872472053   -3.83494007729704
   2.32357663524459   -1.09339216920545   -3.82670712681349
   2.31855143525122   -1.09102748958262   -3.82211047720750
   2.30841800700805   -1.08625906020516   -3.81194775477476
   2.30503248518614   -1.08466595456251   -3.80822850986598
   2.29270674096756   -1.07886589959388   -3.79685626924113
   2.29184980289335   -1.07846265514495   -3.79595241355108
   2.27853984234150   -1.07219946312490   -3.78379219974173
   2.27680477292691   -1.07138300143298   -3.78201466934402
   2.26529847440279   -1.06596854833856   -3.77060783739208
   2.26189095816481   -1.06436509290931   -3.76696641884169
   2.25183756082587   -1.05963432321678   -3.75769592874116
   2.24657987697246   -1.05716024499346   -3.75251674086137
   2.23807458686193   -1.05315795926609   -3.74425835648638
   2.23135856794648   -1.04999764065254   -3.73779475660179
   2.22465820873616   -1.04684469093687   -3.73122165127595
   2.21563983240898   -1.04260096516277   -3.72269286905600
   2.21153221958855   -1.04066806928842   -3.71887606101680
   2.20043106317934   -1.03544426160210   -3.70805575902973
   2.19799760737226   -1.03429916421938   -3.70603041187408
   2.18546011677075   -1.02839946896627   -3.69304352018102
   2.18460330882610   -1.02799628575166   -3.69213982412860
   2.17114426133174   -1.02166293874167   -3.67928125518716
   2.17027610980212   -1.02125441764116   -3.67839715947716
   2.15766452984092   -1.01531985858176   -3.66639633394977
   2.15433238697843   -1.01375187117078   -3.66359020953219
   2.14445690905662   -1.00910482400088   -3.65405544225351
   2.13933882616126   -1.00669643700204   -3.64871571933215
   2.13087218737335   -1.00271233920652   -3.64037268906920
   2.12419451595137   -0.99957006555366   -3.63391228126599
   2.11747773161701   -0.99640938676131   -3.62739330392008
   2.10840412032690   -0.99213966938658   -3.61889416439013
   2.10408892027595   -0.99010909037632   -3.61441000194226
   2.09319967636151   -0.98498500114077   -3.60425707495075
   2.09061801552736   -0.98377016376601   -3.60146920315750
   2.07810869398123   -0.97788372386421   -3.58943041982912
   2.07725703129620   -0.97748296182499   -3.58852231865110
   2.06416882802800   -0.97132412086173   -3.57605529296903
   2.06249338761102   -0.97053571844620   -3.57420221082577
   2.05056797929932   -0.96492404725584   -3.56335631229034
   2.04710778139651   -0.96329580171686   -3.55979890846562
   2.03704635776069   -0.95856125513569   -3.54956078504416
   2.03212859736058   -0.95624713274784   -3.54478203293461
   2.02379485813003   -0.95232557273701   -3.53737778799539
   2.01690591311166   -0.94908388127613   -3.53011745839509
   2.01023106235640   -0.94594293492828   -3.52368778055775
   2.00034023476210   -0.94128866475077   -3.51511570305726
   1.99694922292178   -0.93969297570155   -3.51142500329159
   1.98609600151169   -0.93458583736987   -3.50029419932449
   1.98350507018924   -0.93336663763446   -3.49762430185912
   1.97040728322542   -0.92720328692635   -3.48611379424954
   1.96953534166547   -0.92679298237294   -3.48523287053566
   1.95685095166561   -0.92082416151004   -3.47241799600311
   1.95511663142324   -0.92000805235180   -3.47064138070125
   1.94322993232660   -0.91441459633540   -3.45975559781883
   1.93901354912553   -0.91243051700507   -3.45599361649098
   1.92977121534688   -0.90808140485380   -3.44586978525022
   1.92477544070577   -0.90573057175071   -3.44117089494343
   1.91651434396458   -0.90184319470066   -3.43368545477200
   1.90900660736737   -0.89831032202526   -3.42618897258740
   1.90305297693173   -0.89550875619872   -3.41984043532740
   1.89397725468038   -0.89123804548103   -3.41135028113222
   1.88987182489294   -0.88930617686403   -3.40753425296531
   1.87889191487931   -0.88413942340069   -3.39653299367869
   1.87650840898912   -0.88301783066471   -3.39452308620042
   1.86381079489120   -0.87704278701361   -3.38171404489155
   1.86296871754007   -0.87664653549015   -3.38082776333782
   1.84965047996426   -0.87037944859828   -3.36866173140314
   1.84791638763818   -0.86956344668930   -3.36688539884899
   1.83641814487304   -0.86415278434732   -3.35548256325832
   1.83301255006484   -0.86255023307430   -3.35184354492447
   1.82296198867637   -0.85782079787875   -3.34258555442364
   1.81709561355190   -0.85506029128498   -3.33702779541552
   1.80938965066686   -0.85143414039894   -3.32986270623202
   1.80118514459606   -0.84757339289703   -3.32220692625893
   1.79605513975044   -0.84515939585424   -3.31678051906151
   1.78612499472758   -0.84048662429922   -3.30737480377639
   1.78268000303993   -0.83886553426194   -3.30378799612572
   1.77089379266546   -0.83331936464886   -3.29277493287409
   1.76915507573166   -0.83250118656467   -3.29094614585045
   1.75601613388133   -0.82631846983699   -3.27861401002076
   1.75514441713976   -0.82590827107507   -3.27773336437005
   1.74260789069100   -0.82000902951781   -3.26473706819036
   1.74090102152164   -0.81920583785400   -3.26292325577644
   1.72904285782522   -0.81362580957770   -3.25201397105160
   1.72477584447548   -0.81161790550786   -3.24834091415149
   1.71550989965667   -0.80725768284444   -3.23919004976584
   1.70970401868003   -0.80452564263587   -3.23352256141065
   1.70225575329812   -0.80102075499015   -3.22603049036681
   1.69419071171558   -0.79722563449491   -3.21823241056673
   1.68896078842973   -0.79476461940311   -3.21294901522568
   1.67960539670955   -0.79036230622285   -3.20387335136145
   1.67550124410925   -0.78843103860450   -3.20005781689623
   1.66371605078257   -0.78288534757779   -3.18904743979482
   1.66196175618036   -0.78205983919926   -3.18729138603313
   1.64930587764612   -0.77610443481369   -3.17441270696449
   1.64846218232035   -0.77570742192916   -3.17349442217778
   1.63549646549520   -0.76960621871093   -3.16185695418056
   1.63289596290102   -0.76838251507691   -3.15919325406623
   1.62179770255438   -0.76316007017418   -3.14837322384322
   1.61760436372175   -0.76118683470053   -3.14461806095584
   1.60854635592859   -0.75692445977412   -3.13613129864611
   1.60253427684275   -0.75409539010051   -3.12980189789030
   1.59508651807848   -0.75059074085095   -3.12231160812857
   1.58685323219108   -0.74671645059534   -3.11474001762323
   1.58160446970149   -0.74424657044717   -3.10948826898078
   1.57239481636219   -0.73991283654335   -3.10017048036321
   1.56825608447939   -0.73796529714978   -3.09647520152702
   1.55651854262930   -0.73244202920590   -3.08534738803611
   1.55481409612393   -0.73163997756123   -3.08350299470717
   1.54184451303535   -0.72553695501753   -3.07097565683694
   1.54097121540462   -0.72512601234564   -3.07006912525249
   1.52812735033969   -0.71908214821338   -3.05748912895579
   1.52639387778922   -0.71826643794866   -3.05571357911740
   1.51484217989511   -0.71283062153234   -3.04531366484824
   1.51044491799514   -0.71076142714708   -3.04091035513129
   1.50117990734597   -0.70640164407053   -3.03176458460897
   1.49537647981176   -0.70367075836433   -3.02609629061278
   1.48792920778677   -0.70016633815689   -3.01860769248582
   1.48036987235367   -0.69660918491238   -3.01126429407982
   1.47444821191538   -0.69382266302465   -3.00578717916930
   1.46461265105351   -0.68919439939737   -2.99623750501198
   1.46118033562194   -0.68757927435341   -2.99264310020111
   1.44889630288544   -0.68179884731838   -2.98118751116294
   1.44802963495006   -0.68139102434431   -2.98029982490085
   1.43452471033090   -0.67503608919807   -2.96748184030971
   1.43365329088707   -0.67462603033385   -2.96660157104501
   1.42105894591578   -0.66869958144510   -2.95462030639211
   1.41842513681586   -0.66746020495915   -2.95201226994273
   1.40741936650739   -0.66228128256475   -2.94103797981616
   1.40329687043767   -0.66034138316491   -2.93721715685814
   1.39423969017391   -0.65607939764428   -2.92873507196960
   1.38760240096308   -0.65295612641759   -2.92217360875144
   1.38066336343579   -0.64969086321125   -2.91509167469709
   1.37253574222042   -0.64586629497608   -2.90736183685497
   1.36740647544211   -0.64345264524139   -2.90194162114691
   1.35813940161090   -0.63909189130507   -2.89277209921709
   1.35395735061076   -0.63712396748220   -2.88909155481220
   1.34240305676252   -0.63168692950259   -2.87773911910303
   1.34088740729484   -0.63097371900026   -2.87661593577291
   1.32738374962018   -0.62461938003284   -2.86379987278783
   1.32651241880554   -0.62420936287435   -2.86291971829873
   1.31371482618834   -0.61818727290319   -2.85029694622839
   1.31199292664957   -0.61737700848441   -2.84851182520130
   1.30048500383407   -0.61196179105649   -2.83802742535303
   1.29553204094739   -0.60963110363585   -2.83330637934302
   1.28710280356795   -0.60566460560722   -2.82505788205248
   1.28046663906707   -0.60254186362886   -2.81849624761541
   1.27373433165353   -0.59937388022991   -2.81207225872417
   1.26524177505021   -0.59537758643622   -2.80390633636604
   1.26028278834357   -0.59304406442106   -2.79918195528185
   1.25096396324214   -0.58865895818547   -2.78910820999738
   1.24690399331923   -0.58674848135695   -2.78528497030035
   1.23512242378814   -0.58120449555900   -2.77428403122025
   1.23338850961983   -0.58038857748471   -2.77244746646622
   1.22025315796768   -0.57420755017604   -2.76013122254337
   1.21938191061308   -0.57379757229087   -2.75925117755148
   1.20691515220186   -0.56793116108004   -2.74710599366010
   1.20358731163672   -0.56636519817652   -2.74423103109463
   1.19335703694707   -0.56155119632058   -2.73436167169450
   1.18903244662920   -0.55951619858611   -2.72987174660797
   1.18011004244026   -0.55531763387226   -2.72122616398621
   1.17352788474625   -0.55222030556815   -2.71459840962320
   1.16659630611911   -0.54895855225381   -2.70749923965910
   1.15911379429264   -0.54543754945452   -2.70002428534591
   1.15334811881125   -0.54272442851592   -2.69436394488783
   1.14406140263755   -0.53835443159482   -2.68521043536935
   1.13987948676557   -0.53638657135843   -2.68150679736447
   1.12815734778148   -0.53087055145311   -2.67040507526558
   1.12642669113302   -0.53005616625131   -2.66862908546796
   1.11330112153274   -0.52387974202685   -2.65627066659989
   1.11242676769836   -0.52346830234325   -2.65536828604412
   1.09946570990119   -0.51736929149717   -2.64297615916748
   1.09703697097795   -0.51622641371150   -2.64101237003457
   1.08623864666236   -0.51114510799164   -2.63070847930235
   1.08128736117049   -0.50881520989308   -2.62598691200392
   1.07299297086076   -0.50491216607889   -2.61757411415292
   1.06624702715951   -0.50173776593002   -2.61116619556455
   1.05949255708767   -0.49855935357569   -2.60475997935394
   1.05116208465115   -0.49463933080144   -2.59637402602275
   1.04613453048501   -0.49227354338899   -2.59176646014579
   1.03527105596503   -0.48716158031003   -2.58156422956580
   1.03275262920059   -0.48597649862984   -2.57879166699203
   1.02104454119691   -0.48046709061402   -2.56675919028341
   1.01931394629245   -0.47965273446673   -2.56498360999017
   1.00602058225505   -0.47339735217358   -2.55283135953741
   1.00514948645200   -0.47298744560315   -2.55195151784670
   0.99255932451919   -0.46706296510289   -2.53997722515765
   0.98992648377533   -0.46582404429071   -2.53737045817820
   0.97933673542414   -0.46084088696961   -2.52773049471951
   0.97354093340122   -0.45811358955665   -2.52211325335335
   0.96588476319084   -0.45451086932477   -2.51393396321917
   0.95913878379252   -0.45133645237812   -2.50752860468946
   0.95238519267417   -0.44815845362791   -2.50112179244326
   0.94405579596277   -0.44423893705148   -2.49273587990444
   0.93913562840001   -0.44192368193887   -2.48799243784124
   0.92832972053090   -0.43683880766959   -2.47770111970455
   0.92568428066623   -0.43559395816118   -2.47511742260964
   0.91375236395222   -0.42997922434917   -2.46335497502318
   0.91205090210581   -0.42917857717841   -2.46150781614469
   0.89891735824478   -0.42299840055167   -2.44919889975771
   0.89736583863480   -0.42226831084161   -2.44809403820327
   0.88574324749941   -0.41679913459817   -2.43691715092892
   0.88234800513552   -0.41520145481566   -2.43328788425854
   0.87230197101604   -0.41047414999119   -2.42400128778454
   0.86642916164239   -0.40771061566958   -2.41848381344540
   0.85885750503564   -0.40414766452084   -2.41113495037222
   0.85201785942829   -0.40092917160187   -2.40391206103521
   0.84528602068494   -0.39776140874237   -2.39749474669343
   0.83631569046945   -0.39354029175229   -2.38887718287248
   0.83203757572182   -0.39152716376112   -2.38436641034179
   0.82107624026550   -0.38636915082099   -2.37429989434069
   0.81868798581727   -0.38524532358321   -2.37228955411125
   0.80618664068238   -0.37936263709563   -2.35927221963536
   0.80532042994537   -0.37895502926279   -2.35838514923724
   0.79168289270005   -0.37253769135144   -2.34577718504055
   0.79011856291725   -0.37180157363161   -2.34469552884874
   0.77830264367058   -0.36624142408444   -2.33279471636621
   0.77570983373752   -0.36502134034197   -2.33012495963695
   0.76493474884885   -0.35995097026633   -2.31981804787211
   0.75993288746871   -0.35759727296126   -2.31526280818608
   0.75169780631666   -0.35372213791822   -2.30760543762883
   0.74492614644890   -0.35053563665994   -2.30029422676738
   0.73819442815429   -0.34736793047931   -2.29387822610137
   0.72904003907441   -0.34306020196200   -2.28548977481057
   0.72495700940407   -0.34113887404001   -2.28166298784230
   0.71397840190736   -0.33597273349461   -2.27068926629502
   0.71139077144499   -0.33475508702604   -2.26801224890606
   0.69875505800737   -0.32880917161466   -2.25611341243684
   0.69786656502572   -0.32839107855339   -2.25519570522902
   0.68492063434054   -0.32229918598590   -2.24266557978606
   0.68249645772307   -0.32115845505836   -2.24064008647913
   0.67142269023465   -0.31594753561986   -2.22984531900776
   0.66796583880737   -0.31432086481273   -2.22628597607748
   0.65791727131020   -0.30959236787121   -2.21705179351352
   0.65195438031577   -0.30678644435647   -2.21169303383477
   0.64428879677726   -0.30317929454860   -2.20441614157199
   0.63679572666473   -0.29965332339702   -2.19691739549712
   0.63104027571030   -0.29694501375560   -2.19127332730546
   0.62111805297636   -0.29227597014677   -2.18188431165873
   0.61788540699675   -0.29075480241496   -2.17896626635633
   0.60459387897325   -0.28450028408437   -2.16770359892893
   0.60371707315529   -0.28408769058488   -2.16685735466114
   0.59096460053124   -0.27808683247087   -2.15511428731950
   0.58833244356419   -0.27684823341963   -2.15250848043006
   0.57760710924723   -0.27180127418601   -2.14305068502042
   0.57093659816707   -0.26866236993425   -2.13747928652405
   0.56426902391454   -0.26552484764868   -2.13188774485329
   0.55404998589045   -0.26071613336620   -2.12290411580664
   0.55076935077368   -0.25917238366056   -2.12000787230043
   0.53767102526911   -0.25300877953441   -2.10853225548003
   0.53675368798479   -0.25257711337459   -2.10767366352250
   0.52398205874220   -0.24656724084014   -2.09598381141886
   0.52073262257676   -0.24503817224660   -2.09308576042606
   0.51095241726803   -0.24043595696539   -2.08531407261239
   0.50317266976310   -0.23677508567272   -2.07828444057180
   0.49727781977545   -0.23400117982543   -2.07278198808842
   0.48644244327309   -0.22890243866993   -2.06348558389829
   0.48378225340160   -0.22765064833517   -2.06093274985561
   0.47057824724670   -0.22143731466976   -2.04956791248896
   0.46970743976894   -0.22102754377492   -2.04868848270296
   0.45726851508527   -0.21517423012209   -2.03744924590757
   0.45317775772965   -0.21324926582743   -2.03366021634642
   0.44383113930756   -0.20885108104788   -2.02549042530257
   0.43625252710534   -0.20528485684435   -2.01909011975906
   0.43035792615420   -0.20251106818475   -2.01358779455265
   0.41952280222478   -0.19741244588105   -2.00429199380554
   0.41706358403496   -0.19625522564122   -2.00236824850551
   0.40351966879365   -0.18988194290089   -1.99057564532868
   0.40195562301804   -0.18914595882471   -1.98949436291002
   0.39029632935871   -0.18365951168446   -1.97924651590981
   0.38521369539155   -0.18126780568504   -1.97469875052831
   0.37673055467152   -0.17727594266970   -1.96749740234337
   0.36832163678950   -0.17331900627077   -1.96012729812567
   0.36336665792284   -0.17098737020196   -1.95540412808449
   0.35176703092061   -0.16552900005932   -1.94510171060697
   0.35023731522040   -0.16480917049039   -1.94398762322568
   0.33680463637736   -0.15848823162587   -1.93201989465998
   0.33503838904271   -0.15765709871839   -1.93030429793478
   0.32337939481663   -0.15217079248074   -1.92005695081926
   0.31762136594195   -0.14946126976213   -1.91528602760772
   0.31001353383468   -0.14588129571499   -1.90893257417113
   0.30140533928073   -0.14183058683217   -1.90093852589953
   0.29635592143820   -0.13945451115456   -1.89636861222089
   0.28415977999056   -0.13371544262069   -1.88569375376139
   0.28326679392021   -0.13329523527236   -1.88485642105560
   0.26992553231025   -0.12701731409241   -1.87370775146977
   0.26728555066917   -0.12577503302906   -1.87111714912309
   0.25626335693197   -0.12058838235573   -1.86116586279137
   0.25054575534158   -0.11789788327309   -1.85632221230151
   0.24292016706352   -0.11430955380621   -1.85002086266286
   0.23364729673896   -0.10994607224715   -1.84175367151226
   0.22954836615735   -0.10801726192428   -1.83794124981442
   0.21793079623181   -0.10255044848284   -1.82672945103108
   0.21620056525082   -0.10173626358493   -1.82495583954355
   0.20305468367487   -0.09555028127025   -1.81444290455022
   0.19973337284492   -0.09398739102687   -1.81170265729800
   0.18968880294990   -0.08926077521413   -1.80242429421017
   0.18379276805253   -0.08648631179065   -1.79691521130053
   0.17618528764594   -0.08290650324129   -1.79056231515028
   0.16718466022546   -0.07867112946871   -1.78212923278981
   0.16320702694339   -0.07679939732241   -1.77551510183246
   0.15887938622767   -0.07476296417967   -1.76738749728906
   0.15540339037438   -0.07312728468947   -1.75252083215277
   0.14891085553123   -0.07007212969776   -1.74212893900562
   0.13599539405642   -0.06399457485233   -1.73990536108719
   0.12266308002879   -0.05772086408503   -1.73853282295176
   0.12177345651647   -0.05730223903640   -1.73799028337733
   0.10925052976021   -0.05140939700867   -1.73141019014669
   0.09916336342049   -0.04666273683055   -1.72316050018729
   0.09584465412388   -0.04510107077584   -1.72035350153759
   0.08249173173307   -0.03881766244893   -1.70921488455861
   0.08160514056958   -0.03840046431535   -1.70836416098529
   0.06921986993012   -0.03257239833927   -1.69704336907944
   0.06507376079529   -0.03062138747442   -1.69334023934233
   0.05579078835590   -0.02625315222096   -1.68599415370190
   0.04798387567945   -0.02257949796888   -1.67900095485454
   0.04227288290689   -0.01989210875985   -1.67417758650275
   0.03126317461081   -0.01471133328915   -1.66420464691342
   0.02884841038806   -0.01357503149837   -1.66220842345827
   0.01542141428877   -0.00725676673007   -1.65026714114262
   0.01385754553846   -0.00652086595567   -1.64918613760590
   0.00206758677015   -0.00097293248234   -1.63915073592074
  -0.00371790903415    0.00174951519227   -1.63439358269206
  -0.01126699084529    0.00530184344854   -1.62891129571252
  -0.02453734353070    0.01154639742138   -1.62309195623258
  -0.03793154959248    0.01784923236925   -1.62022883908384
  -0.04884924780788    0.02298671118247   -1.61934470169512
  -0.05132223819151    0.02415041212479   -1.61897862106105
  -0.05462542250341    0.02570477267623   -1.61969366333313
  -0.06472691087245    0.03045817228979   -1.62047377903896
  -0.07811727835534    0.03675920093954   -1.62124834435543
  -0.09149909838357    0.04305620746243   -1.62217314184096
  -0.10490609109774    0.04936505935219   -1.62387585924178
  -0.11823641347771    0.05563783292125   -1.62525590726939
  -0.13152644739188    0.06189164817736   -1.62999929245820
  -0.13918227924311    0.06549420918952   -1.63430408058951
  -0.14491816149357    0.06819331049782   -1.63820999196177
  -0.15760016225462    0.07416100707028   -1.64909002367394
  -0.15847264511771    0.07457156634162   -1.64996884482932
  -0.17155131060918    0.08072591916783   -1.66146239465676
  -0.17419127955959    0.08196819425940   -1.66410052009308
  -0.18500935727850    0.08705879522530   -1.67339220833445
  -0.19022911924765    0.08951502876441   -1.67867830119075
  -0.19858271066776    0.09344593050656   -1.68607675775172
  -0.20694653037768    0.09738164531654   -1.69347418661155
  -0.21198447415722    0.09975232170995   -1.69807220281773
  -0.22450481131759    0.10564394516635   -1.70827090737369
  -0.22538309664361    0.10605723486949   -1.70914799594261
  -0.23859767538067    0.11227554361442   -1.72047405950208
  -0.24187583752876    0.11381812962933   -1.72329424606891
  -0.25206282956958    0.11861176421674   -1.73422536682895
  -0.25609451188717    0.12050892990859   -1.73808931176838
  -0.26536816869448    0.12487278155833   -1.74726917622430
  -0.27133031151775    0.12767835301045   -1.75266343082392
  -0.27893816760328    0.13125833834090   -1.75997544977586
  -0.28723989796916    0.13516483612334   -1.76744989913814
  -0.29227793910355    0.13753555832846   -1.77204807884924
  -0.30313559061557    0.14264478130787   -1.78224460453049
  -0.30578839243031    0.14389309508702   -1.78479844591047
  -0.31882077295503    0.15002566786112   -1.79636834040438
  -0.31969618700756    0.15043760644551   -1.79726646741430
  -0.33232011498502    0.15637797604030   -1.80917603666508
  -0.33491793790402    0.15760041871490   -1.81183602760180
  -0.34600629459088    0.16281820330907   -1.82171281675686
  -0.35102621658119    0.16518039929219   -1.82640016248023
  -0.35923283737090    0.16904214190528   -1.83395369577897
  -0.36753466450837    0.17294868522497   -1.84142849879664
  -0.37257281963607    0.17531946107127   -1.84602684817750
  -0.38408571698441    0.18073701933666   -1.85645282751449
  -0.38581039189417    0.18154858974590   -1.85823688459689
  -0.39926527622504    0.18787997771985   -1.87017088111081
  -0.40015190741534    0.18829719468861   -1.87102168477291
  -0.41261583068616    0.19416227178363   -1.88315629373753
  -0.41594459463366    0.19572866919791   -1.88601175985542
  -0.42609746278128    0.20050624630004   -1.89504735548602
  -0.43194971300193    0.20326010621859   -1.90061214386182
  -0.43932236509455    0.20672941295118   -1.90727672702839
  -0.44783107005137    0.21073330558324   -1.91541021311279
  -0.45286935591842    0.21310414295081   -1.92000873839181
  -0.46372758235008    0.21821363646686   -1.93020598821492
  -0.46631465853038    0.21943102211009   -1.93288218903694
  -0.47941155633146    0.22559395440996   -1.94435564325689
  -0.48028871083530    0.22600671198857   -1.94522932445365
  -0.49303942754262    0.23200674383089   -1.95697001614022
  -0.49634436385783    0.23356192881251   -1.95980085541551
  -0.50625644169221    0.23822619859397   -1.96921164929963
  -0.51207353806607    0.24096351636788   -1.97482346181461
  -0.51976486907073    0.24458278201365   -1.98199658444035
  -0.52812935549681    0.24851881055644   -1.98939527058557
  -0.53316778896253    0.25088971737868   -1.99399397806311
  -0.54402636129274    0.25599937366224   -2.00419160123514
  -0.54640611795774    0.25711920214676   -2.00620493649039
  -0.55954884117094    0.26330369824875   -2.01852023200506
  -0.56041474590589    0.26371116208795   -2.01943827565732
  -0.57316651526385    0.26971168927006   -2.03119742137605
  -0.57580660751911    0.27095402238450   -2.03378824316156
  -0.58662820286308    0.27604627861910   -2.04311173656716
  -0.59254807509493    0.27883195904075   -2.04858374256262
  -0.59992073643816    0.28230127012635   -2.05524941131494
  -0.60842976264444    0.28630531392692   -2.06338390072949
  -0.61346836068725    0.28867629819325   -2.06798279678629
  -0.62500551708299    0.29410527189985   -2.07840516218231
  -0.62677892042359    0.29493977216812   -2.08010700456903
  -0.64001416227139    0.30116780423490   -2.09230691085508
  -0.64088914552038    0.30157954009853   -2.09320592515817
  -0.65351462582567    0.30752064016335   -2.10511729462663
  -0.65684261204889    0.30908667160836   -2.10797599339477
  -0.66699716902250    0.31386504341168   -2.11701039219777
  -0.67366696172476    0.31700360962045   -2.12258160974167
  -0.68029465273224    0.32012236427549   -2.12914602325668
  -0.68873253425406    0.32409292992875   -2.13737633411679
  -0.69377131397722    0.32646399968737   -2.14197542522235
  -0.70478242576871    0.33164543559288   -2.15195182216017
  -0.70740840955164    0.33288112976417   -2.15460190928107
  -0.72048748884600    0.33903567731124   -2.16609427670041
  -0.72135831053197    0.33944545489196   -2.16697374278806
  -0.73394479701777    0.34536820585814   -2.17894246903607
  -0.73725001633012    0.34692352400810   -2.18177375522955
  -0.74730183311341    0.35165354994761   -2.19100569493456
  -0.75315580625158    0.35440822060961   -2.19657006136680
  -0.76073531922767    0.35797486868514   -2.20389551319979
  -0.76821340712940    0.36149378974346   -2.21136945279236
  -0.77397752841884    0.36420617933485   -2.21702488324312
  -0.78307653171522    0.36848784528076   -2.22640014534208
  -0.78735394793932    0.37050064457169   -2.23090996078065
  -0.79831358626642    0.37565785890343   -2.24097370763315
  -0.80070155290224    0.37678155070697   -2.24298414006629
  -0.81338098887623    0.38274804038226   -2.25576993906831
  -0.81422341426447    0.38314445567954   -2.25669358369851
  -0.82695591347453    0.38913591501836   -2.27033959515468
  -0.82781768868373    0.38954143565025   -2.27126231843358
  -0.84092060626607    0.39570720064416   -2.28360421770591
  -0.84265724275131    0.39652439974357   -2.28537135446336
  -0.85416935150936    0.40194158692654   -2.29762506260927
  -0.85744595768962    0.40348344075856   -2.30060496094964
  -0.86796986043695    0.40843561349041   -2.31097721232673
  -0.87153800907887    0.41011465679136   -2.31437579489251
  -0.88114908554502    0.41463728608033   -2.32421995393540
  -0.88680637859184    0.41729940611651   -2.33000182018479
  -0.89446098128989    0.42090138873308   -2.33817897173142
  -0.90120568207762    0.42407520401125   -2.34458091623764
  -0.90783514085565    0.42719479051596   -2.35114373905402
  -0.91610406857245    0.43108585254341   -2.35960291010160
  -0.92132952427180    0.43354476534858   -2.36488051161869
  -0.93067664322825    0.43794318566173   -2.37394773668219
  -0.93469129168784    0.43983233582844   -2.37787363333080
  -0.94490442530481    0.44463827170783   -2.38874796405784
  -0.94807714202207    0.44613123886938   -2.39174988748786
  -0.95978290437443    0.45163955251676   -2.40377835450935
  -0.96151316914169    0.45245375331327   -2.40555327847210
  -0.97401251539973    0.45833549920081   -2.41857776177351
  -0.97484915394786    0.45872919141785   -2.41950286166440
  -0.98802122293173    0.46492749659132   -2.43270955312229
  -0.98886263290801    0.46532343407201   -2.43361083135417
  -1.00134161571256    0.47119559764570   -2.44576251980895
  -1.00392209849724    0.47240988067245   -2.44841298682555
  -1.01474986423493    0.47750504047394   -2.45958643040914
  -1.01898974862447    0.47950017862413   -2.46337837650132
  -1.02825642442192    0.48386074525998   -2.47240239715493
  -1.03341410342445    0.48628776477253   -2.47778660665902
  -1.04170687098166    0.49019004497735   -2.48619690226571
  -1.04763741489643    0.49298074711180   -2.49258917066051
  -1.05529708339633    0.49658511351378   -2.50075768085075
  -1.06249993234142    0.49997451695031   -2.50762426516149
  -1.06846902735035    0.50278335985267   -2.51396610037468
  -1.07690757540179    0.50675423915097   -2.52220124859465
  -1.08173178939785    0.50902434194244   -2.52705220650998
  -1.09178740785915    0.51375615681583   -2.53723079311734
  -1.09521743877567    0.51537020684860   -2.54082943533505
  -1.10601301424420    0.52045021905922   -2.55203425401694
  -1.10859240173734    0.52166398668090   -2.55472381391286
  -1.12042166023489    0.52723041320307   -2.56660834604190
  -1.12215197102515    0.52804463565636   -2.56838382030404
  -1.13465318462495    0.53392726024823   -2.58140890056717
  -1.13551286006487    0.53433179280369   -2.58229409309661
  -1.14900965514775    0.54068290248054   -2.59510628496348
  -1.14987813492492    0.54109157804263   -2.59599008956597
  -1.16205555007666    0.54682183465053   -2.60847266079150
  -1.16456577381696    0.54800305628057   -2.61124841316623
  -1.17553290653922    0.55316379720698   -2.62226575828466
  -1.17899036474328    0.55479075354159   -2.62582605351059
  -1.18910958569261    0.55955249747404   -2.63590576709715
  -1.19406083147588    0.56188237688715   -2.64062634484087
  -1.20235415187939    0.56578491724169   -2.64903846370166
  -1.20839053449483    0.56862542328825   -2.65523401807469
  -1.21602582991904    0.57221832059139   -2.66352760620826
  -1.22251063020877    0.57526983597853   -2.67023601499109
  -1.22911913409503    0.57837956185966   -2.67681188276384
  -1.23755805233146    0.58235061535379   -2.68504961683866
  -1.24259857833558    0.58472250684985   -2.68965032387020
  -1.25346202701999    0.58983445777151   -2.69985180979533
  -1.25598129567366    0.59101993561471   -2.70262313234846
  -1.26832373211545    0.59682784534735   -2.71488404592947
  -1.26916053696670    0.59722161582069   -2.71580938861722
  -1.28108528146522    0.60283297464427   -2.72945829017696
  -1.28280767808811    0.60364347297309   -2.73123865210935
  -1.29575734304361    0.60973712275481   -2.74377028063845
  -1.29663952004369    0.61015224374076   -2.74471270835371
  -1.30951333198875    0.61621019980515   -2.75816948556538
  -1.31036753478342    0.61661215712923   -2.75907393918750
  -1.32267946823174    0.62240571324267   -2.77139218895595
  -1.32588313441434    0.62391324411713   -2.77430814429291
  -1.33624587952181    0.62878958182002   -2.78414423156033
  -1.34133581035316    0.63118472146309   -2.78868452051474
  -1.34968895863093    0.63511541467827   -2.79609812790261
  -1.35786296484550    0.63896181003726   -2.80372324148377
  -1.36288415103278    0.64132460090631   -2.80927579836904
  -1.37124207293659    0.64525754041940   -2.81852665448893
  -1.37636780852351    0.64766952850155   -2.82489813336121
  -1.38399629337271    0.65125922099135   -2.83311981134301
  -1.38978030846269    0.65398097189469   -2.83876714271665
  -1.39906626263667    0.65835061024593   -2.84792208321158
  -1.40315163408606    0.66027304012550   -2.85174807881070
  -1.41394952145180    0.66535414023237   -2.86295653775996
  -1.41632145657051    0.66647028817659   -2.86497992246013
  -1.42753325502446    0.67174616005717   -2.87752948681552
  -1.43004399191804    0.67292762315881   -2.88030596878737
  -1.44175204243792    0.67843701353610   -2.89234326082537
  -1.44343447626983    0.67922870680289   -2.89418875748589
  -1.45660522958090    0.68542639286774   -2.90650836387749
  -1.45745235756150    0.68582502103703   -2.90737788941937
  -1.47019181045704    0.69181975253186   -2.92105477161201
  -1.47104612512348    0.69222176249880   -2.92195937946896
  -1.48376501247163    0.69820681658160   -2.93472162110510
  -1.48546872944798    0.69900852493597   -2.93653726740686
  -1.49678822073660    0.70433507321788   -2.94810254474939
  -1.50079459079608    0.70622032786519   -2.95200191839803
  -1.51038642642264    0.71073390310231   -2.96174927367565
  -1.51541035229115    0.71309798316749   -2.96638340091767
  -1.52370498854284    0.71700114271318   -2.97479981059367
  -1.52963879542994    0.71979338028586   -2.98119309326033
  -1.53709117602426    0.72330020440355   -2.98869069154931
  -1.54450539005770    0.72678906870095   -2.99623795274781
  -1.55047670369140    0.72959895560889   -3.00258288925600
  -1.55873507440836    0.73348504988930   -3.01104849452763
  -1.56365262648034    0.73579907424537   -3.01580256700969
  -1.57296511042611    0.74018119655961   -3.02585934303008
  -1.57703631030239    0.74209695780307   -3.02970030420412
  -1.58803396880628    0.74727206307197   -3.04067128143661
  -1.59061434034110    0.74848629374851   -3.04336219963572
  -1.60244804590718    0.75405481290229   -3.05525280398109
  -1.60417853035203    0.75486911707123   -3.05703039277755
  -1.61668689326301    0.76075510587357   -3.07005705444587
  -1.61754416216010    0.76115850599594   -3.07094869053988
  -1.63089197502908    0.76743950996439   -3.08396926102009
  -1.63174641351441    0.76784157819608   -3.08487403591744
  -1.64392363184870    0.77357174218872   -3.09732929379836
  -1.64650487475957    0.77478638290370   -3.10013326313255
  -1.65758004341271    0.77999796168028   -3.11093989326216
  -1.66103888102293    0.78162556711416   -3.11450206490528
  -1.67116220486416    0.78638924172099   -3.12458680098107
  -1.67549001148638    0.78842575293339   -3.12907389722943
  -1.68448859915122    0.79266016686983   -3.13856293885757
  -1.69015686846391    0.79532745194467   -3.14435626765438
  -1.69793951212426    0.79898968606463   -3.15237150569510
  -1.70521636545299    0.80241391332076   -3.15916662722746
  -1.71097966431281    0.80512591590614   -3.16483694169971
  -1.71962888317303    0.80919592936214   -3.17376019979777
  -1.72477509250244    0.81161755165621   -3.17916722284956
  -1.73387781310272    0.81590096683255   -3.18855727418549
  -1.73785398702808    0.81777201225771   -3.19249205263717
  -1.74809631173452    0.82259168442114   -3.20338200624615
  -1.75133204350827    0.82411430421745   -3.20630056230974
  -1.76316755853402    0.82968367483832   -3.21819353469395
  -1.76485196848723    0.83047629799722   -3.22003672583991
  -1.77740028381586    0.83638108698026   -3.23300681488621
  -1.77824658245085    0.83677932488913   -3.23392499335630
  -1.79159142642631    0.84305893180233   -3.24694759354518
  -1.79246294002828    0.84346903497401   -3.24782801640998
  -1.80465302374581    0.84920525295647   -3.26027390056099
  -1.80723366679784    0.85041961139931   -3.26308057985594
  -1.81830797628155    0.85563078588143   -3.27389219822269
  -1.82176737036013    0.85725865316945   -3.27745509787869
  -1.83161695793701    0.86189351726780   -3.28786056592690
  -1.83580314050696    0.86386338525985   -3.29249022730729
  -1.84488261127261    0.86813585989448   -3.30101679662657
  -1.85157098895519    0.87128317153116   -3.30751450754648
  -1.85846638712997    0.87452789961695   -3.31467076285500
  -1.86595231834267    0.87805051145725   -3.32212796092701
  -1.87192553009537    0.88086129155219   -3.32847541448802
  -1.88017624073925    0.88474378127582   -3.33693839232885
  -1.88519992370839    0.88710774704123   -3.34249434042598
  -1.89442083494112    0.89144677850758   -3.35176163011039
  -1.89849328289699    0.89336312705271   -3.35560418414943
  -1.90865570007930    0.89814519758948   -3.36657907530197
  -1.91187966004776    0.89966227799470   -3.36951086157721
  -1.92372991231526    0.90523858343514   -3.38139842738074
  -1.92545641736636    0.90605101504352   -3.38318507166314
  -1.93796647595235    0.91193780176996   -3.39621715181026
  -1.93883336031038    0.91234572658479   -3.39710514978682
  -1.95217457536378    0.91862362585689   -3.41012829987326
  -1.95302005721037    0.91902147941431   -3.41102397035281
  -1.96540888678684    0.92485122009902   -3.42328835500341
  -1.96792121520502    0.92603343211529   -3.42603054140293
  -1.97880075841363    0.93115295654517   -3.43718408760354
  -1.98215638747651    0.93273199572316   -3.44084836669600
  -1.99225691722582    0.93748494424450   -3.45103014627618
  -1.99656174953145    0.93951064456414   -3.45547880372278
  -2.00583953655598    0.94387643974658   -3.46468590587902
  -2.01164170687415    0.94660673385182   -3.47030385984669
  -2.01909443124426    0.95011371973812   -3.47781246310306
  -2.02588695185202    0.95331003731553   -3.48512950972874
  -2.03261545353074    0.95647622987161   -3.49157522542416
  -2.04095210669095    0.96039916107366   -3.49994439648601
  -2.04608097592367    0.96281262373759   -3.50537597917260
  -2.05518905361139    0.96709855976793   -3.51476485673032
  -2.05947101002920    0.96911349551186   -3.51928088855599
  -2.06942642790801    0.97379815957017   -3.52958578453262
  -2.07285954450625    0.97541366161454   -3.53318856119239
  -2.08448872693807    0.98088593948665   -3.54439722331560
  -2.08616367969563    0.98167411242708   -3.54624971834360
  -2.09872554849503    0.98758527918935   -3.55921781014230
  -2.09956303905786    0.98797937233407   -3.56014407620398
  -2.11232402728217    0.99398423758540   -3.57381809048173
  -2.11318870042918    0.99439112188331   -3.57470767570684
  -2.12654528491473    1.00067625346120   -3.58773255690821
  -2.12740018271117    1.00107853782829   -3.58863793046953
  -2.13972210278511    1.00687679329104   -3.60096840244602
  -2.14227461807743    1.00807791581485   -3.60368197276607
  -2.15304603058140    1.01314655779743   -3.61405282916586
  -2.15734957949065    1.01517165419657   -3.61850435196467
  -2.16662801153516    1.01953775290237   -3.62771583056579
  -2.17179701647665    1.02197010199725   -3.63309535145038
  -2.18009519944561    1.02587493050140   -3.64152316489154
  -2.18603535408734    1.02867015510068   -3.64791785465847
  -2.19349055669369    1.03217830715643   -3.65542645324454
  -2.20091898526394    1.03567386030712   -3.66298884382566
  -2.20700454878830    1.03853750913274   -3.66918362217792
  -2.21534997880754    1.04246457041115   -3.67756438346857
  -2.22047895423060    1.04487808304445   -3.68299589777586
  -2.22958909697654    1.04916499081744   -3.69238787054721
  -2.23366116097579    1.05108115868630   -3.69623435141052
  -2.24465120173089    1.05625267931471   -3.70722833677196
  -2.24717861797641    1.05744199112361   -3.70999164716387
  -2.25904568642490    1.06302620965817   -3.72183905112905
  -2.26058020835859    1.06374830086890   -3.72296345705269
  -2.27332404044163    1.06974509305295   -3.73664232599325
  -2.27418066305230    1.07014818905601   -3.73754582538495
  -2.28714863189846    1.07625045199488   -3.75011669192570
  -2.28885877679587    1.07705518509930   -3.75192788142712
  -2.30068154178730    1.08261855600944   -3.76386635043362
  -2.30328334274669    1.08384287060775   -3.76653178960773
  -2.31412647606934    1.08894526184581   -3.77770578879068
  -2.31817534857780    1.09085051662748   -3.78157742417054
  -2.32765614175089    1.09531183925229   -3.79144959754554
  -2.33197453926627    1.09734392287510   -3.79591890578577
  -2.34112798831919    1.10165120904930   -3.80527401775524
  -2.34686067957923    1.10434880879150   -3.81099021741222
  -2.35431670322166    1.10785734719750   -3.81850201472406
  -2.36173015919856    1.11134585478057   -3.82604858202342
  -2.36750496254908    1.11406327096835   -3.83173400589287
  -2.37668750331196    1.11838424666213   -3.84108153316687
  -2.38101539290842    1.12042079691926   -3.84553084162798
  -2.39124302670484    1.12523355606517   -3.85549344168290
  -2.39456168910237    1.12679520005085   -3.85832082271171
  -2.40772767561407    1.13299064303018   -3.86711605833873
  -2.41266776619236    1.13531527320228   -3.87071569724711
  -2.42110724254381    1.13928658932540   -3.87640693692077
  -2.42916614243806    1.14307881976151   -3.88490359696069
  -2.43460884737861    1.14563996229970   -3.89361091103825
  -2.43864224587420    1.14753793556362   -3.90036941052452
  -2.44806391031997    1.15197143432137   -3.91217797212356
  -2.44991686394081    1.15284336811008   -3.91477640708664
  -2.46163736758998    1.15835861848520   -3.92776081734875
  -2.46331315795662    1.15914718557454   -3.92961438238276
  -2.47497830085894    1.16463638515961   -3.94081298388416
  -2.47838564736441    1.16623976071879   -3.94445432195176
  -2.48851033885662    1.17100407889332   -3.95456167497015
  -2.49347596538832    1.17334072537298   -3.95927488277119
  -2.50185533854985    1.17728375908174   -3.96854324516335
  -2.50751102601944    1.17994512359064   -3.97433623186236
  -2.51510551039924    1.18351881667399   -3.98171839121745
  -2.52259320695492    1.18704225922165   -3.98916742241469
  -2.52836844015366    1.18975987768065   -3.99485588357583
  -2.53753513131375    1.19407339511749   -4.00418886195666
  -2.54176816663317    1.19606531033992   -4.00877148751777
  -2.55127056284567    1.20053679858345   -4.01862726165368
  -2.55557357006217    1.20256164008133   -4.02312147951233
  -2.56701485568942    1.20794550042866   -4.03368160803464
  -2.56868026308892    1.20872918166454   -4.03551646726700
  -2.58060679279439    1.21434138054274   -4.04828129997348
  -2.58229821945657    1.21513730551426   -4.05011655903931
  -2.59485448446227    1.22104583533138   -4.06311179640259
  -2.59571782442275    1.22145209227932   -4.06400644904502
  -2.60890500070758    1.22765750640901   -4.07723268922913
  -2.60974307806282    1.22805187567728   -4.07815970085921
  -2.62243806726743    1.23402568414734   -4.09101831516762
  -2.62417780772064    1.23484434386321   -4.09278949362922
  -2.63566785149163    1.24025114805140   -4.10420122098554
  -2.63907996602437    1.24185676727391   -4.10783852493933
  -2.64932736216426    1.24667882587278   -4.11781275477068
  -2.65436920338004    1.24905133626046   -4.12243051861442
  -2.66254058399261    1.25289649610493   -4.13100633449848
  -2.66911908512311    1.25599210376086   -4.13769294051727
  -2.67600235664354    1.25923112547626   -4.14488317542966
  -2.68286522804683    1.26246054762520   -4.15209948600170
  -2.68947844660955    1.26557249206466   -4.15869982526633
  -2.69774186148977    1.26946095994813   -4.16716657917287
  -2.70288121525254    1.27187935625741   -4.17261794370751
  -2.71217570460033    1.27625301095659   -4.18180344669689
  -2.71648049756286    1.27827869276277   -4.18629735675369
  -2.72644924172015    1.28296962769173   -4.19660665528583
  -2.72980217249093    1.28454739714984   -4.20031548036353
  -2.74133590582826    1.28997476008741   -4.21169691874805
  -2.74306430226733    1.29078808171541   -4.21348592163575
  -2.75577096116638    1.29676738152685   -4.22629929721324
  -2.75663376315311    1.29717338532357   -4.22719582950882
  -2.76982613874607    1.30338124606195   -4.24042222054619
  -2.77066442850018    1.30377571527754   -4.24134949685799
  -2.78308317810987    1.30961953526118   -4.25357641217168
  -2.78559816342493    1.31080299751822   -4.25635824666130
  -2.79666560964900    1.31601094239550   -4.26735367852032
  -2.80018241989836    1.31766582768265   -4.27083745685819
  -2.81006272707523    1.32231514732749   -4.28122720080954
  -2.81493833239903    1.32460943304217   -4.28603462616342
  -2.82332209640582    1.32855453292587   -4.29530801000962
  -2.82835241266696    1.33092162008157   -4.30087211289173
  -2.83687706856130    1.33493301865507   -4.30912077225363
  -2.84359542952274    1.33809443935181   -4.31554257724187
  -2.85034090902391    1.34126862106471   -4.32202460461880
  -2.85868530191606    1.34519519430816   -4.33038295963773
  -2.86382491394267    1.34761371214717   -4.33583774360058
  -2.87230950805223    1.35160625907571   -4.34499073881158
  -2.87722995076111    1.35392164366226   -4.34976257218608
  -2.88737709126160    1.35869652553824   -4.35986283970080
  -2.89054375213736    1.36018664303708   -4.36284656560605
  -2.90215361971593    1.36564983202916   -4.37509363088255
  -2.90384941761489    1.36644781394857   -4.37692524709934
  -2.91603815770480    1.37218339966786   -4.38933480933197
  -2.91779323967029    1.37300927855142   -4.39113768063678
  -2.93077407836889    1.37911759758315   -4.40370223736695
  -2.93163154787729    1.37952109210604   -4.40460678157737
  -2.94405257254806    1.38536598265216   -4.41774259897201
  -2.94656367353906    1.38654761708504   -4.41970562789011
  -2.95771682322501    1.39179589095026   -4.43140560862441
  -2.96098153559643    1.39333214798068   -4.43430370162170
  -2.97088459990386    1.39799217631831   -4.44464537030110
  -2.97507757782895    1.39996524196177   -4.44928342233262
  -2.98428719713317    1.40429895984989   -4.45860659240645
  -2.99011000026966    1.40703896302246   -4.46419476068301
  -2.99785460626812    1.41068329797739   -4.47238560002825
  -3.00457723336434    1.41384672616478   -4.47880493933000
  -3.01140872651292    1.41706138282785   -4.48609954871911
  -3.01900112661758    1.42063409512578   -4.49348299410860
  -3.02502051293996    1.42346660332391   -4.49978386046723
  -3.03392756009437    1.42765794156585   -4.50849473167316
  -3.03821963311512    1.42967763782177   -4.51303790184989
  -3.04836884210861    1.43445349305666   -4.52314277010763
  -3.05153832207331    1.43594493711807   -4.52612410294671
  -3.06244145077040    1.44107556003638   -4.53818530691345
  -3.06503175984731    1.44229446696527   -4.54090709053078
  -3.07688860713333    1.44787387578586   -4.55282627358309
  -3.07861971921183    1.44868847529678   -4.55461433396416
  -3.09164516385491    1.45481778429272   -4.56711612239946
  -3.09252081171322    1.45522983289776   -4.56807681263387
  -3.10539117773598    1.46128616743420   -4.58160682300588
  -3.10624734408666    1.46168904873760   -4.58251376234278
  -3.11858762218200    1.46749594282950   -4.59486508753052
  -3.12115220103004    1.46870274203174   -4.59759118510704
  -3.13219477346103    1.47389898219046   -4.60856011414386
  -3.13560577822360    1.47550407919477   -4.61220593568341
  -3.14573812605534    1.48027200016921   -4.62233169906949
  -3.15071552075498    1.48261418432835   -4.62703949659059
  -3.15902106586851    1.48652247719478   -4.63549058471786
  -3.16497528573478    1.48932432038633   -4.64188814951460
  -3.17231482699300    1.49277804634293   -4.64954448965395
  -3.17974716815900    1.49627544062143   -4.65716122570074
  -3.18577105234984    1.49911006535580   -4.66346222519318
  -3.19412451647607    1.50304090719799   -4.67181921159971
  -3.19901013119379    1.50533990297592   -4.67662290684197
  -3.20911661107100    1.51009565141492   -4.68686961270468
  -3.21256782950936    1.51171967153868   -4.69045321439183
  -3.22348484573982    1.51685682943414   -4.70152083462512
  -3.22607423442778    1.51807530326087   -4.70424618106593
  -3.23774654823265    1.52356787721655   -4.71637179918456
  -3.23948004191815    1.52438359742665   -4.71819357028431
  -3.25219861331031    1.53036850283185   -4.73101792353865
  -3.25305717122256    1.53077250951871   -4.73192006472669
  -3.26625322063952    1.53698209902744   -4.74519367334482
  -3.26711121158022    1.53738583891773   -4.74609884519771
  -3.27985614089824    1.54338314742137   -4.75889918401749
  -3.28156637728094    1.54418792357550   -4.76071720331833
  -3.29305876088514    1.54959582880563   -4.77215849067493
  -3.29647476348326    1.55120327761283   -4.77580051695439
  -3.30638111735819    1.55586485390342   -4.78527435538335
  -3.31143541042708    1.55824322368842   -4.79080344686351
  -3.32015188115282    1.56234488347018   -4.79972626871867
  -3.32542049309289    1.56482410406075   -4.80502706761613
  -3.33348175428431    1.56861744563895   -4.81373634874866
  -3.33926591025439    1.57133926283543   -4.82034401475686
  -3.34673446406425    1.57485369749067   -4.82788800217605
  -3.35353080097440    1.57805181088367   -4.83519877074457
  -3.36036435154163    1.58126743569446   -4.84250235433516
  -3.36779609503402    1.58476454872911   -4.85005400756870
  -3.37348119819515    1.58743975521175   -4.85757459233260
  -3.37851860262514    1.58981017780652   -4.86499921769320
  -3.38435605309174    1.59255707348945   -4.87971574122932
  -3.38605298728066    1.59335559010632   -4.89439621350982
  -3.38650407751810    1.59356785705966   -4.90916860990814
  -3.38696422714083    1.59378438703613   -4.92029480918994
  -3.38763039413799    1.59409786143032   -4.92400510187098
  -3.38764665631853    1.59410551383162   -4.93884041430283
  -3.38766296927414    1.59411319012585   -4.95367597186465
  -3.38767933299589    1.59412089030881   -4.96851177531906
  -3.38769574747488    1.59412861437632   -4.98334782542866
  -3.38785870178199    1.59420529485271   -4.99821480988080
  -3.38790297776536    1.59422612954900   -5.01302044343649
  -3.38791919855701    1.59423376247417   -5.02785723789453
  -3.38793546758360    1.59424141809697   -5.04269428206407
  -3.38958465144977    1.59501746511754   -5.05759843230244
  -3.39165304353189    1.59599077655093   -5.07239260267403
  -3.39095006975535    1.59565998220106   -5.08721228839481
  -3.38790702052304    1.59422803192636   -5.10186674162839
  -3.38722156502265    1.59390548105152   -5.10284500945766
  -3.38064676057392    1.59081161292200   -5.11715354460047
  -3.37436302007725    1.58785470909185   -5.12811194240780
  -3.37191745256111    1.58670391237147   -5.13186733517160
  -3.36164483241816    1.58186998425773   -5.14651365074244
  -3.36084206251401    1.58149222941481   -5.14747237365580
  -3.34933160380593    1.57607581868641   -5.16160187864610
  -3.34765689987271    1.57528776283384   -5.16345383140016
  -3.33656233791624    1.57006705826142   -5.17618696575902
  -3.33405029498641    1.56888498058577   -5.17896493498823
  -3.32316479847134    1.56376265474252   -5.19100287328071
  -3.32061873700639    1.56256456915935   -5.19374253568388
  -3.30830057579539    1.55676808248324   -5.20604809752365
  -3.30744434705125    1.55636517181970   -5.20697716472664
  -3.29469310862450    1.55036489447485   -5.22063229987070
  -3.29385577552624    1.54997087542733   -5.22155832614384
  -3.28069573002242    1.54377822807410   -5.23483235965514
  -3.27982876340200    1.54337026454953   -5.23572015886703
  -3.26712952965138    1.53739445874773   -5.24850048866675
  -3.26540854910523    1.53658462677405   -5.25029495300799
  -3.25395518531066    1.53119508287259   -5.26173685560116
  -3.25052041784042    1.52957880398682   -5.26533607652845
  -3.24035874780424    1.52479708503034   -5.27630752551146
  -3.23693349101565    1.52318528153164   -5.27991939692657
  -3.22697029508612    1.51849695740049   -5.29020750724079
  -3.22205008093583    1.51618168036545   -5.29496261124013
  -3.21337774209505    1.51210078747241   -5.30386389212336
  -3.20762036770754    1.50939157273208   -5.30954367553201
  -3.20006672247210    1.50583709709133   -5.31693011859580
  -3.19274008438031    1.50238944290397   -5.32456966229947
  -3.18687902989100    1.49963144001106   -5.33105253026687
  -3.17877249620521    1.49581679481408   -5.33968165915416
  -3.17353538007346    1.49335239502592   -5.34504543338995
  -3.16427005259069    1.48899246285879   -5.35420298992658
  -3.16024586484966    1.48709882384697   -5.35811630037112
  -3.14990033438463    1.48223058673994   -5.36891379565998
  -3.14663868354513    1.48069577035708   -5.37176112371802
  -3.13559022512517    1.47549676046219   -5.38360513397223
  -3.13304662798537    1.47429983450241   -5.38634530841167
  -3.12072728050526    1.46850278961042   -5.39865320519672
  -3.11985543162523    1.46809252866886   -5.39958375584858
  -3.10649157153065    1.46180397344924   -5.41254322190590
  -3.10565430381619    1.46140998516900   -5.41346942563264
  -3.09335384428204    1.45562182826973   -5.42672160220835
  -3.09167916467458    1.45483378386399   -5.42857386888264
  -3.07965983676720    1.44917791746660   -5.44033119272484
  -3.07702515951688    1.44793813246007   -5.44294000670300
  -3.06639719362540    1.44293699132960   -5.45343283673179
  -3.06211589735075    1.44092236622547   -5.45794852612307
  -3.05271610479578    1.43649915959829   -5.46790721941668
  -3.04837055450540    1.43445429884943   -5.47233038377463
  -3.03929558296200    1.43018394138809   -5.48177167046017
  -3.03364393819266    1.42752447922953   -5.48755992811607
  -3.02610769311053    1.42397819147942   -5.49496872849156
  -3.01882414820353    1.42055081540558   -5.50265664040252
  -3.01269090348530    1.41766472951325   -5.50888348098994
  -3.00413775404460    1.41363992289459   -5.51697401830208
  -2.99910274080986    1.41127062551089   -5.52159497445592
  -2.98989315161290    1.40693692179016   -5.53178446035918
  -2.98585980370556    1.40503897233126   -5.53566935021326
  -2.97488650569679    1.39987533024124   -5.54669034176520
  -2.97230921272178    1.39866254822498   -5.54938187589568
  -2.96079713243668    1.39324537444036   -5.56165499589427
  -2.95932786304397    1.39255398874467   -5.56284678711069
  -2.94656328570208    1.38654743458281   -5.57647532619542
  -2.94571193197173    1.38614681792663   -5.57740453628349
  -2.93236518078479    1.37986631354783   -5.59044836806553
  -2.93149831373293    1.37945839687666   -5.59133651668186
  -2.91872284385873    1.37344671707816   -5.60495828993433
  -2.91788562752383    1.37305275297531   -5.60588468794861
  -2.90532638840975    1.36714282364902   -5.61885294505509
  -2.90365196219078    1.36635489847885   -5.62070577128310
  -2.89222874543315    1.36097954069616   -5.63218320270851
  -2.88879636136389    1.35936438335377   -5.63578632407216
  -2.87884361142544    1.35468097473289   -5.64608845348715
  -2.87394483411959    1.35237578511115   -5.65087160236153
  -2.86546337851119    1.34838471504915   -5.65907112804326
  -2.85949022167958    1.34557396079812   -5.66542137930368
  -2.85199911018936    1.34204891130424   -5.67290192806956
  -2.84507975722427    1.33879291094977   -5.68003092895146
  -2.83834386067178    1.33562323863022   -5.68740169270797
  -2.83101823099781    1.33217605896826   -5.69504423168751
  -2.82521732060539    1.32944635773908   -5.70070369101208
  -2.81658515780329    1.32538437025480   -5.70964007886049
  -2.81169587685564    1.32308364928003   -5.71443388272195
  -2.80230620126683    1.31866520333576   -5.72437032852005
  -2.79790421613052    1.31659378636419   -5.72878487103540
  -2.78727005967802    1.31158973217682   -5.73927949156418
  -2.78493921234681    1.31049291867779   -5.74134453959124
  -2.77303688992955    1.30489211088476   -5.75410292215207
  -2.77136252004501    1.30410421222355   -5.75595604462776
  -2.75875173659304    1.29817002797295   -5.76886622872652
  -2.75781967644015    1.29773143375707   -5.76984373686700
  -2.74463347492397    1.29152647831868   -5.78289335540793
  -2.74377027129814    1.29112028552495   -5.78378708245393
  -2.73138401817744    1.28529175722830   -5.79695223890461
  -2.72970966186550    1.28450386495388   -5.79880545568959
  -2.71787130733761    1.27893315816472   -5.81072440453193
  -2.71464707126917    1.27741594783672   -5.81365674640048
  -2.70428573452067    1.27254027285726   -5.82439306143467
  -2.70086728411719    1.27093167220029   -5.82801555054939
  -2.69082302429685    1.26620520229762   -5.83819089842451
  -2.68582878827782    1.26385509321512   -5.84286101727655
  -2.67745085384538    1.25991273652088   -5.85019864161627
  -2.66667180093808    1.25484049923741   -5.85771682137349
  -2.66407555072870    1.25361879662378   -5.85938300221197
  -2.65078984296349    1.24736701709885   -5.86609230804783
  -2.63816178823842    1.24142470560404   -5.87241158770872
  -2.63725869535478    1.24099974235038   -5.87317393146859
  -2.62408325024770    1.23479984849392   -5.87837221182443
  -2.61076541276676    1.22853294987240   -5.88410668647679
  -2.60325909548296    1.22500074507520   -5.88788304805184
  -2.59741692100148    1.22225162643960   -5.89080105477568
  -2.58383381732538    1.21585990302163   -5.89672637158876
  -2.57053595011023    1.20960240169387   -5.90163228929687
  -2.56961233168538    1.20916777985367   -5.90234355426368
  -2.55712770711035    1.20329296146432   -5.90809370388959
  -2.54384269229991    1.19704150801915   -5.91398303207163
  -2.53702001958118    1.19383100193531   -5.91734577677087
  -2.53040735751304    1.19071931936232   -5.92039289380465
  -2.51686833077097    1.18434833697512   -5.92646123706835
  -2.50505788077497    1.17879076106196   -5.93178769669012
  -2.50336114206362    1.17799233642985   -5.93265711400915
  -2.49006543038612    1.17173584942112   -5.93848459679670
  -2.47668391568922    1.16543898657624   -5.94408597966080
  -2.47079202854591    1.16266647493767   -5.94678112210437
  -2.46326284883199    1.15912351189747   -5.95050840461564
  -2.44986121762577    1.15281718294184   -5.95605640598515
  -2.43732936632591    1.14692014134267   -5.96166809115632
  -2.43640831608697    1.14648672799902   -5.96240915357327
  -2.42305910616154    1.14020506662570   -5.96808088881428
  -2.40977276095825    1.13395298714518   -5.97387712716022
  -2.40399477053091    1.13123407123289   -5.97684035324276
  -2.39633546036071    1.12762987344807   -5.98038760412079
  -2.38285605643423    1.12128694742823   -5.98565438995264
  -2.37040749575899    1.11542909942196   -5.99140887583436
  -2.36948104096353    1.11499314288706   -5.99218958374380
  -2.35619265451456    1.10874010286923   -5.99808722128757
  -2.34290179824605    1.10248590064254   -6.00383052562711
  -2.33781189851810    1.10009077563562   -6.00644906186327
  -2.32930638313730    1.09608838390412   -6.01076413903576
  -2.31593286613458    1.08979528448845   -6.01646560391305
  -2.30574777461460    1.08500254421827   -6.02068525315208
  -2.30239792969557    1.08342622685177   -6.02253665006762
  -2.28919093275163    1.07721148582787   -6.02861741295049
  -2.27581626503922    1.07091784492933   -6.03421336429668
  -2.27240862140574    1.06931432955232   -6.03590468531358
  -2.26230357321889    1.06455925481565   -6.04036713735252
  -2.24893074978857    1.05826648177039   -6.04690138439435
  -2.24066280908487    1.05437588419605   -6.05085627338135
  -2.23559127101484    1.05198939952948   -6.05360062937067
  -2.22210422032032    1.04564287521374   -6.05980112500350
  -2.20925868017251    1.03959822284730   -6.06563749460945
  -2.20827312321786    1.03913445494735   -6.06623611127814
  -2.19536516646175    1.03306043155449   -6.07380335512071
  -2.18224687616343    1.02688743270953   -6.08019072225579
  -2.18161094540577    1.02658818640965   -6.08064737872777
  -2.17098370398886    1.02158738619103   -6.09489311567273
      
      
