# shadow point cont 3D ind 132  size 1289
# norm -0.4817537 -0.8763067  0.0000000
# angle  2.0734512
   1.95846443742405   -1.07667493562797   -6.09502252481026
   1.95899527149346   -1.07696676412717   -6.08653863930217
   1.95951180556810   -1.07725073113772   -6.08036588062149
   1.97041750029584   -1.08324618754969   -6.07166712992008
   1.97852874699090   -1.08770538315538   -6.06521619388154
   1.98323261194362   -1.09029135479642   -6.06299507082827
   1.99631992783543   -1.09748616759266   -6.05584207693953
   2.00610292562344   -1.10286441613901   -6.05040343534413
   2.00934687255243   -1.10464779105469   -6.04855160497927
   2.02216068027859   -1.11169224146445   -6.04170107347606
   2.03292228608844   -1.11760848432348   -6.03580292737409
   2.03533887896832   -1.11893701750165   -6.03482727999303
   2.04827595593213   -1.12604923574828   -6.02818657832282
   2.06108991571225   -1.13309376975041   -6.02133641838056
   2.06198190618241   -1.13358414566109   -6.02059515391015
   2.07417661935558   -1.14028824596020   -6.01418411180994
   2.08711287040355   -1.14740001015576   -6.00760482729535
   2.08964213792838   -1.14879048674417   -6.00605095932836
   2.10028598749738   -1.15464199256197   -6.00070824763353
   2.11326327557155   -1.16177631705359   -5.99423138200696
   2.11883810856880   -1.16484110742903   -5.99117718250950
   2.12610639812518   -1.16883688342613   -5.98739901590058
   2.13905972814951   -1.17595803686839   -5.98086490470151
   2.14795272560217   -1.18084700358993   -5.97616883212287
   2.15192685520514   -1.18303179982758   -5.97413281613224
   2.16496972656256   -1.19020217903428   -5.96778061856615
   2.17578051457635   -1.19614546003873   -5.96200320705467
   2.17811233561216   -1.19742738950125   -5.96074020524912
   2.19096705182779   -1.20449432954341   -5.95402617985290
   2.20391622353689   -1.21161319693253   -5.94747704631844
   2.20556643038499   -1.21252040582435   -5.94662721336573
   2.21692146774041   -1.21876289043631   -5.94107160454938
   2.22985013993175   -1.22587048812018   -5.93447282566890
   2.23468681154954   -1.22852947084319   -5.93158678429620
   2.24296408224285   -1.23307993891429   -5.92746754054355
   2.25590682486848   -1.24019527188487   -5.92083006615690
   2.26314546241082   -1.24417474654931   -5.91699362864902
   2.26882316469949   -1.24729608979627   -5.91421807245110
   2.28180777602157   -1.25443444027750   -5.90775920879173
   2.29226839486151   -1.26018521414957   -5.90199535974248
   2.29464626602658   -1.26149245988488   -5.90093109134843
   2.30761377228453   -1.26862140677753   -5.89441652439756
   2.32063295498301   -1.27577876303376   -5.88807621767771
   2.32152495345234   -1.27626914334203   -5.88733518265838
   2.33371781000378   -1.28297222295470   -5.88092584790835
   2.34670953914951   -1.29011448649259   -5.87448806048092
   2.35072527738898   -1.29232215727173   -5.87253210221855
   2.35967365489318   -1.29724156943424   -5.86797389954525
   2.37248059683715   -1.30428224534830   -5.86111941981088
   2.37897594496601   -1.30785309319975   -5.85730708622252
   2.38558243207715   -1.31148504022376   -5.85396468292950
   2.39850011391596   -1.31858659591019   -5.84736524086420
   2.40747875380676   -1.32352264496052   -5.84285269585881
   2.41154505797159   -1.32575811459236   -5.84103424025113
   2.42456364764435   -1.33291514482995   -5.83466802720216
   2.43670530976046   -1.33959008006363   -5.82812380011279
   2.43759731883050   -1.34008046619969   -5.82738286282143
   2.45051962415444   -1.34718456366858   -5.82078968078123
   2.46347098314241   -1.35430463352444   -5.81424314921369
   2.46587421052967   -1.35562581896086   -5.81323386075058
   2.47625952434553   -1.36133519354561   -5.80737927142909
   2.48919212925713   -1.36844495326073   -5.79905621581335
   2.49003304886323   -1.36890725272631   -5.79817781493156
   2.50216242727385   -1.37557543493575   -5.78706512510599
   2.50559341288645   -1.37746163523788   -5.78359718007088
   2.51514666777703   -1.38271358155756   -5.77413697264164
   2.52076998851765   -1.38580502829549   -5.76849224397262
   2.52824667555733   -1.38991537177855   -5.76038745581230
   2.53468736596841   -1.39345617129537   -5.75385343520133
   2.54128156557618   -1.39708136320723   -5.74657296365686
   2.54785872123633   -1.40069718512960   -5.73927914624043
   2.55437421862170   -1.40427911012855   -5.73283267885517
   2.56244605701499   -1.40871664083701   -5.72444111052575
   2.56721003603860   -1.41133566046819   -5.71968357343036
   2.57623055172396   -1.41629473093139   -5.70961948476785
   2.58017466736434   -1.41846302685348   -5.70577606810731
   2.59082830116709   -1.42431991159930   -5.69480275983169
   2.59332789801870   -1.42569407659708   -5.69210959433594
   2.60520562446923   -1.43222391197073   -5.67972261912393
   2.60601638056087   -1.43266962890390   -5.67879610722228
   2.61839921370219   -1.43947714903067   -5.66516556001110
   2.61923868699308   -1.43993865337773   -5.66427728684456
   2.63215910688720   -1.44704171432280   -5.65123414654290
   2.63300071712349   -1.44750439346554   -5.65036084962996
   2.64510289256753   -1.45415762071755   -5.63822800897482
   2.64760707349840   -1.45553430583423   -5.63558377154591
   2.65811315669774   -1.46131007394939   -5.62437240586869
   2.66196439875085   -1.46342731218481   -5.62043597535626
   2.67088584839468   -1.46833192063081   -5.61206595016206
   2.67746171843883   -1.47194703577979   -5.60569999095980
   2.68397538256598   -1.47552795293651   -5.60018441743027
   2.69379442373104   -1.48092601649708   -5.59103169263905
   2.69703751711151   -1.48270892217049   -5.58732604385148
   2.70653434994032   -1.48792985019923   -5.57595961756607
   2.70970376659866   -1.48967225175189   -5.57217700618791
   2.71811578799258   -1.49429679964754   -5.56138418020515
   2.72277789555572   -1.49685981496940   -5.55652165320972
   2.73253792231167   -1.50222543508400   -5.54635538296696
   2.73585467118115   -1.50404883320516   -5.54274232062567
   2.74649591249816   -1.50989890512429   -5.53174451913846
   2.74892826416491   -1.51123610176885   -5.52896546743426
   2.76092903846583   -1.51783358327070   -5.51672609838059
   2.76176502279282   -1.51829316954362   -5.51583262189046
   2.77467373293822   -1.52538979299987   -5.50280157587706
   2.77548452333319   -1.52583552879145   -5.50187525450455
   2.78763962256454   -1.53251785114175   -5.48888453345868
   2.78926893286343   -1.53341357205844   -5.48705561653551
   2.80059685120641   -1.53964114786715   -5.47497248339846
   2.80379874238338   -1.54140140243750   -5.47209066555617
   2.81359473179216   -1.54678679318781   -5.46112219315381
   2.81683792710650   -1.54856975489983   -5.45741707721768
   2.82645238272735   -1.55385534660570   -5.44798239252984
   2.83144853649504   -1.55660200538256   -5.44259905501591
   2.83980854481525   -1.56119795884896   -5.43366510256066
   2.84542919031196   -1.56428793485910   -5.42802841256307
   2.85284820299975   -1.56836657159890   -5.41984106118437
   2.85921424573911   -1.57186633321092   -5.41321116117753
   2.86581663705251   -1.57549602855105   -5.40594375580935
   2.87321910930735   -1.57956557211088   -5.39863538791246
   2.87866859741274   -1.58256145354889   -5.39282045584798
   2.88822480791673   -1.58781502473079   -5.38335169202253
   2.89154170336390   -1.58963850343371   -5.37973930100565
   2.90201238217420   -1.59539480782129   -5.36853652030935
   2.90430415726265   -1.59665472183794   -5.36650605503983
   2.91644095803721   -1.60332698452650   -5.35350361939378
   2.91726606656067   -1.60378059177583   -5.35259578797813
   2.93019228602285   -1.61088684106043   -5.33960920872039
   2.93100305954951   -1.61133256757859   -5.33868298397764
   2.94317832481061   -1.61802597629755   -5.32569823430363
   2.94478720536538   -1.61891046586736   -5.32386483194179
   2.95614329017307   -1.62515352632109   -5.31179928299431
   2.95864702088705   -1.62652996392893   -5.30907599119030
   2.96924817529184   -1.63235799788158   -5.29807532234108
   2.97262889267537   -1.63421656299093   -5.29453988577440
   2.98226227508933   -1.63951255978935   -5.28424347312447
   2.98695188911000   -1.64209069691420   -5.27941313633926
   2.99504413450264   -1.64653944646550   -5.27103631068546
   3.00076293284522   -1.64968338245928   -5.26458591393033
   3.00827328201755   -1.65381223185636   -5.25652857704787
   3.01490848697792   -1.65745996665157   -5.25023106472266
   3.02130933720905   -1.66097886384413   -5.24364317676458
   3.02931901430312   -1.66538222108916   -5.23518684237125
   3.03427774785935   -1.66810830793068   -5.22974616290631
   3.04329273532979   -1.67306433923201   -5.22060621740757
   3.04743908487782   -1.67534381418566   -5.21609151061121
   3.05756908995704   -1.68091283160469   -5.20536147717556
   3.05994883727550   -1.68222110876406   -5.20343579679351
   3.07167798024216   -1.68866925967622   -5.19098613074802
   3.07335011684696   -1.68958852455381   -5.18919982001702
   3.08545541142042   -1.69624346656173   -5.17614126828050
   3.08626629365009   -1.69668925283988   -5.17521526186322
   3.09903899471115   -1.70371110466926   -5.16202208043582
   3.09984988196950   -1.70415689371194   -5.16109608643399
   3.11200272168698   -1.71083797388398   -5.14810981363275
   3.11363600989237   -1.71173588167326   -5.14628173205826
   3.12480042756010   -1.71787357222512   -5.13492786497029
   3.12815658485097   -1.71971863530927   -5.13132023593747
   3.13796492697205   -1.72511081702063   -5.12035748340538
   3.14120853014294   -1.72689400295370   -5.11665365137734
   3.15076503244080   -1.73214773455063   -5.10536558204293
   3.15330702960730   -1.73354520931877   -5.10179641090107
   3.16293472571541   -1.73883808004411   -5.08694772309430
   3.16378849990241   -1.73930744637533   -5.08512294560673
   3.16962198348978   -1.74251443111598   -5.07226823964841
   3.17283042562376   -1.74427828710543   -5.05743379167575
   3.17517783631195   -1.74556878705187   -5.04261283634288
   3.17568424665650   -1.74584718849470   -5.02774826260183
   3.17593661636313   -1.74598592991500   -5.01295214603417
   3.17564495668689   -1.74582558865112   -4.99810583807026
   3.17562980263949   -1.74581725764307   -4.98327010601138
   3.17469648173470   -1.74530416013367   -4.96843116439763
   3.17465744468306   -1.74528269933292   -4.95357779270916
   3.17423825111189   -1.74505224571700   -4.93877213269770
   3.17394603412999   -1.74489159807176   -4.92392712290841
   3.17341892211679   -1.74460181579027   -4.90909098789376
   3.17340415144708   -1.74459369554588   -4.89425673776304
   3.17338942581513   -1.74458560006121   -4.87942272966791
   3.17335302359320   -1.74456558777036   -4.86459954410938
   3.17306016696536   -1.74440458847677   -4.84975581755015
   3.17253360382385   -1.74411510794006   -4.83492091976746
   3.17249768881937   -1.74409536349926   -4.82009842097418
   3.17169266008437   -1.74365279520705   -4.80525384977531
   3.17167821312900   -1.74364485292612   -4.79042128629314
   3.17164278727050   -1.74362537739560   -4.77559946922275
   3.17081665793889   -1.74317120895223   -4.76076616725771
   3.16995528077280   -1.74269766284789   -4.74596047165659
   3.16746547263149   -1.74132887923913   -4.73118270490228
   3.16323561710496   -1.73900349648532   -4.71734005959515
   3.16258090703224   -1.73864356657700   -4.71634423879064
   3.15712406653968   -1.73564364312995   -4.70139534970776
   3.15054706982602   -1.73202790858915   -4.69031983184529
   3.14813644689586   -1.73070265741862   -4.68659831650456
   3.13757352691506   -1.72489564301843   -4.67453314274307
   3.13511935131676   -1.72354644856597   -4.67177521906854
   3.12466258947262   -1.71779779509528   -4.66143064156408
   3.12051243779354   -1.71551622990240   -4.65689776055050
   3.11158771708534   -1.71060982317354   -4.64760663701822
   3.10588931624964   -1.70747710080406   -4.64204708515499
   3.09861690564553   -1.70347905924180   -4.63457553483841
   3.09126659569602   -1.69943819215199   -4.62719688486748
   3.08556930939240   -1.69630608250170   -4.62165084996892
   3.07645333967639   -1.69129453574108   -4.61260328798540
   3.07245902614300   -1.68909864329378   -4.60880226448504
   3.06054946021355   -1.68255130401847   -4.59729926197750
   3.05970627582930   -1.68208775948057   -4.59641278942074
   3.04660300017800   -1.67488417273230   -4.58356370489093
   3.04576519474193   -1.67442358529619   -4.58266638592490
   3.03345185255488   -1.66765426814482   -4.56984380558333
   3.03177686745095   -1.66673343729158   -4.56805352337512
   3.02068623721543   -1.66063631172386   -4.55748137360842
   3.01592707914245   -1.65801994243271   -4.55271854031063
   3.00781501233408   -1.65356029596591   -4.54431312415584
   3.00130676434470   -1.64998235635613   -4.53787117531271
   2.99478132391326   -1.64639496512133   -4.53136555008474
   2.98648395556405   -1.64183344827040   -4.52325557275330
   2.98160207327674   -1.63914961077149   -4.51863574175085
   2.97103650748951   -1.63334114182691   -4.50843540162475
   2.96851379408085   -1.63195426839436   -4.50576635544688
   2.95641505010207   -1.62530292760634   -4.49359429674540
   2.95556954755421   -1.62483810864721   -4.49271204187885
   2.94246798550480   -1.61763546395955   -4.47986150926100
   2.94162331058202   -1.61717109999116   -4.47896649125433
   2.92971108442061   -1.61062229824095   -4.46748646330925
   2.92572980186405   -1.60843356963379   -4.46366741196510
   2.91665545364091   -1.60344490448250   -4.45457763024205
   2.91095562681214   -1.60031139816670   -4.44902496560194
   2.90368868261807   -1.59631636178878   -4.44155261187809
   2.89633801803823   -1.59227529973930   -4.43418079933178
   2.89064646359758   -1.58914634120735   -4.42863181004760
   2.88153257894925   -1.58413594072238   -4.41958965550641
   2.87753961657248   -1.58194079107972   -4.41579020284179
   2.86628432479869   -1.57575314206529   -4.40450568965839
   2.86483192916099   -1.57495468080664   -4.40336583929485
   2.85185725234581   -1.56782179186680   -4.39033247350487
   2.85100900529920   -1.56735546410672   -4.38945528258404
   2.83894946777993   -1.56072567725220   -4.37817660258223
   2.83560036107516   -1.55888449026057   -4.37459783084062
   2.82569318802113   -1.55343797578403   -4.36460932648523
   2.82080193153888   -1.55074898477785   -4.35999976838694
   2.81261605164881   -1.54624875922599   -4.35172395355142
   2.80620598882059   -1.54272479736533   -4.34512236208260
   2.79983340270465   -1.53922143850159   -4.33848082446391
   2.79096048385976   -1.53434351008808   -4.33003430663542
   2.78691360247994   -1.53211871822266   -4.32630615203064
   2.77615137977640   -1.52620213622345   -4.31546332596312
   2.77362951942424   -1.52481573176267   -4.31279531190023
   2.76114545693273   -1.51795256032970   -4.30097727719708
   2.76027915375561   -1.51747630612787   -4.30012420007893
   2.74795220098269   -1.51069950649360   -4.28738237767492
   2.74626583646702   -1.50977241975581   -4.28556712470117
   2.73483889292428   -1.50349040438285   -4.27453134556676
   2.73085947768709   -1.50130270234319   -4.27071289022259
   2.72178851979783   -1.49631590104373   -4.26162592022355
   2.71547895806984   -1.49284719013047   -4.25584767754904
   2.70902664329961   -1.48930000006812   -4.24926646225949
   2.70086611300340   -1.48481371057342   -4.24100918997788
   2.69578827855337   -1.48202214746146   -4.23568946059057
   2.68603915585396   -1.47666252190266   -4.22642265634052
   2.68288607837585   -1.47492910289034   -4.22351673594097
   2.67062011732002   -1.46818583373628   -4.21157587762069
   2.66979143899028   -1.46773026396934   -4.21066957667851
   2.65684677865462   -1.46061387672875   -4.19763384098625
   2.65600703914619   -1.46015222602736   -4.19674106942313
   2.64390449260005   -1.45349879476024   -4.18459139352334
   2.64071949667949   -1.45174782843570   -4.18170744308879
   2.63095508835280   -1.44637979953219   -4.17249022811353
   2.62531313221215   -1.44327810789640   -4.16685681278660
   2.61791092510685   -1.43920871010377   -4.15957828501566
   2.61055982816709   -1.43516741036241   -4.15221582472939
   2.60487588424301   -1.43204263574735   -4.14666271959237
   2.59574657393754   -1.42702375493561   -4.13761148264131
   2.59183192532271   -1.42487165864790   -4.13374576326069
   2.58009117501794   -1.41841712654762   -4.12205121698192
   2.57923347229580   -1.41794560048593   -4.12118526939422
   2.56610421709864   -1.41072773136146   -4.10838477792824
   2.56525636345527   -1.41026161987664   -4.10750806322439
   2.55299882749516   -1.40352298245815   -4.09557410785529
   2.55048838663154   -1.40214285591432   -4.09289116556728
   2.53983813483495   -1.39628783044212   -4.08189000675266
   2.53588870675848   -1.39411661398358   -4.07804038405975
   2.52711144102265   -1.38929127131178   -4.06948315167301
   2.52046882540975   -1.38563946247585   -4.06320605951951
   2.51403354214038   -1.38210163556034   -4.05664584168369
   2.50525209805987   -1.37727399582411   -4.04814090836439
   2.50105765932088   -1.37496808361401   -4.04365516495969
   2.49058599324869   -1.36921123647462   -4.03334089612201
   2.48803243572273   -1.36780740634508   -4.03072919986945
   2.47582754657862   -1.36109771175861   -4.01871706946319
   2.47499911962970   -1.36064228018944   -4.01781108147801
   2.46205964231317   -1.35352874233773   -4.00477777695484
   2.46056015189359   -1.35270439050365   -4.00367503232376
   2.44893404178889   -1.34631288238669   -3.99198094183240
   2.44579826675900   -1.34458897547578   -3.98906034303551
   2.43617418571779   -1.33929809215029   -3.97964512053820
   2.43053560352716   -1.33619825535922   -3.97401074330972
   2.42300318914027   -1.33205727550778   -3.96597394100521
   2.41588978624018   -1.32814664917053   -3.95921326865146
   2.41023373230615   -1.32503720720725   -3.95366093431603
   2.40077184695899   -1.31983549171913   -3.94398656406128
   2.39731968649169   -1.31793765044212   -3.94056854044704
   2.38527423629431   -1.31131560815835   -3.92925478178776
   2.38439689013094   -1.31083328302346   -3.92842353346479
   2.37135784683061   -1.30366500830896   -3.91558377986923
   2.37049561238932   -1.30319099091358   -3.91468323985586
   2.35837544529063   -1.29652787266572   -3.90260791094441
   2.35524734591438   -1.29480818548110   -3.89959801089736
   2.34508326630271   -1.28922043542933   -3.88907605958940
   2.34112383737918   -1.28704372095860   -3.88524896604235
   2.33232155937476   -1.28220462767577   -3.87675045971700
   2.32585059574185   -1.27864718531441   -3.87020879231083
   2.31948794344539   -1.27514928761414   -3.86450112303039
   2.31050514508735   -1.27021095242710   -3.85534063042124
   2.30651989570343   -1.26802004303814   -3.85151179475727
   2.29584615120303   -1.26215210234273   -3.84054080771157
   2.29349167213142   -1.26085771651962   -3.83857404041103
   2.28108578611486   -1.25403752296744   -3.82593438490049
   2.28024118036137   -1.25357319702519   -3.82505322543942
   2.26735265073450   -1.24648766790290   -3.81288062852045
   2.26567425973385   -1.24556496464210   -3.81109996363275
   2.25440599923168   -1.23937018600890   -3.79986461205447
   2.25043058580409   -1.23718468398270   -3.79604744799525
   2.24136692034026   -1.23220189172804   -3.78696665321938
   2.23566310620587   -1.22906619337242   -3.78143498163252
   2.22841203136662   -1.22507988124614   -3.77395996292511
   2.22106048437846   -1.22103833408858   -3.76660893444579
   2.21538550315699   -1.21791848676098   -3.76105076699024
   2.20564095645269   -1.21256137687678   -3.75179548829973
   2.20248998524742   -1.21082911579775   -3.74889207141030
   2.19088846617578   -1.20445112671562   -3.73720527448748
   2.18920404774095   -1.20352510984483   -3.73537892539406
   2.17666963317795   -1.19663425712631   -3.72368171941015
   2.17499871596408   -1.19571566261455   -3.72191030645118
   2.16353465174959   -1.18941323997960   -3.70999968216202
   2.16102559619214   -1.18803387501428   -3.70731847668706
   2.15080314208300   -1.18241403331096   -3.69764292536807
   2.14517497617420   -1.17931992291928   -3.69198589924177
   2.13785182471737   -1.17529398633717   -3.68464444881353
   2.13051382402065   -1.17125988631636   -3.67720165017296
   2.12479357236671   -1.16811515135790   -3.67175567879386
   2.11580951086434   -1.16317612175138   -3.66260295670964
   2.11175479982904   -1.16094702549642   -3.65884903426698
   2.10036170989619   -1.15468362130299   -3.64779416182673
   2.09868213016951   -1.15376026453452   -3.64601754738234
   2.08598294778149   -1.14677882993766   -3.63353446796469
   2.08509252253287   -1.14628931451480   -3.63272858385965
   2.07261792934440   -1.13943134887523   -3.62021751051058
   2.07035964997835   -1.13818984928779   -3.61814370785882
   2.05983173570382   -1.13240207943748   -3.60790884956577
   2.05557932310310   -1.13006429582719   -3.60355590766860
   2.04677852563223   -1.12522601647458   -3.59506408918006
   2.04037803333432   -1.12170731605748   -3.58848844586222
   2.03393947866329   -1.11816769067368   -3.58190371947240
   2.02577899151990   -1.11368142490244   -3.57366686471049
   2.02091478022310   -1.11100730211278   -3.56898541338879
   2.01097295818466   -1.10554173919587   -3.55908699415763
   2.00782271953870   -1.10380988084474   -3.55618447255434
   1.99573248469221   -1.09716321799178   -3.54403909768753
   1.99489066353111   -1.09670042289215   -3.54315430388152
   1.98226508939925   -1.08975945477656   -3.53073512629858
   1.98051888069251   -1.08879946841632   -3.52893935050659
   1.96908513555713   -1.08251371383616   -3.51795823882911
   1.96573325719337   -1.08067100311210   -3.51439382057922
   1.95614911573174   -1.07540207675630   -3.50494944018257
   1.95052381658192   -1.07230954237871   -3.49929151896593
   1.94309575318026   -1.06822592996686   -3.49206302027473
   1.93575807479203   -1.06419200713664   -3.48474273945972
   1.93014607335479   -1.06110678323840   -3.47906894642578
   1.92056580575182   -1.05583998655442   -3.46957338432423
   1.91740664152491   -1.05410322132363   -3.46667601656116
   1.90635570179082   -1.04802791579372   -3.45535075675287
   1.90399351469213   -1.04672929244686   -3.45339591303605
   1.89098303403014   -1.03957672017567   -3.44140775972133
   1.88953513613774   -1.03878073157342   -3.44028434848751
   1.87823344195269   -1.03256757261753   -3.42814239284152
   1.87569430317614   -1.03117166926256   -3.42548868712378
   1.86532590860021   -1.02547159610867   -3.41603224465584
   1.86034236835812   -1.02273187167619   -3.41064791113924
   1.85225955616518   -1.01828830807032   -3.40223632332968
   1.84568453142554   -1.01467365763142   -3.39585603587806
   1.83912047361976   -1.01106503631543   -3.38949866468484
   1.83033994914178   -1.00623790213497   -3.38101226181458
   1.82615531327429   -1.00393737909909   -3.37652249943988
   1.81634942004707   -0.99854654367852   -3.36643451471950
   1.81319984590224   -0.99681505063997   -3.36353282053055
   1.80094306615078   -0.99007682895070   -3.35161920458363
   1.80009895620535   -0.98961277558124   -3.35073867707948
   1.78721690533428   -0.98253080818509   -3.33857632768097
   1.78553848957326   -0.98160809131215   -3.33679857305609
   1.77439196420414   -0.97548023713469   -3.32544886645225
   1.77053825374873   -0.97336164188363   -3.32145444218820
   1.76142996373804   -0.96835431707673   -3.31242390747050
   1.75569564495557   -0.96520184864891   -3.30694550211092
   1.74829823543286   -0.96113508834962   -3.29968341337643
   1.74094625806739   -0.95709330459014   -3.29234416131337
   1.73528028649275   -0.95397841035779   -3.28678093925343
   1.72553942362557   -0.94862332568019   -3.27753519239303
   1.72218917370712   -0.94678151020151   -3.27397236149612
   1.71030400473808   -0.94024758326868   -3.26249271265826
   1.70946245132794   -0.93978493536639   -3.26160826701477
   1.69655683856526   -0.93269001471071   -3.24859284911872
   1.69570353479611   -0.93222090699389   -3.24768066649331
   1.68345581292327   -0.92548766491553   -3.23576890265266
   1.68031347317654   -0.92376014902099   -3.23286001861818
   1.67050983572916   -0.91837055372589   -3.22277541911895
   1.66571024776738   -0.91573195791529   -3.21804951948351
   1.65748307194399   -0.91120902973197   -3.20988111844491
   1.65095297344150   -0.90761907770095   -3.20345508445770
   1.64473902447796   -0.90420293034975   -3.19754622393056
   1.63575232456297   -0.89926245026363   -3.18840991485879
   1.63156996151108   -0.89696317671869   -3.18391928828591
   1.62111346194001   -0.89121466743385   -3.17361105787249
   1.61876068845725   -0.88992121926614   -3.17164634479437
   1.60636310199951   -0.88310558843504   -3.15902164001845
   1.60551916113917   -0.88264162802089   -3.15814133565102
   1.59284121792335   -0.87567186975776   -3.14663971990823
   1.59032938024511   -0.87429097530860   -3.14397591385115
   1.57961126764822   -0.86839864304573   -3.13310001455198
   1.57555937694302   -0.86617109728036   -3.12938849261099
   1.56675144889254   -0.86132889785844   -3.11999622137358
   1.56112467570233   -0.85823555312028   -3.11435862890793
   1.55372808055681   -0.85416924052865   -3.10709942471937
   1.54576820035072   -0.84979325935446   -3.09953271723258
   1.54091171131565   -0.84712338191410   -3.09484626348696
   1.53033689968692   -0.84130983002514   -3.08472777741375
   1.52782469562881   -0.83992873415694   -3.08205630181572
   1.51557205027610   -0.83319278537262   -3.07014312646525
   1.51474458378719   -0.83273788182081   -3.06923838624590
   1.50199477469419   -0.82572861495736   -3.05602359729134
   1.50054005767428   -0.82492887750804   -3.05482013384358
   1.48910879345649   -0.81864448682387   -3.04385117534743
   1.48517657305468   -0.81648273036453   -3.03999105815267
   1.47595357723844   -0.81141234550740   -3.03021099015591
   1.47119229713021   -0.80879480961750   -3.02547597386424
   1.46304956778122   -0.80431830627635   -3.01713804728879
   1.45579147564808   -0.80032813636011   -3.01066523164213
   1.45018863589512   -0.79724794914043   -3.00498607899016
   1.44120123623945   -0.79230708436861   -2.99585504604495
   1.43723244553947   -0.79012522321772   -2.99201361609413
   1.42595617513576   -0.78392604110389   -2.98077193252275
   1.42421457987722   -0.78296859100827   -2.97909244889617
   1.41166080139408   -0.77606709288457   -2.96669780317569
   1.41080633301236   -0.77559734491656   -2.96579656987448
   1.39824237398587   -0.76869024999180   -2.95327680838137
   1.39596674467511   -0.76743921219154   -2.95115186139110
   1.38537985530152   -0.76161902050616   -2.94108257240793
   1.38060469342883   -0.75899385305167   -2.93632407291400
   1.37226996420517   -0.75441179688620   -2.92827740184768
   1.36561908200194   -0.75075544345379   -2.92203817439660
   1.35926514576969   -0.74726233745037   -2.91540143928526
   1.35123261546318   -0.74284641654549   -2.90699835690584
   1.34637872728324   -0.74017796893734   -2.90231038943024
   1.33578997727465   -0.73435675435921   -2.89219998709970
   1.33323980511003   -0.73295478534782   -2.88959262453190
   1.32104226614339   -0.72624913155561   -2.87761438167546
   1.32021494055794   -0.72579430546613   -2.87670983753664
   1.30749760530320   -0.71880289124634   -2.86434057399934
   1.30525694656304   -0.71757107867996   -2.86226926809234
   1.29458432100233   -0.71170375312685   -2.85132685367101
   1.29123112327682   -0.70986031707753   -2.84777007075219
   1.28154726787770   -0.70453657252070   -2.83844328878943
   1.27581582007449   -0.70138568242709   -2.83296733554500
   1.26848675182675   -0.69735649306165   -2.82563307221912
   1.26074244329734   -0.69309902341959   -2.81782839874911
   1.25567038197970   -0.69031063411401   -2.81247018052295
   1.24557263016241   -0.68475934807577   -2.80257890728658
   1.24294336953409   -0.68331389981352   -2.80008045812987
   1.23108255972110   -0.67679336444006   -2.78876884526655
   1.22943059773750   -0.67588519065433   -2.78695646049709
   1.21669437925865   -0.66888339529424   -2.77460751043436
   1.21586829134053   -0.66842924961813   -2.77373213283653
   1.20378961032960   -0.66178893854002   -2.76158650490443
   1.20127664930638   -0.66040742652673   -2.75892657890651
   1.19105582425467   -0.65478848040530   -2.74920200442160
   1.18586713692564   -0.65193597540739   -2.74412315102120
   1.17764302020224   -0.64741472897853   -2.73595975812887
   1.17111193475483   -0.64382423436994   -2.72954216367793
   1.16490518692460   -0.64041204587529   -2.72363024509401
   1.15591736546244   -0.63547094921338   -2.71450515705121
   1.15167765926762   -0.63314015100885   -2.71009465889430
   1.14112791831831   -0.62734038184254   -2.69993081495373
   1.13881325804486   -0.62606788658897   -2.69792946608513
   1.12619474738999   -0.61913080165271   -2.68547604701792
   1.12535616711021   -0.61866978824266   -2.68458583625493
   1.11300031276763   -0.61187709983601   -2.67185443799284
   1.11130577600219   -0.61094552036590   -2.67009696071145
   1.10000065148820   -0.60473047557072   -2.65986182870513
   1.09575112911383   -0.60239428087581   -2.65551729289828
   1.08683410767790   -0.59749210685770   -2.64626248095937
   1.08071392480506   -0.59412750785109   -2.64020045684496
   1.07413140891779   -0.59050873911893   -2.63388855626643
   1.06596810211347   -0.58602092322598   -2.62567503736509
   1.06111751616478   -0.58335429103482   -2.62098544485084
   1.05117955572012   -0.57789085104707   -2.61110196564845
   1.04803420815199   -0.57616168158872   -2.60820397183712
   1.03578831246487   -0.56942944346446   -2.59629940893319
   1.03495783033171   -0.56897288204820   -2.59539416837928
   1.02204456652749   -0.56187375519683   -2.58237487225243
   1.02120102679357   -0.56141001530380   -2.58149512479682
   1.00933297131670   -0.55488549659291   -2.57001760407869
   1.00598032823832   -0.55304236546342   -2.56646199863062
   0.99629902647994   -0.54772002478247   -2.55713693566545
   0.99122051060460   -0.54492808705377   -2.55188784470088
   0.98323984235734   -0.54054067755723   -2.54433200311421
   0.97602413052781   -0.53657380641007   -2.53685246859953
   0.97042668397647   -0.53349658412806   -2.53117183210872
   0.96143904855104   -0.52855558974073   -2.52204949456243
   0.95747469228821   -0.52637616644229   -2.51820618869392
   0.94601594997121   -0.52007666954523   -2.50724979649833
   0.94433817529222   -0.51915430511013   -2.50547562686037
   0.93169647492478   -0.51220447152150   -2.49300348242496
   0.93083089960439   -0.51172861746229   -2.49215403003010
   0.91855566750110   -0.50498025150676   -2.48030220338972
   0.91604290702491   -0.50359884974513   -2.47764334412439
   0.90563894009852   -0.49787922052609   -2.46730084053227
   0.90086636464722   -0.49525547496880   -2.46254323350254
   0.89270572725676   -0.49076912659853   -2.45431857315906
   0.88624625898396   -0.48721800386487   -2.44775645792312
   0.87960305852080   -0.48356587350480   -2.44151055328767
   0.87130301558935   -0.47900288628984   -2.43346635971279
   0.86651502340582   -0.47637066531228   -2.42874271817494
   0.85591772692443   -0.47054475227097   -2.41866091092740
   0.85343144082986   -0.46917790492380   -2.41594260356917
   0.84132622532517   -0.46252300638430   -2.40386261869569
   0.84048044049713   -0.46205803224032   -2.40298342128817
   0.82740654854993   -0.45487059932008   -2.39017713460903
   0.82592922386514   -0.45405843320182   -2.38906160873658
   0.81476316156638   -0.44791983850641   -2.37770425289736
   0.81134771835536   -0.44604218271185   -2.37426004463456
   0.80161924580457   -0.44069390966832   -2.36408495091406
   0.79692857261575   -0.43811519026085   -2.35923202039682
   0.78890615301995   -0.43370482776622   -2.35172731995464
   0.78156690777931   -0.42967004355159   -2.34442765253416
   0.77597041068719   -0.42659334323922   -2.33874781804419
   0.76645296834200   -0.42136108503297   -2.32930793345094
   0.76294586191055   -0.41943303695655   -2.32586158952393
   0.75097671110938   -0.41285294062081   -2.31453078723684
   0.75011987815381   -0.41238189271733   -2.31366784683932
   0.73700755070473   -0.40517332970113   -2.30089963099620
   0.73617975232142   -0.40471824368882   -2.30002706560187
   0.72410476714454   -0.39807996441267   -2.28788652166973
   0.72159271468879   -0.39669895188857   -2.28522742677710
   0.71097106038977   -0.39085964802370   -2.27424226995680
   0.70700343505427   -0.38867842753736   -2.27042842386383
   0.69815333401872   -0.38381304332068   -2.26201339188375
   0.69163714524109   -0.38023073822562   -2.25562638715411
   0.68521676439975   -0.37670110398924   -2.24903710046517
   0.67705427373366   -0.37221373677208   -2.24082681389223
   0.67194997263093   -0.36940762349466   -2.23558040557498
   0.66206629658564   -0.36397402660799   -2.22648959639195
   0.65880015414166   -0.36217844960469   -2.22284132240789
   0.64754842163124   -0.35599275731186   -2.21167922993092
   0.64603799339196   -0.35516239236051   -2.21057876615333
   0.63296516938576   -0.34797554654580   -2.19777456683099
   0.63148795851710   -0.34716344299849   -2.19665921658836
   0.62032341329152   -0.34102568232111   -2.18530304510819
   0.61626707596721   -0.33879569200621   -2.18163175653075
   0.60741738430673   -0.33393053284539   -2.17321723178576
   0.60085274024447   -0.33032158923217   -2.16683804524033
   0.59437180522221   -0.32675866505313   -2.16128840489769
   0.58449593146130   -0.32132935750859   -2.15226324262841
   0.58130174536297   -0.31957333884107   -2.14943060830591
   0.56849810954149   -0.31253448048323   -2.13810603372406
   0.56763322932298   -0.31205900855951   -2.13724197694896
   0.55533867254197   -0.30530001877251   -2.12636407486362
   0.55128813846247   -0.30307321881844   -2.12266445637784
   0.54242138426821   -0.29819867945029   -2.11427877477323
   0.53521593272520   -0.29423744894337   -2.10765026384670
   0.52956317616314   -0.29112981972566   -2.10301891934987
   0.51887697350793   -0.28525503010169   -2.09306952319415
   0.51648451845835   -0.28393976680802   -2.09117287754164
   0.50354735254410   -0.27682749966047   -2.08004402790579
   0.50186994485315   -0.27590533697875   -2.07827044658752
   0.49048418287958   -0.26964596136502   -2.06816929290648
   0.48552639468373   -0.26692039423976   -2.06369289199277
   0.47746754830662   -0.26249000595264   -2.05624738602540
   0.46844857304834   -0.25753178234639   -2.04890685541337
   0.46449856468580   -0.25536024687288   -2.04511621214267
   0.45205253129670   -0.24851798211588   -2.03418636886848
   0.45116238023601   -0.24802861742911   -2.03338331310024
   0.43875793341470   -0.24120921508122   -2.02175619524926
   0.43625238360929   -0.23983177741939   -2.01907990143521
   0.42569551781625   -0.23402809133710   -2.00987476695311
   0.41990449667574   -0.23084445052415   -2.00450452584671
   0.41277514358312   -0.22692505549436   -1.99871539182022
   0.40239050608755   -0.22121605271983   -1.98925889318706
   0.39984169353396   -0.21981483116093   -1.98665359140386
   0.38703879310771   -0.21277637709004   -1.97533030149158
   0.38617433927439   -0.21230113957356   -1.97446614053101
   0.37388012767190   -0.20554233955006   -1.96358967559314
   0.36982982534382   -0.20331566700240   -1.95989046779208
   0.36096335111970   -0.19844128154914   -1.95150578612282
   0.35309152067417   -0.19411370614045   -1.94463391205585
   0.34810631321099   -0.19137306514541   -1.94024698102854
   0.33730878470752   -0.18543707361845   -1.93050762472356
   0.33493397326321   -0.18413150997886   -1.92853105933403
   0.32226765034391   -0.17716814002780   -1.91703236857641
   0.32055419869862   -0.17622616201449   -1.91528144923077
   0.30909307512191   -0.16992535600884   -1.90530319667255
   0.30421473629257   -0.16724346654244   -1.90070453540128
   0.29611506949034   -0.16279063703670   -1.89330614020055
   0.28739893424495   -0.15799890113641   -1.88567876249986
   0.28330249400810   -0.15574686405877   -1.88198621412909
   0.27100601735006   -0.14898681881043   -1.87111103367099
   0.27014735310345   -0.14851476414618   -1.87026024972726
   0.25721228171244   -0.14140364847253   -1.85912180521774
   0.25399395233038   -0.13963435692246   -1.85631556354529
   0.24424378427835   -0.13427415667619   -1.84711269967753
   0.23779363636398   -0.13072815785293   -1.84151958338339
   0.23112547966887   -0.12706230768825   -1.83530820631683
   0.22219050631880   -0.12215026452182   -1.82695731599755
   0.21819331639397   -0.11995279076495   -1.82325100146553
   0.20585712599832   -0.11317091270461   -1.81231365830045
   0.20490421509211   -0.11264704550080   -1.81143972231737
   0.19260607723606   -0.10588608700112   -1.80057580847555
   0.18854935279807   -0.10365588386867   -1.79690569511656
   0.17966395896649   -0.09877109727320   -1.78765688243263
   0.17541124803853   -0.09643314965612   -1.78233979930976
   0.17024007122729   -0.09359027114683   -1.76770082991913
   0.16888884062106   -0.09284742583487   -1.75271277592565
   0.16625232022345   -0.09139798648068   -1.74773123668143
   0.15355835425361   -0.08441941963399   -1.74604629137052
   0.14063874898746   -0.07731680653443   -1.74614129333750
   0.12769765635476   -0.07020238065515   -1.74061721926924
   0.12368988443376   -0.06799908939664   -1.73774756082285
   0.11486603467199   -0.06314813693986   -1.73119792468278
   0.10595181471435   -0.05824750304748   -1.72292810171035
   0.10185646325431   -0.05599606452996   -1.71923623610703
   0.08956040052326   -0.04923624683991   -1.70836202475358
   0.08870176976532   -0.04876421058622   -1.70751131560922
   0.07596331282314   -0.04176118462050   -1.69701045482798
   0.07254874481962   -0.03988400997533   -1.69356781097946
   0.06279892104458   -0.03452399899695   -1.68436573333953
   0.05634895934956   -0.03097810254864   -1.67877309325880
   0.04987911133856   -0.02742127350562   -1.67320838068928
   0.04008206053293   -0.02203529924745   -1.66415528092400
   0.03678137918446   -0.02022073432072   -1.66138864014632
   0.02397861306344   -0.01318235408475   -1.65006426403155
   0.02313539966133   -0.01271879359415   -1.64918508429586
   0.01094087641924   -0.00601479771054   -1.63908677208748
   0.00531944886174   -0.00292439175884   -1.63438960731760
  -0.00203803226030    0.00112041771642   -1.62901892257725
  -0.01497647492915    0.00823338676575   -1.62267195549538
  -0.02784655596207    0.01530877368769   -1.62029028295415
  -0.03667793161150    0.02016386353623   -1.61912777452932
  -0.04080834780642    0.02243457905488   -1.61879364957338
  -0.04406986029468    0.02422761071849   -1.61940012765538
  -0.05378004859847    0.02956583191216   -1.62047370413437
  -0.06675992617508    0.03670157999480   -1.62121575931239
  -0.07970041875090    0.04381567599002   -1.62275712583195
  -0.09266742478633    0.05094434788301   -1.62320244853775
  -0.10555471079614    0.05802919332104   -1.62549512966191
  -0.11841190239349    0.06509749421582   -1.62920510697001
  -0.12669486467484    0.06965109126393   -1.63430645990308
  -0.13148385204325    0.07228385934900   -1.63813367865616
  -0.14388082575512    0.07909915332021   -1.64886458685830
  -0.14473457302383    0.07956850485299   -1.64973428142912
  -0.15751386742025    0.08659398139916   -1.66107924469195
  -0.16073216053938    0.08836325301352   -1.66388529208682
  -0.17022272447715    0.09358073469024   -1.67252480014749
  -0.17678555451069    0.09718868103273   -1.67890269126894
  -0.18346034723581    0.10085817938579   -1.68507973845252
  -0.19253608399835    0.10584760789307   -1.69324204358121
  -0.19653288471816    0.10804486768267   -1.69694838151948
  -0.20926644166366    0.11504519985243   -1.70745537054935
  -0.21079727993710    0.11588678531500   -1.70849582810464
  -0.22229604158875    0.12220828302745   -1.71936691495227
  -0.22634627084061    0.12443491540111   -1.72306578675786
  -0.23515178540549    0.12927578799811   -1.73244957368926
  -0.24076909051501    0.13236392761485   -1.73808676276983
  -0.24836336820505    0.13653891710499   -1.74599266416377
  -0.25551083260792    0.14046826891185   -1.75265611749808
  -0.26116681814183    0.14357767327185   -1.75822258048490
  -0.27090792622537    0.14893289275829   -1.76745075290417
  -0.27429774847608    0.15079646331073   -1.77092631049489
  -0.28677451274967    0.15765562251445   -1.78170363120781
  -0.28762366560211    0.15812244824550   -1.78264315989091
  -0.29991349459965    0.16487883891155   -1.79449352027451
  -0.30248960592052    0.16629506809476   -1.79704593307968
  -0.31306919297239    0.17211124529481   -1.80714441113134
  -0.31802689687087    0.17483676607719   -1.81162036863827
  -0.32612063147111    0.17928633432728   -1.81906253341918
  -0.33408770695569    0.18366627113931   -1.82663674653490
  -0.33893345957609    0.18633024618574   -1.83127884935231
  -0.34948459822506    0.19213078374395   -1.84143221553765
  -0.35179469178334    0.19340076842462   -1.84343532729109
  -0.36467038268264    0.20047923939670   -1.85558816641426
  -0.36553474604905    0.20095442717857   -1.85645246846879
  -0.37774381330277    0.20766641870023   -1.86744235124365
  -0.38171078352240    0.20984727903359   -1.87125561556515
  -0.39075930655906    0.21482174666846   -1.88032114609610
  -0.39712385051853    0.21832068431927   -1.88604800146481
  -0.40368864347008    0.22192970978507   -1.89238594244853
  -0.41185657536215    0.22642006834153   -1.90062139106182
  -0.41670260335474    0.22908419477510   -1.90526373680698
  -0.42805028452570    0.23532263529044   -1.91542282311326
  -0.42976533036174    0.23626548971753   -1.91713604108716
  -0.44258311638491    0.24331212721458   -1.92844307921818
  -0.44426057726148    0.24423431913534   -1.93021663673941
  -0.45551409728782    0.25042099412337   -1.94142928320771
  -0.45948127194680    0.25260196684821   -1.94524275091739
  -0.46839502232887    0.25750234258923   -1.95358529689001
  -0.47565805047168    0.26149522609975   -1.96004223115410
  -0.48126395891956    0.26457710034874   -1.96570726411485
  -0.49092205868391    0.26988668562553   -1.97498687046202
  -0.49420772139452    0.27169299398622   -1.97780734655877
  -0.50663635099295    0.27852569092834   -1.98941045856343
  -0.50748300385648    0.27899114227886   -1.99028848251188
  -0.52026287651269    0.28601693672604   -2.00165615901182
  -0.52283924859957    0.28743330926658   -2.00420897295672
  -0.53335583854909    0.29321485351654   -2.01440700304088
  -0.53823481889738    0.29589709566097   -2.01900642784941
  -0.54628060655487    0.30032030485623   -2.02648146588973
  -0.55362928698423    0.30436027610975   -2.03380471982446
  -0.55934503986039    0.30750253784420   -2.03928198008435
  -0.56983739859280    0.31327076086982   -2.04860269696091
  -0.57214856227716    0.31454133385727   -2.05060600898875
  -0.58457173500878    0.32137103086147   -2.06317817047900
  -0.58542305256040    0.32183904664597   -2.06405144979221
  -0.59820752895578    0.32886737202018   -2.07539659364871
  -0.60076904128853    0.33027557534176   -2.07797943456688
  -0.61111740990202    0.33596463912963   -2.08749790916082
  -0.61748317727787    0.33946424935928   -2.09322548980345
  -0.62424855523676    0.34318354736602   -2.10022574846613
  -0.63221675333410    0.34756410133963   -2.10780165534829
  -0.63706366991951    0.35022871628125   -2.11244464175594
  -0.64772816556910    0.35609157237790   -2.12239143469388
  -0.65010187683377    0.35739653118862   -2.12436901084594
  -0.66297001286553    0.36447084883713   -2.13652266041714
  -0.66381345396889    0.36493453450755   -2.13740218924307
  -0.67587897542790    0.37156761106077   -2.14861672658073
  -0.67984681332479    0.37374894840373   -2.15243076315195
  -0.68876218624567    0.37865021614302   -2.16077444681971
  -0.69540973012553    0.38230473431663   -2.16700394041592
  -0.70182792120255    0.38583316471988   -2.17356606105264
  -0.71129334219987    0.39103682394812   -2.18217713060432
  -0.71470873495889    0.39291445200646   -2.18572699383548
  -0.72634389525879    0.39931093551034   -2.19638392080197
  -0.72804314491807    0.40024510591576   -2.19818125827977
  -0.74067159271812    0.40718765384381   -2.20973234028720
  -0.74240166304310    0.40813876805359   -2.21140753753369
  -0.75367509568238    0.41433639009322   -2.22352971616978
  -0.75618121771751    0.41571414234100   -2.22620673374983
  -0.76662565914800    0.42145602260696   -2.23742233013879
  -0.76995620207068    0.42328700407303   -2.24100786823859
  -0.77977171868354    0.42868312999463   -2.25106874965638
  -0.78454163604372    0.43130541425396   -2.25580934656267
  -0.79259651481657    0.43573362133218   -2.26419781756714
  -0.79912486576216    0.43932261263567   -2.27061147711760
  -0.80590613945181    0.44305064939435   -2.27764954188475
  -0.81309088524796    0.44700049682060   -2.28518233966743
  -0.81869818833719    0.45008313778016   -2.29080033804935
  -0.82769176069587    0.45502739602418   -2.29998390380475
  -0.83181411612647    0.45729368010014   -2.30450456723382
  -0.84207453638897    0.46293439387291   -2.31501741567059
  -0.84450548999338    0.46427082192620   -2.31779282766129
  -0.85584092408114    0.47050252955057   -2.32982178875910
  -0.85749973826166    0.47141447036343   -2.33163183665400
  -0.86977848133077    0.47816476648875   -2.34439755228808
  -0.87063826017633    0.47863743390896   -2.34531661575610
  -0.88316410792777    0.48552357698297   -2.35789389849765
  -0.88483765581375    0.48644361771896   -2.35965562381587
  -0.89636617502891    0.49278147479038   -2.37237829478104
  -0.89798687545660    0.49367246239032   -2.37422866523450
  -0.90923960693501    0.49985870387045   -2.38544606526737
  -0.91257048538956    0.50168986979673   -2.38903209384562
  -0.92201644009003    0.50688282733771   -2.39863729280106
  -0.92695662330980    0.50959871604546   -2.40406693294744
  -0.93502656403025    0.51403520349945   -2.41248115302523
  -0.94154302935796    0.51761766062921   -2.41887085579168
  -0.94810279111131    0.52122392017039   -2.42619500398390
  -0.95531936280309    0.52519126403083   -2.43367478184268
  -0.96093212969374    0.52827690874064   -2.43933676142080
  -0.96929571684699    0.53287482968716   -2.44824753842775
  -0.97395806046489    0.53543797478122   -2.45310541462773
  -0.98355971189194    0.54071652732197   -2.46342379356402
  -0.98686010053324    0.54253093133157   -2.46709770505415
  -0.99817800347634    0.54875300112761   -2.47824073370949
  -0.99981919518336    0.54965525390369   -2.48006449731469
  -1.01224426631152    0.55648599456022   -2.49266138794489
  -1.01307501936012    0.55694270491351   -2.49356602273785
  -1.02598989219672    0.56404271633791   -2.50658675578288
  -1.02683354863667    0.56450652039062   -2.50746659264993
  -1.03913368148012    0.57126857564389   -2.52115594463291
  -1.03997273409828    0.57172984872416   -2.52204319479263
  -1.05206987254870    0.57838030686550   -2.53415793320465
  -1.05456831095645    0.57975383500338   -2.53684785343790
  -1.06492704055830    0.58544859479280   -2.54818232947541
  -1.06880514296593    0.58758059963308   -2.55211144498260
  -1.07778263230982    0.59251601616490   -2.56127513087131
  -1.08340568107986    0.59560731338573   -2.56691432250964
  -1.09093796933082    0.59974822389335   -2.57492187396434
  -1.09734394599789    0.60326993936791   -2.58149570696477
  -1.10369782094217    0.60676301167798   -2.58813319970629
  -1.11173082168447    0.61117919120713   -2.59653407606767
  -1.11658260643989    0.61384648244786   -2.60122449116883
  -1.12652197236575    0.61931069510544   -2.61110989762368
  -1.12981700482021    0.62112215452641   -2.61474502292158
  -1.13969267636451    0.62655135090142   -2.62568539507401
  -1.14277430299210    0.62824548947626   -2.62863912684600
  -1.15407894208465    0.63446026740874   -2.64072387220113
  -1.15555941507474    0.63527416432249   -2.64183446965939
  -1.16863246891018    0.64246113648689   -2.65464998095584
  -1.16947622714743    0.64292499650315   -2.65552995817788
  -1.18163616875510    0.64960998097236   -2.66848847026099
  -1.18325692650964    0.65050100008799   -2.67033902386878
  -1.19451382773263    0.65668953390461   -2.68155899392493
  -1.19845440483261    0.65885588449764   -2.68537892858312
  -1.20735420419434    0.66374859060034   -2.69470264271949
  -1.21308625170221    0.66689981038438   -2.70017903406975
  -1.22041651462669    0.67092965652891   -2.70751304343846
  -1.22702610716329    0.67456331077500   -2.71476456871977
  -1.23342716241227    0.67808232067707   -2.72225843577568
  -1.23979275306253    0.68158183375101   -2.72980392061325
  -1.24622463237177    0.68511778932361   -2.73638751932478
  -1.25377517841870    0.68926873713950   -2.74438165042210
  -1.25931386677344    0.69231365682956   -2.75009885319195
  -1.26816291229329    0.69717846077157   -2.75942214895205
  -1.27215309347944    0.69937208144175   -2.76323601481513
  -1.28295563351525    0.70531082808193   -2.77399950057916
  -1.28543080019983    0.70667156248173   -2.77672302092916
  -1.29735994078806    0.71322966301677   -2.78903963718850
  -1.29818611067949    0.71368385375809   -2.78994602324911
  -1.31112808945656    0.72079876679936   -2.80297322541641
  -1.31195392327066    0.72125277278060   -2.80384919641295
  -1.32409459995057    0.72792716626615   -2.81681081867173
  -1.32573668362530    0.72882990940562   -2.81865881608576
  -1.33719158934915    0.73512729711774   -2.83056002833507
  -1.33969891210327    0.73650570946637   -2.83323873432928
  -1.35023787996869    0.74229955607969   -2.84434935588038
  -1.35411877526636    0.74443309632425   -2.84827760116419
  -1.36309791152163    0.74936941825326   -2.85744528102637
  -1.36807230621618    0.75210411487843   -2.86286320316234
  -1.37606100297413    0.75649593808608   -2.87133924446755
  -1.38251729796135    0.76004531629123   -2.87789048073343
  -1.38901958294509    0.76361997771092   -2.88431281941226
  -1.39705376377360    0.76803680599796   -2.89271764618044
  -1.40198585106135    0.77074824392942   -2.89820384445758
  -1.41083566615967    0.77561347095076   -2.90752934351038
  -1.41482686803053    0.77780765274711   -2.91134330675621
  -1.42489798155740    0.78334429426127   -2.92191029082759
  -1.42832124902289    0.78522625147612   -2.92549461772289
  -1.43941325920433    0.79132413567554   -2.93692081384219
  -1.44106583570757    0.79223264729630   -2.93873390945894
  -1.45335390017537    0.79898806790391   -2.95150405287226
  -1.45420907155587    0.79945820234877   -2.95243001690682
  -1.46694509825698    0.80645989227816   -2.96566331167278
  -1.46778909795794    0.80692388504020   -2.96654569616240
  -1.47987493148081    0.81356812824503   -2.97867909777817
  -1.48238262038315    0.81494674188535   -2.98135829549594
  -1.49292222792614    0.82074094016439   -2.99247213300145
  -1.49616540211561    0.82252389026292   -2.99617538915731
  -1.50561626586140    0.82771954657441   -3.00578433212637
  -1.51059371635406    0.83045592313881   -3.01121132514612
  -1.51882159071985    0.83497923534906   -3.01937950554958
  -1.52535331568470    0.83857008153533   -3.02580380148859
  -1.53191251559108    0.84217603219853   -3.03311968442250
  -1.53913707584791    0.84614776780976   -3.04061800182612
  -1.54488077127441    0.84930539109126   -3.04701454868675
  -1.55352893931490    0.85405976170447   -3.05566404784626
  -1.55771133594661    0.85635905371006   -3.06015613717290
  -1.56751672616493    0.86174961259915   -3.07024287605265
  -1.57086718940327    0.86359154535143   -3.07380568200752
  -1.58150283042188    0.86943853848046   -3.08483166454353
  -1.58397335362843    0.87079672010661   -3.08754141048092
  -1.59589672083163    0.87735164669637   -3.09987205523815
  -1.59674084172210    0.87781570608292   -3.10075251681821
  -1.60982428243900    0.88500838848372   -3.11357275642878
  -1.61066380185635    0.88546991818902   -3.11446063619791
  -1.62278086672754    0.89213133097288   -3.12749006079430
  -1.62445292270941    0.89305055152764   -3.12927654176266
  -1.63574143183950    0.89925646193823   -3.14140093345194
  -1.63887328862321    0.90097821477508   -3.14432139834602
  -1.64849329136771    0.90626685603797   -3.15372268113022
  -1.65346999785720    0.90900282358317   -3.15913547299913
  -1.66157695239033    0.91345965955287   -3.16747910281889
  -1.66786155875158    0.91691465113717   -3.17419291109123
  -1.67449647921107    0.92056222952670   -3.18143980081022
  -1.68121316102258    0.92425475659987   -3.18854353001545
  -1.68772964373170    0.92783722328515   -3.19503020269749
  -1.69563640204874    0.93218400045371   -3.20359639906349
  -1.70062969175200    0.93492908469782   -3.20898338512058
  -1.71023549106799    0.94020991755981   -3.21840834179360
  -1.71358650635252    0.94205215380205   -3.22197187178063
  -1.72422281170786    0.94789951215329   -3.23300162574595
  -1.72669503125675    0.94925862635154   -3.23571027971424
  -1.73861917078152    0.95581397752867   -3.24804764496990
  -1.73944702422512    0.95626909381063   -3.24895283244662
  -1.75237408639530    0.96337580637787   -3.26198150065515
  -1.75321733955861    0.96383938872738   -3.26286589898406
  -1.76538080717266    0.97052631163500   -3.27583757165685
  -1.76763675453907    0.97176652919478   -3.27791425863990
  -1.77826966149110    0.97761201925799   -3.28891399303704
  -1.78224295089146    0.97979635359035   -3.29273103231082
  -1.79142728130087    0.98484548196020   -3.30257857367166
  -1.79620356660963    0.98747126702889   -3.30731845891281
  -1.80451330710486    0.99203958552466   -3.31636092625845
  -1.80998789918991    0.99504926799227   -3.32214992966980
  -1.81723321062164    0.99903241165845   -3.32962829538883
  -1.82458697482523    1.00307517774050   -3.33697078480961
  -1.83033372267841    1.00623447910776   -3.34336848124774
  -1.83837557742501    1.01065552616697   -3.35179138437636
  -1.84337081202156    1.01340167962522   -3.35717799480040
  -1.85236710008074    1.01834743083822   -3.36638117465561
  -1.85632993117221    1.02052601566661   -3.37016920693329
  -1.86696694611213    1.02637376411527   -3.38120301799038
  -1.86940041260422    1.02771157364025   -3.38398192548488
  -1.88136657097416    1.03429002487300   -3.39625131623449
  -1.88219457315630    1.03474522292466   -3.39715669849940
  -1.89476012846456    1.04165319541276   -3.41050211843401
  -1.89564758699395    1.04214107986792   -3.41137628986325
  -1.90813222348305    1.04900456685874   -3.42404837475555
  -1.91038954238283    1.05024553842538   -3.42612414326074
  -1.92122609159892    1.05620298177064   -3.43779382208372
  -1.92435553369307    1.05792340712067   -3.44072429606636
  -1.93399191392878    1.06322105198554   -3.45103633787392
  -1.93875403280616    1.06583904899268   -3.45577897939326
  -1.94704067292345    1.07039466794821   -3.46484565194264
  -1.95210759883513    1.07318023404047   -3.47013124786808
  -1.95999527963668    1.07751652325613   -3.47784924381689
  -1.96671437427357    1.08121037679129   -3.48495608445311
  -1.97332874980568    1.08484666051142   -3.49223744301747
  -1.98114025398772    1.08914107127612   -3.50001925406679
  -1.98613757124453    1.09188836968653   -3.50540541807508
  -1.99513437080811    1.09683440210145   -3.51461237776143
  -1.99904392893619    1.09898369987038   -3.51847959474997
  -2.01015987057267    1.10509474049854   -3.52989490051709
  -2.01181138116365    1.10600266612908   -3.53171244301881
  -2.02348010754643    1.11241760274318   -3.54425097971277
  -2.02496819688927    1.11323568678228   -3.54539392192795
  -2.03790142526551    1.12034578924999   -3.55842608356403
  -2.03874017748852    1.12080689718663   -3.55932043526174
  -2.05085792517971    1.12746868535396   -3.57235773985951
  -2.05253681646036    1.12839166364602   -3.57413746018765
  -2.06389134214548    1.13463386696486   -3.58619232779042
  -2.06633019287742    1.13597463650075   -3.58896210007696
  -2.07677558215879    1.14171703785214   -3.59928588450973
  -2.08092942860069    1.14400063425807   -3.60379916690162
  -2.08974789385261    1.14884862655552   -3.61319687286869
  -2.09538303023388    1.15194656899686   -3.61883452260933
  -2.10283640600761    1.15604409700301   -3.62696637872441
  -2.10912459212167    1.15950105657307   -3.63368482527464
  -2.11556647579546    1.16304251209162   -3.64027138266853
  -2.12372942935025    1.16753013378400   -3.64851299302800
  -2.12866886697539    1.17024561259763   -3.65400117087976
  -2.13752359863155    1.17511354251952   -3.66334078508556
  -2.14171364818162    1.17741704175260   -3.66783037868058
  -2.15233494497283    1.18325614907588   -3.67793246509423
  -2.15481271347419    1.18461831383656   -3.68065942724820
  -2.16628280586092    1.19092405048725   -3.69252016773391
  -2.16795217125962    1.19184179188139   -3.69438939362260
  -2.17992538663966    1.19842412273828   -3.70758853936102
  -2.18075373279529    1.19887950989096   -3.70849436581239
  -2.19361807039916    1.20595173933606   -3.72071782286384
  -2.19534407824203    1.20690062017740   -3.72241647597270
  -2.20669979504619    1.21314347831947   -3.73447592273681
  -2.20914043137808    1.21448522949724   -3.73724449498090
  -2.21968407779871    1.22028164816806   -3.74837901442712
  -2.22357655950400    1.22242155809411   -3.75230160775485
  -2.23256259111121    1.22736167077493   -3.76148584211992
  -2.23819995135891    1.23046083579719   -3.76712300488298
  -2.24573458496345    1.23460303567386   -3.77515679258216
  -2.25214509387048    1.23812724276842   -3.78174906283282
  -2.25877858942505    1.24177403780985   -3.78897468169285
  -2.26612276903118    1.24581153471485   -3.79633778215616
  -2.27162266987966    1.24883513079291   -3.80214246471756
  -2.28034731448036    1.25363154475087   -3.81164367074680
  -2.28434316939430    1.25582828457929   -3.81546155840720
  -2.29435465396499    1.26133214479738   -3.82623038123352
  -2.29750708339129    1.26306520754020   -3.82913525391067
  -2.30911512305351    1.26944678134735   -3.84082621131489
  -2.31080771591986    1.27037729214989   -3.84264498694385
  -2.32318231971547    1.27718028815557   -3.85531856972177
  -2.32404205114264    1.27765292950729   -3.85615127038950
  -2.33659327343057    1.28455302235079   -3.86600337341630
  -2.34316037221622    1.28816331545961   -3.87049131194952
  -2.34946560046097    1.29162964402030   -3.87547228102285
  -2.35925292491780    1.29701027117296   -3.88561134065231
  -2.36243549800126    1.29875990553154   -3.89030132649784
  -2.36901694362133    1.30237808587932   -3.90041565346303
  -2.37551801301192    1.30595207902102   -3.90875682542520
  -2.38099111421262    1.30896094186804   -3.91547928181680
  -2.38838717013780    1.31302695802078   -3.92372932931000
  -2.39486185667550    1.31658644706637   -3.93027256581713
  -2.40136168586414    1.32015975840128   -3.93672514393279
  -2.40879325354920    1.32424529730923   -3.94491771165873
  -2.41434478159630    1.32729727567990   -3.95063875601528
  -2.42259341672334    1.33183200121523   -3.95975310273539
  -2.42746315911254    1.33450916474868   -3.96438365408582
  -2.43740786609820    1.33997631367874   -3.97435863304680
  -2.44050001506048    1.34167623695602   -3.97731085754602
  -2.45182240792795    1.34790077510887   -3.98941789920161
  -2.45347723185178    1.34881052225955   -3.99123391343025
  -2.46578972873434    1.35557937470085   -4.00401153984091
  -2.46663291646157    1.35604292107657   -4.00495959661091
  -2.47939719319006    1.36306014158993   -4.01819799407584
  -2.48086778396979    1.36386860571256   -4.01932002888594
  -2.49220556417513    1.37010160312599   -4.03138918074629
  -2.49467292822042    1.37145804798853   -4.03415544751136
  -2.50531690758674    1.37730962516301   -4.04516908196983
  -2.50929585785813    1.37949707158555   -4.04898836947063
  -2.51848727076436    1.38455009359098   -4.05885263913461
  -2.52325990434510    1.38717387110520   -4.06361689449680
  -2.53134390993199    1.39161809078495   -4.07200538142695
  -2.53787399303046    1.39520803434754   -4.07845653011868
  -2.54444749924837    1.39882184997205   -4.08577772475162
  -2.55105901808871    1.40245656321259   -4.09305486626370
  -2.55743368083904    1.40596106371574   -4.09969643208749
  -2.56548052006166    1.41038485101383   -4.10813507413742
  -2.57048789253859    1.41313767732828   -4.11351881641906
  -2.58010093451724    1.41842249187776   -4.12296723139015
  -2.58340305161766    1.42023784611581   -4.12661109201001
  -2.59457251218230    1.42637830902370   -4.13800963262208
  -2.59628112668798    1.42731762779700   -4.13974199259679
  -2.60871833359549    1.43415504015469   -4.15242686841344
  -2.60953692614892    1.43460506521919   -4.15331988620516
  -2.62231965601624    1.44163243043147   -4.16657275376701
  -2.62313999201989    1.44208341396584   -4.16748623971135
  -2.63531264581965    1.44877538702179   -4.18048677679970
  -2.63694613538488    1.44967340550958   -4.18232592800731
  -2.64810246233014    1.45580664814912   -4.19370586933212
  -2.65138840619409    1.45761311107517   -4.19739572904779
  -2.66120655339240    1.46301068317336   -4.20750265111285
  -2.66601879597655    1.46565623592148   -4.21223017293328
  -2.67418141822602    1.47014367547721   -4.22051254564363
  -2.67997721469898    1.47332994155138   -4.22687135849531
  -2.68724130344179    1.47732340813169   -4.23434767960006
  -2.69459520842672    1.48136625160893   -4.24171576707123
  -2.70035410162715    1.48453222993735   -4.24811729030400
  -2.70840207676301    1.48895664170902   -4.25655952397329
  -2.71321054423605    1.49160011907225   -4.26127789701720
  -2.72303286894445    1.49699998777603   -4.27138384910443
  -2.72618746195388    1.49873423995875   -4.27429127518400
  -2.73702218272509    1.50469067810793   -4.28600733173295
  -2.73952077633359    1.50606429156814   -4.28871421652218
  -2.75145573346363    1.51262558977410   -4.30108281408918
  -2.75228486389418    1.51308140808557   -4.30198962661328
  -2.76523766325300    1.52020226979200   -4.31503207882603
  -2.76607725199866    1.52066383761086   -4.31592649295547
  -2.77825169565475    1.52735679464865   -4.32893266395183
  -2.78051960520216    1.52860358847309   -4.33100109768659
  -2.79137107908162    1.53456923672147   -4.34268954004532
  -2.79449695056493    1.53628769911158   -4.34563586305044
  -2.80415355259790    1.54159646100358   -4.35595482561859
  -2.80896787347587    1.54424315630339   -4.36068238993714
  -2.81733434104843    1.54884266077382   -4.36964444175721
  -2.82292769216847    1.55191763157341   -4.37533122217908
  -2.83012197463060    1.55587272182616   -4.38289674583215
  -2.83673780714161    1.55950980652721   -4.39017899276379
  -2.84318305107201    1.56305310936247   -4.39674062813063
  -2.85075108695483    1.56721367229701   -4.40479598723122
  -2.85637319150372    1.57030445042788   -4.41041073813764
  -2.86535869766676    1.57524427424332   -4.41962470711412
  -2.86935333850924    1.57744034663031   -4.42342582255979
  -2.87999649717277    1.58329147261961   -4.43449622622310
  -2.88243395339107    1.58463147551514   -4.43728026311881
  -2.89426402561910    1.59113511275827   -4.44977809716345
  -2.89510732665874    1.59159872142802   -4.45066465585240
  -2.90761081012397    1.59847256963164   -4.46418098791489
  -2.90844321740060    1.59893018940449   -4.46508412721156
  -2.92118629337445    1.60593575470436   -4.47747363269294
  -2.92286535358547    1.60685882586668   -4.47926008115978
  -2.93435243519266    1.61317390242035   -4.49118302536932
  -2.93749340291182    1.61490066403634   -4.49410559277589
  -2.94722771339526    1.62025214651050   -4.50434315136988
  -2.95129068491299    1.62248578400410   -4.50898389078134
  -2.96021394682749    1.62739138875433   -4.51827977030313
  -2.96591597279605    1.63052610405747   -4.52383711829010
  -2.97338920592937    1.63463454873943   -4.53197284568556
  -2.97993270012284    1.63823186511389   -4.53845829818073
  -2.98630557160896    1.64173538086122   -4.54509384334120
  -2.99435597065723    1.64616112519001   -4.55354373725608
  -2.99937243047568    1.64891894731274   -4.55892532363993
  -3.00898247823516    1.65420211577631   -4.56839842736873
  -3.01223325372615    1.65598924472572   -4.57211151913737
  -3.02266257879839    1.66172281470341   -4.58343587224336
  -3.02521956816443    1.66312853150300   -4.58605149080726
  -3.03743517083030    1.66984411589790   -4.59809200818902
  -3.03826475889487    1.67030018579580   -4.59899938460871
  -3.05104924610869    1.67732851711750   -4.61227130758458
  -3.05188037535643    1.67778543428802   -4.61317663419794
  -3.06420378462195    1.68456028586261   -4.62600946376600
  -3.06586890423915    1.68547569311862   -4.62781944170682
  -3.07718752119519    1.69169815544659   -4.63996268854575
  -3.07970138976000    1.69308016638510   -4.64264965393943
  -3.09036504945957    1.69894256291434   -4.65366982175540
  -3.09431455340086    1.70111382107992   -4.65753289627521
  -3.10315658492902    1.70597476904736   -4.66693863333638
  -3.10815723384161    1.70872389905104   -4.67234504959890
  -3.11634769942907    1.71322664561137   -4.68063592685400
  -3.12276184727760    1.71675285323095   -4.68724833756346
  -3.12941640521098    1.72041122741311   -4.69447192603727
  -3.13739210477872    1.72479590535496   -4.70210751476326
  -3.14220990127198    1.72744451139046   -4.70682319276924
  -3.15147271701001    1.73253678743484   -4.71633489299946
  -3.15579852100918    1.73491491830786   -4.72101233682046
  -3.16522761848287    1.74009860851000   -4.73157915522628
  -3.16833401062458    1.74180636204144   -4.73454377511907
  -3.17968240579828    1.74804519508310   -4.74665067568946
  -3.18136997813972    1.74897294582872   -4.74842496308887
  -3.19367774051401    1.75573919545207   -4.76129531245508
  -3.19451223397084    1.75619796211218   -4.76219703225214
  -3.20730072281187    1.76322849334706   -4.77547805600184
  -3.20812792829956    1.76368325341224   -4.77638493718010
  -3.22045188615223    1.77045840657517   -4.78921824467509
  -3.22213737446062    1.77138501161392   -4.79103625095999
  -3.23331644895883    1.77753075982652   -4.80334255872668
  -3.23636491595512    1.77920666873979   -4.80636157568736
  -3.24632584558111    1.78468273614184   -4.81820275530328
  -3.24816279612856    1.78569260825115   -4.82083961739819
  -3.25677123675749    1.79042513853503   -4.83551864589380
  -3.25955730948178    1.79195679497656   -4.84225059157949
  -3.26277066376854    1.79372335144484   -4.85065308467312
  -3.26681801522570    1.79594840173748   -4.86553076495211
  -3.26922541522081    1.79727188108448   -4.88040364164980
  -3.26971496751437    1.79754101473535   -4.89525079852418
  -3.26973032260349    1.79754945626703   -4.91008984037422
  -3.26974572638820    1.79755792456934   -4.92492911735653
  -3.26976117885936    1.79756641963725   -4.93976863019910
  -3.26977668000782    1.79757494146573   -4.95460837962991
  -3.27010705900941    1.79775656885884   -4.96945054393184
  -3.26984450659478    1.79761222944745   -4.98424305311087
  -3.27049282601561    1.79796864606516   -4.99921872741684
  -3.26987623778667    1.79762967381782   -5.01392416162436
  -3.27066684340801    1.79806431293619   -5.02881221752857
  -3.27072010071788    1.79809359139006   -5.04360777444553
  -3.27141731376906    1.79847688750851   -5.05849383251263
  -3.27184081004902    1.79870970655861   -5.07334027610826
  -3.27149903456231    1.79852181389478   -5.08821989176826
  -3.27065550349744    1.79805807876760   -5.10309375349169
  -3.26898692599233    1.79714077052163   -5.11796334469374
  -3.26688743761120    1.79598656701687   -5.13268404619684
  -3.26252156640196    1.79358640900872   -5.14735703974123
  -3.25929044639006    1.79181008575038   -5.15570455462102
  -3.25628741036541    1.79015915272513   -5.16228241179669
  -3.24798090833993    1.78559261459317   -5.17688491738652
  -3.24638092411861    1.78471301582407   -5.17875975934635
  -3.23664242181250    1.77935922887589   -5.19168236033546
  -3.23354384434652    1.77765577149879   -5.19462753012803
  -3.22299283702568    1.77185530613884   -5.20664151824153
  -3.22049189870483    1.77048040366211   -5.20933394535327
  -3.20839517457976    1.76383017329806   -5.22148683454087
  -3.20758399480585    1.76338422344358   -5.22241312503179
  -3.19540914228042    1.75669104162797   -5.23627131393522
  -3.19456923385212    1.75622929806210   -5.23715939660243
  -3.18183935516990    1.74923098803470   -5.24952646715710
  -3.18015082721410    1.74830271193564   -5.25129804995948
  -3.16868623852023    1.74200000096570   -5.26320408636706
  -3.16621058442256    1.74063899860829   -5.26594397908114
  -3.15571812186291    1.73487071850316   -5.27711236528777
  -3.15241998715293    1.73305755360279   -5.28076386448492
  -3.14295064306088    1.72785173763497   -5.29033894317421
  -3.13801157113009    1.72513645986351   -5.29581387640920
  -3.12984865659031    1.72064885961981   -5.30408393544929
  -3.12339996757102    1.71710366283092   -5.31061668542094
  -3.11700460408531    1.71358778200218   -5.31721554433776
  -3.10958820497256    1.70951058208743   -5.32541470759170
  -3.10370912066698    1.70627852813980   -5.33163181455787
  -3.09500257198868    1.70149206249936   -5.34025179581388
  -3.09086244592611    1.69921600893580   -5.34477867343540
  -3.08121023640055    1.69390966184518   -5.35507048200361
  -3.07809368936404    1.69219632561308   -5.35800994166815
  -3.06723475017332    1.68622657327511   -5.36965520988260
  -3.06473402114572    1.68485178585831   -5.37234803817896
  -3.05264077971755    1.67820347012309   -5.38450289078831
  -3.05182967204289    1.67775755990551   -5.38542931208386
  -3.03905363285490    1.67073387292532   -5.39862843752395
  -3.03824253119188    1.67028796601267   -5.39955487054387
  -3.02608552560465    1.66360459563436   -5.41254633507278
  -3.02439466487031    1.66267503707945   -5.41431768672215
  -3.01293383333772    1.65637439162641   -5.42622603611131
  -3.01045996947451    1.65501437345872   -5.42896643726389
  -2.99996697081867    1.64924579863221   -5.44013636095534
  -2.99606206028293    1.64709905589879   -5.44401902154548
  -2.98694671195677    1.64208785075013   -5.45303580166062
  -2.98125160055115    1.63895693676014   -5.45859177882090
  -2.97383005223406    1.63487690604634   -5.46678140867009
  -2.96746190066608    1.63137598509598   -5.47341302357788
  -2.96085731532054    1.62774508357646   -5.48068267501253
  -2.95367222109505    1.62379504459956   -5.48823427930162
  -2.94808742281544    1.62072477576378   -5.49390758931536
  -2.93923101588240    1.61585592485063   -5.50325928857357
  -2.93500883833725    1.61353476310280   -5.50766370669989
  -2.92465029118387    1.60784010361527   -5.51810213474324
  -2.92215638557126    1.60646906740261   -5.52080485316307
  -2.91007999022942    1.59983001288171   -5.53295020353523
  -2.90926894061351    1.59938413458221   -5.53387675386008
  -2.89688673656091    1.59257696029989   -5.54750647604434
  -2.89604694833371    1.59211528281513   -5.54839482968836
  -2.88311984104593    1.58500854544428   -5.56143960212161
  -2.88229918774633    1.58455738747498   -5.56236557776968
  -2.87015826904480    1.57788286093693   -5.57535787949380
  -2.86851066312256    1.57697708191619   -5.57718953980099
  -2.85725560015898    1.57078955869124   -5.58842206890677
  -2.85391031609947    1.56895047321662   -5.59201235930705
  -2.84423787735182    1.56363300501705   -5.60227014988133
  -2.84012197014530    1.56137026588228   -5.60683676368462
  -2.83113676915367    1.55643060983624   -5.61600423652970
  -2.82550830966549    1.55333633804793   -5.62162601148281
  -2.81816785684416    1.54930088996020   -5.62898475451480
  -2.81092175717135    1.54531731295482   -5.63648353172784
  -2.80524466370605    1.54219630441134   -5.64297007397950
  -2.79792965131170    1.53817484231670   -5.65127010146245
  -2.79223616385866    1.53504482110219   -5.65680793146630
  -2.78333568274504    1.53015174020323   -5.66611148791630
  -2.77939025258532    1.52798272161802   -5.66995537727102
  -2.76874587907666    1.52213092776195   -5.68095810746686
  -2.76631287920874    1.52079337476578   -5.68373817664795
  -2.75430876416482    1.51419405667493   -5.69598079417520
  -2.75347254055099    1.51373433885295   -5.69687465489328
  -2.74098429501658    1.50686886777268   -5.71039799413164
  -2.74017324182803    1.50642298750910   -5.71132464154337
  -2.72759125052400    1.49950597925586   -5.72383464973571
  -2.72596241567001    1.49861051971723   -5.72566529053256
  -2.71463086468351    1.49238094684584   -5.73775335864844
  -2.71209128290622    1.49098479994915   -5.74041300460341
  -2.70134483625020    1.48507689090546   -5.75125737755320
  -2.69799445504924    1.48323500325361   -5.75487094786160
  -2.68824722314477    1.47787641716813   -5.76500204379821
  -2.68413931259328    1.47561807423166   -5.76962079852448
  -2.67547390743822    1.47085422743453   -5.77825191678621
  -2.66914362933974    1.46737412760022   -5.78493383732308
  -2.66244085972918    1.46368924882424   -5.79206562914830
  -2.65518820010479    1.45970206545496   -5.79954689379424
  -2.64960418830037    1.45663222898758   -5.80522200932442
  -2.64122725501137    1.45202697094084   -5.81415558902036
  -2.63644032349324    1.44939533306902   -5.81888831985966
  -2.62679881634655    1.44409486966098   -5.82919516849865
  -2.62367556143488    1.44237784574330   -5.83212812336740
  -2.61218285464582    1.43605967671973   -5.84397709905571
  -2.61046318914626    1.43511428261113   -5.84568231449626
  -2.59760526341881    1.42804557812492   -5.85605140292670
  -2.59285180462319    1.42543234203802   -5.85906067445395
  -2.58464414620864    1.42092014364101   -5.86344486705162
  -2.57163058338543    1.41376587693735   -5.86884123598537
  -2.56111242321705    1.40798346945227   -5.87361362111076
  -2.55870578440986    1.40666040857187   -5.87461796118992
  -2.54573965759389    1.39953222003387   -5.88021968017486
  -2.53279171655870    1.39241402921346   -5.88498075127646
  -2.52466189800747    1.38794462364343   -5.88859584515520
  -2.51987683877040    1.38531401506684   -5.89066867111370
  -2.50682316364528    1.37813769643859   -5.89607766070701
  -2.49386773343855    1.37101538841128   -5.90166168038672
  -2.49061464668415    1.36922698883406   -5.90346097297390
  -2.48085505455519    1.36386160765766   -5.90717495706121
  -2.46783477419562    1.35670364795713   -5.91258336102634
  -2.45561279059926    1.34998455561602   -5.91798093488646
  -2.45471826913631    1.34949278828027   -5.91865344400164
  -2.44178804470870    1.34238433724729   -5.92339863106048
  -2.42888343841576    1.33528996990303   -5.92830240409968
  -2.41916419560263    1.32994677095073   -5.93297279385817
  -2.41587065978130    1.32813613431079   -5.93469235703216
  -2.40283765514075    1.32097117937759   -5.94004619915060
  -2.38983300690546    1.31382181351011   -5.94558549530496
  -2.38508673618152    1.31121252909906   -5.94781470353585
  -2.37687125445835    1.30669602980174   -5.95114507587761
  -2.36396798135484    1.29960239538457   -5.95604972933996
  -2.35096872309663    1.29245599268207   -5.96154957524580
  -2.34856162437696    1.29113267896264   -5.96255113574859
  -2.33800252182966    1.28532776321428   -5.96714935668472
  -2.32501994400892    1.27819053065988   -5.97269932127641
  -2.31518218160906    1.27278217501339   -5.97703291371671
  -2.31188282544026    1.27096833861034   -5.97873007870436
  -2.29892212794029    1.26384313486408   -5.98432072183231
  -2.28599133246110    1.25673436989284   -5.98906612158066
  -2.27952455608124    1.25317922949332   -5.99193818210253
  -2.27299277469716    1.24958835229032   -5.99457407432995
  -2.25997483665301    1.24243168028859   -6.00004363248357
  -2.24700499339090    1.23530144861703   -6.00563851734204
  -2.24536563704766    1.23440020484074   -6.00646291625738
  -2.23401095109756    1.22815791341548   -6.01114489339390
  -2.22102915106903    1.22102110845596   -6.01669567930292
  -2.21046487835699    1.21521335038548   -6.02127091351114
  -2.20804744294365    1.21388435402062   -6.02224656468430
  -2.19506583266990    1.20674765337967   -6.02779756393115
  -2.18208431276153    1.19961100241751   -6.03334866341228
  -2.17555637615349    1.19602223889802   -6.03609161011911
  -2.16917298422501    1.19251293948857   -6.03913219410855
  -2.15617223173424    1.18536571532477   -6.04457382130680
  -2.14319778766960    1.17823295434061   -6.05019102431533
  -2.14155986834923    1.17733250057432   -6.05096563609769
  -2.13009775495716    1.17103115041307   -6.05629345512106
  -2.11712836775645    1.16390116946339   -6.06194621906920
  -2.10903110354820    1.15944966079487   -6.06570196120420
  -2.10413752444660    1.15675939291790   -6.06841410194530
  -2.09116707423422    1.14962882757261   -6.07490366634529
  -2.07896429101633    1.14292029072887   -6.08066641332883
  -2.07803151951472    1.14240749525643   -6.08240224217945
  -2.06575882817151    1.13566052609557   -6.09483153277137
  -2.06566187231037    1.13560722415985   -6.09513311809998
      
      
