# shadow point cont 3D ind 198  size 1293
# norm -0.9988899 -0.0471065  0.0000000
# angle  3.0944688
   0.11347929937736   -2.40632273198672   -6.08024284044964
   0.11352396712886   -2.40726990936980   -6.07934143094566
   0.11421643716080   -2.42195370093539   -6.06890088215398
   0.11444219079863   -2.42674079526479   -6.06534285352109
   0.11491907592588   -2.43685311996660   -6.06066020197578
   0.11561962920609   -2.45170831639800   -6.05336151737858
   0.11588022605238   -2.45723425917818   -6.05062867497367
   0.11631893880092   -2.46653714054443   -6.04602612849843
   0.11701182377195   -2.48122973087224   -6.03936963774688
   0.11736061103012   -2.48862574682035   -6.03566661364984
   0.11771411976748   -2.49612188149266   -6.03214207043404
   0.11841173405438   -2.51091475672144   -6.02566435008286
   0.11889099826643   -2.52107752979454   -6.02104438964478
   0.11911334874117   -2.52579246022481   -6.01845174467799
   0.11980387959102   -2.54043513153358   -6.01250489435952
   0.12045751096121   -2.55429535126588   -6.00607525550851
   0.12050558459487   -2.55531475020563   -6.00535823613186
   0.12120218486106   -2.57008612317721   -5.99882648391586
   0.12189932554328   -2.58486895564281   -5.99232868050026
   0.12198763143159   -2.58674147748220   -5.99145065379454
   0.12259745003204   -2.59967264967594   -5.98587239734018
   0.12329335718740   -2.61442932526762   -5.97932494810673
   0.12355407797858   -2.61995789629303   -5.97659519523097
   0.12399665624673   -2.62934274580458   -5.97218650164067
   0.12469037433596   -2.64405300236125   -5.96644217073791
   0.12509119279419   -2.65255233724182   -5.96219266130743
   0.12539204348611   -2.65893186075749   -5.95923151194704
   0.12608959379231   -2.67372337927863   -5.95275669787002
   0.12670015480131   -2.68667029420733   -5.94720458993506
   0.12678735723084   -2.68851941725990   -5.94627905498976
   0.12748095011974   -2.70322701894998   -5.93960869248520
   0.12817812629931   -2.71801060413514   -5.93311206183375
   0.12826642968013   -2.71988307280341   -5.93223395297541
   0.12888426816347   -2.73298430620291   -5.92611840808113
   0.12957223158439   -2.74757253531259   -5.92011070673676
   0.12983305996098   -2.75310338768111   -5.91738366158181
   0.13027552912381   -2.76248592362006   -5.91297208976714
   0.13097729294154   -2.77736678943737   -5.90669139292552
   0.13144866752197   -2.78736226327615   -5.90261291748288
   0.13166232869498   -2.79189293750832   -5.90057765012003
   0.13236463474964   -2.80678530143200   -5.89335079390974
   0.13297541135657   -2.81973678810384   -5.88782100936377
   0.13306336654057   -2.82160187327631   -5.88693059366070
   0.13376002148954   -2.83637440579330   -5.88040047810856
   0.13445723667248   -2.85115881804292   -5.87390498968040
   0.13450532637005   -2.85217855761720   -5.87319369816780
   0.13515930679255   -2.86604617898586   -5.86671667203688
   0.13586161274188   -2.88093854067599   -5.86046676101692
   0.13603829057926   -2.88468498516995   -5.85872816213953
   0.13655490916307   -2.89563985578341   -5.85376871453060
   0.13725243579198   -2.91043087222909   -5.84729238424040
   0.13769064504524   -2.91972307700344   -5.84373223587479
   0.13795322323155   -2.92529103399755   -5.84093118988154
   0.13865558188736   -2.94018451332599   -5.83385464623179
   0.13921934882094   -2.95213916228196   -5.82898129016010
   0.13934715278989   -2.95484923889859   -5.82794977475176
   0.14004355232795   -2.96961635544022   -5.82139768039155
   0.14073960937613   -2.98437620950166   -5.81484138749484
   0.14082832816591   -2.98625748689567   -5.81399620687835
   0.14143491318928   -2.99912009125272   -5.80825363705662
   0.14213674704512   -3.01400244222481   -5.80104828295568
   0.14227191776218   -3.01686873035780   -5.79938220545982
   0.14282961541131   -3.02869468044775   -5.79163601284050
   0.14331425082023   -3.03897134947549   -5.78438484689807
   0.14353403619152   -3.04363188701859   -5.78072573538973
   0.14408419179851   -3.05529790849102   -5.77016405953700
   0.14424412069319   -3.05868919251269   -5.76711589840657
   0.14488406200311   -3.07225911521810   -5.75474162254096
   0.14492867653982   -3.07320516418428   -5.75384376227596
   0.14559236834670   -3.08727871496134   -5.74014881233570
   0.14563565052178   -3.08819651126734   -5.73925287346736
   0.14633101193622   -3.10294161445084   -5.72622665146807
   0.14637568536080   -3.10388891213137   -5.72532575972545
   0.14701681173342   -3.11748396403040   -5.71298389312481
   0.14718542946367   -3.12105949436543   -5.71004776242939
   0.14771735605021   -3.13233897039296   -5.69915743061451
   0.14789169859127   -3.13603589504802   -5.69545144785011
   0.14840529760294   -3.14692673578881   -5.68595928166631
   0.14867607983707   -3.15266865919665   -5.68062969717433
   0.14911725196234   -3.16202369152062   -5.67243211512216
   0.14947193020169   -3.16954462542281   -5.66604219302543
   0.14982061919511   -3.17693855767188   -5.65863055118676
   0.15020200080712   -3.18502573522378   -5.65098845854448
   0.15051207457406   -3.19160083357268   -5.64461861898673
   0.15094301746354   -3.20073895547544   -5.63616698003267
   0.15119821320690   -3.20615036814475   -5.63139333508508
   0.15172715821610   -3.21736661997740   -5.62134352853689
   0.15190549029225   -3.22114814251965   -5.61772486109519
   0.15247732361642   -3.23327383887510   -5.60675237746633
   0.15261039969786   -3.23609571036705   -5.60397912471826
   0.15325306283356   -3.24972334924865   -5.59170512990842
   0.15329792537215   -3.25067465708194   -5.59080810108412
   0.15398349749587   -3.26521217885712   -5.57758250811348
   0.15402827356678   -3.26616165314767   -5.57665632010295
   0.15468949649518   -3.28018285148311   -5.56386790110764
   0.15477884693002   -3.28207752287821   -5.56206646905169
   0.15539255359068   -3.29509114118938   -5.55011531408529
   0.15552869589211   -3.29797803171923   -5.54747324884347
   0.15609333029497   -3.30995107531678   -5.53628653678295
   0.15630460621649   -3.31443117041320   -5.53242853070342
   0.15677945697228   -3.32450035637250   -5.52306014695594
   0.15704565970124   -3.33014517160779   -5.51760907507928
   0.15748666712282   -3.33949671139825   -5.50941078037223
   0.15784144880411   -3.34701983878152   -5.50302463953428
   0.15817926382043   -3.35418318890279   -5.49631014491043
   0.15860549519826   -3.36322140344240   -5.48774247449334
   0.15887568825318   -3.36895083333533   -5.48239686154369
   0.15935625344177   -3.37914119354937   -5.47315640843439
   0.15958212164308   -3.38393071719135   -5.46872946114026
   0.16010825467105   -3.39508734110604   -5.45856993242960
   0.16028261011645   -3.39878453939688   -5.45486495867011
   0.16084692464275   -3.41075080002850   -5.44374339853647
   0.16098285818893   -3.41363326391402   -5.44106758678464
   0.16163225540806   -3.42740369868985   -5.42892983917067
   0.16167761510391   -3.42836554871737   -5.42800895091844
   0.16235946649228   -3.44282417248992   -5.41562129566648
   0.16245091371215   -3.44476330610423   -5.41388209650798
   0.16306174563321   -3.45771596570945   -5.40184942259190
   0.16319251476976   -3.46048891855323   -5.39907084988900
   0.16375923538090   -3.47250620009066   -5.38795821410678
   0.16393359515043   -3.47620349007436   -5.38425350521628
   0.16445788606905   -3.48732105215477   -5.37410079571366
   0.16471793266850   -3.49283532697895   -5.36943324341834
   0.16514900401415   -3.50197617278808   -5.36098634027351
   0.16549211322680   -3.50925178607172   -5.35439057038406
   0.16585143164227   -3.51687111467083   -5.34720922951841
   0.16621144613571   -3.52450520356789   -5.34003645622206
   0.16655419190668   -3.53177311008920   -5.33343667333311
   0.16699101699375   -3.54103596369060   -5.32518773878802
   0.16725082200195   -3.54654511558475   -5.32045429282958
   0.16776999358744   -3.55755412246813   -5.31017488018887
   0.16794775175212   -3.56132347524709   -5.30655157850934
   0.16855425279471   -3.57418429879618   -5.29535356911825
   0.16864381141455   -3.57608338474337   -5.29355579595589
   0.16929585855773   -3.58991001102317   -5.28054468344308
   0.16933945047303   -3.59083437535459   -5.27961860678148
   0.17002580770128   -3.60538854523110   -5.26638859795561
   0.17007075494339   -3.60634164919823   -5.26549538977987
   0.17073207719591   -3.62036495369643   -5.25271200160282
   0.17082143736320   -3.62225983146778   -5.25091117683872
   0.17142884166265   -3.63513980853219   -5.23880516927500
   0.17156258906275   -3.63797591530194   -5.23609634691906
   0.17212090054438   -3.64981488167861   -5.22570158672355
   0.17234716185163   -3.65461274111193   -5.22127951553742
   0.17283318243095   -3.66491878260723   -5.21123999201830
   0.17308856003754   -3.67033405167701   -5.20646902171241
   0.17352952010827   -3.67968458739510   -5.19826970495065
   0.17388451795018   -3.68721229845325   -5.19189138022035
   0.17423326787176   -3.69460752268078   -5.18448342267848
   0.17461472578433   -3.70269631818220   -5.17684500483270
   0.17491389769519   -3.70904024323131   -5.17115520423653
   0.17535587909075   -3.71841243609013   -5.16203092274209
   0.17561547464549   -3.72391714653449   -5.15735672870385
   0.17614068631890   -3.73505423317296   -5.14721864328838
   0.17632166964921   -3.73889197542389   -5.14368799809739
   0.17689279058886   -3.75100256570197   -5.13263706841264
   0.17702357529471   -3.75377584869199   -5.12985922980159
   0.17766617221032   -3.76740208337982   -5.11758479396616
   0.17771108544815   -3.76835446628803   -5.11668976138285
   0.17838778990685   -3.78270394968056   -5.10334452833681
   0.17843345568976   -3.78367229026860   -5.10246803225131
   0.17910543053737   -3.79792148250013   -5.08889266659175
   0.17914902631812   -3.79884592879839   -5.08796675380643
   0.17975975370290   -3.81179637171706   -5.07315540153110
   0.17980989976467   -3.81285971638897   -5.07139294735813
   0.18021272870764   -3.82140168349565   -5.05856998368757
   0.18050244872777   -3.82754518168574   -5.04722438723744
   0.18058953433756   -3.82939182758181   -5.04351785455378
   0.18087043702827   -3.83534835475320   -5.02889899648445
   0.18100913086004   -3.83828935035331   -5.01394466603317
   0.18107028850210   -3.83958619502119   -4.99899306777031
   0.18109688822076   -3.84015024069316   -4.98419177654857
   0.18109670079796   -3.84014626640243   -4.96931023947033
   0.18111172842843   -3.84046492653699   -4.95447625066843
   0.18111087104200   -3.84044674570160   -4.93964020748304
   0.18109392824218   -3.84008747449898   -4.92480213471453
   0.18102250916181   -3.83857303655718   -4.90994736551420
   0.18102100322569   -3.83854110325878   -4.89513061295544
   0.18102015666988   -3.83852315208634   -4.88029555748693
   0.18101931270522   -3.83850525585891   -4.86546074476290
   0.18097520065170   -3.83756986202288   -4.85061634149924
   0.18097397793443   -3.83754393436582   -4.83579039465431
   0.18092988545073   -3.83660895550705   -4.82094674487087
   0.18090731727378   -3.83613039847059   -4.80614247238711
   0.18091024198961   -3.83619241691980   -4.79132713489656
   0.18075372434335   -3.83287346824627   -4.77641266972143
   0.18053486044944   -3.82823247058389   -4.76156304471394
   0.18048258921242   -3.82712406167981   -4.75884373881730
   0.18018513408369   -3.82081654090791   -4.74669047219382
   0.17980872371900   -3.81283477840065   -4.73217056709013
   0.17976860929092   -3.81198415400747   -4.73125710161915
   0.17917933979304   -3.79948872448156   -4.71695222680141
   0.17909165182655   -3.79762930564269   -4.71508313163372
   0.17847037241885   -3.78445510761846   -4.70230464239219
   0.17838170021170   -3.78257481800669   -4.70046245653914
   0.17769545079669   -3.76802293430455   -4.68807800456934
   0.17764941391193   -3.76704672452075   -4.68721384543821
   0.17698379593763   -3.75293232946227   -4.67354053717301
   0.17690736989496   -3.75131171914123   -4.67237973126125
   0.17628774593700   -3.73817262484386   -4.66142549904671
   0.17606860966928   -3.73352585150888   -4.65773201977814
   0.17558052165168   -3.72317597009071   -4.64864483500554
   0.17527281964553   -3.71665116480776   -4.64312594482300
   0.17488201428398   -3.70836415712935   -4.63560366089355
   0.17445377108249   -3.69928328197220   -4.62800357174324
   0.17418405836713   -3.69356403765514   -4.62259017689448
   0.17366623651939   -3.68258365189171   -4.61317578507628
   0.17348644504765   -3.67877118294052   -4.60956999683083
   0.17284508593744   -3.66517119585271   -4.59810270689818
   0.17280026210849   -3.66422070885541   -4.59720624011441
   0.17210388419144   -3.64945405078613   -4.58415403483598
   0.17205900210049   -3.64850232834593   -4.58325473864882
   0.17139060230866   -3.63432894498897   -4.57151628798361
   0.17122007205000   -3.63071285958713   -4.56862743989143
   0.17069899586318   -3.61966346572997   -4.55833991940226
   0.17044319168323   -3.61423915119396   -4.55355698185230
   0.17000097651386   -3.60486200117348   -4.54533274949836
   0.16964625713619   -3.59734019493520   -4.53894528780084
   0.16931359534874   -3.59028611876810   -4.53300636227160
   0.16882698039907   -3.57996747368015   -4.52383151553363
   0.16859668191314   -3.57508400607962   -4.51953803689541
   0.16806559893203   -3.56382241866216   -4.50942920613387
   0.16789532907939   -3.56021185515649   -4.50660805552893
   0.16723748619642   -3.54626233051142   -4.49458334483379
   0.16719334515339   -3.54532632195433   -4.49366671924081
   0.16652877235581   -3.53123408981480   -4.48172273489555
   0.16639150757138   -3.52832339709023   -4.47906123050258
   0.16581190872679   -3.51603303327223   -4.46823094762879
   0.16563061612717   -3.51218873298116   -4.46468568832395
   0.16509987779875   -3.50093445390644   -4.45558849102259
   0.16479283612331   -3.49442365090244   -4.45005759576072
   0.16440124303170   -3.48611993944833   -4.44255804827008
   0.16398058715225   -3.47719995306648   -4.43477749126025
   0.16371558405260   -3.47158057590939   -4.43019807807320
   0.16318376355458   -3.46030334948366   -4.42016325976217
   0.16301423970117   -3.45670860485346   -4.41728086246350
   0.16236513916961   -3.44294446132218   -4.40508573098784
   0.16231916567780   -3.44196959578279   -4.40419940718966
   0.16162519073037   -3.42725389256129   -4.39203456132786
   0.16153569676474   -3.42535617760299   -4.39023037911414
   0.16092091212136   -3.41231970072351   -4.37825393533719
   0.16074987974149   -3.40869296786685   -4.37537899097833
   0.16022444234418   -3.39755109476484   -4.36521486398001
   0.15996405711318   -3.39202963927589   -4.36053771237130
   0.15952752071833   -3.38277290737820   -4.35311685125975
   0.15916722163474   -3.37513278376163   -4.34594005157292
   0.15881416106079   -3.36764615237144   -4.33958871718175
   0.15833780144126   -3.35754497103382   -4.33109615424695
   0.15812347536478   -3.35300019755775   -4.32731843622445
   0.15754640882558   -3.34076353114580   -4.31642092854334
   0.15742010548832   -3.33808527534729   -4.31444234503713
   0.15673494844674   -3.32355655536760   -4.30206594321951
   0.15669008988438   -3.32260533184993   -4.30116716661598
   0.15603509376497   -3.30871617268053   -4.28726629367389
   0.15595888948236   -3.30710026477008   -4.28610290373006
   0.15534279761883   -3.29403606835424   -4.27410932500942
   0.15520600876263   -3.29113546766352   -4.27147813731848
   0.15462435792123   -3.27880159135819   -4.26169964722507
   0.15431813122677   -3.27230806998405   -4.25708327527198
   0.15393503542599   -3.26418454314715   -4.25027001958175
   0.15349726230220   -3.25490158647560   -4.24198705917162
   0.15323364464432   -3.24931158754025   -4.23736688207565
   0.15266561867277   -3.23726662590230   -4.22718246838327
   0.15253047275930   -3.23440086372791   -4.22448735431144
   0.15185653484545   -3.22011004477728   -4.21277298464472
   0.15181108646062   -3.21914631410455   -4.21188928685732
   0.15114905665577   -3.20510800599529   -4.19908682048591
   0.15105959304919   -3.20321093479939   -4.19728331590573
   0.15044128415499   -3.19009972636159   -4.18539695478687
   0.15027396961101   -3.18655183002481   -4.18244658799970
   0.14974968108802   -3.17543431874380   -4.17318383376680
   0.14944491466331   -3.16897176231481   -4.16760171577454
   0.14905212140146   -3.16064260131235   -4.16018377328383
   0.14865547803691   -3.15223179907931   -4.15289220413248
   0.14834468730647   -3.14564149755605   -4.14742705530587
   0.14782190049696   -3.13455583003258   -4.13814276642840
   0.14765261909523   -3.13096622657778   -4.13521723671829
   0.14703552943204   -3.11788087187114   -4.12331611099297
   0.14695621636259   -3.11619904229520   -4.12219204234371
   0.14625309065017   -3.10128929757054   -4.10933901392960
   0.14620732274345   -3.10031879145226   -4.10846826047369
   0.14555762432855   -3.08654196983569   -4.09628333456240
   0.14538667030462   -3.08291689851284   -4.09341004309146
   0.14486141726132   -3.07177893462811   -4.08325193530539
   0.14460115326720   -3.06626004996083   -4.07857739733371
   0.14415960787288   -3.05689710248611   -4.07036599107546
   0.14380431574863   -3.04936315118591   -4.06398966113170
   0.14345655193330   -3.04198883729103   -4.05749942070752
   0.14297921086660   -3.03186684441637   -4.04911326556656
   0.14275414169516   -3.02709426416195   -4.04460630748765
   0.14219246962230   -3.01518403662021   -4.03429616013475
   0.14205659417204   -3.01230280465568   -4.03165476981955
   0.14137344861502   -2.99781673810326   -4.02013840604741
   0.14132861119868   -2.99686596298592   -4.01924010332292
   0.14066954681528   -2.98289053648671   -4.00637782311113
   0.14057839452986   -2.98095765694230   -4.00462458774254
   0.13997466820403   -2.96815567112016   -3.99424201861356
   0.13971443994576   -2.96263754422987   -3.98956825729918
   0.13927809862242   -2.95338494881354   -3.98215328447387
   0.13891759861451   -2.94574056460726   -3.97498340996336
   0.13856517479571   -2.93826743557739   -3.96766052574211
   0.13814318065966   -2.92931907153286   -3.95991970320629
   0.13788360820712   -2.92381485096951   -3.95522938396792
   0.13735028224405   -2.91250570123445   -3.94528824681023
   0.13717030204984   -2.90868923043302   -3.94168454311920
   0.13652967234365   -2.89510471032010   -3.93023821356590
   0.13648469276368   -2.89415092063018   -3.92934423772081
   0.13578910249213   -2.87940096454332   -3.91630921969257
   0.13574427221828   -2.87845034088227   -3.91541107958124
   0.13509736122670   -2.86473262643435   -3.90409714202709
   0.13488034695170   -2.86013084984619   -3.90033612541039
   0.13439642786046   -2.84986937029822   -3.89120816546616
   0.13413001409994   -2.84422008014939   -3.88575378140476
   0.13369973855859   -2.83509610932975   -3.87818291861714
   0.13330082875172   -2.82663724730332   -3.87093090137034
   0.13299227644401   -2.82009441141945   -3.86545662716514
   0.13246459178480   -2.80890488524379   -3.85630025623702
   0.13228485913276   -2.80509366356141   -3.85269031047576
   0.13164404096938   -2.79150514722337   -3.84125288039925
   0.13159904186922   -2.79055094360887   -3.84035917057084
   0.13090354219925   -2.77580290872390   -3.82732616770148
   0.13082453120369   -2.77412748460940   -3.82619455903934
   0.13021193372163   -2.76113738637355   -3.81511577198569
   0.12999501680501   -2.75653767426488   -3.81135484438043
   0.12950599926715   -2.74616808241730   -3.80234508983048
   0.12923564986546   -2.74043533719925   -3.79699635528672
   0.12880803510358   -2.73136778807184   -3.78844308352906
   0.12846999878819   -2.72419974531489   -3.78172458474709
   0.12811166677942   -2.71660133341933   -3.77543388599028
   0.12763040617192   -2.70639622688276   -3.76712761240476
   0.12741576794521   -2.70184483427698   -3.76333889776162
   0.12684532525240   -2.68974862618853   -3.75230046150143
   0.12670978592983   -2.68687452179450   -3.74964812508671
   0.12602828956941   -2.67242342637151   -3.73812161546396
   0.12598348537209   -2.67147335566172   -3.73723078904267
   0.12532972457609   -2.65761039146174   -3.72334254002036
   0.12528610879966   -2.65668552115618   -3.72241598411125
   0.12461591915024   -2.64247418396081   -3.70889140873229
   0.12457017854203   -2.64150425670610   -3.70802126718125
   0.12392361392873   -2.62779388719193   -3.69762945233858
   0.12361975499440   -2.62135057405011   -3.69295538243692
   0.12323210130052   -2.61313039732328   -3.68634297797824
   0.12278937705719   -2.60374245241548   -3.67816803735768
   0.12253024857220   -2.59824764616130   -3.67347877520814
   0.12197169666410   -2.58640358155361   -3.66311112496429
   0.12183470885310   -2.58349876203670   -3.66045024952466
   0.12117684779104   -2.56954885190492   -3.64849954943887
   0.12113180760541   -2.56859377707511   -3.64760635952428
   0.12043649100929   -2.55384962426179   -3.63457748399205
   0.12039167876452   -2.55289938290621   -3.63367975745091
   0.11974515370889   -2.53918985221039   -3.62237057684064
   0.11952891732579   -2.53460457078039   -3.61861879686124
   0.11904936811641   -2.52443575435322   -3.60935671207717
   0.11874413234934   -2.51796324554375   -3.60379771923862
   0.11834812424301   -2.50956591392886   -3.59646818790550
   0.11794892031397   -2.50110081505686   -3.58922123907012
   0.11764542543585   -2.49466522170827   -3.58362790712683
   0.11716402585812   -2.48445716831526   -3.57439829385911
   0.11694968497352   -2.47991208083365   -3.57061004022067
   0.11634645482507   -2.46712061642740   -3.55934384056579
   0.11625463332605   -2.46517354624299   -3.55757190503951
   0.11556250693391   -2.45049704154157   -3.54540079459905
   0.11551755235485   -2.44954378199487   -3.54450722579880
   0.11484966403638   -2.43538124440442   -3.53188464251019
   0.11472372776109   -2.43271077213612   -3.52990554975405
   0.11415542081001   -2.42065985234158   -3.51881431754390
   0.11394831663803   -2.41626821898063   -3.51487742348385
   0.11345988696319   -2.40591109273843   -3.50673400369878
   0.11310073560098   -2.39829530649491   -3.50054259996558
   0.11275568977232   -2.39097862736809   -3.49390998435256
   0.11232028588107   -2.38174591015130   -3.48562422727421
   0.11205908117824   -2.37620707780426   -3.48092097391950
   0.11149754347107   -2.36429969948011   -3.47061657576478
   0.11136284177288   -2.36144335686822   -3.46792398881422
   0.11071228763286   -2.34764838964416   -3.45580567999833
   0.11066720751908   -2.34669246813986   -3.45491292810257
   0.10997591346280   -2.33203361307797   -3.44271517612740
   0.10988446401700   -2.33009443226289   -3.44097561729228
   0.10927669809385   -2.31720678698641   -3.42979489702442
   0.10906505539920   -2.31271891448465   -3.42594315228962
   0.10858009362182   -2.30243532483035   -3.41680665856526
   0.10828035985031   -2.29607948555481   -3.41112514456597
   0.10787839944482   -2.28755593574106   -3.40393867464858
   0.10748487818552   -2.27921133758996   -3.39662757049216
   0.10717182385265   -2.27257303649307   -3.39119775280588
   0.10668961629711   -2.26234784997176   -3.38202795804553
   0.10647174184162   -2.25772783330053   -3.37827484135797
   0.10582967702176   -2.24411288167582   -3.36688823853124
   0.10578457873231   -2.24315657475749   -3.36599565900901
   0.10508950222629   -2.22841751304230   -3.35297228818844
   0.10504470581579   -2.22746760745178   -3.35207493254503
   0.10439359200093   -2.21366077235143   -3.33996907469426
   0.10425985339246   -2.21082485200763   -3.33726000367123
   0.10370808749606   -2.19912468443048   -3.32765434212483
   0.10340485386146   -2.19269463073758   -3.32193650694385
   0.10300202180820   -2.18415259767735   -3.31487845562201
   0.10260253226988   -2.17568144247521   -3.30763546361757
   0.10230384559201   -2.16934780676673   -3.30193928776232
   0.10182122503247   -2.15911386251691   -3.29276151309341
   0.10160396992016   -2.15450697898605   -3.28903137834653
   0.10099138400026   -2.14151712592533   -3.27797878106919
   0.10090135618269   -2.13960809066407   -3.27618828453944
   0.10021718018085   -2.12510017358197   -3.26383274490135
   0.10017224078160   -2.12414723592213   -3.26293953348174
   0.09951539942221   -2.11021894853337   -3.25097012413354
   0.09937880820194   -2.10732253870251   -3.24834340891045
   0.09882015865217   -2.09547640360823   -3.23795476294523
   0.09855947025411   -2.08994851947716   -3.23330398643007
   0.09812916523275   -2.08082392353546   -3.22485580268297
   0.09777818277144   -2.07338135841713   -3.21825369508479
   0.09742284069725   -2.06584634793125   -3.21208986026450
   0.09697966146439   -2.05644875499369   -3.20392215122093
   0.09671083488800   -2.05074830120817   -3.19856635658126
   0.09618876740346   -2.03967788693363   -3.18930416468875
   0.09601879128229   -2.03607355198869   -3.18638724201255
   0.09534719559632   -2.02183239986051   -3.17464886258018
   0.09530166412123   -2.02086690726276   -3.17378562327556
   0.09462848932278   -2.00659227013508   -3.16036125645260
   0.09458370249421   -2.00564256772889   -3.15946413032807
   0.09393328069781   -1.99185040684457   -3.14827315332162
   0.09372170268136   -1.98736390584068   -3.14442290599532
   0.09324224150019   -1.97719695604723   -3.13515748086755
   0.09293717052139   -1.97072794156460   -3.12960227870177
   0.09254155242230   -1.96233888003311   -3.12227714141621
   0.09210919330945   -1.95317072718640   -3.11480456990368
   0.09184981411176   -1.94767060458237   -3.11010750727056
   0.09132472368994   -1.93653608907765   -3.09999145497982
   0.09114373003025   -1.93269812779269   -3.09643682615322
   0.09049664519147   -1.91897672692373   -3.08515921648409
   0.09045202072120   -1.91803046731684   -3.08426696498831
   0.08975717062450   -1.90329620659979   -3.07124467224918
   0.08971224037089   -1.90234346287294   -3.07035168135489
   0.08905166371000   -1.88833596860717   -3.05848159466987
   0.08888425479949   -1.88478607123287   -3.05554295914009
   0.08836046626919   -1.87367916227120   -3.04537312370658
   0.08809982791250   -1.86815233926506   -3.04072351950155
   0.08765898284072   -1.85880424209363   -3.03251741697520
   0.08731543218318   -1.85151926799395   -3.02592194217816
   0.08697414332356   -1.84428225520324   -3.02016131517321
   0.08648060786159   -1.83381686100625   -3.01128975513028
   0.08626624835741   -1.82927137869751   -3.00748270265207
   0.08569458713182   -1.81714933168368   -2.99650849493887
   0.08555780356156   -1.81424884308119   -2.99388598712520
   0.08490119454464   -1.80032548250252   -2.98190653705318
   0.08485709080039   -1.79939026486428   -2.98099369325793
   0.08418035987805   -1.78504022031159   -2.96846559187939
   0.08409080344535   -1.78314118074252   -2.96667176037448
   0.08348527231471   -1.77030092412672   -2.95638744830995
   0.08326287186467   -1.76558493397278   -2.95186413468607
   0.08277934614932   -1.75533179594032   -2.94270659906668
   0.08243501829396   -1.74803034140057   -2.93703958603623
   0.08208775416013   -1.74066662322602   -2.93053664686908
   0.08165054726605   -1.73139567342663   -2.92225257064837
   0.08139139475373   -1.72590035767428   -2.91755690746763
   0.08078844488667   -1.71311483662051   -2.90718935916490
   0.08069746177253   -1.71118554434435   -2.90543595541727
   0.08002927199332   -1.69701661429447   -2.89284578960886
   0.07998408050997   -1.69605833120434   -2.89195381444179
   0.07930016061471   -1.68155584484909   -2.87960521365267
   0.07921061153777   -1.67965696125834   -2.87781156439510
   0.07860333212884   -1.66677963249099   -2.86661334004524
   0.07838286867737   -1.66210471629260   -2.86298494383645
   0.07790351661494   -1.65194008035652   -2.85374323076283
   0.07759852486723   -1.64547274596502   -2.84818992682701
   0.07721377696159   -1.63731418632904   -2.84151389462227
   0.07680315086280   -1.62860688093240   -2.83362825526163
   0.07650063771797   -1.62219210518801   -2.82804068967799
   0.07595290557454   -1.61057747313620   -2.81834753997265
   0.07581959124459   -1.60775054959657   -2.81563101048957
   0.07520227847918   -1.59466046401887   -2.80375802714101
   0.07511123581170   -1.59272990891726   -2.80201014144961
   0.07444666824691   -1.57863778773860   -2.79020872044991
   0.07435609617658   -1.57671721162555   -2.78835638370979
   0.07374306925169   -1.56371800707652   -2.77725807020921
   0.07355353218289   -1.55969888323888   -2.77391043849512
   0.07302870485580   -1.54856994664446   -2.76478678045052
   0.07276228394024   -1.54292050477357   -2.75934954475602
   0.07233915658807   -1.53394811093926   -2.75163501109822
   0.07194522972457   -1.52559491197182   -2.74431889292860
   0.07162642199673   -1.51883461042940   -2.73813867396973
   0.07114401441562   -1.50860518237604   -2.72991595532815
   0.07091827518458   -1.50381839354215   -2.72543501655668
   0.07035787124047   -1.49193505660561   -2.71514005243097
   0.07022125667891   -1.48903815182399   -2.71251383360526
   0.06957084598219   -1.47524622630765   -2.70036147885647
   0.06952762981212   -1.47432982963446   -2.69945178025801
   0.06883735821805   -1.45969265583116   -2.68726532870134
   0.06874597750287   -1.45775493244543   -2.68552741905019
   0.06815344342642   -1.44519027769825   -2.67489915243286
   0.06792669193469   -1.44038202392809   -2.67049990412923
   0.06743734376115   -1.43000542096788   -2.66149678239305
   0.06709890121836   -1.42282876417979   -2.65569792932563
   0.06675172039965   -1.41546681269811   -2.64918872399505
   0.06631438068257   -1.40619304639379   -2.64090625403925
   0.06605553692227   -1.40070427771215   -2.63621298051496
   0.06553023357158   -1.38956524706166   -2.62610100747042
   0.06536056282428   -1.38596738755416   -2.62320523058155
   0.06470303206710   -1.37202448152039   -2.61127821990879
   0.06465743323134   -1.37105756054338   -2.61040523921188
   0.06395390387481   -1.35613925656599   -2.59760594827422
   0.06390913959022   -1.35519003220376   -2.59670938550415
   0.06325836566081   -1.34139040435686   -2.58461424844896
   0.06309102073930   -1.33784186386603   -2.58167716733071
   0.06256845003126   -1.32676077876297   -2.57241855023985
   0.06226352400927   -1.32029483808223   -2.56686688884394
   0.06186828423652   -1.31191379894121   -2.55954656061814
   0.06146805646735   -1.30342698959194   -2.55230829482593
   0.06116990678419   -1.29710474082889   -2.54661815514391
   0.06068920286141   -1.28691143876334   -2.53744702352934
   0.06046347585966   -1.28212490925075   -2.53295816651969
   0.05986790602304   -1.26949588136449   -2.52244816209461
   0.05977844010045   -1.26759876105757   -2.52065615317689
   0.05908662303619   -1.25292881563800   -2.50848920837804
   0.05900591389231   -1.25121738237525   -2.50742380872407
   0.05838979658250   -1.23815264637232   -2.49555139605009
   0.05825586937648   -1.23531272682698   -2.49285250558846
   0.05768898229244   -1.22329191524051   -2.48269009455163
   0.05742845958191   -1.21776754450506   -2.47804333886984
   0.05699798986743   -1.20863945625411   -2.46960124661615
   0.05665469835904   -1.20135997739870   -2.46302438036939
   0.05629892599395   -1.19381584261618   -2.45667843472092
   0.05584886598236   -1.18427234311809   -2.44868388676786
   0.05559130244249   -1.17881072144521   -2.44400346134491
   0.05502447514439   -1.16679117761634   -2.43385517162109
   0.05488911308138   -1.16392083200211   -2.43116395143869
   0.05421593361556   -1.14964609590310   -2.41949212217978
   0.05417109474988   -1.14869529005256   -2.41860731146173
   0.05349971533552   -1.13445872395266   -2.40516113954425
   0.05342101604770   -1.13278990958465   -2.40403495934175
   0.05282698163536   -1.12019344029174   -2.39349044106067
   0.05260233469135   -1.11542981334825   -2.38899745880029
   0.05211447389685   -1.10508475018431   -2.37997843476492
   0.05180958514305   -1.09861959977341   -2.37442775181049
   0.05141445470665   -1.09024087910437   -2.36710898754745
   0.05105469158393   -1.08261212051052   -2.36000420488448
   0.05071600533042   -1.07543029584915   -2.35418193418422
   0.05019888740823   -1.06446483679080   -2.34480020564895
   0.05001726849178   -1.06061361696831   -2.34128903572768
   0.04937062310079   -1.04690153456724   -2.33002068138559
   0.04932566732802   -1.04594824970783   -2.32912805393914
   0.04863135062431   -1.03122529956181   -2.31611638620009
   0.04858644712329   -1.03027312312238   -2.31522408149924
   0.04793626261683   -1.01648599395898   -2.30312412900138
   0.04780235148184   -1.01364641519915   -2.30042567901910
   0.04723559760771   -1.00162842832177   -2.29026542148757
   0.04697510406436   -0.99610467607495   -2.28561944519677
   0.04653405609682   -0.98675227650956   -2.27741782120420
   0.04619069848509   -0.97947139593627   -2.27082729142220
   0.04584392454672   -0.97211807233152   -2.26431401171270
   0.04536524676983   -0.96196773458583   -2.25596676109924
   0.04513813807328   -0.95715190630574   -2.25158505660185
   0.04457888489096   -0.94529297121423   -2.24123174746893
   0.04444375894512   -0.94242763245253   -2.23857853303906
   0.04378648067763   -0.92849008044982   -2.22664799121014
   0.04374116521680   -0.92752916842362   -2.22575590295248
   0.04305755150712   -0.91303317471776   -2.21341517922503
   0.04296804454753   -0.91113518422344   -2.21162264356552
   0.04236304015716   -0.89830609710815   -2.20132323538400
   0.04209768633171   -0.89267928282834   -2.19681003526437
   0.04165444626118   -0.88328039983124   -2.18870492387885
   0.04125802034390   -0.87487420855641   -2.18226283671369
   0.04096696238596   -0.86870233946340   -2.17734310851763
   0.04039932704765   -0.85666566118331   -2.16720860100505
   0.04027129004694   -0.85395064314010   -2.16528462583482
   0.03957640315526   -0.83921560218732   -2.15413422410959
   0.03944981291666   -0.83653126266062   -2.15219219542496
   0.03887901390776   -0.82442749890768   -2.14212520011496
   0.03861366780652   -0.81880084841936   -2.13761221264750
   0.03818090190866   -0.80962406971728   -2.13106116125003
   0.03769772489752   -0.79937832593967   -2.12283330236057
   0.03748052395181   -0.79477259100885   -2.11913559595774
   0.03682774239567   -0.78093039154001   -2.10802102014055
   0.03678195779347   -0.77995953139509   -2.10717368587242
   0.03609023236533   -0.76529152911489   -2.09592624121834
   0.03592213390185   -0.76172700980497   -2.09299476435897
   0.03540303533529   -0.75071955128431   -2.08454605449058
   0.03500851571757   -0.74235378299414   -2.07820503155117
   0.03469699746538   -0.73574805440941   -2.07279113452217
   0.03416396631176   -0.72444515609353   -2.06383811773322
   0.03399170704080   -0.72079240707435   -2.06098678148566
   0.03332571323265   -0.70667004247813   -2.05004481244390
   0.03323152842430   -0.70467285844029   -2.04833061917516
   0.03260290649885   -0.69134296270322   -2.03776020731967
   0.03237968198422   -0.68660949830189   -2.03422900073586
   0.03190993612187   -0.67664856134640   -2.02654681420194
   0.03147016013504   -0.66732313406687   -2.01924247376992
   0.03120445133686   -0.66168879260854   -2.01477600625317
   0.03059139513095   -0.64868896715699   -2.00466001580213
   0.03051133389808   -0.64699127281393   -2.00356091451615
   0.02982307660246   -0.63239681210610   -1.99223706570871
   0.02968606261300   -0.62949143747623   -1.98963174765373
   0.02912534456805   -0.61760144004753   -1.98023891200835
   0.02881522828814   -0.61102544021319   -1.97483286066488
   0.02843228624289   -0.60290517375424   -1.96901721230509
   0.02789922858274   -0.59160171336881   -1.96005105527782
   0.02772749364100   -0.58796008272389   -1.95723689417340
   0.02704005037868   -0.57338288355041   -1.94590283579934
   0.02699512466600   -0.57243023611370   -1.94501738842615
   0.02634482613721   -0.55864068911281   -1.93380427567758
   0.02612374118377   -0.55395259399696   -1.93021702154854
   0.02563519545186   -0.54359300677044   -1.92216570715283
   0.02523329304289   -0.53507068676979   -1.91586206536681
   0.02494114882424   -0.52887578357395   -1.91097429262751
   0.02433809157577   -0.51608798550302   -1.90062193392828
   0.02424577536770   -0.51413042503844   -1.89892034337706
   0.02355759884917   -0.49953767720469   -1.88761313650984
   0.02346718622382   -0.49762048211413   -1.88582538741835
   0.02287078825745   -0.48497389377908   -1.87625322168997
   0.02256117124127   -0.47840848080662   -1.87079016794174
   0.02216605911745   -0.47003014845464   -1.86440753055623
   0.02171560242001   -0.46047823725361   -1.85647173243294
   0.02146436623834   -0.45515078688711   -1.85253469429875
   0.02085610379647   -0.44225261295664   -1.84145083302982
   0.02077259844502   -0.44048188625552   -1.83953606371742
   0.02031739304277   -0.43082927901182   -1.82687096947443
   0.02017361910375   -0.42778055999772   -1.81209069878648
   0.02008252071524   -0.42584882333456   -1.79728046801902
   0.02004474525130   -0.42504779655617   -1.79030576466571
   0.01936168691544   -0.41056357952399   -1.79290251393826
   0.01867405145057   -0.39598230470533   -1.79506345029191
   0.01798963842299   -0.38146936150448   -1.79198479302697
   0.01728663375970   -0.36656218362045   -1.78308979673302
   0.01724044239191   -0.36558269803194   -1.78225341442842
   0.01658193291353   -0.35161903826551   -1.77130427137960
   0.01632589397362   -0.34618974565648   -1.76745738565707
   0.01589567985231   -0.33706707724544   -1.76083635135579
   0.01541168836862   -0.32680406261915   -1.75266260261396
   0.01519396941979   -0.32218734345869   -1.74896376069597
   0.01454088660599   -0.30833875583668   -1.73786755646449
   0.01449540318110   -0.30737428214104   -1.73699322036268
   0.01380219812602   -0.29267490444730   -1.72578317386410
   0.01362652462688   -0.28894975689442   -1.72307245758087
   0.01310079762964   -0.27780174284059   -1.71390655711729
   0.01279070672227   -0.27122628102957   -1.70850136765704
   0.01239783399694   -0.26289543500817   -1.70207813969379
   0.01187443699854   -0.25179682846033   -1.69371646529577
   0.01170308606488   -0.24816334068712   -1.69090860539127
   0.01100838118628   -0.23343215931242   -1.67975916847311
   0.01096222616424   -0.23245344443363   -1.67890847988547
   0.01031721885847   -0.21877609754590   -1.66851570122630
   0.01005566379549   -0.21322983582961   -1.66389181699751
   0.00961501094787   -0.20388581476188   -1.65664243972765
   0.00917471239279   -0.19454930644921   -1.64933102000683
   0.00892372667341   -0.18922716712285   -1.64539867932380
   0.00826341117940   -0.17522521088729   -1.63451642430497
   0.00821646389505   -0.17422969612690   -1.63368844226498
   0.00753052651169   -0.15968442903984   -1.62588880247591
   0.00683228364944   -0.14487822490293   -1.62129039507080
   0.00613433228629   -0.13007820198978   -1.61916177036299
   0.00543414779137   -0.11523082563158   -1.61960030133261
   0.00474147146988   -0.10054265970650   -1.62065350514953
   0.00404431400396   -0.08575947134346   -1.62139844350191
   0.00334696449958   -0.07097221081446   -1.62222273699919
   0.00265008185393   -0.05619485000114   -1.62389110725978
   0.00195190616794   -0.04139007033348   -1.62582992544023
   0.00126349745066   -0.02679239873707   -1.63086602461010
   0.00099722478051   -0.02114610040258   -1.63438804936340
   0.00055883111406   -0.01184998515582   -1.64169819578242
   0.00017148234914   -0.00363627443177   -1.64919421555878
  -0.00013929457027    0.00295373422935   -1.65459189066076
  -0.00067358776726    0.01428339411018   -1.66350528107729
  -0.00084475994547    0.01791309138325   -1.66639784563329
  -0.00150411617852    0.03189470653936   -1.67827296391565
  -0.00154907015500    0.03284795330843   -1.67911354065918
  -0.00223553682268    0.04740444384230   -1.69050040479114
  -0.00240679516807    0.05103596828622   -1.69334987557180
  -0.00293339171724    0.06220242114424   -1.70248475142776
  -0.00324395143174    0.06878782398632   -1.70788017270919
  -0.00362516518887    0.07687144218414   -1.71464776366799
  -0.00406268444835    0.08614901567588   -1.72278787119355
  -0.00433169182341    0.09185330328815   -1.72734732375550
  -0.00493213582011    0.10458568748929   -1.73773543392631
  -0.00502327350296    0.10651825738677   -1.73948321827307
  -0.00571524025766    0.12119137698435   -1.75163513835772
  -0.00576013405104    0.12214334757395   -1.75252712817851
  -0.00641570451859    0.13604468576648   -1.76447532160113
  -0.00658696665085    0.13967629051075   -1.76732492634478
  -0.00709906610100    0.15053533312631   -1.77591178580265
  -0.00744845303246    0.15794406511562   -1.78234543347877
  -0.00780692042098    0.16554534773209   -1.78854435100590
  -0.00830013714490    0.17600398310496   -1.79662408184947
  -0.00850980236554    0.18044992337159   -1.80044655235792
  -0.00915620382542    0.19415683322606   -1.81171075250879
  -0.00920158703535    0.19511918186849   -1.81258107036266
  -0.00989452038823    0.20981279813096   -1.82471183073805
  -0.00998401506495    0.21171052816767   -1.82650395954253
  -0.01059911531939    0.22475369756366   -1.83742907100278
  -0.01081912411654    0.22941897284056   -1.84106513751210
  -0.01129577824074    0.23952639913456   -1.84950570704945
  -0.01163906758062    0.24680583200670   -1.85609424245835
  -0.01198330880312    0.25410544950129   -1.86172708072100
  -0.01251045953123    0.26528365369512   -1.87088846325468
  -0.01267932353591    0.26886440626687   -1.87377219558318
  -0.01334303446207    0.28293836246729   -1.88547834758912
  -0.01339208321436    0.28397843874781   -1.88628041234113
  -0.01407408611009    0.29844027522609   -1.89778676638698
  -0.01420797586875    0.30127940070195   -1.90048454796413
  -0.01476373287923    0.31306419964866   -1.90998385754161
  -0.01506872992882    0.31953164646623   -1.91550862478993
  -0.01545905184223    0.32780840265162   -1.92296283182059
  -0.01588678966960    0.33687856137653   -1.93050284567997
  -0.01615760225386    0.34262112835720   -1.93497330064855
  -0.01674181491888    0.35500932800124   -1.94464444670554
  -0.01686632515800    0.35764956124568   -1.94667827349850
  -0.01753706665874    0.37187260041984   -1.95909671523930
  -0.01758518342831    0.37289291405456   -1.95989235929690
  -0.01824940518645    0.38697770242089   -1.97097659113553
  -0.01843136500726    0.39083615110300   -1.97447464294376
  -0.01895804964055    0.40200447178027   -1.98361178122534
  -0.01926738290083    0.40856386772341   -1.98904166707958
  -0.01964976665159    0.41667229557624   -1.99577521684672
  -0.02012108828562    0.42666664668933   -2.00429687430083
  -0.02033882814013    0.43128380915378   -2.00799635660770
  -0.02095700992037    0.44439232214643   -2.01886941865749
  -0.02104812507003    0.44632441422891   -2.02061709477540
  -0.02172926837134    0.46076802305173   -2.03210688418528
  -0.02181906666536    0.46267219127768   -2.03389121495003
  -0.02243468923157    0.47572643626802   -2.04484470027724
  -0.02265504919831    0.48039915807811   -2.04847037221446
  -0.02314193568913    0.49072356118229   -2.05657271313778
  -0.02350719737935    0.49846891661828   -2.06257020458915
  -0.02385121407218    0.50576377297254   -2.06929660664530
  -0.02434541715910    0.51624332412242   -2.07828886288354
  -0.02452869423842    0.52012970520373   -2.08174362106072
  -0.02518150997507    0.53397262946841   -2.09285926585804
  -0.02522695973001    0.53493638919448   -2.09373054740525
  -0.02592588643429    0.54975709416640   -2.10569842582826
  -0.02601724111186    0.55169426542588   -2.10743558491786
  -0.02661957353616    0.56446669363757   -2.11781102287572
  -0.02688005002482    0.56999008424064   -2.12245650384536
  -0.02731497575244    0.57921266202207   -2.13079716479322
  -0.02766410278266    0.58661588281902   -2.13725429228755
  -0.02800913229134    0.59393221588150   -2.14288823950210
  -0.02854221029750    0.60523610770307   -2.15184226494150
  -0.02871446383417    0.60888873512693   -2.15469504021840
  -0.02937175980289    0.62282666248339   -2.16662596288531
  -0.02941679975553    0.62378173237245   -2.16748027737673
  -0.03011075533935    0.63849702498968   -2.17962240536936
  -0.03023382321896    0.64110667307454   -2.18165114884275
  -0.03078974571872    0.65289498121299   -2.19115386550681
  -0.03109672666172    0.65940449638867   -2.19668736096628
  -0.03149963385044    0.66794812269244   -2.20377134576040
  -0.03193292596036    0.67713605969433   -2.21124547537902
  -0.03219519427934    0.68269744596752   -2.21582852121810
  -0.03276776401571    0.69483875790583   -2.22583485007968
  -0.03289252846830    0.69748438173360   -2.22785549361160
  -0.03357633707215    0.71198450816026   -2.24019743623017
  -0.03365914293966    0.71374040234041   -2.24126147696168
  -0.03429933754073    0.72731569607147   -2.25340606508569
  -0.03439291831066    0.72930007150556   -2.25508844159556
  -0.03498750546322    0.74190826162657   -2.26660657564309
  -0.03519894270091    0.74639177742396   -2.27045335600657
  -0.03567771590719    0.75654413874508   -2.27970867648135
  -0.03598259863889    0.76300916145756   -2.28525918064845
  -0.03636921218694    0.77120728194535   -2.29278573854426
  -0.03672345598301    0.77871900350013   -2.30005464531785
  -0.03708104222251    0.78630160139653   -2.30723071245831
  -0.03750779553494    0.79535088353254   -2.31485191409624
  -0.03776627311775    0.80083188743928   -2.31953969842398
  -0.03825913724687    0.81128304605765   -2.32942248432702
  -0.03848166951144    0.81600183133183   -2.33391574699353
  -0.03900856939217    0.82717471631996   -2.34391735150235
  -0.03917381176841    0.83067867244595   -2.34699973082340
  -0.03978080779473    0.84354999209961   -2.35904288645339
  -0.03987169438630    0.84547723761956   -2.36082331114416
  -0.04052407346327    0.85931090253816   -2.37382860831705
  -0.04056701446475    0.86022146427552   -2.37473461490025
  -0.04126152741273    0.87494857577119   -2.38774428972924
  -0.04130628829813    0.87589772805401   -2.38864076130235
  -0.04194683903455    0.88948057361689   -2.40097322301858
  -0.04208076659884    0.89232050075930   -2.40367212802479
  -0.04265343668613    0.90446394063369   -2.41462649302383
  -0.04286489308804    0.90894786280747   -2.41847380455326
  -0.04334442068918    0.91911622103269   -2.42771975489355
  -0.04360577775324    0.92465828419199   -2.43327087368511
  -0.04404613623708    0.93399606329103   -2.44148722800583
  -0.04438953609903    0.94127783977802   -2.44807901853353
  -0.04473831454135    0.94867366878635   -2.45547588167623
  -0.04511945428529    0.95675571753822   -2.46310874578717
  -0.04542711185553    0.96327958055999   -2.46863621074308
  -0.04588176151808    0.97292040337156   -2.47745031797090
  -0.04614816803990    0.97856954002401   -2.48286709720436
  -0.04662858054023    0.98875666249149   -2.49199246680869
  -0.04684319584211    0.99330756897733   -2.49586054933223
  -0.04744727664419    1.00611707145027   -2.50707624641578
  -0.04753766324298    1.00803371464877   -2.50886703677076
  -0.04819047282553    1.02187650841632   -2.52186289339342
  -0.04823403519574    1.02280024624574   -2.52278816148614
  -0.04891827412056    1.03730949760640   -2.53601618223973
  -0.04896318735225    1.03826188038447   -2.53690874981728
  -0.04963874826121    1.05258711486321   -2.55026720913745
  -0.04968413414952    1.05354952030063   -2.55114956634915
  -0.05030981805519    1.06681711547891   -2.56290651029452
  -0.05048801850865    1.07059584696869   -2.56651574283074
  -0.05100628561920    1.08158567450741   -2.57679836623217
  -0.05122863092916    1.08630049541875   -2.58132034821309
  -0.05170761654745    1.09645736092561   -2.59057927429680
  -0.05197823788467    1.10219587252270   -2.59590294725246
  -0.05240999500211    1.11135126008763   -2.60433740861222
  -0.05275343473172    1.11863388196630   -2.61093028551281
  -0.05311120670243    1.12622041828350   -2.61810933806108
  -0.05350516706772    1.13457432765468   -2.62549984389616
  -0.05380333988457    1.14089706696644   -2.63118982322026
  -0.05428410698135    1.15109170863358   -2.64035840377988
  -0.05449933877175    1.15565568772679   -2.64416839528950
  -0.05507047165946    1.16776653136289   -2.65513670041896
  -0.05520420396024    1.17060231795238   -2.65788887584840
  -0.05581164222350    1.18348301521772   -2.66993798608605
  -0.05590197044832    1.18539842059938   -2.67172872361027
  -0.05656576151033    1.19947407607637   -2.68442806212262
  -0.05661159892480    1.20044605610270   -2.68529849317016
  -0.05728450452496    1.21471498489456   -2.69883899823785
  -0.05732807290875    1.21563885024163   -2.69976443387243
  -0.05799492336556    1.22977938002872   -2.71237840098237
  -0.05812049967187    1.23244221917312   -2.71436222611572
  -0.05868475764629    1.24440728062493   -2.72553823086043
  -0.05889626167720    1.24889221276914   -2.72938680422388
  -0.05938614077538    1.25928007395923   -2.73930632539651
  -0.05964601257764    1.26479064221793   -2.74397202199651
  -0.06007774976862    1.27394560724342   -2.75240748323693
  -0.06038781758234    1.28052057935462   -2.75877068347806
  -0.06077909896219    1.28881768097671   -2.76618191685630
  -0.06117299520939    1.29717023072705   -2.77357300579782
  -0.06146708554028    1.30340640113301   -2.77935738294349
  -0.06193737873954    1.31337894433956   -2.78885743746774
  -0.06216587428456    1.31822418067042   -2.79320328657189
  -0.06269796156869    1.32950706428204   -2.80319056244010
  -0.06287472317860    1.33325528516817   -2.80681718344422
  -0.06347134400892    1.34590659932181   -2.81823090662673
  -0.06355848975528    1.34775452041065   -2.82008202334891
  -0.06421171470072    1.36160612192689   -2.83305591158667
  -0.06425735503706    1.36257392292177   -2.83392875932822
  -0.06495279499351    1.37732069158461   -2.84692441603319
  -0.06499636898934    1.37824467593462   -2.84785000391720
  -0.06565734543319    1.39226064757761   -2.86063889486281
  -0.06574666271798    1.39415461602774   -2.86243903844681
  -0.06634300715127    1.40680006919663   -2.87386786100538
  -0.06652125370784    1.41057977830070   -2.87747832905379
  -0.06705002176806    1.42179227793930   -2.88752481307485
  -0.06730561445339    1.42721210774273   -2.89228763085812
  -0.06773593902620    1.43633711827197   -2.90074225984417
  -0.06804640838143    1.44292060505045   -2.90709772736276
  -0.06844794885770    1.45143525028686   -2.91427949243624
  -0.06884178202103    1.45978646234683   -2.92167140837902
  -0.06914682188556    1.46625481705313   -2.92815111367003
  -0.06957581011137    1.47535149041270   -2.93658754036822
  -0.06983690004371    1.48088788905754   -2.94126015199372
  -0.07032338801048    1.49120384147975   -2.95129390996199
  -0.07053676702377    1.49572853252929   -2.95507710824921
  -0.07109731716622    1.50761496959389   -2.96631874054430
  -0.07123020434842    1.51043283548734   -2.96905895174186
  -0.07188106468116    1.52423429551220   -2.98116537237455
  -0.07192579544120    1.52518280898829   -2.98205867801220
  -0.07262058767428    1.53991584271029   -2.99508051863053
  -0.07266551852305    1.54086859905736   -2.99597355091522
  -0.07332682564695    1.55489158275402   -3.00875325558290
  -0.07341615544212    1.55678581648593   -3.01055372397183
  -0.07402343786623    1.56966320919004   -3.02265702378134
  -0.07415714165863    1.57249839126099   -3.02536536571299
  -0.07472016902057    1.58443735763806   -3.03655800452770
  -0.07489811705218    1.58821073653568   -3.04017749391294
  -0.07541108480174    1.59908819139577   -3.04967251592535
  -0.07571615026888    1.60555708900400   -3.05522776714297
  -0.07611352060402    1.61398330661126   -3.06343725781748
  -0.07645709810730    1.62126884997345   -3.07003370659476
  -0.07680436925583    1.62863271689425   -3.07655349244544
  -0.07724162375530    1.63790467616350   -3.08484175334274
  -0.07750742940205    1.64354107129092   -3.09030430289548
  -0.07798253929182    1.65361575217303   -3.09965591414287
  -0.07819730213740    1.65816978731529   -3.10344981240106
  -0.07877549130313    1.67043025896550   -3.11426536665230
  -0.07891056390171    1.67329446650121   -3.11695796557544
  -0.07951886594964    1.68619348027620   -3.12905438903163
  -0.07959512344369    1.68781051653232   -3.13021174616921
  -0.08025812288473    1.70186938572716   -3.14388607265422
  -0.08030329871800    1.70282733695835   -3.14477890883663
  -0.08098741559096    1.71733400021554   -3.15713276813588
  -0.08107699660044    1.71923356093418   -3.15892727784753
  -0.08168396083409    1.73210420642579   -3.17104050625599
  -0.08181797784412    1.73494603026054   -3.17374177944042
  -0.08238642798894    1.74699998647083   -3.18481526037427
  -0.08260256960828    1.75158325844030   -3.18856503455902
  -0.08309281477521    1.76197888209947   -3.19848190661896
  -0.08335279719615    1.76749179602170   -3.20315035049592
  -0.08378449107563    1.77664584262893   -3.21159017766823
  -0.08412812114438    1.78393250063925   -3.21818794154650
  -0.08448632630561    1.79152822273930   -3.22537291364571
  -0.08484787531585    1.79919485098644   -3.23247052245169
  -0.08518950684528    1.80643913007290   -3.23914121346367
  -0.08562106126938    1.81559021953598   -3.24758445694273
  -0.08587946368723    1.82106962957372   -3.25226997286636
  -0.08643835086464    1.83292080354977   -3.26263381426074
  -0.08657188005587    1.83575228321175   -3.26535723764697
  -0.08714673125142    1.84794197337522   -3.27722001451793
  -0.08726861675302    1.85052654919480   -3.27926646283766
  -0.08792982085514    1.86454734831976   -3.29205523892652
  -0.08797497058133    1.86550474595146   -3.29294827706856
  -0.08866153291712    1.88006326512278   -3.30616222914007
  -0.08870512750493    1.88098768612491   -3.30708835594329
  -0.08935584188498    1.89478605123044   -3.31921532122709
  -0.08948988093644    1.89762834245262   -3.32191714868218
  -0.09006743351148    1.90987531522968   -3.33371638815875
  -0.09023089882354    1.91334158880079   -3.33672643307053
  -0.09075504600008    1.92445610283746   -3.34690926838274
  -0.09098130276267    1.92925386590152   -3.35133297286903
  -0.09145098469855    1.93921344729946   -3.35991304742400
  -0.09176624169535    1.94589845577210   -3.36615008843731
  -0.09215869383004    1.95422038319053   -3.37355909785609
  -0.09255233683870    1.96256756303066   -3.38095509694116
  -0.09284660678124    1.96880754209255   -3.38674404653901
  -0.09328259609598    1.97805267318448   -3.39600642279328
  -0.09355302512234    1.98378710683967   -3.40136578689682
  -0.09403466190823    1.99400019021974   -3.41059588712388
  -0.09425938854801    1.99876550710793   -3.41503831048298
  -0.09478830745039    2.00998120534679   -3.42515244239428
  -0.09495228976034    2.01345844183172   -3.42813691642535
  -0.09556061554329    2.02635795890667   -3.44023847636731
  -0.09563814979754    2.02800206879740   -3.44138052676049
  -0.09633336257098    2.04274402005607   -3.45441071865450
  -0.09637831601167    2.04369725546400   -3.45530431709206
  -0.09705078255023    2.05795687397687   -3.46876157532818
  -0.09712924747274    2.05962071864038   -3.46989384768597
  -0.09774062523719    2.07258495282689   -3.48192603224974
  -0.09787143673608    2.07535880396181   -3.48470511743216
  -0.09843334609928    2.08727406323297   -3.49500037736876
  -0.09868910176625    2.09269734905382   -3.49976721066544
  -0.09912455546383    2.10193112241125   -3.50812844951396
  -0.09943986896682    2.10861732909480   -3.51436687735155
  -0.09983238118778    2.11694053063960   -3.52177758052601
  -0.10019301429812    2.12458773727614   -3.52890353211458
  -0.10053120992100    2.13175915814031   -3.53566038481807
  -0.10095635624354    2.14077436413792   -3.54423001615276
  -0.10122697363747    2.14651279211779   -3.54959043347232
  -0.10170855743816    2.15672475194928   -3.55882279746841
  -0.10193009574227    2.16142246034288   -3.56336723590250
  -0.10244987448050    2.17244434186915   -3.57364701713372
  -0.10261631432666    2.17597369028334   -3.57660334148453
  -0.10326797077568    2.18979203191335   -3.58871996004147
  -0.10331243962002    2.19073499148034   -3.58961440573699
  -0.10398453039298    2.20498664190297   -3.60308143699346
  -0.10403020216152    2.20595510941590   -3.60395803744449
  -0.10471531584882    2.22048291007022   -3.61723726844371
  -0.10476013068966    2.22143320647542   -3.61813512702972
  -0.10540430062532    2.23509279697297   -3.63040055041608
  -0.10557228777086    2.23865495579144   -3.63337458560042
  -0.10610866110949    2.25002872496915   -3.64416124182002
  -0.10632036690390    2.25451793549804   -3.64801474837803
  -0.10680031409170    2.26469519103716   -3.65728709228252
  -0.10707123652591    2.27044008738058   -3.66261834318744
  -0.10750291372691    2.27959378032155   -3.67106440856026
  -0.10781329373754    2.28617537255211   -3.67743554986177
  -0.10820533044943    2.29448849095149   -3.68485636925496
  -0.10863862213950    2.30367641905041   -3.69234617385649
  -0.10890822597438    2.30939335456249   -3.69771799272356
  -0.10938974833039    2.31960401146285   -3.70689514893105
  -0.10960193740180    2.32410346985587   -3.71079182403441
  -0.11020244852845    2.33683727754400   -3.72216336459489
  -0.11029116280675    2.33871845927230   -3.72396054313216
  -0.11091040901428    2.35184954339135   -3.73674094921398
  -0.11099764594118    2.35369939795868   -3.73859440496130
  -0.11165081912708    2.36754990191658   -3.75158545243048
  -0.11169588518052    2.36850552527186   -3.75247943234086
  -0.11238247760845    2.38306468254549   -3.76570328857858
  -0.11242609780579    2.38398964659640   -3.76663005888661
  -0.11307750445693    2.39780269127501   -3.77876549150179
  -0.11324726483501    2.40140245139872   -3.78162047191753
  -0.11378079790696    2.41271599286703   -3.79255217577289
  -0.11396243945300    2.41656769254880   -3.79607753157525
  -0.11448760160108    2.42770372900524   -3.80623197369009
  -0.11471341615599    2.43249211507800   -3.81067578349973
  -0.11519035719970    2.44260562548570   -3.82003246895778
  -0.11548989546261    2.44895731901124   -3.82572608272983
  -0.11587204564577    2.45706079407513   -3.83336618738437
  -0.11622104238044    2.46446125196151   -3.84078121869845
  -0.11657428916706    2.47195183198199   -3.84720007650039
  -0.11701713457043    2.48134234608206   -3.85538189795865
  -0.11728716245707    2.48706827359013   -3.86073059913219
  -0.11776964859396    2.49729936741456   -3.86998222221543
  -0.11799276574246    2.50203055512254   -3.87447637468306
  -0.11854397431426    2.51371890465999   -3.88504592583685
  -0.11867949874557    2.51659269328567   -3.88769649655125
  -0.11932921663306    2.53036992781770   -3.89987889907318
  -0.11937333522111    2.53130546021789   -3.90078877623899
  -0.12005994633495    2.54586501372550   -3.91401639749523
  -0.12010423135704    2.54680407535098   -3.91495458379203
  -0.12076610459550    2.56083906347784   -3.92775251904837
  -0.12085553532945    2.56273543761135   -3.92955548057283
  -0.12145255465204    2.57539520177334   -3.94100253447780
  -0.12163054723109    2.57916952529713   -3.94461055364323
  -0.12215580066076    2.59030749737491   -3.95480173692854
  -0.12238223951966    2.59510912178186   -3.95922982095195
  -0.12285218542590    2.60507430065753   -3.96871592854132
  -0.12315507028262    2.61149695853354   -3.97445805358830
  -0.12354590974325    2.61978468928112   -3.98180982414037
  -0.12389932865248    2.62727891915262   -3.98911384135747
  -0.12424775491786    2.63466728026713   -3.99564816371312
  -0.12469308547788    2.64411049198680   -4.00379569349594
  -0.12495075901306    2.64957444610475   -4.00850381492002
  -0.12547051491028    2.66059584328836   -4.01879253303747
  -0.12564840725023    2.66436804124719   -4.02242441665765
  -0.12622169034840    2.67652447998575   -4.03341263690774
  -0.12635614820653    2.67937565198179   -4.03611189335320
  -0.12696457367578    2.69227728289951   -4.04822654838468
  -0.12705349352577    2.69416282376499   -4.05003979108616
  -0.12774648475303    2.70885766725086   -4.06222662577897
  -0.12779247498833    2.70983288783519   -4.06308984316048
  -0.12844820857158    2.72373768488760   -4.07697363972258
  -0.12849184906043    2.72466307921878   -4.07790090697300
  -0.12914298198090    2.73847031945278   -4.09003508759045
  -0.12931001967881    2.74201234528288   -4.09297115924108
  -0.12984060119091    2.75326329907557   -4.10395934367097
  -0.13005189895835    2.75774385741354   -4.10780894080037
  -0.13053292600720    2.76794401135088   -4.11709486172971
  -0.13080402973505    2.77369275201668   -4.12243042154733
  -0.13123571505714    2.78284661716479   -4.13088453412523
  -0.13154630533745    2.78943266815336   -4.13726075900423
  -0.13193881489877    2.79775581330065   -4.14468677832127
  -0.13233214857348    2.80609643373013   -4.15209449004625
  -0.13263153774181    2.81244496571275   -4.15779771907892
  -0.13311635109755    2.82272540809382   -4.16697488932990
  -0.13333979068874    2.82746343318264   -4.17148307898631
  -0.13385967225492    2.83848749517016   -4.18177468339422
  -0.13403753657723    2.84225909901626   -4.18540847442260
  -0.13460992128599    2.85439648745340   -4.19640432029257
  -0.13473432660994    2.85703449597690   -4.19842914511741
  -0.13539623228124    2.87107017184044   -4.21123943805829
  -0.13544182048406    2.87203686734661   -4.21215291693866
  -0.13612761899579    2.88657918966809   -4.22541026646085
  -0.13620560969451    2.88823297844051   -4.22653075866091
  -0.13682509155444    2.90136905955645   -4.23934542524758
  -0.13691456601432    2.90326636089612   -4.24114942584173
  -0.13751824742880    2.91606739437548   -4.25247108910454
  -0.13770001669197    2.91992180229246   -4.25599943900479
  -0.13821995894544    2.93094715115096   -4.26629043167854
  -0.13847539300749    2.93636361735583   -4.27105766938651
  -0.13892311248053    2.94585748585372   -4.28009751794459
  -0.13922794554948    2.95232145547041   -4.28568182092612
  -0.13962084113666    2.96065278627624   -4.29310299302600
  -0.14001729399650    2.96905954886648   -4.30039184939918
  -0.14033603599677    2.97581845665933   -4.30663562280437
  -0.14076714804160    2.98496016549269   -4.31512614584486
  -0.14102209507445    2.99036630426835   -4.31990748271264
  -0.14151709852108    3.00086282700481   -4.32971014488221
  -0.14172754934260    3.00532542589800   -4.33368215313377
  -0.14232733326961    3.01804381335499   -4.34506370377794
  -0.14241511607444    3.01990524323618   -4.34690356422970
  -0.14303521883141    3.03305449044200   -4.35967661777117
  -0.14311454634266    3.03473662625568   -4.36080202516586
  -0.14380124173149    3.04929796680991   -4.37404301965462
  -0.14384490389261    3.05022382070041   -4.37497080866826
  -0.14451198383468    3.06436921671076   -4.38770212818318
  -0.14464104910965    3.06710603925705   -4.38961378204312
  -0.14520928150152    3.07915537802731   -4.40164838515309
  -0.14537299236319    3.08262685846517   -4.40466415946360
  -0.14589921950825    3.09378547812799   -4.41486146461734
  -0.14616246215057    3.09936752487758   -4.41952835312307
  -0.14660644066021    3.10878206643820   -4.42855968968677
  -0.14686844004994    3.11433775008054   -4.43412705435223
  -0.14731562862103    3.12382036082975   -4.44222817976638
  -0.14766526812882    3.13123444868730   -4.44874468275408
  -0.14800366557718    3.13841014925028   -4.45547250675270
  -0.14839668470472    3.14674409972318   -4.46382403163090
  -0.14870137317078    3.15320500304289   -4.46942187102088
  -0.14919014213618    3.16356932392418   -4.47847483568575
  -0.14941534782738    3.16834479907308   -4.48298549405329
  -0.14993591351650    3.17938336785251   -4.49329167120025
  -0.15011337194696    3.18314636478272   -4.49692010237846
  -0.15071101538191    3.19581936321533   -4.50837354074341
  -0.15080038696094    3.19771448297209   -4.51018665432000
  -0.15145341473324    3.21156190344186   -4.52322354833540
  -0.15149814821602    3.21251047465330   -4.52413193839045
  -0.15219445287000    3.22727557918302   -4.53718473874522
  -0.15223933234387    3.22822724612815   -4.53808412860782
  -0.15289144240399    3.24205520655832   -4.55021914594781
  -0.15302543425375    3.24489649687064   -4.55293445623394
  -0.15358957824704    3.25685914135830   -4.56415635246106
  -0.15380360669491    3.26139760363498   -4.56802338926148
  -0.15430349256897    3.27199765799504   -4.57771865352988
  -0.15453125600386    3.27682736996813   -4.58213046606142
  -0.15500157313156    3.28680042057603   -4.59073463610841
  -0.15531986726771    3.29354983143307   -4.59692852731700
  -0.15570058207987    3.30162286952835   -4.60467990335733
  -0.15608275662199    3.30972686112275   -4.61233818424067
  -0.15639855026295    3.31642324910736   -4.61859978668539
  -0.15684185467440    3.32582349645055   -4.62674369448537
  -0.15709825045977    3.33126035594904   -4.63160289477823
  -0.15764527113977    3.34285990145554   -4.64228136543601
  -0.15777891520555    3.34569381702628   -4.64500635643036
  -0.15836302246141    3.35807978147457   -4.65668614590094
  -0.15848724281538    3.36071386771914   -4.65871501016190
  -0.15914978684940    3.37476308003143   -4.67153691820257
  -0.15919491000725    3.37571991428294   -4.67245394344930
  -0.15988170759044    3.39028342186320   -4.68572173880322
  -0.15992659962320    3.39123535511907   -4.68662141839748
  -0.16057970689342    3.40508446133816   -4.69967049598451
  -0.16066925538765    3.40698333257259   -4.70147622138283
  -0.16128809955465    3.42010589144264   -4.71337828580162
  -0.16142188779414    3.42294286420955   -4.71610078752213
  -0.16198601597347    3.43490517336312   -4.72640396687015
  -0.16220835913100    3.43961994863225   -4.73095763134957
  -0.16268462082156    3.44971905339121   -4.74034221765754
  -0.16295113048437    3.45537037714293   -4.74581435503447
  -0.16337780904396    3.46441807414868   -4.75439841008048
  -0.16371713957348    3.47161356064993   -4.76111496693614
  -0.16408240559440    3.47935900791827   -4.76820173491265
  -0.16448096477876    3.48781043501218   -4.77552642457377
  -0.16478683207917    3.49429633545389   -4.78202645284663
  -0.16521283255700    3.50332965377058   -4.79061632849050
  -0.16546445815573    3.50866536170588   -4.79726280624140
  -0.16573724840970    3.51444986507156   -4.80544988468117
  -0.16611446928431    3.52244881440013   -4.82034072216377
  -0.16615832385784    3.52337874838608   -4.82405117490469
  -0.16628985337063    3.52616782496905   -4.83517956603485
  -0.16639535848459    3.52840505550772   -4.84992550865107
  -0.16642210000305    3.52897210803710   -4.86475078549705
  -0.16646650637584    3.52991374289801   -4.87961774380716
  -0.16648558109208    3.53031822127912   -4.89443094810679
  -0.16648668661539    3.53034166384440   -4.90926480097614
  -0.16648746187054    3.53035810309014   -4.92410298282751
  -0.16648823948106    3.53037459228137   -4.93894139963631
  -0.16648901944656    3.53039113140991   -4.95378005212806
  -0.16647176274622    3.53002520396288   -4.96859113317003
  -0.16647243385387    3.53003943476608   -4.98345844783075
  -0.16647328035119    3.53005738469853   -4.99829781185724
  -0.16649188076571    3.53045180553594   -5.01314205666326
  -0.16647514308683    3.53009688391232   -5.02794887520484
  -0.16647583416860    3.53011153826583   -5.04281733828811
  -0.16647669020973    3.53012969057416   -5.05765766096741
  -0.16649508678150    3.53051978893646   -5.07250332604000
  -0.16645278138674    3.52962270520708   -5.08733244362844
  -0.16639238661648    3.52834203719661   -5.10212090776488
  -0.16628009134653    3.52596082174794   -5.11700492010833
  -0.16617849338229    3.52380644211908   -5.12523875104573
  -0.16606360665846    3.52137027502364   -5.13183158198466
  -0.16570083254398    3.51367766850388   -5.14647341021473
  -0.16548864397600    3.50917822078621   -5.15204709081278
  -0.16514017198474    3.50178889005685   -5.16126893685289
  -0.16479729460120    3.49451819269777   -5.16787051376998
  -0.16439890921739    3.48607045103549   -5.17608778209540
  -0.16408969299715    3.47951353692027   -5.18243280570009
  -0.16365223120261    3.47023718196961   -5.19079181266668
  -0.16339359580089    3.46475283152093   -5.19545971361889
  -0.16287275106868    3.45370834564710   -5.20572478374473
  -0.16270644177474    3.45018176558590   -5.20866865420472
  -0.16212798324992    3.43791558218998   -5.22041735522177
  -0.16199531338055    3.43510232440425   -5.22320866901873
  -0.16134830087323    3.42138245732023   -5.23536937157840
  -0.16130334689825    3.42042921058285   -5.23626282418345
  -0.16064265615280    3.40641929715978   -5.25000676919857
  -0.16059886936422    3.40549080055017   -5.25092865764228
  -0.15991088430001    3.39090211249563   -5.26319877042447
  -0.15982170788594    3.38901113120187   -5.26500523595455
  -0.15922473937489    3.37635244449599   -5.27643337474101
  -0.15904671487056    3.37257744399840   -5.28005469017657
  -0.15852766680815    3.36157105641572   -5.29033933766134
  -0.15830548431994    3.35685968813113   -5.29487474373337
  -0.15782063994550    3.34657858800019   -5.30307387641321
  -0.15750613289105    3.33990948201665   -5.30931488398295
  -0.15711410127644    3.33159647170479   -5.31678341437532
  -0.15672471027683    3.32333945549899   -5.32427929700520
  -0.15641669364364    3.31680797856584   -5.33068074590052
  -0.15595079797772    3.30692868482865   -5.33933094565633
  -0.15572475821565    3.30213552324959   -5.34375955269809
  -0.15516595776084    3.29028618822159   -5.35415089881789
  -0.15503233713060    3.28745276960025   -5.35686328905627
  -0.15438133449096    3.27364829196472   -5.36897495947256
  -0.15433648451360    3.27269725049146   -5.36987160250481
  -0.15367264979310    3.25862066923856   -5.38356200406894
  -0.15362905364995    3.25769621525550   -5.38448843910113
  -0.15294371860735    3.24316372077338   -5.39771948236481
  -0.15289891602672    3.24221368434555   -5.39861712515677
  -0.15223204876409    3.22807279819193   -5.41125776252286
  -0.15214356625220    3.22619653105851   -5.41307779046778
  -0.15154054849755    3.21340957045180   -5.42439909743564
  -0.15132923021697    3.20892857713389   -5.42825785158741
  -0.15084380291124    3.19863511597479   -5.43738891773681
  -0.15054440646215    3.19228642960409   -5.44307876926060
  -0.15014128823635    3.18373832826975   -5.45115566242220
  -0.14979222742420    3.17633651162362   -5.45766827947408
  -0.14943930245939    3.16885275581825   -5.46494104690859
  -0.14900743018487    3.15969492635328   -5.47248993997819
  -0.14875264997163    3.15429232497887   -5.47725814035299
  -0.14823357320487    3.14328532872190   -5.48754369469639
  -0.14805566126382    3.13951271512282   -5.49116711664439
  -0.14748365285988    3.12738330621002   -5.50214164882861
  -0.14735071115251    3.12456428411329   -5.50491477258690
  -0.14670780062379    3.11093139927526   -5.51719149554282
  -0.14666296526021    3.10998066768664   -5.51808870072592
  -0.14596778424276    3.09523938981202   -5.53111560262748
  -0.14592298396052    3.09428940212133   -5.53201337003496
  -0.14527119834084    3.08046832143424   -5.54503518995691
  -0.14518183657069    3.07857340967447   -5.54683708283992
  -0.14457505225174    3.06570657926472   -5.55803743619337
  -0.14439704836161    3.06193201589026   -5.56165977443546
  -0.14387239933491    3.05080686014647   -5.57181365295302
  -0.14364671506002    3.04602123665484   -5.57625562576997
  -0.14318138430452    3.03615392181417   -5.58493671316461
  -0.14283838298324    3.02888059636166   -5.59153744708382
  -0.14247881753272    3.02125602939673   -5.59871971112076
  -0.14208633193035    3.01293339229774   -5.60613049896417
  -0.14178197396804    3.00647949729327   -5.61170786143096
  -0.14129391657310    2.99613026522713   -5.62073393501956
  -0.14107268679729    2.99143909916042   -5.62535587229172
  -0.14055209741354    2.98040002793752   -5.63555490073585
  -0.14037322593703    2.97660706743805   -5.63918489265674
  -0.13977573373497    2.96393727589132   -5.65060422488577
  -0.13968644812652    2.96204397913645   -5.65240680455299
  -0.13900187740383    2.94752769201877   -5.66476420195467
  -0.13895693096436    2.94657460507162   -5.66565805193935
  -0.13828485651618    2.93232330081508   -5.67912353972926
  -0.13824017754267    2.93137588546986   -5.68002461961318
  -0.13759897033643    2.91777911949781   -5.69236935856804
  -0.13746522768382    2.91494311339840   -5.69508026274789
  -0.13690263849729    2.90301343850821   -5.70536818112748
  -0.13668049092197    2.89830281054981   -5.70990554384822
  -0.13619475712859    2.88800285033586   -5.71995742047991
  -0.13593940014850    2.88258801865003   -5.72473229012414
  -0.13549816192761    2.87323158477200   -5.73293226075736
  -0.13514370753806    2.86571539759318   -5.73932636093436
  -0.13480081765641    2.85844443521234   -5.74592868469622
  -0.13436993119266    2.84930750981437   -5.75438432361302
  -0.13409919255910    2.84356651095432   -5.75971558215889
  -0.13361536335893    2.83330693754175   -5.76885128190415
  -0.13339992468813    2.82873857156007   -5.77268611172984
  -0.13287380459703    2.81758222197109   -5.78368162280503
  -0.13270244327444    2.81394851390114   -5.78658716529624
  -0.13205949936110    2.80031492114407   -5.79886476323905
  -0.13201468999320    2.79936474079251   -5.79976294476852
  -0.13131200393072    2.78446431882233   -5.81259493062076
  -0.13126627983654    2.78349474174682   -5.81346519421474
  -0.13060802834220    2.76953655251856   -5.82437169114750
  -0.13034590012242    2.76397813704174   -5.82805977298006
  -0.12991545446721    2.75485055896628   -5.83286941093332
  -0.12922545162228    2.74021908397479   -5.83961861316883
  -0.12882847490788    2.73180121307530   -5.84313503772903
  -0.12852168686233    2.72529578828022   -5.84574276580793
  -0.12782299312604    2.71048002338238   -5.85126382284000
  -0.12713699805389    2.69593353300745   -5.85651194238587
  -0.12696034909902    2.69218770096572   -5.85827804371142
  -0.12643396399469    2.68102573178484   -5.86274383018858
  -0.12573301527838    2.66616215015129   -5.86808111941370
  -0.12520431249420    2.65495103468764   -5.87250471887652
  -0.12502894667979    2.65123241157377   -5.87432741958418
  -0.12433367988920    2.63648931488402   -5.87993909023604
  -0.12364401813680    2.62186507274218   -5.88502307937785
  -0.12337783671308    2.61622070928336   -5.88756021537442
  -0.12294471413992    2.60703636729993   -5.89142057802502
  -0.12224378050241    2.59217310541147   -5.89675780126034
  -0.12162784786761    2.57911228543265   -5.90216751408942
  -0.12154233285406    2.57729894394955   -5.90306669014135
  -0.12085120066033    2.56264352117481   -5.90807100015742
  -0.12015337321085    2.54784612584440   -5.91362134218689
  -0.11979605826637    2.54026928074485   -5.91696903447019
  -0.11945220204747    2.53297782723213   -5.91993324920358
  -0.11875777676250    2.51825257462610   -5.92565039954971
  -0.11806147285577    2.50348748594186   -5.93128185883567
  -0.11797275009410    2.50160612432412   -5.93212556746352
  -0.11736617978557    2.48874383199443   -5.93694862329179
  -0.11666439689650    2.47386256177013   -5.94323073750273
  -0.11622609639849    2.46456842215538   -5.94679131407461
  -0.11596090262347    2.45894500173677   -5.94944786394112
  -0.11527621056368    2.44442614167230   -5.95475218500983
  -0.11457041966333    2.42945988177402   -5.96077429757970
  -0.11444022616063    2.42669913521647   -5.96173783996867
  -0.11387327642708    2.41467699515041   -5.96636330203543
  -0.11317549765968    2.39988063212108   -5.97191468394807
  -0.11265220308234    2.38878419740665   -5.97654410729534
  -0.11247519362847    2.38503072100199   -5.97826421607740
  -0.11177999515871    2.37028907305217   -5.98394586860422
  -0.11109926347408    2.35585419253997   -5.98936832152882
  -0.11083070724138    2.35015947137851   -5.99188671217185
  -0.11039189081933    2.34085439162086   -5.99546966703713
  -0.10968980132756    2.32596661990197   -6.00080955262951
  -0.10907285063035    2.31288421196198   -6.00598998211053
  -0.10898453790426    2.31101154512765   -6.00686951859072
  -0.10829125544171    2.29631052601248   -6.01263356849763
  -0.10759694316344    2.28158766970779   -6.01835668518807
  -0.10733199357274    2.27596942720518   -6.02097034856519
  -0.10689581378443    2.26672025713097   -6.02466628994734
  -0.10620547763243    2.25208171438017   -6.02971175655630
  -0.10554403036016    2.23805575884461   -6.03577620887408
  -0.10549593730506    2.23703594807410   -6.03648801158491
  -0.10480266263935    2.22233509429035   -6.04225214480911
  -0.10410646965738    2.20757235775997   -6.04788647393265
  -0.10380061045949    2.20108662913194   -6.05060555688622
  -0.10341133639814    2.19283209259582   -6.05448454140950
  -0.10271699791432    2.17810868060379   -6.06026080919931
  -0.10210290941383    2.16508696539849   -6.06557386127414
  -0.10201495664850    2.16322193151378   -6.06646509363640
  -0.10131439304579    2.14836651619445   -6.07373751039165
  -0.10065750564119    2.13443725241924   -6.08005976676069
  -0.10060699075256    2.13336608679264   -6.08096195176301
  -0.10003312389607    2.12119726948882   -6.09464163000090
      
      
