# shadow point cont 3D ind 9  size 1288
# norm  0.9900237 -0.1409012  0.0000000
# angle  0.1413717
   0.30456846262944    2.14000956025057   -6.09520397961278
   0.30574555702435    2.14828025655535   -6.08048887147173
   0.30620793743469    2.15152911065551   -6.07788690853109
   0.30819972752060    2.16552415725049   -6.06862994888971
   0.30898151973379    2.17101731565536   -6.06486913074183
   0.31028062410166    2.18014529871379   -6.06011334076597
   0.31240924285353    2.19510175362644   -6.05143291028858
   0.31266699348745    2.19691280397615   -6.05046428206107
   0.31446629985464    2.20955538947022   -6.04365377751918
   0.31643322502240    2.22337572604401   -6.03545587743144
   0.31657606987276    2.22437940627662   -6.03469146162947
   0.31862551558045    2.23877956238534   -6.02769705081429
   0.32047400519412    2.25176772738157   -6.02062546234127
   0.32073005366951    2.25356681774209   -6.01964183961234
   0.32279809071292    2.26809760338433   -6.01195442562603
   0.32438891137226    2.27927529194152   -6.00584242279228
   0.32493655629351    2.28312324572171   -6.00343397734377
   0.32699686079203    2.29759969967164   -5.99658379654377
   0.32843226505782    2.30768537572986   -5.99104232464614
   0.32910090651940    2.31238349551481   -5.98851785110393
   0.33117738989696    2.32697362819408   -5.98093954829146
   0.33232295954040    2.33502282004978   -5.97608091171857
   0.33325574814730    2.34157693441613   -5.97250775366374
   0.33533451772690    2.35618313078819   -5.96500242847870
   0.33624866627454    2.36260627327162   -5.96133580495646
   0.33742841199470    2.37089559875862   -5.95676713869909
   0.33948217222996    2.38532607031821   -5.94986435236636
   0.34039284727817    2.39172480672256   -5.94617581452021
   0.34160110403041    2.40021446116254   -5.94102708460967
   0.34367109040013    2.41475894348529   -5.93428956334082
   0.34433611478563    2.41943164836905   -5.93173205267302
   0.34576136597833    2.42944598521737   -5.92605822533431
   0.34784581647446    2.44409209778947   -5.91857625354030
   0.34824913554472    2.44692596528429   -5.91692907746103
   0.34997274281866    2.45903666122605   -5.90992007972837
   0.35201871405598    2.47341240443348   -5.90289302577654
   0.35216168539142    2.47441697339656   -5.90212217890617
   0.35411948356879    2.48817318039332   -5.89473827942016
   0.35619449731343    2.50275298689346   -5.88806894186020
   0.35633464189577    2.50373769405397   -5.88731216053483
   0.35827994865762    2.51740613179059   -5.87977124553362
   0.36000058614371    2.52949596091524   -5.87270577004154
   0.36040482185130    2.53233626903963   -5.87103911208905
   0.36246527638966    2.54681377722449   -5.86419109540700
   0.36404356037609    2.55790337852656   -5.85788793800458
   0.36459164820794    2.56175444435882   -5.85545924676694
   0.36663816234843    2.57613400220278   -5.84845428522680
   0.36807159023910    2.58620579152558   -5.84288635679162
   0.36873262212540    2.59085044364780   -5.84022906340805
   0.37082488261048    2.60555143206250   -5.83196201960857
   0.37173683098119    2.61195911529712   -5.82827249491153
   0.37293607653374    2.62038545374789   -5.82196758524424
   0.37460737311791    2.63212859562560   -5.81339246635872
   0.37498245825281    2.63476408115043   -5.81140339102585
   0.37701608315169    2.64905307446246   -5.79917080660144
   0.37716741938203    2.65011641824061   -5.79830812264194
   0.37916248924452    2.66413450974693   -5.78739336389160
   0.37982221736800    2.66877000115412   -5.78376217606333
   0.38128051419703    2.67901652874551   -5.77565347486938
   0.38238819076340    2.68679946996422   -5.76953093076637
   0.38336869974249    2.69368888514215   -5.76357694195755
   0.38503747567702    2.70541431601234   -5.75410567600449
   0.38541256756898    2.70804984901478   -5.75211676131028
   0.38750655896863    2.72276299946921   -5.74015075315610
   0.38775168598324    2.72448535164648   -5.73907689628647
   0.38957400194346    2.73728961096805   -5.72886894242520
   0.39035921972667    2.74280683868244   -5.72425624722255
   0.39165235875605    2.75189290708792   -5.71676741887081
   0.39282748260537    2.76014975761772   -5.70938760750196
   0.39376457204047    2.76673409117810   -5.70402493490144
   0.39546771950315    2.77870102899295   -5.69482379912082
   0.39584281883766    2.78133661428948   -5.69283504061159
   0.39791267829722    2.79588020489496   -5.68065944388292
   0.39805042734448    2.79684808014875   -5.67978808093012
   0.40000762395010    2.81060006028209   -5.66868971598442
   0.40065723809111    2.81516448714435   -5.66496356857222
   0.40206598826894    2.82506288181901   -5.65732889451270
   0.40325801732564    2.83343851452709   -5.65010941062308
   0.40417755468449    2.83989952077162   -5.64550344320169
   0.40592538417359    2.85218041086794   -5.63579490374133
   0.40633575592924    2.85506383311322   -5.63311733966874
   0.40836709650502    2.86933677593453   -5.62159372897549
   0.40850589704356    2.87031203935111   -5.62072179684182
   0.41040615676034    2.88366396005153   -5.61006445068195
   0.41119265068012    2.88919015436880   -5.60546369230794
   0.41252187649262    2.89852978172851   -5.59826977102816
   0.41375767975585    2.90721298804300   -5.59132470073408
   0.41468175451555    2.91370587572771   -5.58596769942246
   0.41645912539471    2.92619433444952   -5.57627795795794
   0.41669956844043    2.92788377534593   -5.57517595965478
   0.41876987647223    2.94243051778429   -5.56300906903512
   0.41904277826134    2.94434802569917   -5.56124857890837
   0.42086547389067    2.95715495271492   -5.55104352846075
   0.42165044466311    2.96267044484118   -5.54643141753020
   0.42296998631648    2.97194202775222   -5.53917148359020
   0.42428206421772    2.98116116760739   -5.53182942700099
   0.42507073092027    2.98670262869215   -5.52725548783955
   0.42678746269628    2.99876501486742   -5.51726146091799
   0.42720809738599    3.00172054824598   -5.51472920004756
   0.42920075995395    3.01572172521933   -5.50374222841994
   0.42957171224826    3.01832817189267   -5.50172662227070
   0.43128325300355    3.03035408405526   -5.49164732781149
   0.43208124353962    3.03596105780899   -5.48716553164269
   0.43340081164367    3.04523282657223   -5.47990614950124
   0.43471297534871    3.05445256931624   -5.47256478225189
   0.43550165805130    3.05999414282317   -5.46799118147258
   0.43742515220480    3.07350931718507   -5.45752043447721
   0.43756134259932    3.07446624077383   -5.45664468352148
   0.43963186631077    3.08901449865640   -5.44447977538954
   0.44000282903302    3.09162101860026   -5.44246430541438
   0.44171426275747    3.10364617872501   -5.43238542657928
   0.44261922388294    3.11000476701557   -5.42768252803511
   0.44380061051008    3.11830562211600   -5.42127567694584
   0.44514411883401    3.12774560363169   -5.41330443900803
   0.44593281898972    3.13328729977062   -5.40873116703129
   0.44785638386940    3.14680297108051   -5.39826120434528
   0.44799257664916    3.14775991142890   -5.39738551708684
   0.45008474225970    3.16246023322037   -5.38540308299910
   0.45046308623870    3.16511861657735   -5.38343948866039
   0.45214136031514    3.17691078487110   -5.37402001356320
   0.45306682755442    3.18341345662732   -5.36860319056717
   0.45423191818179    3.19159981006523   -5.36201876879725
   0.45557612745978    3.20104471674082   -5.35403856745316
   0.45635199328908    3.20649623420209   -5.34935601375558
   0.45826624069582    3.21994643753485   -5.33879801352376
   0.45840445522322    3.22091758342256   -5.33794610761098
   0.46049482413073    3.23560528092050   -5.32596753117071
   0.46087413515638    3.23827045910143   -5.32398481459860
   0.46255840080405    3.25010472636893   -5.31465871199674
   0.46348204712319    3.25659460367335   -5.30917186408071
   0.46463814957102    3.26471780287009   -5.30258114991448
   0.46595411698073    3.27396427183621   -5.29428052247846
   0.46676317994543    3.27964904452851   -5.28992709250774
   0.46869241002878    3.29320452163421   -5.27952384479673
   0.46882814145914    3.29415822037277   -5.27864338186625
   0.47088662282716    3.30862186434014   -5.26730969274363
   0.47128635695222    3.31143054269704   -5.26456480861950
   0.47300883830927    3.32353332753437   -5.25462444065394
   0.47380023445791    3.32909396670693   -5.25010039401383
   0.47507828143446    3.33807399282209   -5.24332581851656
   0.47643990275584    3.34764124289140   -5.23553867276428
   0.47721581193102    3.35309306491671   -5.23085672211231
   0.47923339724791    3.36726935825148   -5.22097095315181
   0.47936555158231    3.36819792300373   -5.22006175835022
   0.48135890277844    3.38220393853087   -5.20747133991214
   0.48173794703637    3.38486724230407   -5.20548800748495
   0.48342250957101    3.39670359560815   -5.19616374104570
   0.48433046112221    3.40308319572517   -5.19062499291094
   0.48551629473886    3.41141529700244   -5.18325602532866
   0.48671026496139    3.41980456905250   -5.17604352749751
   0.48761381208962    3.42615322208064   -5.17131032884835
   0.48942079871274    3.43884977186569   -5.16101391099292
   0.48968656975320    3.44071717652900   -5.15920045840788
   0.49143891485133    3.45302979494813   -5.14660027824460
   0.49181880399367    3.45569903518864   -5.14284082039736
   0.49287197289644    3.46309898560055   -5.13173939867905
   0.49388782606730    3.47023674201397   -5.11774740909408
   0.49398260990148    3.47090272794548   -5.11674133000999
   0.49462661482480    3.47542774239006   -5.10193299795054
   0.49494544094511    3.47766793147472   -5.08716377595769
   0.49514597537826    3.47907695984354   -5.07231631746882
   0.49519670594056    3.47943341135326   -5.05747507811172
   0.49504208130644    3.47834696204589   -5.04259023140739
   0.49513873526322    3.47902608814373   -5.02780764202574
   0.49513633530017    3.47900922512443   -5.01297191423393
   0.49518961017725    3.47938355392157   -4.99813833147602
   0.49513155549580    3.47897564046843   -4.98330120013558
   0.49518493999124    3.47935073948434   -4.96846809763643
   0.49511276649734    3.47884362208416   -4.95352293107985
   0.49498742115853    3.47796289982854   -4.93877061321773
   0.49512207641547    3.47890903697847   -4.92396271665339
   0.49511054077688    3.47882798335711   -4.90904664144367
   0.49497756647380    3.47789365720459   -4.89429606111189
   0.49497527788524    3.47787757674320   -4.87946252929180
   0.49497299629477    3.47786154545296   -4.86462923806293
   0.49496906240224    3.47783390448337   -4.84981905883882
   0.49477075852549    3.47644054882070   -4.83495449354556
   0.49456081961090    3.47496544112107   -4.81997749264701
   0.49397190094685    3.47082748290831   -4.80528258358315
   0.49382387189963    3.46978737661001   -4.80255355429830
   0.49305459431177    3.46438215054594   -4.79044697159987
   0.49177420877154    3.45538569282590   -4.77640830230453
   0.49164229992081    3.45445885293182   -4.77542140095183
   0.48968274567838    3.44069030717879   -4.76149931680629
   0.48955211040088    3.43977241587668   -4.76057119172865
   0.48759519123317    3.42602238512369   -4.74753721659435
   0.48722302259572    3.42340739197800   -4.74549575783964
   0.48551040914697    3.41137394267832   -4.73450673016759
   0.48498038135737    3.40764977331701   -4.73086879920703
   0.48340263203643    3.39656392877048   -4.72071500416908
   0.48260892434341    3.39098704784054   -4.71612944169429
   0.48132324704901    3.38195340831771   -4.70766439735530
   0.48030766514278    3.37481755790892   -4.70087108148837
   0.47924201899179    3.36732993778149   -4.69455554701020
   0.47792473187882    3.35807419609701   -4.68632467990308
   0.47712709501864    3.35246970739960   -4.68086324735290
   0.47567414512596    3.34226074934120   -4.67170789666171
   0.47504016733537    3.33780618920343   -4.66784836185811
   0.47335289430372    3.32595079095465   -4.65662911784556
   0.47298560011224    3.32337004745155   -4.65458183586294
   0.47100141457887    3.30942843322772   -4.64178287530231
   0.47086720939294    3.30848545844154   -4.64088368122404
   0.46878499741478    3.29385507451646   -4.62783364573920
   0.46864954356437    3.29290332615635   -4.62693885240287
   0.46667914330788    3.27905857233643   -4.61496899164719
   0.46627180582595    3.27619647000960   -4.61230601196514
   0.46461653213669    3.26456591085957   -4.60177803249277
   0.46395389763461    3.25990999817193   -4.59722740782833
   0.46251031910742    3.24976688675955   -4.58798040910828
   0.46160342834723    3.24339474014867   -4.58238056270815
   0.46039112292001    3.23487663823562   -4.57430571114513
   0.45935056108551    3.22756526970243   -4.56777830144547
   0.45830382917664    3.22021054796712   -4.56130054160758
   0.45700022524599    3.21105094933271   -4.55293410090101
   0.45621931489652    3.20556398722529   -4.54827365230902
   0.45465004901392    3.19453775042344   -4.53808262450409
   0.45414850439016    3.19101371421667   -4.53513733856312
   0.45223117268720    3.17754183948914   -4.52275041404671
   0.45209556209692    3.17658898981728   -4.52186237389697
   0.44998142941559    3.16173431934148   -4.50904312274298
   0.44984683541685    3.16078861261408   -4.50816772020879
   0.44786665230102    3.14687512084169   -4.49535766450757
   0.44759971261024    3.14499950481324   -4.49354123840309
   0.44581247525199    3.13244172059593   -4.48210023619308
   0.44519030377545    3.12807011594448   -4.47819236601795
   0.44372125309062    3.11774802782387   -4.46909753207139
   0.44289965719307    3.11197519415540   -4.46385426673027
   0.44159004029008    3.10277334617526   -4.45554760128456
   0.44054968469276    3.09546342674001   -4.44901637419787
   0.43952049146153    3.08823193817693   -4.44240725870447
   0.43823002872424    3.07916467437983   -4.43394361310601
   0.43743274288089    3.07356265205522   -4.42848493271394
   0.43590637078379    3.06283780269922   -4.41886712123393
   0.43536253804951    3.05901663474084   -4.41533822097013
   0.43363073989752    3.04684838669016   -4.40449358657025
   0.43322935499964    3.04402810939882   -4.40178782513484
   0.43121612566851    3.02988242281528   -4.39005012637214
   0.43107923025397    3.02892054549764   -4.38917410236887
   0.42909774669752    3.01499791635322   -4.37638440817062
   0.42882785659320    3.01310156963864   -4.37458804256791
   0.42704409973684    3.00056824070231   -4.36317209547175
   0.42650324162987    2.99676797356476   -4.35952050378809
   0.42494242331542    2.98580109247044   -4.35022443965108
   0.42413432815605    2.98012311993284   -4.34489252420832
   0.42284208563885    2.97104335075021   -4.33643487678129
   0.42191527700530    2.96453125386667   -4.33005400110022
   0.42077352928995    2.95650891627746   -4.32327174075476
   0.41946116769642    2.94728778309636   -4.31497892067440
   0.41865005322414    2.94158859576048   -4.30964343821818
   0.41721148452113    2.93148068520751   -4.30038926860377
   0.41656636427216    2.92694783407644   -4.29661701668469
   0.41486426433366    2.91498825655014   -4.28554482268277
   0.41446383173845    2.91217467048614   -4.28283207248294
   0.41251435868154    2.89847695883461   -4.27070874752469
   0.41238023683154    2.89753456959720   -4.26981020552478
   0.41029928230952    2.88291302101952   -4.25676980535727
   0.41016413299041    2.88196341240784   -4.25587430318084
   0.40819507260647    2.86812807302320   -4.24391227832240
   0.40778683458424    2.86525964317042   -4.24125765561916
   0.40612281656079    2.85356764312591   -4.22989940239481
   0.40548588526565    2.84909233058351   -4.22599115167837
   0.40402852567820    2.83885238839470   -4.21694469298066
   0.40312126253401    2.83247762527748   -4.21135382771378
   0.40194295851478    2.82419842970923   -4.20394459752983
   0.40076821217029    2.81594423166663   -4.19652746596952
   0.39985690553950    2.80954105753175   -4.19094631820030
   0.39842101998783    2.79945199978270   -4.18168749207017
   0.39775599340385    2.79477927945159   -4.17714805039053
   0.39617260820252    2.78365383514545   -4.16708449001703
   0.39563879555715    2.77990307200136   -4.16346826608759
   0.39384991149137    2.76733371741393   -4.15202957457044
   0.39357618575516    2.76541042014495   -4.15028825158076
   0.39157672176206    2.75136145386765   -4.13764702993651
   0.39144182078631    2.75041359020738   -4.13671638427207
   0.38939945708934    2.73606319489955   -4.12433928952694
   0.38912575406337    2.73414005720112   -4.12257771125420
   0.38734008887671    2.72159331963719   -4.11114191264599
   0.38680965408478    2.71786629052849   -4.10751316752737
   0.38526892051920    2.70704053223535   -4.09801031149733
   0.38444588266301    2.70125756683735   -4.09274467941326
   0.38312032927631    2.69194374328630   -4.08460626055988
   0.38208008306640    2.68463459244710   -4.07808112733812
   0.38100388195798    2.67707280932320   -4.07093803700037
   0.37982901283764    2.66881774861251   -4.06347875089279
   0.37894832168908    2.66262969006809   -4.05768538555377
   0.37751503270529    2.65255887675590   -4.04842518498714
   0.37688029187601    2.64809895522887   -4.04456419486506
   0.37506412624931    2.63533791040308   -4.03335752996015
   0.37479668804992    2.63345879167050   -4.03155489584726
   0.37281714393669    2.61954978976440   -4.01875794940183
   0.37268263036017    2.61860464811299   -4.01786384204606
   0.37060231442882    2.60398758650726   -4.00482758092789
   0.37046860065725    2.60304806457830   -4.00392630587656
   0.36855225667077    2.58958312990846   -3.99248778415286
   0.36802175155552    2.58585560668237   -3.98886056604296
   0.36646669913133    2.57492923884466   -3.97857257107249
   0.36568420405740    2.56943114188279   -3.97384432048673
   0.36438235713669    2.56028388864373   -3.96557656904695
   0.36345564846950    2.55377249416045   -3.95920186052262
   0.36229257608377    2.54560032162742   -3.95258456164494
   0.36107486449583    2.53704423404918   -3.94460393757283
   0.36017856146959    2.53074648073461   -3.93892100802686
   0.35872913382417    2.52056227127541   -3.92978173795049
   0.35806161846450    2.51587206389487   -3.92524885279527
   0.35631019097231    2.50356589291110   -3.91447194545760
   0.35604126913998    2.50167634963017   -3.91268107022133
   0.35406040805931    2.48775809422853   -3.89989214583720
   0.35392635813390    2.48681621035966   -3.89899418017022
   0.35184648687445    2.47220227318148   -3.88596228530019
   0.35160990881512    2.47053998909485   -3.88482827868143
   0.34976522730787    2.45757858124902   -3.87294671303934
   0.34936726949324    2.45478238389970   -3.87023250565754
   0.34766025894962    2.44278830266337   -3.85918149203544
   0.34701936584209    2.43828515297622   -3.85540554356461
   0.34559676166596    2.42828941503578   -3.84603498424159
   0.34478863338140    2.42261120974839   -3.84062794150472
   0.34346216537805    2.41329095976576   -3.83250649521203
   0.34242146519499    2.40597861914497   -3.82598449304701
   0.34140960255318    2.39886890165012   -3.82018028342654
   0.33997410962932    2.38878260264785   -3.81092919485113
   0.33930942758212    2.38411230315837   -3.80639254919283
   0.33765137502400    2.37246221865799   -3.79587652284616
   0.33724356516445    2.36959679723300   -3.79323743526972
   0.33537987112910    2.35650180040179   -3.78151031153312
   0.33511741645337    2.35465769773158   -3.77965483335807
   0.33309606311789    2.34045492891817   -3.76709270682473
   0.33295938504013    2.33949457868834   -3.76621686807760
   0.33098069128594    2.32559155171628   -3.75343201686277
   0.33071172785516    2.32370171614943   -3.75163339652363
   0.32889873501679    2.31096296449642   -3.74042729207181
   0.32836210330487    2.30719239355833   -3.73681457969552
   0.32683897512673    2.29649033716495   -3.72728337917528
   0.32603256046436    2.29082417241467   -3.72178453902591
   0.32469611866516    2.28143384288972   -3.71378714260063
   0.32364050326227    2.27401670247198   -3.70738690838506
   0.32261316654976    2.26679825848930   -3.70078732338784
   0.32129765213349    2.25755497242104   -3.69256385327013
   0.32051056855023    2.25202463491222   -3.68700555217978
   0.31910521210921    2.24215008587527   -3.67751489547503
   0.31846062178163    2.23762095816600   -3.67374674531887
   0.31673086726317    2.22546706943294   -3.66292023843589
   0.31632898901550    2.22264332568533   -3.66021767440761
   0.31438300710291    2.20897014409240   -3.64809786884940
   0.31424855812351    2.20802545632397   -3.64720428756016
   0.31216907004153    2.19341421149108   -3.63417657517461
   0.31193273883401    2.19175366187564   -3.63304793999663
   0.31005478856599    2.17855849553266   -3.62049565028429
   0.30978856432867    2.17668790654215   -3.61868497136359
   0.30800269078088    2.16413970495665   -3.60726156979445
   0.30747107778079    2.16040439732588   -3.60363335221545
   0.30591922080182    2.14950048185653   -3.59427095575049
   0.30502516186614    2.14321849634414   -3.58858016179758
   0.30384901538376    2.13495446041992   -3.58117243586723
   0.30257839714824    2.12602663135986   -3.57351676515981
   0.30178132372742    2.12042610159376   -3.56807105968689
   0.30032944953240    2.11022470178103   -3.55894053958594
   0.29966497056988    2.10555582923891   -3.55440558588583
   0.29800728605369    2.09390833073593   -3.54389554274192
   0.29760004450534    2.09104690247353   -3.54125366906514
   0.29563475802452    2.07723807991429   -3.52930166868768
   0.29550076910786    2.07629662471523   -3.52840420639858
   0.29342181445026    2.06168912791736   -3.51537972869645
   0.29328716484505    2.06074303047855   -3.51448316905882
   0.29130885719698    2.04684271642952   -3.50169958773340
   0.29104218162037    2.04496895616387   -3.49989336483014
   0.28925734137434    2.03242801493493   -3.48846502330616
   0.28872146175783    2.02866272849470   -3.48485006086117
   0.28712497987269    2.01744526209167   -3.47493953527411
   0.28634918233950    2.01199422450391   -3.47025581135252
   0.28504123082498    2.00280407815303   -3.46195343648646
   0.28400031963079    1.99549025489073   -3.45543814382053
   0.28295725798062    1.98816132173715   -3.44897232644542
   0.28165355263060    1.97900101049320   -3.44062038668564
   0.28085746836529    1.97340743089594   -3.43517924512303
   0.27933625839477    1.96271885253177   -3.42557423254077
   0.27879337681679    1.95890436774588   -3.42205200983751
   0.27706517228118    1.94676136976002   -3.41121365936956
   0.27666806235437    1.94397112998103   -3.40842996187086
   0.27467861566105    1.92999254892066   -3.39658260902147
   0.27454206205035    1.92903307324199   -3.39570670618031
   0.27253242333870    1.91491261566587   -3.38225264115817
   0.27229637943815    1.91325408477448   -3.38112322592305
   0.27048369560443    1.90051750430124   -3.36992544982764
   0.26995285276245    1.89678760808343   -3.36630492485072
   0.26838131382546    1.88574539996895   -3.35615841411981
   0.26770647059464    1.88100370428206   -3.35171904781850
   0.26631670794131    1.87123872290833   -3.34304002279945
   0.26529433602973    1.86405516343528   -3.33642819767921
   0.26421468941356    1.85646917091211   -3.32926670366721
   0.26302075814735    1.84808017258339   -3.32206496002690
   0.26210102813047    1.84161781265293   -3.31653188772288
   0.26066458042236    1.83152480498692   -3.30727431057086
   0.26003318834044    1.82708841298519   -3.30342313171182
   0.25832116327789    1.81505909790245   -3.29245692131523
   0.25791911141742    1.81223413428769   -3.28975747727819
   0.25597401405126    1.79856716784197   -3.27764333705431
   0.25583961904282    1.79762285929327   -3.27675021077305
   0.25378837989015    1.78321010178324   -3.26352534381329
   0.25365564173736    1.78227743490919   -3.26260008885851
   0.25167767128598    1.76837949012761   -3.24982162568918
   0.25130832057416    1.76578429675942   -3.24778702255618
   0.24959593829881    1.75375247176868   -3.23682890024238
   0.24896542397626    1.74932224722576   -3.23297180841252
   0.24749499112049    1.73899044746592   -3.22306986521987
   0.24671938372948    1.73354074588672   -3.21838772377934
   0.24541173074999    1.72435269715231   -3.21008823519554
   0.24437067753482    1.71703787599863   -3.20357671846459
   0.24332829730079    1.70971373072441   -3.19711130901929
   0.24202448972044    1.70055270117265   -3.18876382168914
   0.24126137047012    1.69519074584346   -3.18399929595547
   0.23957923180809    1.68337142355607   -3.17371940502880
   0.23917935172939    1.68056171967538   -3.17101122137151
   0.23723280341500    1.66688455833596   -3.15890704919740
   0.23709886502409    1.66594345814928   -3.15801001987636
   0.23509033281121    1.65183077523882   -3.14455045803062
   0.23495915619736    1.65090908030918   -3.14364444379501
   0.23287591309145    1.63627145130294   -3.13064654112591
   0.23264181301130    1.63462657840559   -3.12951341936852
   0.23085757721649    1.62208988427225   -3.11809068289571
   0.23032660864127    1.61835910460664   -3.11447220191325
   0.22875588189958    1.60732260327379   -3.10432716332724
   0.22798060638119    1.60187523355316   -3.09966089657008
   0.22669151786667    1.59281762554853   -3.09121388413623
   0.22566830302552    1.58562814334357   -3.08461104002998
   0.22460517082313    1.57815818713972   -3.07823055872152
   0.22326339068960    1.56873034852267   -3.07025534232003
   0.22246065410118    1.56309002726699   -3.06483030609845
   0.22104049277231    1.55311145366603   -3.05545997486134
   0.22040949021119    1.54867779858015   -3.05160913850675
   0.21859552367310    1.53593220535627   -3.04041746745956
   0.21832838514744    1.53405519224108   -3.03861735223340
   0.21635135770995    1.52016387342046   -3.02583673977853
   0.21621699349410    1.51921978123181   -3.02494388336685
   0.21417100760705    1.50484393508996   -3.01259761633078
   0.21390521270340    1.50297636275510   -3.01079843061674
   0.21208833558266    1.49021031871161   -2.99869595011852
   0.21168692469202    1.48738985878564   -2.99598839511058
   0.20998903939919    1.47545989490333   -2.98584460156121
   0.20931442598915    1.47071981402136   -2.98140723647104
   0.20792477188551    1.46095559535751   -2.97273347230432
   0.20699819720557    1.45444514231765   -2.96637084667762
   0.20580686698024    1.44607441985478   -2.95910452050247
   0.20461989554571    1.43773432385233   -2.95179317515242
   0.20369293035840    1.43122112696476   -2.94543727355263
   0.20230583908571    1.42147491568969   -2.93675255111144
   0.20167426761686    1.41703726324973   -2.93289670417238
   0.20008927765972    1.40590054334152   -2.92194402293501
   0.19957872734651    1.40231322986260   -2.91907636345844
   0.19761412728797    1.38850923035768   -2.90713579288053
   0.19748021742230    1.38756833059981   -2.90623901878487
   0.19543315850370    1.37318494494528   -2.89302086799475
   0.19529661803310    1.37222556159378   -2.89209870740882
   0.19326645586094    1.35796089866785   -2.87884868940050
   0.19302618591988    1.35627267406809   -2.87774676963864
   0.19122098867362    1.34358869710020   -2.86647667665461
   0.19057874696440    1.33907607164371   -2.86271418466311
   0.18914162293408    1.32897831189008   -2.85347576572939
   0.18833396898311    1.32330343944423   -2.84813446454774
   0.18702667760673    1.31411793146574   -2.83983862471459
   0.18598541242049    1.30680162092566   -2.83333146025942
   0.18494390485617    1.29948360734844   -2.82686706091851
   0.18363993070156    1.29032140738495   -2.81852474655246
   0.18284485146408    1.28473488948133   -2.81308577972578
   0.18132512605122    1.27405674216298   -2.80348518022628
   0.18081461781314    1.27046972431926   -2.80061789127067
   0.17897929444826    1.25757407020889   -2.78867874228812
   0.17870597384487    1.25565361955157   -2.78694077649628
   0.17670944822885    1.24162529938773   -2.77431899831283
   0.17657475165793    1.24067887195066   -2.77338556302230
   0.17455684335598    1.22650030920455   -2.76086705324540
   0.17428897826298    1.22461819096110   -2.75906686700897
   0.17246664912492    1.21181383904730   -2.74703955300234
   0.17196866927355    1.20831485023686   -2.74403553675749
   0.17039360441430    1.19724786770128   -2.73398747053355
   0.16961623746040    1.19178580278879   -2.72924275835678
   0.16831167218907    1.18261944942277   -2.72101365289815
   0.16738509737744    1.17610899545765   -2.71465301324997
   0.16619449013024    1.16774335290388   -2.70738729152786
   0.16500722338776    1.15940118195968   -2.70007916132104
   0.16411312655470    1.15311893016631   -2.69440133312286
   0.16256343808340    1.14223025142609   -2.68504165747721
   0.16203144559879    1.13849227739813   -2.68142432784795
   0.16032087675767    1.12647319426039   -2.67046365338010
   0.15991854862272    1.12364628943999   -2.66776776206775
   0.15800298246531    1.11018682008208   -2.65543253186534
   0.15786909656575    1.10924608871884   -2.65453598220641
   0.15576804929126    1.09448336110373   -2.64172183003664
   0.15563140260490    1.09352323144143   -2.64085297257722
   0.15368009134424    1.07981260389714   -2.62785938252060
   0.15341361756779    1.07794026155340   -2.62605496137617
   0.15163174411261    1.06542016608350   -2.61555119355531
   0.15096498090876    1.06073524362518   -2.61101965037367
   0.14951743693137    1.05056426950742   -2.60190088076487
   0.14872271832098    1.04498028550178   -2.59644852478793
   0.14744966883873    1.03603537361178   -2.58881518652082
   0.14627703878138    1.02779604537769   -2.58141341721370
   0.14536721356059    1.02140328017197   -2.57584456489171
   0.14393175631180    1.01131723183586   -2.56660999386519
   0.14325562447420    1.00656648192572   -2.56219137245267
   0.14168576884791    0.99553610136870   -2.55204082627636
   0.14118760390006    0.99203581200263   -2.54910144823339
   0.13934443836038    0.97908505590014   -2.53723294652797
   0.13908014576736    0.97722803934994   -2.53538776768614
   0.13705948869559    0.96303016274039   -2.52286535245035
   0.13692517223784    0.96208640611762   -2.52197294264874
   0.13491703034188    0.94797646571677   -2.50852976010846
   0.13478351140390    0.94703831275995   -2.50763017413138
   0.13283702186890    0.93336156442606   -2.49554118326905
   0.13243807366909    0.93055840826779   -2.49282863743214
   0.13076912169549    0.91883174048263   -2.48245904315155
   0.12999324330846    0.91338013478610   -2.47779775248150
   0.12867296806102    0.90410339737444   -2.46960793931573
   0.12761570112391    0.89667465267245   -2.46322703191998
   0.12655789439845    0.88924211521986   -2.45595628803389
   0.12530220191180    0.88041915993759   -2.44819180183879
   0.12449295984499    0.87473312880821   -2.44286974539259
   0.12305609282644    0.86463717491345   -2.43362405320492
   0.12241463121818    0.86013003073197   -2.42987161221243
   0.12071118222907    0.84816097428202   -2.41882275441162
   0.12031332006233    0.84536544898979   -2.41612110977728
   0.11836968336989    0.83170874577250   -2.40401738732489
   0.11823537569140    0.83076505083610   -2.40312506607731
   0.11619003167918    0.81639371474186   -2.39078661847355
   0.11592247753258    0.81451378132170   -2.38898664658996
   0.11406735781100    0.80147903075917   -2.37627009984967
   0.11370762467934    0.79895141403141   -2.37418561168357
   0.11201001493583    0.78702338625954   -2.36404889233173
   0.11133567590267    0.78228523325002   -2.35961414113387
   0.10991355798430    0.77229291193469   -2.35026845367054
   0.10901946277064    0.76601067151986   -2.34458775919600
   0.10779787755989    0.75742736644915   -2.33667736245211
   0.10674570775449    0.75003443606126   -2.33020765760926
   0.10571590864343    0.74279869036465   -2.32366582278467
   0.10442754360225    0.73374616574863   -2.31521862704391
   0.10365277629753    0.72830236692335   -2.31056710935894
   0.10208276502082    0.71727089270949   -2.30041868710690
   0.10155242900285    0.71354455762274   -2.29680816340008
   0.09974205867479    0.70082423268763   -2.28561380377268
   0.09947339992430    0.69893653791605   -2.28382284986370
   0.09750171761345    0.68508277591264   -2.27101483683703
   0.09736696424436    0.68413594939088   -2.27008093202766
   0.09533995089466    0.66989341124469   -2.25855987137938
   0.09492570986107    0.66698280203559   -2.25600691547860
   0.09325195846492    0.65522241174989   -2.24564973590176
   0.09257765639604    0.65048451846492   -2.24121537991236
   0.09115553082977    0.64049214341264   -2.23187045471823
   0.09026141522621    0.63420975973093   -2.22619017105961
   0.08905620649141    0.62574152177778   -2.21908299450008
   0.08785822459851    0.61732406226253   -2.21180623010677
   0.08695180963799    0.61095525879443   -2.20627683194959
   0.08540921863836    0.60011644948941   -2.19682334875249
   0.08490228027275    0.59655451487709   -2.19396570233287
   0.08293793625976    0.58275231444193   -2.18202055295893
   0.08280364228154    0.58180871576863   -2.18112837907436
   0.08070501927302    0.56706302193406   -2.16831988741715
   0.08046482806749    0.56537535055904   -2.16721870089351
   0.07866012334321    0.55269483423094   -2.15595584049296
   0.07811932751277    0.54889500467118   -2.15242208088445
   0.07656659271648    0.53798492133586   -2.14307814869541
   0.07567245979729    0.53170241598820   -2.13739810492858
   0.07448321640094    0.52334635634996   -2.13013564092277
   0.07328582392693    0.51493303830763   -2.12302305255145
   0.07240320600310    0.50873144153450   -2.11807033459334
   0.07082654307667    0.49765323039364   -2.10802478457751
   0.07032270591678    0.49411308598848   -2.10509499511148
   0.06848013203766    0.48116648710968   -2.09323057442568
   0.06820818286051    0.47925567259539   -2.09150366396365
   0.06616986533113    0.46493370714284   -2.08000351733269
   0.06590253843911    0.46305537049664   -2.07820411626137
   0.06407165866220    0.45019093866275   -2.06716825964916
   0.06353088060960    0.44639123401653   -2.06363470741005
   0.06196325037023    0.43537648984302   -2.05445332206323
   0.06103442797426    0.42885024352717   -2.04906577185956
   0.05986376351784    0.42062472632504   -2.04157407779806
   0.05869779293925    0.41243219002763   -2.03423643680083
   0.05778239906446    0.40600029741950   -2.02860964794504
   0.05623834892961    0.39515123569604   -2.01924005070412
   0.05573443814950    0.39161057400825   -2.01631022729687
   0.05378891925716    0.37794064576514   -2.00421739544615
   0.05365165406442    0.37697617025048   -2.00335660442589
   0.05158171846072    0.36243204462834   -1.99122016259100
   0.05131445102333    0.36055412573216   -1.98942099613604
   0.04948360988079    0.34768996535742   -1.97838572389339
   0.04894284731033    0.34389036949441   -1.97485236417565
   0.04739006668661    0.33297996415880   -1.96550913249536
   0.04649589359817    0.32669717656725   -1.95982939745502
   0.04532319556270    0.31845737069403   -1.95242984675345
   0.04413609717580    0.31011638267775   -1.94521585001119
   0.04324375667639    0.30384647152787   -1.94036947734914
   0.04177437542532    0.29352206072775   -1.93046763809960
   0.04113375128513    0.28902080090361   -1.92671777162105
   0.03928690796374    0.27604420335988   -1.91585837726000
   0.03901742644954    0.27415072754917   -1.91402660435642
   0.03696154733840    0.25970536799168   -1.90177217983538
   0.03672728727085    0.25805937096421   -1.90064396068444
   0.03490788220325    0.24527556464025   -1.88950058823425
   0.03425138592803    0.24066278138259   -1.88584601773093
   0.03283484769939    0.23070966501069   -1.87740930303258
   0.03190816075750    0.22419842317735   -1.87105198813135
   0.03071941779377    0.21584587976195   -1.86379203867020
   0.02943305947627    0.20680745512142   -1.85625516815162
   0.02862400271411    0.20112272601038   -1.85093524118631
   0.02706304668977    0.19015487731596   -1.84168479926923
   0.02655013588345    0.18655097814792   -1.83883622959319
   0.02458581627262    0.17274894917133   -1.82689318748567
   0.02445153719759    0.17180545521327   -1.82600120293586
   0.02237407242958    0.15720842692536   -1.81299784808772
   0.02224058983832    0.15627052935396   -1.81209868158207
   0.02030851691437    0.14269507740903   -1.80083425735380
   0.01976777846029    0.13889565099653   -1.79730123844435
   0.01819770794488    0.12786376054987   -1.78718326947299
   0.01742269589010    0.12241824202102   -1.78250698032227
   0.01614822434630    0.11346333820581   -1.77488065076145
   0.01496189611321    0.10512776157230   -1.76766895969893
   0.01402342036637    0.09853368727791   -1.76230233050207
   0.01246913110413    0.08761268169555   -1.75291957421097
   0.01197168759968    0.08411746145501   -1.74998314100629
   0.01002658474024    0.07045045641142   -1.73789319678452
   0.00988932856234    0.06948604423830   -1.73703253221351
   0.00779805688893    0.05479200357651   -1.72507360481885
   0.00752596590333    0.05288019266406   -1.72332496245261
   0.00572906545350    0.04025451202644   -1.71200250660725
   0.00520759206779    0.03659044903974   -1.70830392357435
   0.00364279236583    0.02559559325864   -1.69907471819893
   0.00273349237833    0.01920651853445   -1.69350915408527
   0.00152958282360    0.01074740909629   -1.68640803704733
   0.00033451563082    0.00235042933150   -1.67910218994622
  -0.00053517395793   -0.00376032822463   -1.67418729589504
  -0.00221600448359   -0.01557045906692   -1.66392039180093
  -0.00262413739134   -0.01843815034687   -1.66129750232869
  -0.00458848660347   -0.03224038731302   -1.64935500878821
  -0.00472286145016   -0.03318455419783   -1.64843213123844
  -0.00678019834814   -0.04764015669957   -1.63623669040532
  -0.00716548526302   -0.05034732366678   -1.63433346237119
  -0.00887079771571   -0.06232947349433   -1.62805698512766
  -0.01094286211144   -0.07688855678886   -1.62416990511882
  -0.01302466627041   -0.09151607522694   -1.62301635198400
  -0.01511058969975   -0.10617253716720   -1.62139630176998
  -0.01719176840861   -0.12079566096376   -1.62021006993021
  -0.01875720977560   -0.13179502531835   -1.61908748496028
  -0.01927815683883   -0.13545539017052   -1.61862522524699
  -0.02122999389075   -0.14916971211675   -1.61971561159139
  -0.02136455404192   -0.15011518101864   -1.62021316236868
  -0.02343777178046   -0.16468236812223   -1.62092262480135
  -0.02551664400240   -0.17928928569693   -1.62529700109399
  -0.02758042056294   -0.19379013562623   -1.63371985881074
  -0.02771848561561   -0.19476023124969   -1.63457059014205
  -0.02969072731101   -0.20861792369376   -1.64548944792553
  -0.03045723685658   -0.21400370047896   -1.64935755451384
  -0.03176344695454   -0.22318161099934   -1.65667984641168
  -0.03295179688365   -0.23153139280949   -1.66393884696952
  -0.03389045313873   -0.23812673542089   -1.66922655806581
  -0.03558317631741   -0.25002042839870   -1.67850584763342
  -0.03596000210135   -0.25266814436117   -1.68047014075093
  -0.03805030799705   -0.26735539911510   -1.69243497017193
  -0.03818691352916   -0.26831523961263   -1.69330331863190
  -0.04009035407708   -0.28168950999751   -1.70390730435099
  -0.04087703460533   -0.28721701549428   -1.70853880609763
  -0.04221507405673   -0.29661857070872   -1.71650739186332
  -0.04327324192285   -0.30405364566788   -1.72288632944885
  -0.04429585668174   -0.31123891147506   -1.72855547644150
  -0.04587156237181   -0.32231039672263   -1.73769010739230
  -0.04637566839666   -0.32585243027148   -1.74061940921751
  -0.04834451162594   -0.33968624384800   -1.75249017510998
  -0.04848258317770   -0.34065638513647   -1.75334097301578
  -0.05054570984455   -0.35515266867466   -1.76464188330471
  -0.05105556916287   -0.35873512697050   -1.76750473842043
  -0.05260435696521   -0.36961747728079   -1.77598862791277
  -0.05369314034891   -0.37726766807874   -1.78206978057726
  -0.05477091849469   -0.38484053204470   -1.78812519719504
  -0.05681091674304   -0.39917430684416   -1.79447305173019
  -0.05884377116960   -0.41345788653549   -1.79357273305062
  -0.06094509216439   -0.42822253740967   -1.78583526509015
  -0.06205788875920   -0.43604145382325   -1.79698196686112
  -0.06229247703689   -0.43768975697535   -1.81171530616502
  -0.06277698888781   -0.44109411468221   -1.82666169822863
  -0.06302202350859   -0.44281581766659   -1.82951461440571
  -0.06404815082258   -0.45002576397236   -1.84171792694258
  -0.06513938180776   -0.45769315251471   -1.84874917982945
  -0.06644672921351   -0.46687905417605   -1.85607556492510
  -0.06721959166427   -0.47230946879975   -1.86081317112802
  -0.06890084844583   -0.48412259467208   -1.87108392954010
  -0.06930904470961   -0.48699073111473   -1.87370738142477
  -0.07134319944096   -0.50128344722374   -1.88521722063820
  -0.07148285400989   -0.50226471137062   -1.88610417510760
  -0.07343842692733   -0.51600528287614   -1.89716096043652
  -0.07398123521027   -0.51981925266420   -1.90067981034319
  -0.07554594372328   -0.53081346771832   -1.90990878469798
  -0.07645508605824   -0.53720143471807   -1.91547296141329
  -0.07762851507064   -0.54544637670295   -1.92195151674348
  -0.07908484225718   -0.55567906486490   -1.93005348373603
  -0.07973362112399   -0.56023762278475   -1.93379159518410
  -0.08169006987944   -0.57398434824894   -1.94485153336885
  -0.08182815424121   -0.57495457954526   -1.94570245294765
  -0.08392335017489   -0.58967619349686   -1.95765668712400
  -0.08419785745588   -0.59160498218565   -1.95938747483248
  -0.08599905477042   -0.60426085416836   -1.96976184278164
  -0.08677418572584   -0.60970720813660   -1.97443911841618
  -0.08806510179998   -0.61877765724450   -1.98192893883691
  -0.08925321741212   -0.62712579265781   -1.98923248528551
  -0.09014258838249   -0.63337483880912   -1.99401084979478
  -0.09185343167198   -0.64539585032156   -2.00403843277523
  -0.09223042237598   -0.64804472507283   -2.00600352186784
  -0.09429787487486   -0.66257140349111   -2.01816730561366
  -0.09443279100741   -0.66351937364861   -2.01906671946983
  -0.09640894431195   -0.67740455049104   -2.02996077244912
  -0.09706254375730   -0.68199697956111   -2.03364016238093
  -0.09848640101658   -0.69200152212276   -2.04204956958300
  -0.09954417706325   -0.69943384401491   -2.04842832438252
  -0.10059935611818   -0.70684791849209   -2.05474381565295
  -0.10214350827374   -0.71769769705043   -2.06323772058957
  -0.10268919828752   -0.72153191493474   -2.06672795894201
  -0.10462101313554   -0.73510555354367   -2.07803222384829
  -0.10475532367434   -0.73604926857771   -2.07892446762087
  -0.10683948938633   -0.75069338015213   -2.09091772440656
  -0.10722247914778   -0.75338440647802   -2.09284172490301
  -0.10891129159183   -0.76525062120210   -2.10306855276083
  -0.10980290946274   -0.77151545489951   -2.10785832938272
  -0.11097694546693   -0.77976466183097   -2.11433880900477
  -0.11232724253932   -0.78925234357961   -2.12221437469243
  -0.11311651191248   -0.79479803924879   -2.12681284458967
  -0.11491203409674   -0.80741403568779   -2.13723393086641
  -0.11518073489679   -0.80930202591499   -2.13902475774473
  -0.11724889808665   -0.82383369790834   -2.15116993048361
  -0.11738553648033   -0.82479376930332   -2.15203858731785
  -0.11933698918980   -0.83850539071870   -2.16316085225174
  -0.11999064067638   -0.84309818544958   -2.16684068603158
  -0.12141457296784   -0.85310325521474   -2.17525107183657
  -0.12258710741984   -0.86134191169063   -2.18168360679911
  -0.12351035878939   -0.86782901393457   -2.18718692641086
  -0.12508784458527   -0.87891300685752   -2.19624261212061
  -0.12560581327601   -0.88255244457382   -2.19913400974037
  -0.12754960134618   -0.89621021142649   -2.21123803215650
  -0.12768392153772   -0.89715399428418   -2.21209879088532
  -0.12977919674368   -0.91187616523192   -2.22405573977052
  -0.13005229244789   -0.91379503566529   -2.22579933092217
  -0.13185763483060   -0.92648003241501   -2.23706587600502
  -0.13249985449483   -0.93099250297538   -2.24084250341069
  -0.13395361830387   -0.94120717990822   -2.24990530900070
  -0.13488021964901   -0.94771782030750   -2.25532866710368
  -0.13600456306688   -0.95561786892863   -2.26223174769202
  -0.13729348381895   -0.96467429817291   -2.27067636865779
  -0.13808425718290   -0.97023056143218   -2.27522047007829
  -0.13979525077290   -0.98225262901111   -2.28525059429784
  -0.14016532655111   -0.98485291696125   -2.28727577547109
  -0.14214167987605   -0.99873949922028   -2.30005044721473
  -0.14227601050682   -0.99968335542782   -2.30094286961364
  -0.14434337301177   -1.01420940151583   -2.31310739121704
  -0.14461557836229   -1.01612201599808   -2.31485702494199
  -0.14643646814567   -1.02891625447881   -2.32598225342864
  -0.14709019044704   -1.03350954678032   -2.32966267436257
  -0.14851458560891   -1.04351786884249   -2.33900422598149
  -0.14950648678477   -1.05048732976715   -2.34491673183520
  -0.15059898742605   -1.05816363937824   -2.35195228202705
  -0.15188625206395   -1.06720843215781   -2.35949382380263
  -0.15267707480529   -1.07276504236071   -2.36403833278666
  -0.15436156892026   -1.08460091492314   -2.37429699322868
  -0.15476989555299   -1.08746996738578   -2.37692160470556
  -0.15675656119687   -1.10142900777432   -2.38865293997937
  -0.15690519831845   -1.10247338662577   -2.38952848107921
  -0.15891477285814   -1.11659339330622   -2.40210387874518
  -0.15918249896544   -1.11847453498521   -2.40390467620328
  -0.16101400169442   -1.13134334390851   -2.41494552252896
  -0.16165669942464   -1.13585917353560   -2.41870522816898
  -0.16309337655772   -1.14595379322548   -2.42794355149950
  -0.16409983991864   -1.15302557339541   -2.43374097891686
  -0.16516067088499   -1.16047936027213   -2.44013037188312
  -0.16638018832456   -1.16904813642521   -2.44808332638917
  -0.16728866770781   -1.17543144528346   -2.45364126638427
  -0.16897728202619   -1.18729626790402   -2.46291199172356
  -0.16938439021647   -1.19015675914375   -2.46559167462711
  -0.17132862693435   -1.20381767835953   -2.47769885737404
  -0.17146297601641   -1.20476166421267   -2.47859143846891
  -0.17350885766782   -1.21913677795674   -2.49093341766869
  -0.17377667057220   -1.22101852950374   -2.49273428650615
  -0.17560828765264   -1.23388814190228   -2.50377620320270
  -0.17625088016194   -1.23840323220868   -2.50753642346249
  -0.17765550351483   -1.24827263029996   -2.51611432283374
  -0.17859648904079   -1.25488433922158   -2.52234229957363
  -0.17977199460064   -1.26314387178937   -2.52882492974219
  -0.18112208284120   -1.27263008620903   -2.53670960924208
  -0.18194280134305   -1.27839675497396   -2.54202460050115
  -0.18355030439962   -1.28969166016373   -2.55195907683893
  -0.18395868993785   -1.29256112651803   -2.55458418078730
  -0.18592362175922   -1.30636745711002   -2.56653564779652
  -0.18605798095995   -1.30731151406060   -2.56742831404582
  -0.18810398649249   -1.32168749823890   -2.57977155254206
  -0.18847546910163   -1.32429767109845   -2.58180003227794
  -0.19020362836519   -1.33644035098634   -2.59261550855649
  -0.19084611350267   -1.34095468685895   -2.59637633761343
  -0.19225103095901   -1.35082615142876   -2.60495444311061
  -0.19328998970311   -1.35812625606172   -2.61141233636106
  -0.19435097289841   -1.36558111255475   -2.61780512483885
  -0.19569227528750   -1.37500559436433   -2.62578228128827
  -0.19647641118848   -1.38051522037799   -2.63041503892935
  -0.19814627554271   -1.39224829888361   -2.64080315820333
  -0.19855469324439   -1.39511799123007   -2.64342852579296
  -0.20051971547800   -1.40892495709163   -2.65538136196982
  -0.20065408539675   -1.40986908935093   -2.65627411727135
  -0.20270022295618   -1.42424600119846   -2.66861868417906
  -0.20296821893659   -1.42612903910475   -2.67041961086510
  -0.20480008755619   -1.43900041890955   -2.68146384002416
  -0.20544691976198   -1.44354529887617   -2.68522873450821
  -0.20686167522227   -1.45348588886470   -2.69367234563935
  -0.20778843620789   -1.45999765095646   -2.70003425399457
  -0.20899597666856   -1.46848227246949   -2.70714648053348
  -0.21039803329964   -1.47833363583329   -2.71484743300351
  -0.21108608658859   -1.48316815022659   -2.71914005412656
  -0.21277365745709   -1.49502564118615   -2.72942235036171
  -0.21313975751054   -1.49759799423810   -2.73145580610599
  -0.21511697202425   -1.51149062752486   -2.74423640268357
  -0.21525135326368   -1.51243483932737   -2.74512925095663
  -0.21731976837156   -1.52696828138900   -2.75729923837358
  -0.21759207679436   -1.52888162009486   -2.75904972416258
  -0.21942696041954   -1.54177418443307   -2.77007914046212
  -0.22006945576253   -1.54628859201337   -2.77385799724079
  -0.22152414473868   -1.55650976950913   -2.78292550840683
  -0.22254905039587   -1.56371113200675   -2.78866366820230
  -0.22357523284234   -1.57092146569349   -2.79526051590167
  -0.22488768791702   -1.58014325570737   -2.80349388130608
  -0.22567153789638   -1.58565087273097   -2.80812926668841
  -0.22734174434618   -1.59738635492537   -2.81851941406178
  -0.22771824297626   -1.60003177218505   -2.82049691806657
  -0.22971545568998   -1.61406492014893   -2.83310117497988
  -0.22985079103658   -1.61501583585786   -2.83396039023183
  -0.23192621730890   -1.62959854092858   -2.84610632343737
  -0.23219282997829   -1.63147185918501   -2.84791168012983
  -0.23399358640367   -1.64412463331900   -2.85828789895842
  -0.23466838874690   -1.64886604171476   -2.86272606348496
  -0.23612325893319   -1.65908849245938   -2.87179441458771
  -0.23705223399168   -1.66561581143796   -2.87728874852393
  -0.23822587702789   -1.67386225723253   -2.88463566412409
  -0.23961950173544   -1.68365437481363   -2.89235760334169
  -0.24028846081698   -1.68835472631273   -2.89687293370556
  -0.24196783510600   -1.70015462510308   -2.90716506985416
  -0.24233760488204   -1.70275276296995   -2.90919281317583
  -0.24438727547968   -1.71715449923784   -2.92152301449837
  -0.24451955485498   -1.71808394257328   -2.92243329344815
  -0.24649621962013   -1.73197271312525   -2.93521810062945
  -0.24686812236249   -1.73458583799468   -2.93724663455368
  -0.24861305423760   -1.74684636839392   -2.94792488540993
  -0.24926713115620   -1.75144215236595   -2.95160806637723
  -0.25074343218821   -1.76181518408119   -2.96053491098097
  -0.25174835389100   -1.76887613199651   -2.96641443951716
  -0.25279087843906   -1.77620129127388   -2.97288181505883
  -0.25419515289687   -1.78606823790057   -2.98146153859679
  -0.25487176388409   -1.79082235449135   -2.98588353608088
  -0.25656879270363   -1.80274630047873   -2.99604857913469
  -0.25693851661421   -1.80534411607809   -2.99807686734987
  -0.25893897084104   -1.81940004010025   -3.01064209750209
  -0.25908023651406   -1.82039262445443   -3.01150810792886
  -0.26114790704221   -1.83492083482620   -3.02369049147714
  -0.26152297556304   -1.83755620361458   -3.02567910747078
  -0.26322759189883   -1.84953346226983   -3.03671320097026
  -0.26387026297137   -1.85404910459028   -3.04049340819159
  -0.26526032039475   -1.86381615712634   -3.04917100674449
  -0.26628725505808   -1.87103177616420   -3.05575120365865
  -0.26736492033928   -1.87860384710223   -3.06201853638547
  -0.26869691808443   -1.88796295107597   -3.07012184341636
  -0.26947395188663   -1.89342267514253   -3.07477671155726
  -0.27119084400930   -1.90548618797214   -3.08473070839606
  -0.27160832333744   -1.90841955062477   -3.08736035409241
  -0.27352110378252   -1.92185944654762   -3.09975524516934
  -0.27365335085320   -1.92278866289896   -3.10065122775481
  -0.27572280262049   -1.93732938890926   -3.11282604863090
  -0.27609977069666   -1.93997810466910   -3.11480412110922
  -0.27783059977468   -1.95213954365116   -3.12561281807328
  -0.27847333515232   -1.95665563780281   -3.12939351106793
  -0.27989683306188   -1.96665765544160   -3.13781739137096
  -0.28095319919870   -1.97408007079088   -3.14420846447431
  -0.28198008346447   -1.98129533571699   -3.15080759931685
  -0.28329434722084   -1.99052983419083   -3.15903893295571
  -0.28407761092129   -1.99603333180412   -3.16368113288389
  -0.28587734813134   -2.00867894455797   -3.17407704978514
  -0.28614464334687   -2.01055705863350   -3.17587813655357
  -0.28814581745584   -2.02461804081121   -3.18844516748545
  -0.28828635695604   -2.02560552280929   -3.18931692724567
  -0.29030190798108   -2.03976752246454   -3.20100552993841
  -0.29070417683663   -2.04259401076615   -3.20371346594926
  -0.29241850300423   -2.05463949425578   -3.21373271337100
  -0.29310237689121   -2.05944464264018   -3.21808148824860
  -0.29451668880224   -2.06938211608912   -3.22660827859646
  -0.29555786439604   -2.07669779711992   -3.23312273062133
  -0.29660119862708   -2.08402864552653   -3.23959086911180
  -0.29803153953798   -2.09407874459885   -3.24794905540029
  -0.29866740713389   -2.09854658320094   -3.25179586349088
  -0.30038040892818   -2.11058276115862   -3.26276600254697
  -0.30079020188459   -2.11346211654840   -3.26537649715666
  -0.30282669910292   -2.12777129182880   -3.27691821696814
  -0.30296138062256   -2.12871761351012   -3.27781528838144
  -0.30496095329441   -2.14276734340408   -3.29041874420959
  -0.30533613525103   -2.14540350923382   -3.29240818110097
  -0.30700892803815   -2.15715716398143   -3.30278774656237
  -0.30778394306237   -2.16260270337467   -3.30745865250918
  -0.30907429064065   -2.17166915802241   -3.31591084330383
  -0.31010245398596   -2.17889341022978   -3.32248634245130
  -0.31118027532186   -2.18646657766533   -3.32876009177142
  -0.31253150151844   -2.19596078778077   -3.33665340889974
  -0.31330664835628   -2.20140725334474   -3.34139890615544
  -0.31500757192215   -2.21335856524615   -3.35148055005230
  -0.31538667257053   -2.21602226523927   -3.35349038357187
  -0.31745860028959   -2.23058038819349   -3.36564990545146
  -0.31759540151233   -2.23154160368507   -3.36651986116834
  -0.31954544340815   -2.24524331220708   -3.37862444153535
  -0.31994488495916   -2.24804993483155   -3.38134071997519
  -0.32166161960515   -2.26011234117239   -3.39229810142646
  -0.32229286947579   -2.26454773394551   -3.39616381564289
  -0.32371603267079   -2.27454739975730   -3.40459102251925
  -0.32477201286016   -2.28196710329839   -3.41098786156752
  -0.32578359759543   -2.28907486812011   -3.41679458863522
  -0.32724691964367   -2.29935670474209   -3.42581517850395
  -0.32792709628311   -2.30413587491126   -3.43021816713002
  -0.32974877593107   -2.31693566326982   -3.44041793996901
  -0.33002210230852   -2.31885615449784   -3.44225917909765
  -0.33197364280006   -2.33256839270220   -3.45523197241220
  -0.33210746883118   -2.33350870340784   -3.45611888650695
  -0.33414556547551   -2.34782911684109   -3.46764517870281
  -0.33455297371872   -2.35069171636262   -3.47028820503617
  -0.33624199058135   -2.36255936740646   -3.48053771560504
  -0.33703104333257   -2.36810354101054   -3.48511449132372
  -0.33834059451486   -2.37730492721299   -3.49342032261094
  -0.33938163090637   -2.38461963015748   -3.49993957174918
  -0.34042586671256   -2.39195681336130   -3.50640823466180
  -0.34185718590607   -2.40201378620550   -3.51476732175260
  -0.34249258486447   -2.40647833198877   -3.51861946215441
  -0.34433539092915   -2.41942656228833   -3.52959486112743
  -0.34460572933442   -2.42132605892955   -3.53138885234203
  -0.34658429105727   -2.43522815820108   -3.54418957707015
  -0.34671795202849   -2.43616730913536   -3.54507827328345
  -0.34875655593940   -2.45049128680939   -3.55660426975550
  -0.34916401560699   -2.45335424765746   -3.55924768447703
  -0.35085328971659   -2.46522370621271   -3.56949845433692
  -0.35164243945778   -2.47076856130387   -3.57407593328519
  -0.35295204663009   -2.47997034091272   -3.58238360379995
  -0.35400008096412   -2.48733421396420   -3.58872599670377
  -0.35506755531002   -2.49483467965858   -3.59512447739780
  -0.35649529415308   -2.50486649564938   -3.60350698540095
  -0.35713516334933   -2.50936245096089   -3.60734823505274
  -0.35894945007005   -2.52211029390518   -3.61856183170847
  -0.35921794755976   -2.52399685559948   -3.62035803476802
  -0.36126592845704   -2.53838671941381   -3.63272327113262
  -0.36140085538642   -2.53933476543382   -3.63361996563988
  -0.36334782164994   -2.55301486343690   -3.64574020267515
  -0.36385704443786   -2.55659284923697   -3.64866364105356
  -0.36545037074487   -2.56778814339242   -3.65860708901694
  -0.36622496300900   -2.57323071231838   -3.66328430846696
  -0.36751872428102   -2.58232115282855   -3.67083228961570
  -0.36873140606393   -2.59084189915453   -3.67788514384750
  -0.36963324894450   -2.59717857751447   -3.68356881398365
  -0.37108321426938   -2.60736656490649   -3.69271192553992
  -0.37173112707767   -2.61191903758201   -3.69646599237415
  -0.37346076851844   -2.62407213178982   -3.70731512505821
  -0.37383205107273   -2.62668089899070   -3.70934109231724
  -0.37588030089792   -2.64107265239107   -3.72170829434690
  -0.37601529424148   -2.64202116506137   -3.72260487067840
  -0.37797037872827   -2.65575830467433   -3.73376838840052
  -0.37852152095849   -2.65963083182809   -3.73720777606989
  -0.38010848336045   -2.67078141085598   -3.74725872935968
  -0.38077188620218   -2.67544272217937   -3.75181094360660
  -0.38218058900295   -2.68534078396546   -3.76035165236950
  -0.38334732838569   -2.69353872216246   -3.76687253899569
  -0.38429671019039   -2.70020942641345   -3.77309630971957
  -0.38572499988327   -2.71024511287681   -3.78148049720187
  -0.38636470423318   -2.71473990991754   -3.78532483687991
  -0.38817963588713   -2.72749228439889   -3.79654118020305
  -0.38841563464982   -2.72915049813515   -3.79767058914872
  -0.39052199797174   -2.74395057824637   -3.81050383198593
  -0.39065888816330   -2.74491241886544   -3.81137445050365
  -0.39260083424786   -2.75855724325261   -3.82356452550316
  -0.39311476920141   -2.76216833845419   -3.82643017175122
  -0.39469417711603   -2.77326583688734   -3.83649949156191
  -0.39558964183165   -2.77955769992448   -3.84141023244237
  -0.39678328596253   -2.78794468073521   -3.84854922616874
  -0.39796909542192   -2.79627661227470   -3.85588493939722
  -0.39888193908743   -2.80269058617844   -3.86144425230922
  -0.40034284230749   -2.81295542722780   -3.87048897974498
  -0.40102027226317   -2.81771529819093   -3.87496707170247
  -0.40289957114331   -2.83091994037664   -3.88578418848219
  -0.40303371126751   -2.83186245801528   -3.88668262704724
  -0.40511501126497   -2.84648643402988   -3.89972190048585
  -0.40525014386639   -2.84743592517696   -3.90061821470199
  -0.40721959640056   -2.86127401995278   -3.91258039961917
  -0.40772591621657   -2.86483160840904   -3.91546323192199
  -0.40928575767519   -2.87579162575660   -3.92483731645884
  -0.41010818385277   -2.88157029327662   -3.93006920195158
  -0.41141711613281   -2.89076733084519   -3.93837793591485
  -0.41246789738976   -2.89815050478313   -3.94470499557548
  -0.41350156210796   -2.90541341165125   -3.95046684194347
  -0.41493748360684   -2.91550272197854   -3.95973936602085
  -0.41558482940172   -2.92005121061019   -3.96349482628701
  -0.41741755479114   -2.93292861039352   -3.97457627579966
  -0.41769273237808   -2.93486210889737   -3.97630278261095
  -0.41976467080107   -2.94942030706128   -3.98851908041777
  -0.41989878283311   -2.95036262731416   -3.98942488134188
  -0.42180829115792   -2.96377953212163   -4.00095810111519
  -0.42234659655539   -2.96756186298737   -4.00449632494420
  -0.42390699845169   -2.97852581817527   -4.01387029588452
  -0.42482707374565   -2.98499060414892   -4.01933702880011
  -0.42602421238023   -2.99340213862237   -4.02660453684828
  -0.42722868290229   -3.00186518962250   -4.03371705109690
  -0.42813851086669   -3.00825797410580   -4.03939276812626
  -0.42969018348676   -3.01916059420198   -4.04878344996200
  -0.43022430403714   -3.02291352079939   -4.05240107511868
  -0.43217080009247   -3.03659031494751   -4.06362370485092
  -0.43230542328302   -3.03753622678725   -4.06451841119834
  -0.43437863193197   -3.05210335002402   -4.07670887400543
  -0.43465138134042   -3.05401978725651   -4.07846210648635
  -0.43650225548764   -3.06702470685877   -4.09035389770188
  -0.43700206640229   -3.07053656139038   -4.09331404208216
  -0.43854293901981   -3.08136329671338   -4.10279566457096
  -0.43945031661196   -3.08773886398381   -4.10838864364003
  -0.44064796030851   -3.09615394720769   -4.11565577199555
  -0.44185286335561   -3.10462003728712   -4.12276765782807
  -0.44276239214230   -3.11101071963820   -4.12844742967087
  -0.44420918485429   -3.12117641509018   -4.13760667938695
  -0.44485989638744   -3.12574855263156   -4.14134325087908
  -0.44679538798887   -3.13934802545641   -4.15268236776704
  -0.44693003269404   -3.14029408846576   -4.15357723289983
  -0.44901220551214   -3.15492419723792   -4.16662577657328
  -0.44924978292443   -3.15659350314436   -4.16775226087278
  -0.45111730986423   -3.16971543136601   -4.17948236099580
  -0.45162719391047   -3.17329806340923   -4.18237921931980
  -0.45320095015870   -3.18435585116452   -4.19252393424095
  -0.45397794708598   -3.18981531613443   -4.19722429314571
  -0.45529176512730   -3.19904668285112   -4.20455783069845
  -0.45649185965249   -3.20747898649455   -4.21183972294511
  -0.45740331763667   -3.21388322409376   -4.21737992724918
  -0.45894084675633   -3.22468646677631   -4.22690618963964
  -0.45948659463104   -3.22852109121277   -4.23041567393700
  -0.46132007724949   -3.24140381156457   -4.24152726962402
  -0.46158962939581   -3.24329778366247   -4.24331555793930
  -0.46366312391760   -3.25786691554644   -4.25549607329485
  -0.46390357876470   -3.25955643936376   -4.25661372321603
  -0.46571267008415   -3.27226777751597   -4.26790511411943
  -0.46625465412616   -3.27607595588540   -4.27146112493051
  -0.46783030503724   -3.28714705623577   -4.28064933638949
  -0.46876890529829   -3.29374200541263   -4.28607893511247
  -0.46992944764326   -3.30189640095268   -4.29359797861722
  -0.47110820082647   -3.31017875251155   -4.30091821963580
  -0.47201710488293   -3.31656504527933   -4.30660650145967
  -0.47356983558771   -3.32747509986617   -4.31599486832359
  -0.47408356663750   -3.33108476236523   -4.31885530894409
  -0.47605158279559   -3.34491276463661   -4.33084977260335
  -0.47618627262750   -3.34585914472293   -4.33174496868714
  -0.47826078469200   -3.36043542623471   -4.34394055593575
  -0.47853305036080   -3.36234846453528   -4.34570996186811
  -0.48039228188489   -3.37541210612814   -4.35749204269171
  -0.48081405599913   -3.37837564552070   -4.36000715524638
  -0.48247208223512   -3.39002554507209   -4.37061632443385
  -0.48333396950941   -3.39608148070946   -4.37564341381854
  -0.48455122940355   -3.40463439452156   -4.38274211551002
  -0.48566789814519   -3.41248051805686   -4.38969320028070
  -0.48668579369790   -3.41963262499312   -4.39635010074543
  -0.48820086402264   -3.43027806395749   -4.40510914297855
  -0.48870273365483   -3.43380438379247   -4.40805578089041
  -0.49057683899634   -3.44697253427378   -4.41972379059592
  -0.49085052438300   -3.44889554803193   -4.42151972906131
  -0.49292514763675   -3.46347261080007   -4.43370202630652
  -0.49306163882109   -3.46443164784828   -4.43457978691002
  -0.49498463884581   -3.47794335028046   -4.44603474319788
  -0.49551687129043   -3.48168301035536   -4.44967696469021
  -0.49709400374441   -3.49276452056871   -4.45886342930057
  -0.49802925694578   -3.49933595207840   -4.46407778985061
  -0.49928536790882   -3.50816184772902   -4.47204469693438
  -0.50048294319592   -3.51657645028305   -4.47937335375639
  -0.50126445748951   -3.52206765592304   -4.48403653259438
  -0.50286190290973   -3.53329189247638   -4.49399897469174
  -0.50336707509095   -3.53684141723039   -4.49694263920992
  -0.50531842084072   -3.55055228710773   -4.50907302158322
  -0.50545695166138   -3.55152565538770   -4.50992729201335
  -0.50759443521941   -3.56654439767498   -4.52254249743927
  -0.50773390501737   -3.56752436355338   -4.52339622332175
  -0.50963932563650   -3.58091254664370   -4.53500840030657
  -0.51028233168252   -3.58543054261053   -4.53881318086485
  -0.51174338955565   -3.59569647030899   -4.54788757030922
  -0.51276689079459   -3.60288796484967   -4.55365049735467
  -0.51383152592366   -3.61036848116680   -4.55998127542741
  -0.51524970371301   -3.62033311769267   -4.56851273707883
  -0.51589777188090   -3.62488668198166   -4.57227323263628
  -0.51783412682900   -3.63849222099643   -4.58360895476588
  -0.51796844349026   -3.63943597904912   -4.58450869075305
  -0.51998322242849   -3.65359255373969   -4.59800494149996
  -0.52011767409927   -3.65453726041863   -4.59889283286277
  -0.52217014095768   -3.66895864423880   -4.61128586653098
  -0.52243849397580   -3.67084419082277   -4.61308380406962
  -0.52427706147291   -3.68376263939429   -4.62415967469702
  -0.52491989337714   -3.68827941177717   -4.62796670942082
  -0.52634950533864   -3.69832438898407   -4.63639247421691
  -0.52740467203224   -3.70573837660599   -4.64281352601834
  -0.52845254335589   -3.71310110428685   -4.64929733417331
  -0.52975780920850   -3.72227238019357   -4.65767107567829
  -0.53053960743420   -3.72776558084455   -4.66233623013868
  -0.53224186913059   -3.73972629494107   -4.67252691553402
  -0.53265320399813   -3.74261648436317   -4.67514355360792
  -0.53469202452893   -3.75694198408782   -4.68673230160882
  -0.53482126260667   -3.75785005815280   -4.68764619061182
  -0.53680539452680   -3.77179129567033   -4.70049692310808
  -0.53707640332942   -3.77369550276887   -4.70227537434312
  -0.53892097313144   -3.78665612573287   -4.71422823973740
  -0.53932809075386   -3.78951668324626   -4.71688997156333
  -0.54098774533938   -3.80117802417786   -4.72743626838917
  -0.54165224333741   -3.80584703047050   -4.73199930410314
  -0.54306111292400   -3.81574626415484   -4.74634619170400
  -0.54316737362416   -3.81649289074993   -4.74749200595946
  -0.54413172099267   -3.82326874853306   -4.76135645482906
  -0.54453178163951   -3.82607972115161   -4.77649576588743
  -0.54470482724839   -3.82729560297387   -4.79137753909125
  -0.54479513220743   -3.82793011868845   -4.80623284485744
  -0.54484046102676   -3.82824861557375   -4.82105566178796
  -0.54497175752813   -3.82917115287701   -4.83591353442312
  -0.54497428579966   -3.82918891743871   -4.85075242344654
  -0.54497868460099   -3.82921982502780   -4.86557388670418
  -0.54506453121691   -3.82982301479075   -4.88048472232178
  -0.54498381954073   -3.82925590499500   -4.89525289835727
  -0.54506944870011   -3.82985756682865   -4.91016396357028
  -0.54505456388285   -3.82975298065136   -4.92496370241086
  -0.54512020417052   -3.83021419335188   -4.93979215945848
  -0.54512278781943   -3.83023234701536   -4.95463269943810
  -0.54512537927609   -3.83025055553887   -4.96947347741395
  -0.54512999811459   -3.83028300918977   -4.98429710999536
  -0.54521496384948   -3.83088000956003   -4.99920886292499
  -0.54513525874469   -3.83031997230339   -5.01397992556679
  -0.54526426188888   -3.83122639563921   -5.02789744580123
  -0.54533658302054   -3.83173455039632   -5.02886344734532
  -0.54560818644656   -3.83364293553663   -5.04372230611868
  -0.54624746404006   -3.83813473403056   -5.05851193341507
  -0.54599082940615   -3.83633152510569   -5.07312575276378
  -0.54519049386511   -3.83070807448818   -5.07853829402106
  -0.54351436749609   -3.81893099677333   -5.08792525360091
  -0.54312503409722   -3.81619539772764   -5.08976614052471
  -0.54107171162540   -3.80176800205430   -5.10029233439306
  -0.54066653088235   -3.79892105376472   -5.10295085485260
  -0.53893324464501   -3.78674234988139   -5.11280477934461
  -0.53802943988540   -3.78039188664085   -5.11758260226711
  -0.53686752947398   -3.77222787856483   -5.12410411960913
  -0.53529343804508   -3.76116773570742   -5.13236401644849
  -0.53477393794959   -3.75751753778048   -5.13516369230306
  -0.53269206887480   -3.74288956322010   -5.14632200248559
  -0.53255377889098   -3.74191788714795   -5.14717394690074
  -0.53065361413806   -3.72856663369843   -5.15694265446346
  -0.52974422233238   -3.72217691382604   -5.16248325484862
  -0.52853528310214   -3.71368246404571   -5.16964161986606
  -0.52708071445350   -3.70346213201508   -5.17677031166893
  -0.52641831013264   -3.69880783666498   -5.18048734885395
  -0.52446543561270   -3.68508622508858   -5.19160711617590
  -0.52432578112810   -3.68410496153420   -5.19243989754237
  -0.52226802362489   -3.66964640370610   -5.20293360859340
  -0.52161824228796   -3.66508080206407   -5.20665896668407
  -0.52015431906592   -3.65479474137476   -5.21469170104031
  -0.51885280532774   -3.64564982919818   -5.22124602104277
  -0.51809541632935   -3.64032813671765   -5.22517480067386
  -0.51624318272092   -3.62731366504308   -5.23606363700280
  -0.51597066059692   -3.62539882479434   -5.23781512762566
  -0.51390961691532   -3.61091717707340   -5.24914905561666
  -0.51352748006725   -3.60823214362926   -5.25108235852128
  -0.51185536762149   -3.59648326920917   -5.25963458895131
  -0.51079374359221   -3.58902390998191   -5.26594937609138
  -0.50972904337124   -3.58154293630526   -5.27223889645413
  -0.50815520072462   -3.57048454148324   -5.28050014715398
  -0.50763576252734   -3.56683477847580   -5.28330018623585
  -0.50555407464154   -3.55220807701560   -5.29445971283176
  -0.50541370287727   -3.55122177359163   -5.29532999271258
  -0.50348584847176   -3.53767596250221   -5.30575323188951
  -0.50257466461398   -3.53127365101546   -5.31039317433591
  -0.50137933184359   -3.52287480520514   -5.31760872855724
  -0.50006206772317   -3.51361922507468   -5.32475175683681
  -0.49928115281024   -3.50813223090270   -5.32863008357358
  -0.49732820907678   -3.49441013300674   -5.33975022051209
  -0.49718856644839   -3.49342895275850   -5.34058312992980
  -0.49508420241138   -3.47864292035523   -5.35252289745473
  -0.49469755300746   -3.47592618004102   -5.35441565710810
  -0.49304035721504   -3.46428211549023   -5.36308357706814
  -0.49187744964443   -3.45611110100859   -5.36965716268101
  -0.49093031359929   -3.44945617628678   -5.37487684449245
  -0.48910726501903   -3.43664676930854   -5.38421432784639
  -0.48886667961640   -3.43495632816026   -5.38531628670838
  -0.48675803025943   -3.42014018552958   -5.39712959607644
  -0.48636750836837   -3.41739623570250   -5.39903258932554
  -0.48468820470332   -3.40559683314212   -5.40842904066751
  -0.48375682917765   -3.39905264760196   -5.41387475373304
  -0.48258115146645   -3.39079190543575   -5.42025096573546
  -0.48100201528895   -3.37969631632709   -5.42848071889137
  -0.48048149266896   -3.37603893376860   -5.43131031627178
  -0.47841907560736   -3.36154763617676   -5.44261800490902
  -0.47828080955557   -3.36057612825982   -5.44347020766424
  -0.47633585136331   -3.34691013970084   -5.45377113157200
  -0.47554281887126   -3.34133800298016   -5.45827391692181
  -0.47422601629362   -3.33208566581833   -5.46561861919088
  -0.47292635057908   -3.32295373853266   -5.47290411797121
  -0.47214691610318   -3.31747714645339   -5.47679378907072
  -0.47009387334832   -3.30305171617387   -5.48729505155531
  -0.46995621369251   -3.30208446901722   -5.48814922834585
  -0.46795671748525   -3.28803527639144   -5.49978433319477
  -0.46743490571331   -3.28436883577916   -5.50256235253897
  -0.46586947628932   -3.27336955534045   -5.51089647121197
  -0.46468660746039   -3.26505828574747   -5.51741694597517
  -0.46379413358053   -3.25878743741772   -5.52213921814368
  -0.46197414715233   -3.24599954624134   -5.53238667533927
  -0.46170167070790   -3.24408502695399   -5.53413870037428
  -0.45964080217039   -3.22960460985950   -5.54547512437332
  -0.45925832807101   -3.22691720676418   -5.54740756841257
  -0.45752002709017   -3.21470326745647   -5.55718410275024
  -0.45660848611359   -3.20829844672222   -5.56182977124540
  -0.45543378830179   -3.20004458968811   -5.56831502064280
  -0.45386842078995   -3.18904574426687   -5.57664972032767
  -0.45334663353827   -3.18537947594290   -5.57942797439516
  -0.45128166573826   -3.17087025592888   -5.59077768687861
  -0.45114849705839   -3.16993456401383   -5.59165121601923
  -0.44917385691308   -3.15606001918232   -5.60260460125946
  -0.44841047962033   -3.15069625075256   -5.60645638696506
  -0.44708540100621   -3.14138576312748   -5.61369564070277
  -0.44577781871322   -3.13219821106230   -5.62102163930538
  -0.44499560252499   -3.12670207365353   -5.62479420366096
  -0.44303404131208   -3.11291942619092   -5.63585113706777
  -0.44290175738439   -3.11198995086876   -5.63675998987301
  -0.44081710660388   -3.09734243102522   -5.64794310800416
  -0.44029929187766   -3.09370407512004   -5.65075518502304
  -0.43873722932870   -3.08272845157835   -5.65907856780889
  -0.43757031953003   -3.07452931597664   -5.66546414287110
  -0.43663747112940   -3.06797478147766   -5.67106370482019
  -0.43495128967567   -3.05612705305515   -5.68029795481074
  -0.43455664303359   -3.05335412121682   -5.68220063123549
  -0.43248317465009   -3.03878517299003   -5.69343510064085
  -0.43221349928399   -3.03689033510486   -5.69520980737473
  -0.43038633645839   -3.02405201993208   -5.70439791167930
  -0.42932719901307   -3.01661013235436   -5.70998779536039
  -0.42828854125686   -3.00931214257259   -5.71644599510755
  -0.42685980277557   -2.99927330275752   -5.72476928142876
  -0.42621542677343   -2.99474568097731   -5.72762144645834
  -0.42413106915238   -2.98010022097948   -5.73877424154146
  -0.42388837219123   -2.97839494324775   -5.73984931504728
  -0.42203250685012   -2.96535495368933   -5.75071503786490
  -0.42137976402130   -2.96076854352068   -5.75441509977222
  -0.41994647353816   -2.95069771967352   -5.76185329203571
  -0.41864202195888   -2.94153216514948   -5.76934402505275
  -0.41786171281985   -2.93604942736677   -5.77385768893442
  -0.41602884413578   -2.92317102074274   -5.78406935565265
  -0.41578050222604   -2.92142607953493   -5.78500056354819
  -0.41369026433801   -2.90673930262782   -5.79515440956896
  -0.41290759427577   -2.90123997613400   -5.79885870893365
  -0.41160272521228   -2.89207148821294   -5.80530494001442
  -0.40977435124328   -2.87922466310311   -5.81368216231402
  -0.40952360555457   -2.87746283206386   -5.81460365274498
  -0.40743783394647   -2.86280743687523   -5.82300535723252
  -0.40625018890242   -2.85446260784566   -5.82861583734109
  -0.40535659427786   -2.84818388475319   -5.83231856298284
  -0.40326443895209   -2.83348363522628   -5.84154269052498
  -0.40287170587607   -2.83072414880393   -5.84337925111474
  -0.40120472451066   -2.81901132723357   -5.85110708241130
  -0.39974264047341   -2.80873818933016   -5.85811024679504
  -0.39908345122763   -2.80410648427508   -5.86093568755538
  -0.39702033113553   -2.78961024693349   -5.86949447627232
  -0.39622215909926   -2.78400199789293   -5.87300627528219
  -0.39491514086024   -2.77481840907753   -5.87856777835754
  -0.39295470704447   -2.76104368312015   -5.88784097138446
  -0.39282216458038   -2.76011239122650   -5.88871740303047
  -0.39075766674981   -2.74560647338989   -5.89725566185772
  -0.38955369296568   -2.73714691265242   -5.90270044261932
  -0.38864692064145   -2.73077559821599   -5.90717765578195
  -0.38656842148523   -2.71617130193764   -5.91563570154256
  -0.38617511331807   -2.71340777471431   -5.91746586013483
  -0.38449672932629   -2.70161483411514   -5.92504179625947
  -0.38290912237095   -2.69045972621910   -5.93220120091941
  -0.38238178041676   -2.68675442852102   -5.93494488579997
  -0.38031864445931   -2.67225807970368   -5.94356531336950
  -0.37943060608793   -2.66601839688095   -5.94752725144666
  -0.37823589836563   -2.65762394288738   -5.95282916416069
  -0.37618028801119   -2.64318047171286   -5.96152214570697
  -0.37603573315688   -2.64216477636632   -5.96230841546261
  -0.37404497267444   -2.62817696414242   -5.97118253918421
  -0.37285798264751   -2.61983673750296   -5.97679360309428
  -0.37196497328418   -2.61356212667026   -5.98051074687489
  -0.36988587106324   -2.59895359303831   -5.98989855242700
  -0.36938749619223   -2.59545182867524   -5.99198927701781
  -0.36781360126258   -2.58439306649346   -5.99930382372613
  -0.36634771490503   -2.57409321209522   -6.00638692879835
  -0.36570836493213   -2.56960090503709   -6.00931095457199
  -0.36360823250354   -2.55484460546429   -6.01929575816246
  -0.36309108282583   -2.55121092243351   -6.02120375079690
  -0.36155320899517   -2.54040525768523   -6.02802291604414
  -0.35970439419598   -2.52741480781643   -6.03602473010096
  -0.35944399142665   -2.52558512259208   -6.03702020126827
  -0.35736814399706   -2.51099945831612   -6.04644290907182
  -0.35633942425541   -2.50377129666426   -6.05121805315427
  -0.35527583962400   -2.49629816152838   -6.05657128922984
  -0.35345728793822   -2.48352035137763   -6.06597059813871
  -0.35320827641553   -2.48177070522397   -6.06789515165408
  -0.35173073655246   -2.47138896902804   -6.08057681380725
      
      
