# shadow point cont 3D ind 35  size 1297
# norm  0.8526402 -0.5224986 -0.0000000
# angle  0.5497787
   1.08658503131103    1.77314561655379   -6.09484649202955
   1.09013384014846    1.77893674624246   -6.07989354225338
   1.09305485309934    1.78370340615447   -6.07627249790162
   1.10083188293181    1.79639436540744   -6.06903365545045
   1.10428095281527    1.80202273591579   -6.06562924735207
   1.10863704821876    1.80913123754926   -6.06191534154403
   1.11630840796447    1.82164975889288   -6.05607033585006
   1.12220619066432    1.83127406554195   -6.05094002237994
   1.12418058574381    1.83449598548347   -6.04929109261377
   1.13187420115642    1.84705082477465   -6.04349704099282
   1.13959229655906    1.85964561177888   -6.03692856520208
   1.14056665283904    1.86123561671823   -6.03603182306129
   1.14731663929597    1.87225059350607   -6.03036872303305
   1.15500077448483    1.88478996247812   -6.02459228687357
   1.15936183028366    1.89190655874112   -6.02085662058009
   1.16278592382419    1.89749417156212   -6.01828511398021
   1.17056696995539    1.91019168481893   -6.01202016925860
   1.17780074028287    1.92199612513213   -6.00636883939957
   1.17833439174277    1.92286696516731   -6.00568179289241
   1.18604460087809    1.93544888295291   -5.99998711514120
   1.19374979924310    1.94802262390451   -5.99426907914263
   1.19713718333335    1.95355033234714   -5.99157281708899
   1.20150119449956    1.96067175133136   -5.98785677459074
   1.20922788337726    1.97328056161235   -5.98223676033869
   1.21512964499903    1.98291136127187   -5.97712213568337
   1.21708633098284    1.98610438259574   -5.97538017839014
   1.22465058542114    1.99844812396274   -5.96998091250366
   1.23248943478515    2.01123996352255   -5.96396919830094
   1.23447917291077    2.01448692103980   -5.96245463315925
   1.24023563603900    2.02388061510749   -5.95748311192382
   1.24792372900761    2.03642644258912   -5.95169383368105
   1.25376805310473    2.04596351272712   -5.94726969642697
   1.25573623007557    2.04917528563757   -5.94553053147173
   1.26340248602877    2.06168547834876   -5.93966305221532
   1.27120416649655    2.07441666378253   -5.93349166958704
   1.27308909815363    2.07749259268727   -5.93232784689730
   1.27888144434348    2.08694484258961   -5.92763270132344
   1.28670051805287    2.09970441121406   -5.92156059755605
   1.29154841265971    2.10761545620725   -5.91787488753652
   1.29449267953276    2.11242006307139   -5.91526915283123
   1.30217977923968    2.12496426969727   -5.90953089296721
   1.30985150681544    2.13748339128497   -5.90365091240622
   1.31038469081280    2.13835346849061   -5.90292997269392
   1.31757953774517    2.15009439159582   -5.89709464583995
   1.32539885840454    2.16285436320602   -5.89102308844293
   1.32926086145087    2.16915657939287   -5.88815642982882
   1.33307988468790    2.17538865890540   -5.88517729456102
   1.34079936449940    2.18798570505955   -5.87951553702023
   1.34847634805480    2.20051340362649   -5.87372920752101
   1.34899874405313    2.20136587641772   -5.87296605383486
   1.35635866241328    2.21337617161085   -5.86696619925460
   1.36405119074874    2.22592923695337   -5.86117403648954
   1.36698686181225    2.23071981673121   -5.85854286394535
   1.37180524497098    2.23858270341802   -5.85475566202854
   1.37954553777436    2.25121371328808   -5.84922715256177
   1.38593942577822    2.26164759021449   -5.84409680403768
   1.38734769836703    2.26394568221448   -5.84299076717082
   1.39505989692432    2.27653084644167   -5.83736141690942
   1.40275949745519    2.28909545255818   -5.83067285967591
   1.40468094741960    2.29223097392433   -5.82877328090431
   1.41046969864535    2.30167735737845   -5.82224059448164
   1.41640977081011    2.31137067416219   -5.81427418572868
   1.41832385037890    2.31449416813581   -5.81141062038906
   1.42561918451239    2.32639907144972   -5.79947592229059
   1.42613354193103    2.32723842647112   -5.79862118369616
   1.43365219780893    2.33950775775041   -5.78516326132753
   1.43413567302655    2.34029671759995   -5.78423642918355
   1.44172779845376    2.35268594028725   -5.77107320213131
   1.44224080469992    2.35352309039555   -5.77021219842815
   1.44915604739363    2.36480774085218   -5.75742557030433
   1.45094938023886    2.36773419408126   -5.75439628706245
   1.45681770714545    2.37731043324439   -5.74429158848425
   1.45927547651873    2.38132114834276   -5.73974024503381
   1.46462216291207    2.39004614755428   -5.73052568166626
   1.46798195255712    2.39552882595495   -5.72492858186112
   1.47247225173730    2.40285632824785   -5.71687547066412
   1.47632296462299    2.40914012056700   -5.71033341974157
   1.48025248258024    2.41555251107514   -5.70305612442456
   1.48454268628762    2.42255348723316   -5.69550672514703
   1.48798381394122    2.42816889720030   -5.68914757632228
   1.49283425032724    2.43608409000015   -5.68086620320777
   1.49579898578704    2.44092209856211   -5.67537904108159
   1.50106147668300    2.44950970320918   -5.66604810625359
   1.50343547114184    2.45338371007208   -5.66223734165588
   1.50968601795186    2.46358367542948   -5.65102933612849
   1.51116117998474    2.46599092108162   -5.64831767161599
   1.51799957858811    2.47715017337980   -5.63641364984231
   1.51886919879578    2.47856926458285   -5.63528042948816
   1.52647481254389    2.49098049820936   -5.62203236034847
   1.52696929445787    2.49178741935494   -5.62112877595389
   1.53440432725672    2.50392029017159   -5.60762945806989
   1.53490624304029    2.50473934228982   -5.60674438945336
   1.54204588511466    2.51639017925436   -5.59444075336144
   1.54352232775250    2.51879951466387   -5.59171419989912
   1.54989743714233    2.52920274767729   -5.57985093588702
   1.55174318550240    2.53221473525269   -5.57689057738042
   1.55758162682585    2.54174220557656   -5.56678237673304
   1.56045312042693    2.54642805725407   -5.56208490542100
   1.56536310952995    2.55444043125562   -5.55296647957177
   1.56870150763330    2.55988820183287   -5.54736938005727
   1.57302993220105    2.56695154876638   -5.53984652598238
   1.57694676333115    2.57334323625423   -5.53258652986946
   1.58099276014489    2.57994570298084   -5.52550151499436
   1.58560221582841    2.58746765101474   -5.51761127944639
   1.58855522200325    2.59228651912325   -5.51216930187686
   1.59346693651548    2.60030170873673   -5.50303189620878
   1.59628510981204    2.60490054958534   -5.49825954439982
   1.60212895520724    2.61443683855282   -5.48816384073140
   1.60410457420821    2.61766075575268   -5.48450222229511
   1.61035340768523    2.62785792520473   -5.47334489919359
   1.61171415140876    2.63007845714573   -5.47128928449762
   1.61895251181151    2.64189038778101   -5.45829585546619
   1.61944810580700    2.64269912367868   -5.45739497017696
   1.62721736017704    2.65537739453015   -5.44451820165543
   1.62772795660589    2.65621061217401   -5.44365896888943
   1.63505054800171    2.66815999529744   -5.42984074445438
   1.63553404685426    2.66894899371569   -5.42891420310314
   1.64284965259978    2.68088697729390   -5.41612960849859
   1.64419745355558    2.68308638855753   -5.41405002553173
   1.65057060745869    2.69348643050666   -5.40312048043092
   1.65291958985490    2.69731962139295   -5.39926466416151
   1.65813699387980    2.70583365095341   -5.38976902416532
   1.66103822567125    2.71056803094704   -5.38421036155018
   1.66589493426319    2.71849345905669   -5.37592942354897
   1.66938235798487    2.72418441734065   -5.36962464162185
   1.67361130350746    2.73108542922646   -5.36197858618425
   1.67753171506110    2.73748295943451   -5.35472035455869
   1.68140717384524    2.74380713338980   -5.34821142670259
   1.68618449845300    2.75160301861093   -5.33974727124471
   1.68913882442335    2.75642404042998   -5.33430624017421
   1.69448802417957    2.76515314107696   -5.32512018856342
   1.69686156368946    2.76902640553065   -5.32131067127957
   1.70274764606131    2.77863161897972   -5.31033744093848
   1.70458865292473    2.78163586913582   -5.30739585906649
   1.71142598846863    2.79279338667860   -5.29549318310583
   1.71229712355350    2.79421494993655   -5.29436309427111
   1.71964956737295    2.80621304778783   -5.28067534773702
   1.72014410988240    2.80702006781625   -5.27977208259526
   1.72777387271224    2.81947070916251   -5.26657301995943
   1.72825743716880    2.82025981463679   -5.26564668033508
   1.73559680542813    2.83223657511324   -5.25285875828592
   1.73658122774209    2.83384300632711   -5.25104168286401
   1.74332882894023    2.84485409072637   -5.23895248040800
   1.74517490488099    2.84786661286487   -5.23599304402308
   1.75098672741108    2.85735064526589   -5.22489241220200
   1.75328382352119    2.86109916542867   -5.22095661939085
   1.75870768648952    2.86995010536429   -5.21189594607411
   1.76174769700495    2.87491095165279   -5.20660090708552
   1.76653108556250    2.88271673234062   -5.19817766734049
   1.77038702497240    2.88900905357213   -5.19170503887644
   1.77441456456865    2.89558140085725   -5.18459090473362
   1.77867460322496    2.90253315212577   -5.17696390529074
   1.78199301799850    2.90794831287257   -5.17129322579823
   1.78689610566012    2.91594942474533   -5.16214504618872
   1.78986991254636    2.92080223652984   -5.15677089400018
   1.79511767017011    2.92936579866180   -5.14732637525707
   1.79753563971936    2.93331156635017   -5.14269517751924
   1.80275457344869    2.94182809216138   -5.13230387089797
   1.80512885697773    2.94570257074397   -5.12667546450515
   1.80859187101314    2.95135369604021   -5.11751171145037
   1.81286170282395    2.95832142828443   -5.10351099003099
   1.81326469472812    2.95897905130315   -5.10249825428523
   1.81552905354182    2.96267414905355   -5.08791509773255
   1.81694690094956    2.96498786573797   -5.07297343807469
   1.81767693070122    2.96617916601986   -5.05808243816897
   1.81768166301419    2.96618688845277   -5.04324319215660
   1.81767300871709    2.96617276592345   -5.02840341712730
   1.81766438005259    2.96615868522273   -5.01356388187011
   1.81743341044261    2.96578177707501   -4.99872261226361
   1.81742477596896    2.96576768689461   -4.98388356125953
   1.81741616827878    2.96575364042087   -4.96904474784612
   1.81740758737652    2.96573963766104   -4.95420617129852
   1.81739903326666    2.96572567862242   -4.93936783089191
   1.81739050595368    2.96571176331235   -4.92452972590146
   1.81738200544209    2.96569789173818   -4.90969185560233
   1.81737353173643    2.96568406390730   -4.89485421926970
   1.81736508484124    2.96567027982713   -4.88001681617872
   1.81735666476108    2.96565653950512   -4.86517964560458
   1.81709956478500    2.96523699047540   -4.85034107881363
   1.81731932233280    2.96559560220054   -4.83553543703044
   1.81686579349310    2.96485551039830   -4.82063410168321
   1.81637340097380    2.96405199883495   -4.80579652026747
   1.81514947499916    2.96205473316832   -4.79098049912835
   1.81321898005232    2.95890445173232   -4.77612665279330
   1.81276502937115    2.95816367154739   -4.77421643953302
   1.80912981936713    2.95223154796925   -4.76099023782391
   1.80502420126429    2.94553178814143   -4.75183015090470
   1.80211644065522    2.94078675408575   -4.74625911589930
   1.79721392356541    2.93278657330157   -4.73707495109766
   1.79425056429198    2.92795081047165   -4.73161939711622
   1.78946466742660    2.92014093659745   -4.72313894468256
   1.78564007200334    2.91389976410343   -4.71653207939048
   1.78174650115077    2.90754603393870   -4.71004341066292
   1.77679970983754    2.89947360418834   -4.70195374577732
   1.77375308946814    2.89450197159849   -4.69663516479805
   1.76807693156441    2.88523932374687   -4.68706206863141
   1.76613866622297    2.88207636217934   -4.68334856245549
   1.75986774067404    2.87184314174245   -4.67214947585737
   1.75834549362678    2.86935906033016   -4.66952341723066
   1.75111908725416    2.85756663689913   -4.65735088018281
   1.75063371643133    2.85677458370302   -4.65642882764120
   1.74291192107943    2.84417375893034   -4.64336635585749
   1.74241240010723    2.84335861478911   -4.64247081967480
   1.73529082140318    2.83173725456589   -4.63008808102490
   1.73379721946566    2.82929991772425   -4.62738944133521
   1.72743384261371    2.81891583047255   -4.61639109419535
   1.72545203622321    2.81568181637065   -4.61277026349506
   1.71952463895153    2.80600918313258   -4.60281412884896
   1.71663525086098    2.80129413030225   -4.59813382150464
   1.71194996124813    2.79364843254282   -4.59036132061491
   1.70763842668297    2.78661264758856   -4.58283581023537
   1.70415576038934    2.78092945272159   -4.57652488826358
   1.69928323441770    2.77297821299420   -4.56822646145806
   1.69641514447387    2.76829791558052   -4.56350666376672
   1.69050313035818    2.75865038537150   -4.55354288294382
   1.68862680775376    2.75558850516388   -4.55058831154008
   1.68196612824266    2.74471926406627   -4.53829057134201
   1.68095331624336    2.74306650509645   -4.53649729327939
   1.67361047183246    2.73108407205621   -4.52367140234163
   1.67312445977471    2.73029097245980   -4.52275131776943
   1.66552473509840    2.71788934892506   -4.51035807210246
   1.66418323056297    2.71570021248562   -4.50825779641412
   1.65761330571936    2.70497906954526   -4.49679479915381
   1.65609542396063    2.70250211163642   -4.49416194904065
   1.64993645582806    2.69245158909831   -4.48364063306480
   1.64746433854950    2.68841746034651   -4.47910549068599
   1.64214269195478    2.67973332237262   -4.46981322975816
   1.63875254339596    2.67420110272729   -4.46424445199296
   1.63445037601491    2.66718060362821   -4.45670246344308
   1.63013988411706    2.66014652015236   -4.44917910368869
   1.62662971176073    2.65441843947056   -4.44199833792180
   1.62275497929838    2.64809545076470   -4.43457515459484
   1.61886229402945    2.64174316574113   -4.42813190536704
   1.61391697249164    2.63367313444627   -4.41995803090798
   1.61102745316448    2.62895786745725   -4.41535314547025
   1.60435329887100    2.61806663751329   -4.40487668114249
   1.60335930629564    2.61644458905218   -4.40308965315841
   1.59566424881911    2.60388739652655   -4.39090274662875
   1.59516495962266    2.60307263060897   -4.39000769136354
   1.58788887091545    2.59119913297641   -4.37703793387336
   1.58655736630182    2.58902631492624   -4.37495005172734
   1.58019370700932    2.57864176677346   -4.36394082021545
   1.57821281439655    2.57540924382128   -4.36032190270333
   1.57251849289750    2.56611695567601   -4.35078224722454
   1.56950276606038    2.56119573674893   -4.34546472471144
   1.56466660925093    2.55330384610021   -4.33710057827653
   1.56078500281356    2.54696964008663   -4.33062328047219
   1.55692562354377    2.54067170551395   -4.32409722888052
   1.55205696557425    2.53272677779234   -4.31579924987409
   1.54923055649707    2.52811449737122   -4.31100196799161
   1.54337164598593    2.51855362436887   -4.30089023668833
   1.54137479634324    2.51529506191051   -4.29730977116829
   1.53503430801965    2.50494832534245   -4.28630409836151
   1.53353117927604    2.50249544216620   -4.28359919354188
   1.52630611003627    2.49070520073766   -4.27147440780273
   1.52580483172497    2.48988718887964   -4.27058491372607
   1.51808171682549    2.47728421080105   -4.25753671168665
   1.51758418157093    2.47647230705648   -4.25663785888555
   1.51046404389821    2.46485329838267   -4.24427330563488
   1.50897542901309    2.46242409967090   -4.24156735647757
   1.50273068012060    2.45223359565500   -4.23126049584895
   1.49988631471552    2.44759201316990   -4.22649631915714
   1.49498934090725    2.43960087819905   -4.21733742325076
   1.49165628457592    2.43416182460148   -4.21165629680753
   1.48725150194604    2.42697387263547   -4.20433566559992
   1.48331402084156    2.42054848745209   -4.19704778768568
   1.47941483389343    2.41418559265235   -4.19062223279200
   1.47411087723630    2.40553032203295   -4.18221441349809
   1.47165334940532    2.40152000109581   -4.17765668031417
   1.46581548264880    2.39199346837994   -4.16755707951102
   1.46382387972668    2.38874346779140   -4.16389627450424
   1.45679575069574    2.37727460357489   -4.15227839323350
   1.45629114976140    2.37645116968887   -4.15140357886720
   1.44857635481541    2.36386176854040   -4.13838981981436
   1.44809226508763    2.36307180590139   -4.13746246337442
   1.44074647469338    2.35108456545324   -4.12463803819938
   1.43975162178402    2.34946111305466   -4.12284079356862
   1.43301734845518    2.33847177776141   -4.11162200310077
   1.43103729209683    2.33524061945243   -4.10800485946661
   1.42516280354033    2.32565432539049   -4.09794007234960
   1.42232370897751    2.32102134413823   -4.09316833063840
   1.41754336249891    2.31322052767207   -4.08469859032708
   1.41369076637678    2.30693366219034   -4.07805816551347
   1.40975842022857    2.30051665649400   -4.07179937131488
   1.40526722702827    2.29318769529288   -4.06374894994495
   1.40194620440212    2.28776827891741   -4.05802955423362
   1.39620778924687    2.27840403646486   -4.04861203077080
   1.39421449571427    2.27515127705075   -4.04502357550282
   1.38795360074895    2.26493442503865   -4.03382850528878
   1.38645538862317    2.26248956505352   -4.03116213073140
   1.37924222678401    2.25071875473675   -4.01899202272685
   1.37875409821763    2.24992220131218   -4.01807877347022
   1.37103982498648    2.23733365152495   -4.00503553722112
   1.37054085226212    2.23651940204287   -4.00414114986225
   1.36331584324471    2.22472925888829   -3.99201363094254
   1.36182782949982    2.22230104114822   -3.98930896280804
   1.35558571483883    2.21211483580744   -3.97900663074429
   1.35311568137889    2.20808410753856   -3.97447591729082
   1.34767717446865    2.19920927086162   -3.96453708652747
   1.34479081259970    2.19449915637611   -3.95986291349204
   1.34011282769440    2.18686537881603   -3.95209413965388
   1.33617691722393    2.18044255667441   -3.94480964165490
   1.33227789115610    2.17407992440747   -3.93839104973137
   1.32734077762362    2.16602328735995   -3.93021369701570
   1.32452067653597    2.16142130064218   -3.92542798805675
   1.31875162891250    2.15200707054471   -3.91514888172048
   1.31687360220788    2.14894240949830   -3.91224618185037
   1.30995501561028    2.13765230228645   -3.90052419950349
   1.30895319683779    2.13601748263236   -3.89872355299788
   1.30169482592189    2.12417289780745   -3.88571473767411
   1.30121253731780    2.12338587433518   -3.88479088392503
   1.29362518722749    2.11100444428948   -3.87243536358321
   1.29263071803951    2.10938161806727   -3.87063894029813
   1.28584857137206    2.09831416058565   -3.85859971068412
   1.28439693184614    2.09594530017617   -3.85581902304927
   1.27810904080139    2.08568439456630   -3.84562624191072
   1.27521527019321    2.08096219011718   -3.84097043866689
   1.27031433999209    2.07296459889998   -3.83275310094075
   1.26650002822123    2.06674020780148   -3.82614909578098
   1.26252846127759    2.06025919958395   -3.81895730056017
   1.25814926556266    2.05311300166828   -3.81155626179049
   1.25483991941340    2.04771263957132   -3.80585623214305
   1.24956157497408    2.03909916429276   -3.79649457557009
   1.24710427382128    2.03508921326079   -3.79194285056983
   1.24096472921701    2.02507038704010   -3.78142129718270
   1.23945820257296    2.02261195899429   -3.77876536066079
   1.23254085109978    2.01132386732234   -3.76704633701391
   1.23154030270313    2.00969112073321   -3.76524350844545
   1.22394421832477    1.99729543762481   -3.75288776003148
   1.22344542911747    1.99648148761534   -3.75199376710630
   1.21622326641815    1.98469598922974   -3.73987097494714
   1.21436644636105    1.98166593428688   -3.73694436933095
   1.20843142576844    1.97198086091967   -3.72608483568387
   1.20603256186453    1.96806627081090   -3.72233194039665
   1.20063997924301    1.95926637576197   -3.71228216012024
   1.19780245528907    1.95463595751048   -3.70751372207020
   1.19290801043416    1.94664894941644   -3.69928933680306
   1.18909439312783    1.94042569158103   -3.69268682400207
   1.18524335452412    1.93414136773836   -3.68616154146109
   1.18038288357706    1.92620980002317   -3.67786460169805
   1.17751320685691    1.92152691322588   -3.67316665223216
   1.17203849567338    1.91259299654449   -3.66326926071431
   1.16967745463031    1.90874012773499   -3.65948357034066
   1.16288065074080    1.89764875184081   -3.64842356269323
   1.16188071363804    1.89601700279263   -3.64658861033393
   1.15465252746944    1.88422167499853   -3.63360150524262
   1.15414910476801    1.88340016381385   -3.63270777529619
   1.14655698420452    1.87101094906344   -3.62034514651509
   1.14556286202240    1.86938868910333   -3.61854947822872
   1.13894690061796    1.85859242132352   -3.60709887577843
   1.13695908366666    1.85534859887785   -3.60349131273627
   1.13110065798161    1.84578851703978   -3.59342943896526
   1.12863196534183    1.84175997679054   -3.58890165563058
   1.12331523123983    1.83308385527618   -3.57963109286215
   1.11992960875705    1.82755902151568   -3.57407166555538
   1.11559074673624    1.82047864220679   -3.56755407154072
   1.11109414578479    1.81314085635783   -3.55948911856997
   1.10778525713046    1.80774124082474   -3.55379299995149
   1.10287189358575    1.79972336023482   -3.54466543336836
   1.10001423243335    1.79506008106205   -3.53998135921522
   1.09380380764322    1.78492558889049   -3.52960971262630
   1.09232764393326    1.78251670864990   -3.52688773087413
   1.08521317556923    1.77090695144705   -3.51454997233544
   1.08471858113275    1.77009984668143   -3.51364660081375
   1.07717491021001    1.75778969455900   -3.50115934461169
   1.07612667798364    1.75607913503191   -3.49944407315621
   1.06913888009032    1.74467608525037   -3.48699320436648
   1.06817160839382    1.74309764130052   -3.48514050601638
   1.06145019111810    1.73212928517925   -3.47392547936405
   1.05947191762549    1.72890103624273   -3.47031222172350
   1.05378257546757    1.71961687364368   -3.46079443330460
   1.05039944601083    1.71409610813191   -3.45526396162764
   1.04606148629847    1.70701720125661   -3.44779388428106
   1.04169487019052    1.69989153139380   -3.44044206094455
   1.03821078445754    1.69420602021234   -3.43414864224415
   1.03335297279046    1.68627879204767   -3.42585218904027
   1.03048299169577    1.68159540855627   -3.42115918716798
   1.02464869792050    1.67207470641589   -3.41103095171009
   1.02264954349345    1.66881238289128   -3.40748204004029
   1.01630708933112    1.65846243836594   -3.39644172344015
   1.01485203087720    1.65608799877304   -3.39370052740498
   1.00762939479789    1.64430172790149   -3.38160986751844
   1.00711953773532    1.64346971679375   -3.38069493522661
   0.99964544662544    1.63127310860634   -3.36811990646730
   0.99864835891987    1.62964600935178   -3.36633299974386
   0.99180852397411    1.61848441315587   -3.35444633199063
   0.98995395078209    1.61545802476356   -3.35151819423303
   0.98413868213684    1.60596836881370   -3.34132386419814
   0.98162183498418    1.60186124754139   -3.33692051031406
   0.97618950813101    1.59299649580100   -3.32790737396052
   0.97281287253302    1.58748632730362   -3.32233251289863
   0.96845962030709    1.58038246531423   -3.31492391104761
   0.96408544221898    1.57324445542135   -3.30752313857786
   0.96082177619505    1.56791863651398   -3.30173487133723
   0.95561378098739    1.55941996074779   -3.29223767335707
   0.95311639315049    1.55534459419274   -3.28778326351653
   0.94720957846951    1.54570554869002   -3.27786220272447
   0.94532381533372    1.54262826293535   -3.27493576470586
   0.93849019978884    1.53147681587926   -3.26305616304587
   0.93749375660651    1.52985076839104   -3.26124639674273
   0.92989951728122    1.51745809613560   -3.24890670237036
   0.92940104105205    1.51664465686004   -3.24801340063493
   0.92205449710463    1.50465618672488   -3.23432473494306
   0.92118104850184    1.50323084814879   -3.23319741156948
   0.91433478379956    1.49205875954385   -3.22132100876537
   0.91285151333452    1.48963828213301   -3.21861204686164
   0.90666997886433    1.47955093467878   -3.20821250652234
   0.90377844884241    1.47483238653413   -3.20356145964993
   0.89895080099016    1.46695438124156   -3.19521088310130
   0.89545483663817    1.46124948591564   -3.18897555683512
   0.89110224516937    1.45414670218389   -3.18156825724436
   0.88672919664884    1.44701053557777   -3.17416764197169
   0.88337670675627    1.44153976929049   -3.16858591198817
   0.87802733978602    1.43281039577502   -3.15935179295465
   0.87569764645486    1.42900868178207   -3.15549042306563
   0.86897278473702    1.41803470484211   -3.14429547555472
   0.86797867523120    1.41641246556785   -3.14249544653957
   0.86064921126755    1.40445186743302   -3.12971246767494
   0.86014058998877    1.40362187294112   -3.12879510918498
   0.85254761099063    1.39123125735267   -3.11556327071468
   0.85204920559462    1.39041793366632   -3.11467013032715
   0.84479234278724    1.37857580985084   -3.10263785781447
   0.84334207505728    1.37620918800891   -3.09986029007105
   0.83699132800248    1.36584571071301   -3.08889338252281
   0.83501752838830    1.36262476248257   -3.08527376766720
   0.82933000850202    1.35334357356056   -3.07578190678598
   0.82632716813961    1.34844338344898   -3.07045541896339
   0.82165656215551    1.34082164719391   -3.06269110432949
   0.81735969653958    1.33380979978919   -3.05518698821294
   0.81387562140544    1.32812430590346   -3.04890050761839
   0.80856091544055    1.31945149400807   -3.04057252978281
   0.80608116277149    1.31540490543139   -3.03606219531713
   0.80032059018984    1.30600450534521   -3.02579179435257
   0.79843984601715    1.30293540979393   -3.02290521096749
   0.79162002016586    1.29180646547258   -3.01097887450967
   0.79063530882031    1.29019956260201   -3.00917069716286
   0.78330662957155    1.27824024500550   -2.99639043386098
   0.78280595541834    1.27742321904389   -2.99549195634013
   0.77521738517829    1.26503979789477   -2.98314469054609
   0.77422398229628    1.26341871172576   -2.98135064465721
   0.76742786758160    1.25232846046269   -2.96938881937157
   0.76552687259063    1.24922631857944   -2.96653586777752
   0.75977255500009    1.23983612571105   -2.95625197804878
   0.75693979309588    1.23521347841843   -2.95149891343033
   0.75194684597044    1.22706572922804   -2.94257948856610
   0.74851638053625    1.22146771842161   -2.93713791967287
   0.74415264560829    1.21434675021724   -2.92973887891774
   0.73941916077668    1.20662240500878   -2.92210724496400
   0.73647361604039    1.20181571286135   -2.91665063247968
   0.73114252925210    1.19311616989165   -2.90749682168714
   0.72875214291867    1.18921541392056   -2.90366877131279
   0.72241696678023    1.17887734605078   -2.89270551809775
   0.72092807772016    1.17644769992617   -2.88997752685006
   0.71380351568254    1.16482147134501   -2.87767546351992
   0.71331215863709    1.16401964952141   -2.87677313194972
   0.70570826512309    1.15161122306184   -2.86355978442373
   0.70520431955923    1.15078885864325   -2.86263484594063
   0.69785464595734    1.13879528137614   -2.84990684717409
   0.69688803701143    1.13721791893698   -2.84805570177353
   0.69016932310867    1.12625397431941   -2.83685443178559
   0.68780800717134    1.12240065692323   -2.83301508070547
   0.68232753371151    1.11345733706155   -2.82319762230094
   0.67986473969734    1.10943842249449   -2.81866590734269
   0.67478990190906    1.10115703988777   -2.81074741791875
   0.67079600712892    1.09463959595259   -2.80362478742647
   0.66694447668066    1.08835446949257   -2.79711338401106
   0.66209205302111    1.08043603375706   -2.78881867073966
   0.65922148846236    1.07575169813886   -2.78413543137126
   0.65339333076447    1.06624100916670   -2.77401005878338
   0.65154658067563    1.06322738691852   -2.77105926969711
   0.64470235629303    1.05205862781268   -2.75919731012469
   0.64369201215899    1.05040989603297   -2.75744763209339
   0.63635853639690    1.03844275123809   -2.74462496591179
   0.63588227494331    1.03766556318153   -2.74372025069781
   0.62817492005166    1.02508830309830   -2.73071050268066
   0.62767833066749    1.02427794287393   -2.72981374565078
   0.62069230724638    1.01287778876787   -2.71814642088785
   0.61872032279720    1.00965980261748   -2.71454705152206
   0.61278683771118    0.99997723496930   -2.70371554160474
   0.61039052393579    0.99606680629205   -2.69996815744997
   0.60501116010479    0.98728848234875   -2.69083983434910
   0.60168883998746    0.98186694866010   -2.68516305036640
   0.59730717136867    0.97471671533209   -2.67784421739962
   0.59332956703955    0.96822585499688   -2.67070410574169
   0.58946842225790    0.96192503937069   -2.66416471188241
   0.58429046040406    0.95347537358362   -2.65555043063061
   0.58179406123165    0.94940162038238   -2.65111187493260
   0.57595497118290    0.93987309143503   -2.64097537031866
   0.57411575091931    0.93687175674489   -2.63802983692665
   0.56728485373687    0.92572474565312   -2.62616309354212
   0.56629115969821    0.92410318435965   -2.62434962105563
   0.55869979802313    0.91171520800256   -2.61202313093155
   0.55820161832034    0.91090225261406   -2.61113052332529
   0.55090916507220    0.89900205047779   -2.59828700173959
   0.54950679569565    0.89671359164469   -2.59632341546403
   0.54320421381011    0.88642871276149   -2.58526569541173
   0.54119217991176    0.88314537184992   -2.58174633989621
   0.53554548977775    0.87393081102804   -2.57215181311869
   0.53259074230400    0.86910910137795   -2.56671523756557
   0.52776881121744    0.86124042499913   -2.55836912206652
   0.52427485903535    0.85553881323604   -2.55213852978063
   0.51992484010285    0.84844022750200   -2.54473657691993
   0.51555618133894    0.84131122432763   -2.53733740430174
   0.51220346890876    0.83584009489198   -2.53176448586184
   0.50649685866890    0.82652775334427   -2.52230158079288
   0.50452952058374    0.82331734937085   -2.51867686622693
   0.49828299765768    0.81312395039528   -2.50749746956323
   0.49677946148276    0.81067040235157   -2.50485655993732
   0.48994841184671    0.79952314247812   -2.49292465422509
   0.48910297052406    0.79814350762939   -2.49176815516508
   0.48149642986168    0.78573076141627   -2.47854717841316
   0.48099947174865    0.78491979948109   -2.47765928859752
   0.47360132119335    0.77284711501579   -2.46504726031626
   0.47258785131148    0.77119328247920   -2.46330960623215
   0.46589717594842    0.76027509259998   -2.45202751682425
   0.46350129142712    0.75636536440172   -2.44828114572171
   0.45812340549372    0.74758945216811   -2.43915424178558
   0.45480168838020    0.74216890249225   -2.43347893539104
   0.45051758733881    0.73517788498003   -2.42594571426942
   0.44622394268348    0.72817129370530   -2.41844512912688
   0.44273988314975    0.72248582527713   -2.41216675042175
   0.43751443657027    0.71395867146040   -2.40364398112480
   0.43501902296050    0.70988652655121   -2.39919423187360
   0.42881596523330    0.69976405633372   -2.38884208266184
   0.42731157259537    0.69730911066942   -2.38619100772642
   0.42083994297364    0.68674837095272   -2.37460183741617
   0.41941035194153    0.68441549041507   -2.37264946307578
   0.41218621325091    0.67262676750473   -2.35969435866085
   0.41168616112556    0.67181075660031   -2.35879567831929
   0.40419232067290    0.65958192041457   -2.34628361499844
   0.40321366072573    0.65798489252865   -2.34443502037509
   0.39631476685423    0.64672692092513   -2.33271271935168
   0.39441466517344    0.64362623679161   -2.32986181962849
   0.38854935560376    0.63405492147480   -2.31982096115855
   0.38571559947718    0.62943065175873   -2.31506108046739
   0.38089420175395    0.62156284574975   -2.30671743218810
   0.37740083949396    0.61586219665205   -2.30048833846241
   0.37305157363713    0.60876483982581   -2.29308810858475
   0.36913629539445    0.60237568641990   -2.28579799995813
   0.36528449137730    0.59609011353603   -2.27927163807119
   0.36010936745203    0.58764507882747   -2.27065783166074
   0.35761257120907    0.58357067766598   -2.26622261876308
   0.35141379960019    0.57345520175792   -2.25585706116986
   0.34990974167573    0.57100080229635   -2.25321788134989
   0.34271830465018    0.55926544365332   -2.24105648392157
   0.34222587425992    0.55846187029017   -2.24015693791930
   0.33452428416006    0.54589401749214   -2.22714823429163
   0.33402623194230    0.54508127014031   -2.22625595227807
   0.32669524556254    0.53311818764818   -2.21348471485628
   0.32570505665037    0.53150234620129   -2.21168579881597
   0.31909366258819    0.52071353164664   -2.20026393184747
   0.31711762561039    0.51748893237058   -2.19665601942750
   0.31137602954909    0.50811949915115   -2.18729089176965
   0.30805783172441    0.50270469243272   -2.18162499577313
   0.30362532628121    0.49547150094702   -2.17438116696791
   0.29912109199328    0.48812125862505   -2.16728751214444
   0.29584228692068    0.48277073503555   -2.16248730642146
   0.28949179274759    0.47240767040509   -2.15248176725632
   0.28800398789373    0.46997979354421   -2.14975532961232
   0.28043852015110    0.45763407224447   -2.13830734904382
   0.27992646210005    0.45679846944997   -2.13745636780852
   0.27270968286699    0.44502175608286   -2.12628299470373
   0.27066146551036    0.44167936913383   -2.12287910848246
   0.26502117397246    0.43247524987181   -2.11416413201431
   0.26071868769827    0.42545423038642   -2.10762797397647
   0.25718437988688    0.41968676422158   -2.10147137697424
   0.25142910241754    0.41029500497334   -2.09305810322059
   0.24950289219308    0.40715171556879   -2.09026249585218
   0.24214353488650    0.39514233593187   -2.07849001732704
   0.24165091163502    0.39433844784782   -2.07761678419939
   0.23400301977754    0.38185822261721   -2.06631311793223
   0.23248930305996    0.37938806143779   -2.06368948170833
   0.22636634527435    0.36939630244513   -2.05407084531057
   0.22292641760077    0.36378285066739   -2.04866442711330
   0.21859175735385    0.35670932803033   -2.04215798492465
   0.21335972639493    0.34817142948291   -2.03364096889767
   0.21082669303190    0.34403789471589   -2.02929849765237
   0.20447662133314    0.33367551950088   -2.01929407099645
   0.20306115405594    0.33136568683650   -2.01738302344052
   0.19529790005907    0.31869720770411   -2.00539688299133
   0.19442518649554    0.31727306860308   -2.00427118040301
   0.18771090691365    0.30631636013952   -1.99398548027741
   0.18476787672287    0.30151377135743   -1.98947294955823
   0.17989960800332    0.29356947883402   -1.98216155989566
   0.17510197057356    0.28574044610004   -1.97467607292355
   0.17227767488623    0.28113161441772   -1.96990385582651
   0.16602006904917    0.27092012977512   -1.95965496925526
   0.16460697162127    0.26861416435332   -1.95771595692123
   0.15678254746582    0.25584586459445   -1.94593191762434
   0.15627053818964    0.25501034139329   -1.94508106778955
   0.14900347739457    0.24315157597438   -1.93402947002619
   0.14699221748634    0.23986949809989   -1.93051213670435
   0.14136673360234    0.23068954273287   -1.92179231988982
   0.13743197288186    0.22426859681270   -1.91548788105928
   0.13348222923683    0.21782320098184   -1.90923579611029
   0.12812956954112    0.20908845422677   -1.90092273077024
   0.12576547590730    0.20523060404189   -1.89715821246135
   0.11859411932402    0.19352801370246   -1.88589509679476
   0.11808043104116    0.19268975061141   -1.88506211923509
   0.11035126418669    0.18007689663984   -1.87394851931186
   0.10845158151627    0.17697689626911   -1.87109871874380
   0.10265472505653    0.16751728627525   -1.86185134084919
   0.09927377042373    0.16200006975360   -1.85630282770774
   0.09495842218977    0.15495806145746   -1.84975484255938
   0.08997308059776    0.14682272336963   -1.84173806804750
   0.08708071419543    0.14210281037620   -1.83717482146325
   0.07995474104186    0.13047427906310   -1.82671095915330
   0.07945823708220    0.12966405823887   -1.82581201904840
   0.07179731510789    0.11716256979012   -1.81363635528400
   0.07077929962298    0.11550131950355   -1.81191490405399
   0.06411523708242    0.10462655780361   -1.80151608853207
   0.06120726203313    0.09988117381331   -1.79689724612606
   0.05641529957376    0.09206140178931   -1.78944076141397
   0.05205895949884    0.08495250088835   -1.78209372704340
   0.04870936047364    0.07948645206788   -1.77732625873948
   0.04189813456034    0.06837154156984   -1.76730194582716
   0.04089256798670    0.06673060606012   -1.76554347726660
   0.03322438089993    0.05421726202536   -1.75339257827751
   0.03271487721965    0.05338582758510   -1.75250973489819
   0.02540881832945    0.04146342305887   -1.74156324492081
   0.02296495319093    0.03747539760945   -1.73793847322009
   0.01765760579547    0.02881459380800   -1.72959977964836
   0.01342101071230    0.02190109897384   -1.72291390434215
   0.01015228986997    0.01656703135253   -1.71798174284909
   0.00413097620469    0.00674114048911   -1.70834768157321
   0.00220568847902    0.00359935646576   -1.70555289500149
  -0.00541333151894   -0.00883375417218   -1.69421370160236
  -0.00590970342346   -0.00964375950201   -1.69332616442692
  -0.01324688329442   -0.02161694885320   -1.68150617618925
  -0.01518919644777   -0.02478651584942   -1.67875971940789
  -0.02091569024312   -0.03413130441069   -1.67026974900942
  -0.02485012017038   -0.04055171052539   -1.66396635796370
  -0.02879971572140   -0.04699686468879   -1.65771515251622
  -0.03451335481592   -0.05632067628483   -1.64917333594919
  -0.03643158639303   -0.05945094572024   -1.64637565285552
  -0.04420284141738   -0.07213248134283   -1.63540747770453
  -0.04513159136610   -0.07364806351357   -1.63437620286673
  -0.05191643178979   -0.08471991680587   -1.62804612653619
  -0.05964122263731   -0.09732562978312   -1.62356769953062
  -0.06734170602847   -0.10989167659669   -1.62146443940324
  -0.07506516458826   -0.12249521547796   -1.62047459477695
  -0.08183766114962   -0.13354692541768   -1.61985082693118
  -0.08281162250514   -0.13513628589889   -1.61914123364025
  -0.09051999349594   -0.14771520410524   -1.61862589086352
  -0.09823137674469   -0.16029903786981   -1.61893984016356
  -0.09873586120050   -0.16112228168016   -1.61945252544797
  -0.10597954037599   -0.17294289176369   -1.62133512519046
  -0.11365840748428   -0.18547366400960   -1.62440611601558
  -0.12132688239122   -0.19798747772419   -1.63099288911788
  -0.12425575193035   -0.20276695842301   -1.63453757829040
  -0.12907930324511   -0.21063827877394   -1.64104400569982
  -0.13496608386408   -0.22024463165877   -1.64911126268167
  -0.13697551129275   -0.22352371919841   -1.65264293527927
  -0.14451247228826   -0.23582292171475   -1.66328692954241
  -0.14502018102443   -0.23665142707243   -1.66412907204420
  -0.15227070897345   -0.24848321333862   -1.67520243239336
  -0.15428872209764   -0.25177631145998   -1.67869976576924
  -0.16001332624919   -0.26111801640283   -1.68719112630450
  -0.16394785799852   -0.26753858867604   -1.69349481605975
  -0.16783004519961   -0.27387374240989   -1.69898493733607
  -0.17418469840939   -0.28424359397139   -1.70806449658200
  -0.17558284937275   -0.28652516897981   -1.71003865397706
  -0.18321311343855   -0.29897662826882   -1.72046219947838
  -0.18519477145832   -0.30221040025168   -1.72308677405737
  -0.19107169446317   -0.31180066697228   -1.72918556457378
  -0.19862485748885   -0.32412630879889   -1.73457970554538
  -0.20164770439159   -0.32905914661706   -1.73772068379206
  -0.20625130090902   -0.33657153336089   -1.74651949090783
  -0.20873070559649   -0.34061755408322   -1.75290602882904
  -0.21421644253629   -0.34956946316357   -1.76650467620645
  -0.21466998085812   -0.35030957043922   -1.76747448153533
  -0.22210103277711   -0.36243594505038   -1.78087589336344
  -0.22296616252467   -0.36384770848851   -1.78204184860202
  -0.22969206293933   -0.37482338042764   -1.79229660835334
  -0.23262354361416   -0.37960712211264   -1.79683864957654
  -0.23728064325862   -0.38720681802459   -1.80372780839306
  -0.24266595315371   -0.39599484506259   -1.81186375858911
  -0.24509751537647   -0.39996279397817   -1.81553780398473
  -0.25270081254832   -0.41237024729580   -1.82603720501209
  -0.25320875858081   -0.41319913988588   -1.82687944211460
  -0.26057813801253   -0.42522487414463   -1.83860164398226
  -0.26209172181445   -0.42769481842539   -1.84122487734314
  -0.26832048904242   -0.43785924273510   -1.85058645243008
  -0.27213734509624   -0.44408778572604   -1.85624786387655
  -0.27592039292738   -0.45026115871179   -1.86198793842131
  -0.28179356250287   -0.45984530039234   -1.87104545528860
  -0.28383632668273   -0.46317878856565   -1.87447550406407
  -0.29142704851333   -0.47556572079144   -1.88499047209910
  -0.29193904777375   -0.47640122764836   -1.88584129197426
  -0.29915513504695   -0.48817681183960   -1.89701281074452
  -0.30159916043929   -0.49216509879949   -1.90063805799300
  -0.30678791887904   -0.50063238301349   -1.90831774512892
  -0.31114505253615   -0.50774257892289   -1.91566618863093
  -0.31454685654643   -0.51329381853635   -1.92031474222106
  -0.32131555567997   -0.52433933163709   -1.93045395904162
  -0.32233957224785   -0.52601037480102   -1.93215565061238
  -0.33016265020702   -0.53877647776723   -1.94394421139815
  -0.33106362211268   -0.54024673029155   -1.94502909842820
  -0.33782392435774   -0.55127854091565   -1.95520280473910
  -0.34080365353172   -0.55614101699539   -1.95960834679257
  -0.34559210285588   -0.56395505610376   -1.96713799027092
  -0.35039031598987   -0.57178502830166   -1.97462411589673
  -0.35330669594644   -0.57654412785410   -1.97919165674240
  -0.36004543997967   -0.58754075867385   -1.98942143052721
  -0.36093665776038   -0.58899509391290   -1.99052247015494
  -0.36857930880322   -0.60146676691129   -2.00183815117104
  -0.37008829710792   -0.60392921202218   -2.00444751785491
  -0.37638971381930   -0.61421218951395   -2.01368282484692
  -0.38032826862363   -0.62063932681624   -2.01901878496340
  -0.38423411431891   -0.62701308770375   -2.02540433823018
  -0.38990048719557   -0.63625976784243   -2.03404006026680
  -0.39181584481151   -0.63938534739946   -2.03685557368808
  -0.39924970883839   -0.65151631095360   -2.04839576140970
  -0.39977497708160   -0.65237347082248   -2.04923899930657
  -0.40741529774417   -0.66484134098590   -2.06056173513048
  -0.40931515396931   -0.66794162457220   -2.06341198382173
  -0.41504033378480   -0.67728426891323   -2.07190544557290
  -0.41934339658733   -0.68430622920735   -2.07844188710776
  -0.42280911422150   -0.68996176637579   -2.08383461526623
  -0.42902847888896   -0.70011084710125   -2.09323313480963
  -0.43055847402169   -0.70260757223989   -2.09580679503611
  -0.43826654401942   -0.71518599927019   -2.10695792308332
  -0.43877859401717   -0.71602158892292   -2.10780887548430
  -0.44599533815888   -0.72779824502615   -2.11898213893608
  -0.44843958933153   -0.73178690042599   -2.12260796868036
  -0.45377214117086   -0.74048883414171   -2.13087462961172
  -0.45822953913441   -0.74776264652874   -2.13717470624256
  -0.46146194656889   -0.75303745605418   -2.14208401420746
  -0.46782031881208   -0.76341337652662   -2.15200593578685
  -0.46940484776617   -0.76599909277366   -2.15453292461284
  -0.47680935121895   -0.77808214422543   -2.16544999533892
  -0.47781903251580   -0.77972979435316   -2.16722827305300
  -0.48462466244961   -0.79083557304262   -2.17729270362478
  -0.48756797749315   -0.79563862666218   -2.18180592785998
  -0.49236896958085   -0.80347313370037   -2.18928010666808
  -0.49770222253999   -0.81217621153963   -2.19661380119809
  -0.50009662452942   -0.81608352046575   -2.20038135955481
  -0.50650311190303   -0.82653795769494   -2.21118003799282
  -0.50790171493951   -0.82882027041964   -2.21315474815691
  -0.51545505658149   -0.84114620372158   -2.22464989650322
  -0.51645116788936   -0.84277170963989   -2.22643442538604
  -0.52328393554338   -0.85392177306385   -2.23830690942288
  -0.52515102752157   -0.85696859025849   -2.24123314842317
  -0.53105673197422   -0.86660582403323   -2.25116017437412
  -0.53394608983879   -0.87132082753925   -2.25580607606115
  -0.53865010931243   -0.87899708965359   -2.26348786908562
  -0.54264246179884   -0.88551201679415   -2.27060645000448
  -0.54649253780049   -0.89179476981302   -2.27711442074021
  -0.55137236408499   -0.89975792256828   -2.28523246999517
  -0.55428190265691   -0.90450585799564   -2.28994349542714
  -0.56051277984857   -0.91467372545313   -2.30020972710919
  -0.56199819864528   -0.91709770862264   -2.30292020474000
  -0.56921175166596   -0.92886915728963   -2.31500955284994
  -0.56970924089608   -0.92968098592912   -2.31590850117478
  -0.57741111759610   -0.94224930641612   -2.32891804606806
  -0.57790920296631   -0.94306210786782   -2.32981038440168
  -0.58512071555515   -0.95483022685267   -2.34191299703243
  -0.58698774622058   -0.95787694399397   -2.34483973143701
  -0.59277461925790   -0.96732026252313   -2.35411200691937
  -0.59578335531427   -0.97223007353284   -2.35941386071980
  -0.60060734791903   -0.98010211400361   -2.36775719507463
  -0.60484719855667   -0.98702092141982   -2.37444598115156
  -0.60821081227884   -0.99250984014719   -2.38006078186321
  -0.61356277821449   -1.00124345478874   -2.38924402896201
  -0.61609632893953   -1.00537783381383   -2.39358773588605
  -0.62244770720497   -1.01574234115188   -2.40359526477069
  -0.62393278192749   -1.01816576284333   -2.40635960774529
  -0.63105111398971   -1.02978182502861   -2.41862256580128
  -0.63155651883119   -1.03060657077187   -2.41949192053196
  -0.63923986526828   -1.04314465261802   -2.43163164248108
  -0.64023282733500   -1.04476501944186   -2.43342454439046
  -0.64695383379097   -1.05573270516624   -2.44461847816243
  -0.64931469765771   -1.05958528485025   -2.44845440242004
  -0.65467285901519   -1.06832900950137   -2.45759404731636
  -0.65802561559474   -1.07380021098224   -2.46324934326361
  -0.66237313675947   -1.08089472072972   -2.46969965287592
  -0.66729316749730   -1.08892348118998   -2.47783278216601
  -0.67023794928718   -1.09372892832203   -2.48328547332592
  -0.67550696304634   -1.10232717731441   -2.49263585630090
  -0.67788319334546   -1.10620483273704   -2.49641444409487
  -0.68429040679517   -1.11666045481475   -2.50721660487040
  -0.68567184540293   -1.11891475773748   -2.50924469149902
  -0.69325908549096   -1.13129600827579   -2.52158630879455
  -0.69375629819258   -1.13210738566179   -2.52247404141433
  -0.70108393379320   -1.14406500017933   -2.53525518297441
  -0.70245642222943   -1.14630469774955   -2.53727742628709
  -0.70885891102572   -1.15675260989360   -2.54810706876119
  -0.71125495961528   -1.16066260582692   -2.55185370731168
  -0.71645148136722   -1.16914255861502   -2.56044729572879
  -0.71995324157511   -1.17485691191819   -2.56665757757941
  -0.72433695627068   -1.18201048414005   -2.57397391019226
  -0.72913949529337   -1.18984751554671   -2.58146032015781
  -0.73200932693252   -1.19453065514883   -2.58614154028464
  -0.73783701699206   -1.20404058100457   -2.59626502742953
  -0.73983687033379   -1.20730404505427   -2.59980280598570
  -0.74662675349009   -1.21838412733830   -2.61084547213681
  -0.74764008942463   -1.22003774129270   -2.61261779248514
  -0.75521211522877   -1.23239416437617   -2.62498469293334
  -0.75571030168450   -1.23320713078446   -2.62587727114976
  -0.76292342670092   -1.24497788101197   -2.63798284491338
  -0.76479028925862   -1.24802432382639   -2.64091136395154
  -0.77069766153043   -1.25766427923464   -2.65084174882025
  -0.77358775572946   -1.26238048432930   -2.65548936106013
  -0.77853335763025   -1.27045097313496   -2.66449411725362
  -0.78190714584820   -1.27595649513045   -2.67006569346392
  -0.78618688037984   -1.28294038714636   -2.67668699989606
  -0.79147356680637   -1.29156747531081   -2.68509851305159
  -0.79392979191161   -1.29557567039277   -2.68963779061603
  -0.80016045018917   -1.30574318061493   -2.69991161360719
  -0.80164803465337   -1.30817069783259   -2.70261951487918
  -0.80886264887792   -1.31994387822689   -2.71471503774558
  -0.80936789625506   -1.32076836701170   -2.71558523724856
  -0.81717365965833   -1.33350621519065   -2.72839393825111
  -0.81767024991657   -1.33431657684137   -2.72929064409583
  -0.82481719580547   -1.34597933254799   -2.74154861895444
  -0.82626698910662   -1.34834518019246   -2.74432483702496
  -0.83255140901244   -1.35860042141840   -2.75448792953973
  -0.83581109992690   -1.36391975353668   -2.75936364574087
  -0.84014759986180   -1.37099627827168   -2.76682095842771
  -0.84414137305134   -1.37751352378905   -2.77394288076297
  -0.84804178873840   -1.38387842370848   -2.78033625316358
  -0.85332948168531   -1.39250715436490   -2.78874753437055
  -0.85582455431124   -1.39657874283905   -2.79318816976818
  -0.86202841655641   -1.40670252591054   -2.80355539673977
  -0.86341085021926   -1.40895845261560   -2.80554775158953
  -0.87082306154351   -1.42105408217043   -2.81813901877512
  -0.87133020033738   -1.42188165746682   -2.81902359510541
  -0.87891126664261   -1.43425283330725   -2.83138145446982
  -0.87990453477995   -1.43587369959294   -2.83317506435069
  -0.88662777523496   -1.44684503087241   -2.84437307438184
  -0.88898809277024   -1.45069671902452   -2.84821322028585
  -0.89440160669941   -1.45953077086314   -2.85724071719808
  -0.89778465994403   -1.46505141200801   -2.86279418169347
  -0.90216901879963   -1.47220603540350   -2.87011372057733
  -0.90661511022683   -1.47946139720011   -2.87736173657151
  -0.90991926536656   -1.48485328833941   -2.88305540821650
  -0.91565662905118   -1.49421581494783   -2.89242447926160
  -0.91755358132642   -1.49731135971858   -2.89529426168079
  -0.92437364861391   -1.50844069802801   -2.90721811218573
  -0.92535769509376   -1.51004651593636   -2.90902595211778
  -0.93268540674064   -1.52200425455012   -2.92180411248569
  -0.93318488003626   -1.52281932089024   -2.92266036264617
  -0.94076550634453   -1.53518977872090   -2.93414139220248
  -0.94225159855804   -1.53761486080674   -2.93684157718296
  -0.94848556962552   -1.54778777701071   -2.94712795156484
  -0.95095249617654   -1.55181343526502   -2.95165136218553
  -0.95620949730625   -1.56039208142778   -2.96010629825750
  -0.96006472563862   -1.56668324228622   -2.96668029630459
  -0.96388607860973   -1.57291912357924   -2.97317050868654
  -0.96911570508240   -1.58145309836171   -2.98177852588117
  -0.97158193756579   -1.58547762400059   -2.98628086518133
  -0.97761430218338   -1.59532154837918   -2.99587182984976
  -0.97949999695775   -1.59839872257815   -2.99879905035126
  -0.98633151998738   -1.60954675495971   -3.01067269954134
  -0.98721478492584   -1.61098811233972   -3.01179718819221
  -0.99473276360562   -1.62325633853211   -3.02425382623147
  -0.99572997225028   -1.62488363514132   -3.02612515317804
  -1.00251419198483   -1.63595447556100   -3.03715036441199
  -1.00450117682426   -1.63919694012353   -3.04075207625897
  -1.01029140941261   -1.64864574094169   -3.05003062416141
  -1.01367277697353   -1.65416363130077   -3.05556091116493
  -1.01800913530876   -1.66123992496611   -3.06302342212157
  -1.02237384200625   -1.66836247895424   -3.07037337248954
  -1.02573669571229   -1.67385015744801   -3.07599715086406
  -1.03071261824148   -1.68197012502229   -3.08495458192513
  -1.03362513469538   -1.68672291991138   -3.08953772914860
  -1.04026543554653   -1.69755890605837   -3.10000216548172
  -1.04125235476224   -1.69916941184559   -3.10181185871723
  -1.04858903584663   -1.71114178725107   -3.11458969886391
  -1.04909404897255   -1.71196589377263   -3.11546143009289
  -1.05681678891993   -1.72456825998502   -3.12846898156745
  -1.05768168207835   -1.72597963734477   -3.12963211175256
  -1.06450243901363   -1.73711010105711   -3.14060197584551
  -1.06647997930936   -1.74033715352506   -3.14421324519201
  -1.07216721711994   -1.74961788214135   -3.15372493182684
  -1.07554950952809   -1.75513728171396   -3.15925468800905
  -1.07988582322723   -1.76221350253981   -3.16671925768600
  -1.08388112846943   -1.76873324813989   -3.17384454733929
  -1.08778228370549   -1.77509935489361   -3.18024287097266
  -1.09344678405346   -1.78434297934319   -3.18888930176215
  -1.09544892728288   -1.78761018015000   -3.19244056068183
  -1.10224775191487   -1.79870485359619   -3.20348033124399
  -1.10324341362458   -1.80032962583700   -3.20527845126294
  -1.11067808683061   -1.81246190985151   -3.21775289222737
  -1.11121125693534   -1.81333196438644   -3.21855214603958
  -1.11857692320757   -1.82535163931960   -3.23055265617324
  -1.12003704506088   -1.82773434162934   -3.23333608105149
  -1.12632391357312   -1.83799357861779   -3.24352308800765
  -1.12921341517259   -1.84270881667785   -3.24814672736091
  -1.13404075214655   -1.85058631466316   -3.25652473309053
  -1.13754477104330   -1.85630435381153   -3.26274000295805
  -1.14193024869431   -1.86346080291521   -3.27006486810096
  -1.14675677152535   -1.87133697234000   -3.27741619859893
  -1.14964101574814   -1.87604363114105   -3.28217853999321
  -1.15542135884410   -1.88547629377438   -3.29239340272519
  -1.15740949042572   -1.88872062965008   -3.29599654463733
  -1.16413333973518   -1.89969295448973   -3.30719619279673
  -1.16502602448426   -1.90114968360358   -3.30829727665785
  -1.17282649361654   -1.91387889231750   -3.32111452912563
  -1.17332501412384   -1.91469240384839   -3.32200784198108
  -1.18054343756249   -1.92647180031517   -3.33412221758159
  -1.18240991872068   -1.92951762074216   -3.33705701007798
  -1.18826692548298   -1.93907538710874   -3.34711494698420
  -1.19073490533944   -1.94310276420131   -3.35164064822389
  -1.19609310586744   -1.95184655277290   -3.36079915524043
  -1.19952504084220   -1.95744696165157   -3.36624349506831
  -1.20377260762980   -1.96437836068012   -3.37297868293657
  -1.20900221943817   -1.97291231153263   -3.38151150158502
  -1.21149989099375   -1.97698814107450   -3.38596610095578
  -1.21780177640189   -1.98727188340986   -3.39611361256108
  -1.21929433577590   -1.98970751894248   -3.39881330519031
  -1.22651184858663   -2.00148542939955   -3.41092423738134
  -1.22701216385689   -2.00230186971741   -3.41181895321929
  -1.23460054168023   -2.01468497687100   -3.42418289296583
  -1.23559770568140   -2.01631220062866   -3.42596977908989
  -1.24250108749000   -2.02757749587990   -3.43771150503123
  -1.24440299089089   -2.03068112015341   -3.44056615951164
  -1.25009789127359   -2.03997435295095   -3.45007518140014
  -1.25310967264054   -2.04488913345587   -3.45538374955103
  -1.25781930898119   -2.05257456146413   -3.46307426482255
  -1.26218803965744   -2.05970368198878   -3.47042362714469
  -1.26571783039671   -2.06546377696186   -3.47660520782553
  -1.27101399300500   -2.07410632884951   -3.48501326194132
  -1.27334939602345   -2.07791736020528   -3.48888367988479
  -1.27970084364067   -2.08828198071517   -3.49985866901236
  -1.28109831168056   -2.09056244129377   -3.50183831439109
  -1.28869870832748   -2.10296516138489   -3.51413061932701
  -1.28920784260993   -2.10379599302268   -3.51507890540450
  -1.29673170011288   -2.11607381258259   -3.52835961953272
  -1.29722870890575   -2.11688485721976   -3.52925723291433
  -1.30428477741402   -2.12839931451947   -3.54081331684404
  -1.30669334182788   -2.13232973442179   -3.54454552252967
  -1.31211233005888   -2.14117271950907   -3.55357746671530
  -1.31549788292480   -2.14669743966519   -3.55913615536605
  -1.31979234840098   -2.15370537039780   -3.56667195630302
  -1.32409381604739   -2.16072472763373   -3.57417742934182
  -1.32750462342684   -2.16629065941035   -3.57971473399276
  -1.33337866412632   -2.17587622263607   -3.58880986200247
  -1.33540076436096   -2.17917599031551   -3.59232414959686
  -1.34247783542102   -2.19072472066480   -3.60383210975400
  -1.34297249423246   -2.19153193048080   -3.60473551022615
  -1.35068641593539   -2.20411990662611   -3.61777162214040
  -1.35118541864218   -2.20493420503506   -3.61865761639369
  -1.35858792589747   -2.21701399898859   -3.63129671173733
  -1.35960258201549   -2.21866976728664   -3.63303685708986
  -1.36624500503082   -2.22950921649083   -3.64446048220741
  -1.36860404713911   -2.23335882333524   -3.64831346579433
  -1.37390426247606   -2.24200798867499   -3.65668683742094
  -1.37778430183781   -2.24833963745360   -3.66312371059753
  -1.38158988234300   -2.25454978042149   -3.66975221145569
  -1.38640322806179   -2.26240444675343   -3.67811698158424
  -1.38932594843972   -2.26717389293317   -3.68277878718184
  -1.39529241993157   -2.27691028950335   -3.69258718427972
  -1.39731555074761   -2.28021173893878   -3.69609937064803
  -1.40438982876374   -2.29175591145462   -3.70760065878715
  -1.40488860409598   -2.29256983882203   -3.70851204125372
  -1.41268481681760   -2.30529210170502   -3.72137384647408
  -1.41319763652783   -2.30612894741435   -3.72222645502545
  -1.42055114494968   -2.31812878253886   -3.73499989909859
  -1.42191811100286   -2.32035946839900   -3.73703259419914
  -1.42815830476612   -2.33054253911958   -3.74732943084598
  -1.43100069098387   -2.33518089186448   -3.75208883935112
  -1.43588975491169   -2.34315911908359   -3.76032166801890
  -1.43973762085699   -2.34943826561827   -3.76694940494522
  -1.44367113488824   -2.35585717712651   -3.77321103017201
  -1.44889752797186   -2.36438587549760   -3.78173705182936
  -1.45144396444566   -2.36854128215354   -3.78610726626883
  -1.45772709853205   -2.37879442511288   -3.79633393742947
  -1.45910440933314   -2.38104199206734   -3.79834422610176
  -1.46671030513568   -2.39345368596484   -3.81063662067110
  -1.46720550814593   -2.39426178383259   -3.81157608669538
  -1.47463514448901   -2.40638584843379   -3.82511168559583
  -1.47513399481017   -2.40719989817200   -3.82600568570043
  -1.48229986732978   -2.41889353933288   -3.83733849798796
  -1.48470816951894   -2.42282353132339   -3.84107145204157
  -1.49013955471825   -2.43168674642432   -3.85101437213575
  -1.49341606126575   -2.43703351916174   -3.85589848564417
  -1.49781527541917   -2.44421238420004   -3.86320561219192
  -1.50212182030150   -2.45124002673197   -3.87071956575557
  -1.50552899740130   -2.45680003443063   -3.87625910222087
  -1.51095016822726   -2.46564658118918   -3.88531179483344
  -1.51332225904615   -2.46951748159401   -3.88911389876822
  -1.52002284734994   -2.48045184792231   -3.90037448906270
  -1.52103678165159   -2.48210643832309   -3.90215523342189
  -1.52872086124682   -2.49464571657459   -3.91433319049163
  -1.52922186866931   -2.49546328638225   -3.91522198431573
  -1.53662489069390   -2.50754392036294   -3.92786727666299
  -1.53763997728206   -2.50920039112440   -3.92960829284728
  -1.54416602450925   -2.51984993230238   -3.94036043879162
  -1.54664052484238   -2.52388794984579   -3.94487993132658
  -1.55206825094481   -2.53274519384332   -3.95392747153231
  -1.55545567517848   -2.53827296779406   -3.95948990477882
  -1.55975404335715   -2.54528726715832   -3.96702704617053
  -1.56406125882655   -2.55231600398888   -3.97454235548105
  -1.56751469447151   -2.55795149877249   -3.97997897375316
  -1.57337499946696   -2.56751464736642   -3.98913728531035
  -1.57534068311766   -2.57072235154817   -3.99277814226817
  -1.58206683792620   -2.58169843862037   -4.00400066324675
  -1.58306743433555   -2.58333126355912   -4.00579058922458
  -1.59066400079072   -2.59572773334537   -4.01816511284981
  -1.59116508865896   -2.59654543442855   -4.01905406981257
  -1.59849530414948   -2.60850725894378   -4.03094865197533
  -1.59998346093530   -2.61093571010543   -4.03365318221833
  -1.60611189028373   -2.62093639787712   -4.04419651999000
  -1.60858679494964   -2.62497507523166   -4.04871683894470
  -1.61401509965767   -2.63383326342772   -4.05776680527323
  -1.61778429824995   -2.63998403650964   -4.06355965013936
  -1.62167285936800   -2.64632959153063   -4.07002149334948
  -1.62661350106707   -2.65439198602276   -4.07814565078390
  -1.62943842101176   -2.65900183640052   -4.08293946738853
  -1.63570163915747   -2.66922247949844   -4.09325893175134
  -1.63720036903930   -2.67166818438466   -4.09589097204564
  -1.64450536311375   -2.68358885128952   -4.10784475418113
  -1.64500665974114   -2.68440689303668   -4.10874582304137
  -1.65269647211980   -2.69695552634050   -4.12184600094877
  -1.65320960224881   -2.69779287860723   -4.12269922542220
  -1.66032923958249   -2.70941107080194   -4.13413135896961
  -1.66231378449923   -2.71264955377251   -4.13773808030470
  -1.66811481634057   -2.72211597736990   -4.14704066987422
  -1.67151243770349   -2.72766039152320   -4.15258438720157
  -1.67586551440341   -2.73476396708016   -4.15998190676151
  -1.68020594466304   -2.74184690552221   -4.16762732208848
  -1.68358366366441   -2.74735884197324   -4.17304855351208
  -1.68893619432642   -2.75609337816445   -4.18223931843403
  -1.69136153310358   -2.76005117133982   -4.18597852083474
  -1.69777118305735   -2.77051076943077   -4.19684683552796
  -1.69926509032890   -2.77294860453227   -4.19952043983071
  -1.70648544882093   -2.78473115871917   -4.21168605463374
  -1.70697076358149   -2.78552312042998   -4.21260355386236
  -1.71453679844240   -2.79786976718263   -4.22416403614168
  -1.71605185349169   -2.80034211232089   -4.22679259654478
  -1.72240781352368   -2.81071409642243   -4.23776356130920
  -1.72476271044643   -2.81455693893882   -4.24161226017995
  -1.73002892359031   -2.82315061774245   -4.25101024112950
  -1.73341759701727   -2.82868043019137   -4.25664333166086
  -1.73781201360679   -2.83585146631692   -4.26393297653433
  -1.74219350614496   -2.84300141230747   -4.27130079918476
  -1.74555249010133   -2.84848277594371   -4.27693074613614
  -1.75090673521026   -2.85722010985802   -4.28612171212360
  -1.75328959671872   -2.86110858643080   -4.28994143738227
  -1.75971475430577   -2.87159349067930   -4.30078251873522
  -1.76111699519247   -2.87388173983602   -4.30275510558153
  -1.76880645966020   -2.88642980540080   -4.31494107702936
  -1.76930779747500   -2.88724791435970   -4.31583053422503
  -1.77676303188264   -2.89941375120575   -4.32840126685619
  -1.77813121466713   -2.90164642259092   -4.33043627643989
  -1.78437772483037   -2.91183980073947   -4.34074319077016
  -1.78722275496148   -2.91648246795885   -4.34550782224310
  -1.79200336914032   -2.92428372127211   -4.35398418176119
  -1.79589136529803   -2.93062835436161   -4.36055487586438
  -1.79974732917666   -2.93692071552247   -4.36697773739434
  -1.80417179420293   -2.94414078624023   -4.37519197957526
  -1.80762335884601   -2.94977322782627   -4.38064401656999
  -1.81394718498437   -2.96009277417927   -4.38984996638493
  -1.81546953139545   -2.96257701773858   -4.39247532023749
  -1.82269428607218   -2.97436674584690   -4.40464127092866
  -1.82317857048304   -2.97515702617980   -4.40556157739556
  -1.83080640570380   -2.98760452195394   -4.41879026392563
  -1.83129076296644   -2.98839492117015   -4.41971798806380
  -1.83851579407930   -3.00018510038124   -4.43188597021499
  -1.84041895438532   -3.00329077573749   -4.43475570683622
  -1.84622655119740   -3.01276791239344   -4.44405466019936
  -1.84963414786256   -3.01832860476054   -4.44961944469889
  -1.85410547224487   -3.02562514299752   -4.45766821810532
  -1.85792844465580   -3.03186366697613   -4.46427039752569
  -1.86181919174904   -3.03821278918443   -4.47075351950707
  -1.86676774323943   -3.04628809128286   -4.47887388190766
  -1.86963299117841   -3.05096375096613   -4.48359359443025
  -1.87584935589734   -3.06110793622053   -4.49395397158833
  -1.87724461729011   -3.06338479587831   -4.49597031718778
  -1.88466787658014   -3.07549845407473   -4.50860602337739
  -1.88517288597293   -3.07632255450437   -4.50949268430444
  -1.89284269010443   -3.08883853731631   -4.52174335187711
  -1.89386371354285   -3.09050469613690   -4.52347113039077
  -1.90061819473284   -3.10152700766245   -4.53466786271608
  -1.90259984006565   -3.10476075894209   -4.53828757313874
  -1.90829409344760   -3.11405293593038   -4.54783315784037
  -1.91169409451763   -3.11960123341273   -4.55338147019924
  -1.91602982943690   -3.12667650975569   -4.56085519062599
  -1.92041367403051   -3.13383029395188   -4.56822758220949
  -1.92377461861462   -3.13931485704181   -4.57386065088283
  -1.92913418857137   -3.14806088031802   -4.58305230911921
  -1.93155617451159   -3.15201320216076   -4.58680618527901
  -1.93797550152825   -3.16248859178314   -4.59767199065716
  -1.93932703208503   -3.16469408920242   -4.59973476798774
  -1.94673984533314   -3.17679070100772   -4.61237874261769
  -1.94725709460988   -3.17763477511263   -4.61321934151557
  -1.95496746719865   -3.19021695963002   -4.62634129168617
  -1.95547808094896   -3.19105020553992   -4.62720537871813
  -1.96262758354922   -3.20271713342029   -4.63862778602982
  -1.96498418309714   -3.20656275436846   -4.64247975731381
  -1.97030457197256   -3.21524483993100   -4.65179708676431
  -1.97370524630975   -3.22079423608551   -4.65734668615158
  -1.97811466635634   -3.22798975562780   -4.66465567936556
  -1.98242718253870   -3.23502714243575   -4.67218145378378
  -1.98578840303023   -3.24051215576567   -4.67783008178953
  -1.99204303611589   -3.25071878931887   -4.68721865829406
  -1.99351914355213   -3.25312757772908   -4.68995374076633
  -2.00044897648682   -3.26443603729509   -4.70169607264701
  -2.00145549865390   -3.26607853219157   -4.70347674879856
  -2.00905908794676   -3.27848646220735   -4.71587448098597
  -2.00956080923927   -3.27930519694500   -4.71676469316067
  -2.01680003009476   -3.29111853171152   -4.72982390137515
  -2.01779931766741   -3.29274922082288   -4.73161507108091
  -2.02449306869804   -3.30367242973544   -4.74564326024738
  -2.02497018817041   -3.30445101795139   -4.74658399967335
  -2.02882473449967   -3.31074106588191   -4.76132744691303
  -2.03209559942835   -3.31607863233414   -4.77582668053293
  -2.03248358854896   -3.31671177303520   -4.77684773117598
  -2.03658916927851   -3.32341147187536   -4.79101537980162
  -2.03967914138069   -3.32845384806348   -4.80568285423239
  -2.03864560081499   -3.32676726314763   -4.82057181153477
  -2.03563326921686   -3.32185158474703   -4.83511281466738
  -2.03414905337197   -3.31942956461648   -4.85004559686667
  -2.03350606505100   -3.31838030304010   -4.86497387763362
  -2.03375762325477   -3.31879080871933   -4.87981085065356
  -2.03376714998608   -3.31880635493189   -4.89464615888680
  -2.03400467726484   -3.31919396422248   -4.90947740370395
  -2.03427054249545   -3.31962781684760   -4.92431887004768
  -2.03419462349104   -3.31950392829217   -4.93912141121530
  -2.03450312194572   -3.32000735201592   -4.95398666538310
  -2.03478374030020   -3.32046527955111   -4.96882912605110
  -2.03479344721433   -3.32048111979532   -4.98366591821003
  -2.03480318328165   -3.32049700761319   -4.99850295883983
  -2.03472757397789   -3.32037362444329   -5.01330675375204
  -2.03433847239306   -3.31973866836562   -5.02817639347125
  -2.03474341501187   -3.32039947466132   -5.04301579408008
  -2.03482849629001   -3.32053831468859   -5.05787882479832
  -2.03485230076363   -3.32057716005904   -5.07269191585313
  -2.03439352717945   -3.31982850961168   -5.08750733776406
  -2.03367628804276   -3.31865808171639   -5.10237153260297
  -2.03264075572734   -3.31696824656039   -5.11441284536244
  -2.03226082096405   -3.31634824937592   -5.11723022623479
  -2.03034588961401   -3.31322336542163   -5.13207974360260
  -2.02632973519043   -3.30666959704974   -5.14680551377195
  -2.02478359958965   -3.30414653306108   -5.15126271052759
  -2.01976017693523   -3.29594905232730   -5.16191044852819
  -2.01722595989891   -3.29181358598103   -5.16637557178295
  -2.01177845994325   -3.28292407398775   -5.17630431507628
  -2.00943881961382   -3.27910612796889   -5.18015220359138
  -2.00319409510689   -3.26891566374660   -5.19134896013481
  -2.00183046406690   -3.26669042013338   -5.19339650831297
  -1.99487432915342   -3.25533903963891   -5.20595794147440
  -1.99400175712512   -3.25391513150240   -5.20708738331293
  -1.98628519252153   -3.24132284253519   -5.22009060953137
  -1.98579155661909   -3.24051730195496   -5.22099558963310
  -1.97847501858413   -3.22857779701868   -5.23382236539863
  -1.97747365208502   -3.22694371540767   -5.23559791600279
  -1.97082979758758   -3.21610193023698   -5.24698117451948
  -1.96849205862649   -3.21228708696927   -5.25084918392189
  -1.96306427885663   -3.20342975539444   -5.25989462547131
  -1.96002947162150   -3.19847740008769   -5.26518385334687
  -1.95524455693842   -3.19066912898934   -5.27360652334881
  -1.95138397075309   -3.18436922490950   -5.28008086690727
  -1.94757645454402   -3.17815592315997   -5.28671061649210
  -1.94276160860202   -3.17029880868625   -5.29510037896443
  -1.93978311846553   -3.16543835453192   -5.30048473007445
  -1.93443220773845   -3.15670646183425   -5.30966836503279
  -1.93205969040303   -3.15283486541772   -5.31347591364857
  -1.92534243239646   -3.14187329660682   -5.32470124724837
  -1.92436294344295   -3.14027491590550   -5.32652441829843
  -1.91703203524764   -3.12831196099880   -5.33931162083853
  -1.91652688535079   -3.12748763128736   -5.34018715547872
  -1.90890734171065   -3.11505366614305   -5.35341932825028
  -1.90841373595750   -3.11424817476201   -5.35432442841032
  -1.90121759264409   -3.10250513615519   -5.36649312900926
  -1.89971562999022   -3.10005415586448   -5.36915681915139
  -1.89342603817687   -3.08979047485251   -5.37933814356638
  -1.89051025907878   -3.08503235581199   -5.38393194327073
  -1.88553090743604   -3.07690679243298   -5.39287686210994
  -1.88216827881898   -3.07141948125105   -5.39851686269604
  -1.87787194936587   -3.06440850878453   -5.40602205979201
  -1.87358490091549   -3.05741268153797   -5.41356471216149
  -1.87008065017761   -3.05169426405924   -5.41977446262362
  -1.86488022539601   -3.04320794210560   -5.42838066385863
  -1.86241432202489   -3.03918395352913   -5.43290936841176
  -1.85619070591508   -3.02902793508030   -5.44323013763929
  -1.85469507650643   -3.02658728970647   -5.44591015608946
  -1.84759240674061   -3.01499678606600   -5.45824538084326
  -1.84709056843427   -3.01417786037913   -5.45916945180519
  -1.83938209466864   -3.00159877445950   -5.47218132022836
  -1.83888760584189   -3.00079184203331   -5.47308444858052
  -1.83166344279181   -2.98900307937195   -5.48518026027334
  -1.83018336908396   -2.98658781859471   -5.48789776049227
  -1.82381654088009   -2.97619809924858   -5.49884333630241
  -1.82147911059349   -2.97238375969184   -5.50271229109077
  -1.81612946792570   -2.96365393627886   -5.51192287099502
  -1.81313828092481   -2.95877276272495   -5.51728331381424
  -1.80839824131631   -2.95103772109276   -5.52490274765545
  -1.80443319330576   -2.94456735080719   -5.53210043399884
  -1.80062101102802   -2.93834643472562   -5.53869899667111
  -1.79585031822933   -2.93056137163330   -5.54715038312631
  -1.79282950684864   -2.92563185548523   -5.55247694902333
  -1.78704331664282   -2.91618965123582   -5.56177523129001
  -1.78509078194778   -2.91300340419954   -5.56544170252157
  -1.77844228809014   -2.90215404828108   -5.57681821186419
  -1.77744524864577   -2.90052702778166   -5.57860515752763
  -1.77011391534857   -2.88856337917171   -5.59140085332945
  -1.76961836143087   -2.88775470867505   -5.59230155996988
  -1.76193677171322   -2.87521949353447   -5.60446500488175
  -1.76093298963426   -2.87358147005541   -5.60623448884684
  -1.75417863821324   -2.86255937029355   -5.61830504967727
  -1.75233054823122   -2.85954356153844   -5.62126076904119
  -1.74642386656394   -2.84990473309435   -5.63123604993416
  -1.74389514962675   -2.84577824209413   -5.63560582916069
  -1.73859814310824   -2.83713431307017   -5.64494602819482
  -1.73528474018470   -2.83172733091925   -5.65065169096520
  -1.73091818168649   -2.82460175506700   -5.65802398584893
  -1.72658088015349   -2.81752392224279   -5.66547154615128
  -1.72325789042305   -2.81210129584485   -5.67115508258667
  -1.71790021107810   -2.80335835776670   -5.68033815519163
  -1.71553342365996   -2.79949611172533   -5.68415021918030
  -1.70956968544967   -2.78976417546527   -5.69491679364042
  -1.70769536115613   -2.78670555620464   -5.69782618660469
  -1.70048375713544   -2.77493728801657   -5.70995863618070
  -1.69998822061471   -2.77412864590918   -5.71085946936003
  -1.69238317421475   -2.76171833811071   -5.72410461128905
  -1.69188872512526   -2.76091147052983   -5.72500800194802
  -1.68446523038737   -2.74879742811741   -5.73760906647407
  -1.68308278920151   -2.74654148913592   -5.73961355190776
  -1.67681851466951   -2.73631912217224   -5.75077435139984
  -1.67448132766538   -2.73250517961641   -5.75464437884922
  -1.66913333662672   -2.72377805141721   -5.76385770465363
  -1.66571829461496   -2.71820520934871   -5.76941310315884
  -1.66122500355504   -2.71087282475182   -5.77642506594279
  -1.65548343202360   -2.70150343156147   -5.78395672061245
  -1.65349457639288   -2.69825791414503   -5.78656794960316
  -1.64587604878021   -2.68582560700686   -5.79344566981654
  -1.64003592899559   -2.67629539768329   -5.79884688742176
  -1.63810107284347   -2.67313799940710   -5.80069714957044
  -1.63037578615913   -2.66053147729770   -5.80630718252687
  -1.62260487345829   -2.64785050029630   -5.81169297746901
  -1.62063028293202   -2.64462826141462   -5.81333969362618
  -1.61485072863277   -2.63519688598054   -5.81810623034931
  -1.60720403778704   -2.62271862062299   -5.82319096099901
  -1.60038780659252   -2.61159554224834   -5.82851214510971
  -1.59940372268682   -2.60998966326655   -5.82935726105861
  -1.59167581769583   -2.59737886846904   -5.83496280026769
  -1.58395521551457   -2.58477999077389   -5.84059211907136
  -1.58058132801052   -2.57927430675823   -5.84340221172656
  -1.57617507902579   -2.57208396191860   -5.84686693450839
  -1.56847571245731   -2.55951973759400   -5.85261179465203
  -1.56123832677090   -2.54770939755122   -5.85825595285752
  -1.56070480837764   -2.54683877466107   -5.85894236803788
  -1.55302538259388   -2.53430709073965   -5.86386783084687
  -1.54517295481419   -2.52149309321931   -5.86969483860445
  -1.54173319157629   -2.51587990977622   -5.87241669725132
  -1.53740221421019   -2.50881239705443   -5.87610750244808
  -1.52977705836222   -2.49636927361930   -5.88127067458450
  -1.52243391482125   -2.48438635244314   -5.88728983612907
  -1.52193275524295   -2.48356853433977   -5.88812107414239
  -1.51424864338129   -2.47102920343424   -5.89304898553936
  -1.50655872496277   -2.45848039708910   -5.89883852613517
  -1.50217839609747   -2.45133235004007   -5.90240179654930
  -1.49875524693093   -2.44574627829736   -5.90501011508687
  -1.49103088872610   -2.43314127132882   -5.91061769552405
  -1.48330988517760   -2.42054173866188   -5.91626427867382
  -1.48232589008368   -2.41893600460773   -5.91710961154866
  -1.47555281567723   -2.40788335171052   -5.92264009055212
  -1.46778295328555   -2.39520408865790   -5.92796091302380
  -1.46337612075542   -2.38801279155872   -5.93161242397027
  -1.46000551062646   -2.38251245573311   -5.93444548212425
  -1.45241492568981   -2.37012574689795   -5.93968951770044
  -1.44461486292031   -2.35739720130783   -5.94585742058185
  -1.44318043068133   -2.35505642063857   -5.94686166961234
  -1.43689057817784   -2.34479231421896   -5.95146749025048
  -1.42911869422251   -2.33210975227430   -5.95685361648135
  -1.42376053952175   -2.32336603848597   -5.96138535985768
  -1.42139064452449   -2.31949872133637   -5.96342087525220
  -1.41364189999818   -2.30685391950798   -5.96980594881022
  -1.40587488580314   -2.29417930428985   -5.97513902781000
  -1.40394967985936   -2.29103765372242   -5.97612177744159
  -1.39814874234608   -2.28157138405444   -5.98084144611853
  -1.39042548884768   -2.26896817980296   -5.98645079739733
  -1.38416200369421   -2.25874710098796   -5.99121305899069
  -1.38273986973574   -2.25642638928851   -5.99226386527106
  -1.37499664058466   -2.24379058773450   -5.99871783129122
  -1.36731663361905   -2.23125795541050   -6.00541506598258
  -1.36634941173975   -2.22967959275494   -6.00634069778144
  -1.35950622977575   -2.21851253472166   -6.01159255350579
  -1.35181304950442   -2.20595840551650   -6.01645803714301
  -1.34596958441036   -2.19642273714408   -6.02088032221287
  -1.34399537448530   -2.19320111934712   -6.02252809900390
  -1.33625692006685   -2.18057310944862   -6.02807729782022
  -1.32851850645540   -2.16794516614106   -6.03362660515114
  -1.32563640817587   -2.16324200920115   -6.03557736637632
  -1.32084785782848   -2.15542780523785   -6.03951523035018
  -1.31308959635111   -2.14276747315681   -6.04589508597256
  -1.30730369861172   -2.13332574616924   -6.05060027300668
  -1.30534762439014   -2.13013372315060   -6.05235533985936
  -1.29761384115735   -2.11751333593429   -6.05885084929334
  -1.29007783038570   -2.10521568404236   -6.06440437951353
  -1.28813110518680   -2.10203891724215   -6.06605359515110
  -1.28219546340487   -2.09235283018611   -6.07202714382428
  -1.27450480595649   -2.07980281785385   -6.07957994382186
  -1.27397503027053   -2.07893830250692   -6.08034409599850
  -1.27073839414446   -2.07365659238397   -6.09465402745583
      
      
