# shadow cont 2D ind 103  size 16
# norm -0.0471065 -0.9988899  0.0000000
# angle  1.6179202
#  0 type   0
   2.20867446  -6.05596903
   2.74286348  -5.80328711
      
#  1 type   0
   2.74286348  -5.80328711
   3.53111394  -5.07240991
      
#  2 type   0
   3.53111394  -5.07240991
   3.52653011  -4.77602496
      
#  3 type   0
   3.52653011  -4.77602496
   3.48307091  -4.71452703
      
#  4 type   0
   3.48307091  -4.71452703
   0.77274525  -2.31268154
      
#  5 type   0
   0.77274525  -2.31268154
   0.63986557  -2.19663935
      
#  6 type   0
   0.63986557  -2.19663935
  -0.07589447  -1.61896072
      
#  7 type   0
  -0.07589447  -1.61896072
  -0.19304309  -1.62229059
      
#  8 type   0
  -0.19304309  -1.62229059
  -0.89896047  -2.20236411
      
#  9 type   0
  -0.89896047  -2.20236411
  -1.07671174  -2.36116560
      
# 10 type   0
  -1.07671174  -2.36116560
  -3.82305160  -4.86086258
      
# 11 type   0
  -3.82305160  -4.86086258
  -3.82579300  -5.09852964
      
# 12 type   0
  -3.82579300  -5.09852964
  -3.77208222  -5.17190136
      
# 13 type   0
  -3.77208222  -5.17190136
  -2.99507159  -5.81428406
      
# 14 type   0
  -2.99507159  -5.81428406
  -2.97310235  -5.82645980
      
# 15 type   0
  -2.97310235  -5.82645980
  -2.46339710  -6.08538268
      
