# shadow cont 3D ind 186  size 15
# norm -0.9723699 -0.2334454  0.0000000
# angle  2.9059732
   0.5551177185  -2.3122317051  -6.0638949290
   0.7045892886  -2.9348256019  -5.7944545752
      
      
   0.7045892886  -2.9348256019  -5.7944545752
   0.8905929167  -3.7095864712  -5.0728265366
      
      
   0.8905929167  -3.7095864712  -5.0728265366
   0.8898074983  -3.7063149682  -4.7293946684
      
      
   0.8898074983  -3.7063149682  -4.7293946684
   0.2028094760  -0.8447622636  -2.1960373613
      
      
   0.2028094760  -0.8447622636  -2.1960373613
   0.1811277912  -0.7544515470  -2.1225017387
      
      
   0.1811277912  -0.7544515470  -2.1225017387
   0.0290359428  -0.1209434060  -1.6166285940
      
      
   0.0290359428  -0.1209434060  -1.6166285940
   0.0003170588  -0.0013206451  -1.6260551698
      
      
   0.0003170588  -0.0013206451  -1.6260551698
  -0.1739270870   0.7244584555  -2.2408351240
      
      
  -0.1739270870   0.7244584555  -2.2408351240
  -0.2045498556   0.8520114664  -2.3594053728
      
      
  -0.2045498556   0.8520114664  -2.3594053728
  -0.8275731371   3.4470901977  -4.7895934287
      
      
  -0.8275731371   3.4470901977  -4.7895934287
  -0.8321325210   3.4660813986  -4.8503478940
      
      
  -0.8321325210   3.4660813986  -4.8503478940
  -0.8322528357   3.4665825453  -5.1419949941
      
      
  -0.8322528357   3.4665825453  -5.1419949941
  -0.6582072192   2.7416303790  -5.8142716633
      
      
  -0.6582072192   2.7416303790  -5.8142716633
  -0.6530272180   2.7200541210  -5.8293807148
      
      
  -0.6530272180   2.7200541210  -5.8293807148
  -0.5018623825   2.0904072663  -6.0838579749
      
      
  -0.6530272180   2.7200541210  -5.8293807148
  -1.6253971384   2.4866087571  -5.8293807148
      
      
