# shadow cont 2D ind 21  size 16
# norm  0.9460854 -0.3239174  0.0000000
# angle  0.3298672
#  0 type   0
   2.16544401  -6.06781868
   2.57204369  -5.82899817
      
#  1 type   0
   2.57204369  -5.82899817
   2.62581193  -5.79105660
      
#  2 type   0
   2.62581193  -5.79105660
   3.48406246  -5.14918951
      
#  3 type   0
   3.48406246  -5.14918951
   3.49559154  -5.08751859
      
#  4 type   0
   3.49559154  -5.08751859
   3.49186472  -4.79475923
      
#  5 type   0
   3.49186472  -4.79475923
   0.57075113  -2.17657282
      
#  6 type   0
   0.57075113  -2.17657282
  -0.08128007  -1.62508826
      
#  7 type   0
  -0.08128007  -1.62508826
  -0.15855320  -1.61908457
      
#  8 type   0
  -0.15855320  -1.61908457
  -0.20849159  -1.62577440
      
#  9 type   0
  -0.20849159  -1.62577440
  -0.89830609  -2.19196609
      
# 10 type   0
  -0.89830609  -2.19196609
  -0.94264857  -2.22901425
      
# 11 type   0
  -0.94264857  -2.22901425
  -3.87208922  -4.74352293
      
# 12 type   0
  -3.87208922  -4.74352293
  -3.88771072  -4.80588654
      
# 13 type   0
  -3.88771072  -4.80588654
  -3.89182233  -5.07487522
      
# 14 type   0
  -3.89182233  -5.07487522
  -3.04892732  -5.78347398
      
# 15 type   0
  -3.04892732  -5.78347398
  -2.51352993  -6.07610738
      
