# shadow cont 3D ind 0  size 17
# norm  1.0000000 -0.0000000  0.0000000
# angle  0.0000000
   0.0000000000   2.1800524691  -6.0644796174
   0.0000000000   2.7292670879  -5.8356546363
      
      
   0.0000000000   2.7292670879  -5.8356546363
   0.0000000000   2.7640291408  -5.8140792488
      
      
   0.0000000000   2.7640291408  -5.8140792488
   0.0000000000   3.5004589061  -5.1376752397
      
      
   0.0000000000   3.5004589061  -5.1376752397
   0.0000000000   3.5264471083  -5.0872010581
      
      
   0.0000000000   3.5264471083  -5.0872010581
   0.0000000000   3.5264955633  -4.8646203217
      
      
   0.0000000000   3.5264955633  -4.8646203217
   0.0000000000   3.5005920392  -4.8099382263
      
      
   0.0000000000   3.5005920392  -4.8099382263
   0.0000000000   0.7298147269  -2.2639735286
      
      
   0.0000000000   0.7298147269  -2.2639735286
  -0.0000000000  -0.0377170013  -1.6261561187
      
      
  -0.0000000000  -0.0377170013  -1.6261561187
  -0.0000000000  -0.1609606609  -1.6178228375
      
      
  -0.0000000000  -0.1609606609  -1.6178228375
  -0.0000000000  -0.8692160552  -2.1751260482
      
      
  -0.0000000000  -0.8692160552  -2.1751260482
  -0.0000000000  -0.9577921168  -2.2493789831
      
      
  -0.0000000000  -0.9577921168  -2.2493789831
  -0.0000000000  -3.8040181383  -4.7305459179
      
      
  -0.0000000000  -3.8040181383  -4.7305459179
  -0.0000000000  -3.8484222949  -4.7978614083
      
      
  -0.0000000000  -3.8484222949  -4.7978614083
  -0.0000000000  -3.8495778487  -5.0139278481
      
      
  -0.0000000000  -3.8495778487  -5.0139278481
  -0.0000000000  -3.7983310775  -5.0730970990
      
      
  -0.0000000000  -3.7983310775  -5.0730970990
  -0.0000000000  -3.0220625324  -5.7924221616
      
      
  -0.0000000000  -3.0220625324  -5.7924221616
  -0.0000000000  -2.4390360198  -6.0733372842
      
      
  -0.0000000000  -3.0220625324  -5.7924221616
   1.0000000000  -3.0220625324  -5.7924221616
      
      
