# shadow cont 2D ind 93  size 15
# norm  0.1097343 -0.9939610  0.0000000
# angle  1.4608406
#  0 type   0
   2.10577116  -6.05752998
   2.74460827  -5.81398200
      
#  1 type   0
   2.74460827  -5.81398200
   2.78663355  -5.78465797
      
#  2 type   0
   2.78663355  -5.78465797
   3.50994768  -5.12087960
      
#  3 type   0
   3.50994768  -5.12087960
   3.50335657  -4.71935880
      
#  4 type   0
   3.50335657  -4.71935880
   0.64029408  -2.19752773
      
#  5 type   0
   0.64029408  -2.19752773
  -0.08992906  -1.61868518
      
#  6 type   0
  -0.08992906  -1.61868518
  -0.21162306  -1.62283509
      
#  7 type   0
  -0.21162306  -1.62283509
  -0.90689173  -2.18192189
      
#  8 type   0
  -0.90689173  -2.18192189
  -0.97250888  -2.23745793
      
#  9 type   0
  -0.97250888  -2.23745793
  -3.83288544  -4.78510307
      
# 10 type   0
  -3.83288544  -4.78510307
  -3.84706304  -4.83550178
      
# 11 type   0
  -3.84706304  -4.83550178
  -3.84776983  -5.13968151
      
# 12 type   0
  -3.84776983  -5.13968151
  -3.07200352  -5.82039367
      
# 13 type   3
  -3.07200352  -5.82039367
  -2.44410807  -6.06986787
      
# 14 type   3
  -2.44410807  -6.06986787
  -2.42330887  -6.09500028
      
