# shadow cont 2D ind 161  size 14
# norm -0.8181497 -0.5750053  0.0000000
# angle  2.5289821
#  0 type   0
   2.37058552  -6.06906400
   2.80136315  -5.80259530
      
#  1 type   0
   2.80136315  -5.80259530
   2.83075161  -5.78093137
      
#  2 type   0
   2.83075161  -5.78093137
   3.73493439  -5.07935088
      
#  3 type   0
   3.73493439  -5.07935088
   3.72865592  -4.70811623
      
#  4 type   0
   3.72865592  -4.70811623
   0.76492111  -2.19649124
      
#  5 type   0
   0.76492111  -2.19649124
   0.68294959  -2.12765065
      
#  6 type   0
   0.68294959  -2.12765065
   0.05836746  -1.61644093
      
#  7 type   0
   0.05836746  -1.61644093
  -0.05982943  -1.62666062
      
#  8 type   0
  -0.05982943  -1.62666062
  -0.69705519  -2.18244016
      
#  9 type   0
  -0.69705519  -2.18244016
  -0.84586862  -2.31468905
      
# 10 type   0
  -0.84586862  -2.31468905
  -3.63121004  -4.81879187
      
# 11 type   0
  -3.63121004  -4.81879187
  -3.63254209  -5.17259822
      
# 12 type   0
  -3.63254209  -5.17259822
  -2.73068304  -5.85196213
      
# 13 type   0
  -2.73068304  -5.85196213
  -2.30788068  -6.08745594
      
