# shadow cont 3D ind 34  size 19
# norm  0.8607420 -0.5090414  0.0000000
# angle  0.5340708
   1.0794599050   1.8252670174  -6.0642926531
   1.3661782874   2.3100813254  -5.8294467780
      
      
   1.3661782874   2.3100813254  -5.8294467780
   1.3818893142   2.3366472207  -5.8091213479
      
      
   1.3818893142   2.3366472207  -5.8091213479
   1.7603567180   2.9766006513  -5.1183892750
      
      
   1.7603567180   2.9766006513  -5.1183892750
   1.7716993054   2.9957799193  -5.0582478366
      
      
   1.7716993054   2.9957799193  -5.0582478366
   1.7700198984   2.9929401971  -4.8058717618
      
      
   1.7700198984   2.9929401971  -4.8058717618
   1.7588214815   2.9740047081  -4.7537899921
      
      
   1.7588214815   2.9740047081  -4.7537899921
   0.3089036196   0.5223274953  -2.1966366875
      
      
   0.3089036196   0.5223274953  -2.1966366875
   0.2881415824   0.4872208076  -2.1616229530
      
      
   0.2881415824   0.4872208076  -2.1616229530
  -0.0505964814  -0.0855539777  -1.6209736719
      
      
  -0.0505964814  -0.0855539777  -1.6209736719
  -0.1127123029  -0.1905860958  -1.6206836200
      
      
  -0.1127123029  -0.1905860958  -1.6206836200
  -0.4741577934  -0.8017570428  -2.1817112727
      
      
  -0.4741577934  -0.8017570428  -2.1817112727
  -0.5023761866  -0.8494717400  -2.2270984771
      
      
  -0.5023761866  -0.8494717400  -2.2270984771
  -1.9741723216  -3.3381430924  -4.7499574937
      
      
  -1.9741723216  -3.3381430924  -4.7499574937
  -1.9817637148  -3.3509794374  -4.8351005665
      
      
  -1.9817637148  -3.3509794374  -4.8351005665
  -1.9823725229  -3.3520088757  -5.0907294401
      
      
  -1.9823725229  -3.3520088757  -5.0907294401
  -1.9736845427  -3.3373183033  -5.1474906619
      
      
  -1.9736845427  -3.3373183033  -5.1474906619
  -1.6116083452  -2.7250808891  -5.7859987381
      
      
  -1.6116083452  -2.7250808891  -5.7859987381
  -1.6034561117  -2.7112962151  -5.7917558386
      
      
  -1.6034561117  -2.7112962151  -5.7917558386
  -1.2409918111  -2.0984025541  -6.0811168485
      
      
  -1.6034561117  -2.7112962151  -5.7917558386
  -0.7427140847  -3.2203376308  -5.7917558386
      
      
