# shadow cont 2D ind 118  size 18
# norm -0.2789911 -0.9602937  0.0000000
# angle  1.8535397
#  0 type   0
   2.25353665  -6.06251372
   2.64850775  -5.79827946
      
#  1 type   0
   2.64850775  -5.79827946
   2.66910328  -5.78377277
      
#  2 type   0
   2.66910328  -5.78377277
   3.55344313  -5.13156421
      
#  3 type   0
   3.55344313  -5.13156421
   3.57554369  -5.08730613
      
#  4 type   0
   3.57554369  -5.08730613
   3.56675857  -4.69596549
      
#  5 type   0
   3.56675857  -4.69596549
   0.62617691  -2.17752974
      
#  6 type   0
   0.62617691  -2.17752974
  -0.04704592  -1.61893148
      
#  7 type   0
  -0.04704592  -1.61893148
  -0.17253664  -1.62282669
      
#  8 type   0
  -0.17253664  -1.62282669
  -3.37858403  -4.45651934
      
#  9 type   3
  -3.37858403  -4.45651934
  -3.40768464  -4.48495129
      
# 10 type   3
  -3.40768464  -4.48495129
  -3.57218984  -4.65601304
      
# 11 type   4
  -3.57218984  -4.65601304
  -3.75333791  -4.79317735
      
# 12 type   0
  -3.75333791  -4.79317735
  -3.77575439  -4.82480968
      
# 13 type   0
  -3.77575439  -4.82480968
  -3.77557065  -5.13238618
      
# 14 type   0
  -3.77557065  -5.13238618
  -3.75679010  -5.17874875
      
# 15 type   0
  -3.75679010  -5.17874875
  -2.88454980  -5.84424060
      
# 16 type   0
  -2.88454980  -5.84424060
  -2.86179959  -5.85820957
      
# 17 type   0
  -2.86179959  -5.85820957
  -2.44923509  -6.08659829
      
