# shadow cont 3D ind 107  size 18
# norm -0.1097343 -0.9939610  0.0000000
# angle  1.6807521
   2.2102165098  -0.2440101744  -6.0611346201
   2.6955571341  -0.2975922781  -5.8043256506
      
      
   2.6955571341  -0.2975922781  -5.8043256506
   3.5016496741  -0.3865857231  -5.1089477617
      
      
   3.5016496741  -0.3865857231  -5.1089477617
   3.5164483035  -0.3882195070  -5.0495661155
      
      
   3.5164483035  -0.3882195070  -5.0495661155
   3.5130100077  -0.3878399156  -4.7908720445
      
      
   3.5130100077  -0.3878399156  -4.7908720445
   3.4889858151  -0.3851876200  -4.6993605764
      
      
   3.4889858151  -0.3851876200  -4.6993605764
   0.7167236970  -0.0791270328  -2.2697222573
      
      
   0.7167236970  -0.0791270328  -2.2697222573
   0.6310902569  -0.0696730130  -2.1960837796
      
      
   0.6310902569  -0.0696730130  -2.1960837796
  -0.0657808831   0.0072622771  -1.6214764655
      
      
  -0.0657808831   0.0072622771  -1.6214764655
  -0.1818101559   0.0200720281  -1.6204430403
      
      
  -0.1818101559   0.0200720281  -1.6204430403
  -0.8056324352   0.0889426489  -2.1448268182
      
      
  -0.8056324352   0.0889426489  -2.1448268182
  -0.9013933614   0.0995147536  -2.2260082797
      
      
  -0.9013933614   0.0995147536  -2.2260082797
  -3.7658470080   0.4157533803  -4.8159002794
      
      
  -3.7658470080   0.4157533803  -4.8159002794
  -3.7871920752   0.4181098976  -4.8651149216
      
      
  -3.7871920752   0.4181098976  -4.8651149216
  -3.7863824739   0.4180205168  -5.1172477556
      
      
  -3.7863824739   0.4180205168  -5.1172477556
  -3.7666612369   0.4158432720  -5.1717830435
      
      
  -3.7666612369   0.4158432720  -5.1717830435
  -2.9411860963   0.3247099680  -5.8016092841
      
      
  -2.9411860963   0.3247099680  -5.8016092841
  -2.9113724091   0.3214185063  -5.8214832176
      
      
  -2.9113724091   0.3214185063  -5.8214832176
  -2.4514541405   0.2706430568  -6.0849194147
      
      
  -2.9113724091   0.3214185063  -5.8214832176
  -3.0211067202  -0.6725424491  -5.8214832176
      
      
