# shadow cont 2D ind 107  size 18
# norm -0.1097343 -0.9939610  0.0000000
# angle  1.6807521
#  0 type   0
   2.22364520  -6.06113462
   2.71193463  -5.80432565
      
#  1 type   0
   2.71193463  -5.80432565
   3.52292477  -5.10894776
      
#  2 type   0
   3.52292477  -5.10894776
   3.53781332  -5.04956612
      
#  3 type   0
   3.53781332  -5.04956612
   3.53435413  -4.79087204
      
#  4 type   0
   3.53435413  -4.79087204
   3.51018397  -4.69936058
      
#  5 type   0
   3.51018397  -4.69936058
   0.72107832  -2.26972226
      
#  6 type   0
   0.72107832  -2.26972226
   0.63492459  -2.19608378
      
#  7 type   0
   0.63492459  -2.19608378
  -0.06618055  -1.62147647
      
#  8 type   4
  -0.06618055  -1.62147647
  -0.18291479  -1.62044304
      
#  9 type   0
  -0.18291479  -1.62044304
  -0.81052725  -2.14482682
      
# 10 type   0
  -0.81052725  -2.14482682
  -0.90686999  -2.22600828
      
# 11 type   0
  -0.90686999  -2.22600828
  -3.78872730  -4.81590028
      
# 12 type   0
  -3.78872730  -4.81590028
  -3.81020206  -4.86511492
      
# 13 type   0
  -3.81020206  -4.86511492
  -3.80938753  -5.11724776
      
# 14 type   0
  -3.80938753  -5.11724776
  -3.78954648  -5.17178304
      
# 15 type   0
  -3.78954648  -5.17178304
  -2.95905597  -5.80160928
      
# 16 type   0
  -2.95905597  -5.80160928
  -2.92906114  -5.82148322
      
# 17 type   0
  -2.92906114  -5.82148322
  -2.46634853  -6.08491941
      
