# shadow cont 2D ind 130  size 17
# norm -0.4539905 -0.8910065  0.0000000
# angle  2.0420352
#  0 type   0
   2.26257601  -6.06464269
   2.82741775  -5.79716142
      
#  1 type   0
   2.82741775  -5.79716142
   3.59248390  -5.08892027
      
#  2 type   0
   3.59248390  -5.08892027
   3.61565227  -5.04229993
      
#  3 type   0
   3.61565227  -5.04229993
   3.61342266  -4.76054229
      
#  4 type   0
   3.61342266  -4.76054229
   3.58827855  -4.69875582
      
#  5 type   0
   3.58827855  -4.69875582
   0.74748552  -2.22613821
      
#  6 type   0
   0.74748552  -2.22613821
   0.65893095  -2.15189175
      
#  7 type   0
   0.65893095  -2.15189175
  -0.01832519  -1.61857802
      
#  8 type   0
  -0.01832519  -1.61857802
  -0.13930669  -1.62391793
      
#  9 type   0
  -0.13930669  -1.62391793
  -0.83033477  -2.19501826
      
# 10 type   0
  -0.83033477  -2.19501826
  -0.94891247  -2.30213047
      
# 11 type   0
  -0.94891247  -2.30213047
  -3.71412703  -4.83363903
      
# 12 type   0
  -3.71412703  -4.83363903
  -3.73696873  -4.89552748
      
# 13 type   0
  -3.73696873  -4.89552748
  -3.73914453  -5.11115979
      
# 14 type   0
  -3.73914453  -5.11115979
  -3.70666834  -5.17173150
      
# 15 type   0
  -3.70666834  -5.17173150
  -2.96556551  -5.85385363
      
# 16 type   0
  -2.96556551  -5.85385363
  -2.37540653  -6.08620627
      
