# shadow cont 3D ind 149  size 18
# norm -0.6959128 -0.7181263  0.0000000
# angle  2.3404865
   1.6471631875  -1.5962121758  -6.0642847665
   2.0754191248  -2.0112210508  -5.8020060688
      
      
   2.0754191248  -2.0112210508  -5.8020060688
   2.6226495524  -2.5415242279  -5.0922242993
      
      
   2.6226495524  -2.5415242279  -5.0922242993
   2.6438383881  -2.5620576383  -5.0331084846
      
      
   2.6438383881  -2.5620576383  -5.0331084846
   2.6388411715  -2.5572149984  -4.7610137352
      
      
   2.6388411715  -2.5572149984  -4.7610137352
   2.6176681953  -2.5366969571  -4.6985322466
      
      
   2.6176681953  -2.5366969571  -4.6985322466
   0.5539755074  -0.5368396142  -2.2015987067
      
      
   0.5539755074  -0.5368396142  -2.2015987067
   0.4794204331  -0.4645907209  -2.1177076237
      
      
   0.4794204331  -0.4645907209  -2.1177076237
   0.0196751691  -0.0190665653  -1.6167244815
      
      
   0.0196751691  -0.0190665653  -1.6167244815
  -0.0681742840   0.0660654773  -1.6268835788
      
      
  -0.0681742840   0.0660654773  -1.6268835788
  -0.5616691273   0.5442952505  -2.1975279410
      
      
  -0.5616691273   0.5442952505  -2.1975279410
  -0.6042076510   0.5855179478  -2.2501866021
      
      
  -0.6042076510   0.5855179478  -2.2501866021
  -2.6215748290   2.5404827485  -4.8329758452
      
      
  -2.6215748290   2.5404827485  -4.8329758452
  -2.6410994078   2.5594033816  -4.8949268137
      
      
  -2.6410994078   2.5594033816  -4.8949268137
  -2.6402811420   2.5586104270  -5.1026250047
      
      
  -2.6402811420   2.5586104270  -5.1026250047
  -2.6216235885   2.5405299998  -5.1642570723
      
      
  -2.6216235885   2.5405299998  -5.1642570723
  -2.0913849744   2.0266930355  -5.8439780464
      
      
  -2.0913849744   2.0266930355  -5.8439780464
  -2.0758916053   2.0116789163  -5.8585122839
      
      
  -2.0758916053   2.0116789163  -5.8585122839
  -1.6618256084   1.6104210502  -6.0866009146
      
      
  -2.0758916053   2.0116789163  -5.8585122839
  -2.7718044019   1.2935526186  -5.8585122839
      
      
