# shadow cont 3D ind 172  size 17
# norm -0.8980276 -0.4399392  0.0000000
# angle  2.6860617
   1.0713026396  -2.1868007631  -6.0489924708
   1.2619320840  -2.5759238727  -5.7932866006
      
      
   1.2619320840  -2.5759238727  -5.7932866006
   1.6517541902  -3.3716497935  -5.0800092348
      
      
   1.6517541902  -3.3716497935  -5.0800092348
   1.6591751418  -3.3867978404  -5.0241981218
      
      
   1.6591751418  -3.3867978404  -5.0241981218
   1.6570389285  -3.3824372865  -4.7612811964
      
      
   1.6570389285  -3.3824372865  -4.7612811964
   1.6435981387  -3.3550012209  -4.7009378909
      
      
   1.6435981387  -3.3550012209  -4.7009378909
   0.3568979638  -0.7285193844  -2.2042159325
      
      
   0.3568979638  -0.7285193844  -2.2042159325
   0.3112934184  -0.6354289252  -2.1192745989
      
      
   0.3112934184  -0.6354289252  -2.1192745989
   0.0389653328  -0.0795381401  -1.6175141148
      
      
   0.0389653328  -0.0795381401  -1.6175141148
  -0.0145958871   0.0297939125  -1.6267211149
      
      
  -0.0145958871   0.0297939125  -1.6267211149
  -0.3215028092   0.6562688848  -2.2259384181
      
      
  -0.3215028092   0.6562688848  -2.2259384181
  -0.3523379263   0.7192111899  -2.2881207790
      
      
  -0.3523379263   0.7192111899  -2.2881207790
  -1.5786853455   3.2224977243  -4.8133333408
      
      
  -1.5786853455   3.2224977243  -4.8133333408
  -1.5857947000   3.2370097223  -4.8649012998
      
      
  -1.5857947000   3.2370097223  -4.8649012998
  -1.5868824867   3.2392301713  -5.1242337103
      
      
  -1.5868824867   3.2392301713  -5.1242337103
  -1.5787862767   3.2227037506  -5.1777012786
      
      
  -1.5787862767   3.2227037506  -5.1777012786
  -1.1969838054   2.4433479413  -5.8240599960
      
      
  -1.1969838054   2.4433479413  -5.8240599960
  -0.9960443833   2.0331795489  -6.0865594083
      
      
  -1.1969838054   2.4433479413  -5.8240599960
  -2.0950113811   2.0034087714  -5.8240599960
      
      
