# shadow cont 2D ind 105  size 17
# norm -0.0784591 -0.9969173 -0.0000000
# angle  1.6493361
#  0 type   0
   2.23272573  -6.05031704
   2.72976307  -5.80318283
      
#  1 type   0
   2.72976307  -5.80318283
   3.53482855  -5.07649894
      
#  2 type   0
   3.53482855  -5.07649894
   3.52967263  -4.77538601
      
#  3 type   0
   3.52967263  -4.77538601
   3.49323758  -4.70143069
      
#  4 type   0
   3.49323758  -4.70143069
   0.67212008  -2.22594743
      
#  5 type   0
   0.67212008  -2.22594743
   0.63828887  -2.19695853
      
#  6 type   0
   0.63828887  -2.19695853
  -0.07187505  -1.61957557
      
#  7 type   4
  -0.07187505  -1.61957557
  -0.19238574  -1.62347246
      
#  8 type   0
  -0.19238574  -1.62347246
  -0.90555600  -2.21656786
      
#  9 type   0
  -0.90555600  -2.21656786
  -1.08118307  -2.37397551
      
# 10 type   0
  -1.08118307  -2.37397551
  -3.79786726  -4.83307584
      
# 11 type   0
  -3.79786726  -4.83307584
  -3.81795203  -4.91034427
      
# 12 type   0
  -3.81795203  -4.91034427
  -3.81655466  -5.11330814
      
# 13 type   0
  -3.81655466  -5.11330814
  -3.77846539  -5.17656558
      
# 14 type   0
  -3.77846539  -5.17656558
  -2.96852770  -5.81434686
      
# 15 type   0
  -2.96852770  -5.81434686
  -2.94975680  -5.82501013
      
# 16 type   0
  -2.94975680  -5.82501013
  -2.46821644  -6.08421489
      
