# shadow cont 3D ind 197  size 17
# norm -0.9980267 -0.0627905  0.0000000
# angle  3.0787608
   0.1517987906  -2.4127726845  -6.0633282658
   0.1898281298  -3.0172317219  -5.7996274956
      
      
   0.1898281298  -3.0172317219  -5.7996274956
   0.1922788247  -3.0561844017  -5.7707929819
      
      
   0.1922788247  -3.0561844017  -5.7707929819
   0.2399404777  -3.8137446830  -5.0737640133
      
      
   0.2399404777  -3.8137446830  -5.0737640133
   0.2413223528  -3.8357089589  -5.0136869143
      
      
   0.2413223528  -3.8357089589  -5.0136869143
   0.2408815561  -3.8287026947  -4.7762512329
      
      
   0.2408815561  -3.8287026947  -4.7762512329
   0.2391696971  -3.8014934756  -4.7149472730
      
      
   0.2391696971  -3.8014934756  -4.7149472730
   0.0572162959  -0.9094269808  -2.2114497911
      
      
   0.0572162959  -0.9094269808  -2.2114497911
   0.0536693920  -0.8530505574  -2.1653198894
      
      
   0.0536693920  -0.8530505574  -2.1653198894
   0.0095431116  -0.1516834157  -1.6174185731
      
      
   0.0095431116  -0.1516834157  -1.6174185731
   0.0018473778  -0.0293632293  -1.6252896916
      
      
   0.0018473778  -0.0293632293  -1.6252896916
  -0.0447998045   0.7120725016  -2.2376724060
      
      
  -0.0447998045   0.7120725016  -2.2376724060
  -0.0471587984   0.7495676362  -2.2704889294
      
      
  -0.0471587984   0.7495676362  -2.2704889294
  -0.2221008374   3.5301917202  -4.8095665395
      
      
  -0.2221008374   3.5301917202  -4.8095665395
  -0.2220056314   3.5286784634  -5.1420367985
      
      
  -0.2220056314   3.5286784634  -5.1420367985
  -0.1750614820   2.7825225765  -5.8188419319
      
      
  -0.1750614820   2.7825225765  -5.8188419319
  -0.1731585715   2.7522766798  -5.8352139793
      
      
  -0.1731585715   2.7522766798  -5.8352139793
  -0.1329218089   2.1127316530  -6.0829555238
      
      
  -0.1731585715   2.7522766798  -5.8352139793
  -1.1711852999   2.6894861603  -5.8352139793
      
      
