# shadow point cont 3D ind 170  size 1196
# norm  0.2562894 -0.9666001  0.0000000
# angle  1.3116149
   1.62069799961362    0.42972028814416   -4.60325764008320
   1.62314064456618    0.43036794371793   -4.59086390410064
   1.62554604351426    0.43100572369255   -4.58874811216426
   1.63795773469250    0.43429662397795   -4.57898699775555
   1.63881734975468    0.43452454678177   -4.57828997682357
   1.65005545393678    0.43750427611350   -4.57206628624130
   1.66239016706495    0.44077476603875   -4.56687895233785
   1.66784341062050    0.44222066736804   -4.56443331178769
   1.67502024264547    0.44412356989921   -4.56077422548568
   1.68736726386037    0.44739732325452   -4.55560975115273
   1.69740500730406    0.45005878270346   -4.55133238806505
   1.69972589841964    0.45067415583230   -4.55047911451849
   1.71232548933032    0.45401487682901   -4.54430507224470
   1.72465273167419    0.45728338591170   -4.53916250034631
   1.72621275598327    0.45769701886230   -4.53835535109010
   1.73716869840590    0.46060193435912   -4.53272454296630
   1.74961428794025    0.46390182263078   -4.52705625102706
   1.75278249421130    0.46474185730227   -4.52547047433029
   1.76225498231265    0.46725344201289   -4.52091417576255
   1.77468874371724    0.47055019411277   -4.51518379368473
   1.78007213412627    0.47197757421585   -4.51260265035623
   1.78721947233802    0.47387265660415   -4.50881507303735
   1.79968972095936    0.47717908311425   -4.50314547907380
   1.80662293749975    0.47901739217011   -4.49980182924120
   1.81205549616475    0.48045780900005   -4.49721681327627
   1.82464942943248    0.48379702989991   -4.49103697868636
   1.83381310756335    0.48622673513050   -4.48673973108292
   1.83701779094502    0.48707644153262   -4.48511199602664
   1.84948245743982    0.49038138796869   -4.47945187342878
   1.86041247028075    0.49327942836150   -4.47379611016965
   1.86198030039659    0.49369513098426   -4.47300740697657
   1.87459708064385    0.49704040965098   -4.46687339665893
   1.88633153919235    0.50015174495828   -4.46130447407511
   1.88718920759934    0.50037915161583   -4.46065892810604
   1.89960098303381    0.50367007424136   -4.45486837667502
   1.91208933196839    0.50698129996256   -4.44922543146832
   1.91293730031131    0.50720613469472   -4.44855003417221
   1.92456581200135    0.51028937870151   -4.44277008190777
   1.93712256400467    0.51361874116775   -4.43727024950180
   1.94024645640209    0.51444702622855   -4.43562694405098
   1.94953084958249    0.51690873847455   -4.43067194077743
   1.96211262207572    0.52024473500349   -4.42524461025951
   1.96754235314932    0.52168440211114   -4.42277839269213
   1.97476309594724    0.52359894737280   -4.41911564012696
   1.98705581133509    0.52685830179898   -4.41307433596575
   1.99399996464416    0.52869951068651   -4.40968685126319
   1.99942681265777    0.53013841336466   -4.40719077596994
   2.01203977332273    0.53348267928749   -4.40102929381507
   2.02060622614194    0.53575403309598   -4.39683851173384
   2.02439323224480    0.53675813956993   -4.39509312228799
   2.03701917550140    0.54010584776456   -4.38897969566596
   2.04720567732019    0.54280674978196   -4.38437893859599
   2.04955269688977    0.54342905074485   -4.38336901703767
   2.06198595854841    0.54672567033949   -4.37688225179663
   2.07428680457328    0.54998718056501   -4.37162112650499
   2.07514450833699    0.55021459659722   -4.37097562684326
   2.08688958979305    0.55332874851743   -4.36459143916219
   2.09904173630306    0.55655083178100   -4.35839099158594
   2.09985916897602    0.55676757012698   -4.35764446440843
   2.11169684148761    0.55990627212071   -4.34900772814073
   2.11642217595510    0.56115917185245   -4.34503519145835
   2.12418982455621    0.56321872656028   -4.33774045248463
   2.13023482115120    0.56482152836497   -4.33188805680607
   2.13647423902934    0.56647588003881   -4.32542998673696
   2.14271367169568    0.56813023563366   -4.31897192558403
   2.14895312286196    0.56978459613369   -4.31251387695443
   2.15460705812979    0.57128370990629   -4.30625741479060
   2.16169861296212    0.57316400159954   -4.29907162174467
   2.16727593495032    0.57464280172912   -4.29350905586074
   2.17410549854768    0.57645362770512   -4.28607611501726
   2.17956509110945    0.57790121244290   -4.28042536800197
   2.18658458969580    0.57976239876872   -4.27316013606757
   2.19204421351795    0.58120999179504   -4.26750940719797
   2.19906375270548    0.58307118888606   -4.26024419849274
   2.20449117078403    0.58451024271419   -4.25456479922028
   2.21134773627670    0.58632822811301   -4.24712613775456
   2.21680742519846    0.58777583840018   -4.24147544451082
   2.22390513364056    0.58965776169349   -4.23427908051173
   2.22948202106456    0.59113644660047   -4.22876177047410
   2.23641640260633    0.59297506455084   -4.22141506613883
   2.24176619081590    0.59439353519218   -4.21564380526194
   2.24878589993354    0.59625477733935   -4.20837868615941
   2.25366012396724    0.59754715442425   -4.20292963738108
   2.26145984895049    0.59961521403070   -4.19485730942986
   2.26613969759060    0.60085605341384   -4.19001391868391
   2.27393947276706    0.60292412632877   -4.18194161513302
   2.27861935175743    0.60416497375914   -4.17709823895996
   2.28641917795525    0.60623306020214   -4.16902595958400
   2.29109908779095    0.60747391581100   -4.16418259784952
   2.29880546123997    0.60951722370664   -4.15601748976992
   2.30338365930287    0.61073111092760   -4.15106482157606
   2.31118358977874    0.61279922501943   -4.14299258866853
   2.31529699045878    0.61388987344739   -4.13838366156661
   2.32395931161408    0.61618664628461   -4.12955609020420
   2.32775795897161    0.61719383938131   -4.12543533039720
   2.33614359187501    0.61941724965785   -4.11716154041762
   2.34082363079224    0.62065813949206   -4.11231823498287
   2.34901254069240    0.62282938960943   -4.10303485591333
   2.35213258675221    0.62365665483229   -4.09980599633926
   2.36129835410736    0.62608691401066   -4.09072503636787
   2.36519844125033    0.62712100337911   -4.08668897229235
   2.37367502854860    0.62936852977647   -4.07770208048590
   2.37752096024905    0.63038826008952   -4.07360369444611
   2.38625907012271    0.63270512794130   -4.06489429019129
   2.39014175494861    0.63373460316898   -4.06082885887614
   2.39854432322358    0.63596250377793   -4.05177678662002
   2.40185887212808    0.63684134049560   -4.04794237255290
   2.41121932537566    0.63932321970300   -4.03825591515297
   2.41432481486074    0.64014662532001   -4.03499986006850
   2.42350477040477    0.64258064642849   -4.02513848228901
   2.42665686485933    0.64341640912925   -4.02193985711320
   2.43618079657575    0.64594163386724   -4.01242545782203
   2.43928713090142    0.64676526348967   -4.00916856895012
   2.44846643715914    0.64919911244301   -3.99930809124831
   2.45161770437110    0.65003465580437   -3.99611024539140
   2.46114265884569    0.65256015172178   -3.98659513818244
   2.46424983459544    0.65338400444376   -3.98333741173560
   2.47352668681164    0.65584371723934   -3.97359166437555
   2.47673133479725    0.65669341425637   -3.97042188265301
   2.48610409649492    0.65917855699017   -3.95995720039747
   2.48902999433072    0.65995434474420   -3.95733399598604
   2.49839096757937    0.66243636182738   -3.94764771612041
   2.50092563456454    0.66310841660099   -3.94462059532492
   2.51106677161109    0.66579729036698   -3.93412715483214
   2.51340704348502    0.66641780221079   -3.93170559516765
   2.52354826576169    0.66910669857514   -3.92121218116731
   2.52587862226199    0.66972458140527   -3.91876244533754
   2.53583462918741    0.67236436880908   -3.90809504011095
   2.53820043085481    0.67299164975497   -3.90570379332942
   2.54851157289954    0.67572559952946   -3.89538233066460
   2.55084267591449    0.67634368029436   -3.89293182771471
   2.56099257061786    0.67903487611098   -3.88165971789383
   2.56255280526457    0.67944856483159   -3.88004536165042
   2.57347449635556    0.68234439875239   -3.86874487497121
   2.57503474471952    0.68275809111006   -3.86713052267042
   2.58579032042554    0.68560988033461   -3.85564326726309
   2.58729925593727    0.68600996733604   -3.85398879097161
   2.59804821332109    0.68886000174426   -3.84251086867308
   2.59890775626886    0.68908790542728   -3.84100011052939
   2.60747607874795    0.69135975496711   -3.82807532802792
   2.61041860196043    0.69213995085990   -3.81996756613037
   2.61183069784926    0.69251436130057   -3.81512190395622
   2.61324797795444    0.69289014631130   -3.80226708429163
   2.61362671067722    0.69299056547317   -3.78933918357396
   2.61406502648556    0.69310678280392   -3.77638327949275
   2.61481163324009    0.69330474199789   -3.76348352307137
   2.61481655576893    0.69330604718277   -3.75052771770654
   2.61558290250003    0.69350924033670   -3.73760029527926
   2.61591198405699    0.69359649473049   -3.72469978524890
   2.61594265306856    0.69360462647156   -3.71177005507979
   2.61667035921321    0.69379757425964   -3.69884476599692
   2.61670158161634    0.69380585272982   -3.68591609164487
   2.61742898518314    0.69399872029083   -3.67299020824149
   2.61741796686379    0.69399579883639   -3.66006293490003
   2.61784187801836    0.69410819684240   -3.64711116111286
   2.61813405155643    0.69418566525230   -3.63421417227314
   2.61775693209530    0.69408567383901   -3.62131069655901
   2.61592854682122    0.69360088626785   -3.60831872035509
   2.61115312374986    0.69233470578344   -3.59541670673869
   2.61052763442133    0.69216886029307   -3.59452756796181
   2.60404834678560    0.69045090830543   -3.58252486282344
   2.59742462578755    0.68869466050569   -3.57058581688475
   2.59676193318216    0.68851895074520   -3.56971597881223
   2.58969386373512    0.68664488608903   -3.55683228114509
   2.58500139465705    0.68540070045739   -3.54875036918949
   2.58188350762309    0.68457400768986   -3.54388342972090
   2.57434050629003    0.68257401712587   -3.53079202604977
   2.57266112795681    0.68212873802919   -3.52763073069849
   2.56702461401402    0.68063424343723   -3.51802210786595
   2.56014840932883    0.67881105080087   -3.50581051607810
   2.55948167865622    0.67863427036626   -3.50493098917143
   2.55218669845652    0.67670004141418   -3.49213262514249
   2.54780711473066    0.67553881583047   -3.48388984475357
   2.54477112257322    0.67473383709599   -3.47896920592104
   2.53729820292012    0.67275242835274   -3.46631909475948
   2.53495233941356    0.67213043391440   -3.46227853622426
   2.52975325348544    0.67075192125896   -3.45321937579399
   2.52305370827986    0.66897556903487   -3.44051802336093
   2.52233221722840    0.66878426914890   -3.43967883458965
   2.51541419171312    0.66694998792036   -3.42751345074851
   2.51018229455843    0.66556277552583   -3.41848436243535
   2.50723724004805    0.66478190847158   -3.41432117147159
   2.50037562495354    0.66296258419509   -3.40175402482281
   2.49735509837461    0.66216170608445   -3.39684557681382
   2.49255191381364    0.66088816477445   -3.38880757677051
   2.48570029996941    0.65907149228143   -3.37580217629127
   2.48504500829769    0.65889774484294   -3.37491950109351
   2.47788558235795    0.65699945745164   -3.36286962186453
   2.47248685244676    0.65556801015325   -3.35313035610555
   2.47022829273747    0.65496916389732   -3.34985133999864
   2.46302454913289    0.65305912589011   -3.33702274238427
   2.46004347768551    0.65226870911804   -3.33208679989444
   2.45521432091523    0.65098828140152   -3.32408542416763
   2.44817486542949    0.64912180359971   -3.31116184466323
   2.44751963945520    0.64894807358059   -3.31027923827829
   2.43987696187768    0.64692165433926   -3.29805750984322
   2.43513043680556    0.64566313602051   -3.28920243163701
   2.43287393544344    0.64506483552543   -3.28510250884513
   2.42550139201533    0.64311004105599   -3.27238496389020
   2.42235016082095    0.64227450724452   -3.26674405353812
   2.41795210131848    0.64110838289740   -3.25929486424080
   2.41122688407060    0.63932522385465   -3.24664864439047
   2.40982967376095    0.63895476025378   -3.24493494790066
   2.40284085197160    0.63710170773330   -3.23359527058237
   2.39744333877117    0.63567058303993   -3.22385731307813
   2.39583075728931    0.63524301480747   -3.22064247894132
   2.38799928510334    0.63316653758275   -3.20773226651169
   2.38494251586373    0.63235604990476   -3.20203823129688
   2.38043311189889    0.63116040310838   -3.19466197545636
   2.37313632095367    0.62922569404583   -3.18189426594043
   2.37231252530297    0.62900726858688   -3.18030341081130
   2.36532458755894    0.62715445046678   -3.16896457205033
   2.35976033378511    0.62567911531145   -3.15851654034218
   2.35831639012889    0.62529626058826   -3.15601327066144
   2.35125225144757    0.62342323815573   -3.14311746366958
   2.34763960099864    0.62246536124576   -3.13728858335769
   2.34344109102490    0.62135214649747   -3.13018832288400
   2.33592750642937    0.61935995564010   -3.11708886725869
   2.33511269863567    0.61914391326825   -3.11549231499244
   2.32859271800126    0.61741517172752   -3.10433825171472
   2.32254497376420    0.61581164139874   -3.09371822214192
   2.32101110602965    0.61540494373821   -3.09127118013197
   2.31372449690848    0.61347293433739   -3.07851090017848
   2.30966448905124    0.61239644275987   -3.07133787868629
   2.30593111119789    0.61140655555863   -3.06556428936810
   2.29887347568000    0.60953525740865   -3.05266598421136
   2.29734589942451    0.60913022790356   -3.05021996385500
   2.29083414206354    0.60740366672428   -3.03983534825616
   2.28501793024668    0.60586152610434   -3.02910989786838
   2.28350165230870    0.60545949229387   -3.02664874298028
   2.27625097869342    0.60353701101979   -3.01385652545465
   2.27256718608596    0.60256027110827   -3.00727176692909
   2.26868028078978    0.60152967684317   -3.00078838842659
   2.26139547442194    0.59959814543373   -2.98801814725245
   2.25976621577193    0.59916615533026   -2.98482542853673
   2.25387597504228    0.59760438629977   -2.97492502071705
   2.24763636232065    0.59594998296412   -2.96357642973013
   2.24672997927926    0.59570965985530   -2.96205787664120
   2.23924963169941    0.59372628163296   -2.94939417750434
   2.23490241126042    0.59257363701927   -2.94193748535757
   2.23170294655279    0.59172531432350   -2.93632845317714
   2.22465478261166    0.58985652751658   -2.92342050635689
   2.22248365952257    0.58928086466041   -2.92008292663888
   2.21633258266799    0.58764993618455   -2.91032629309102
   2.21004773984436    0.58598354030465   -2.89984936163366
   2.20849413494062    0.58557160942854   -2.89741570131367
   2.20040029820421    0.58342556750377   -2.88469306779605
   2.19740716573317    0.58263195280923   -2.88055990122394
   2.19129690895425    0.58101184758031   -2.87157692258248
   2.18498168111088    0.57933739525841   -2.86193226948961
   2.18261059815264    0.57870871400362   -2.85872055471546
   2.17383875164876    0.57638290104643   -2.84593162821812
   2.17242468264207    0.57600796744303   -2.84420723229794
   2.16447427536394    0.57389995515003   -2.83300054107043
   2.15991001903110    0.57268976451182   -2.82645237084297
   2.15536901553201    0.57148573925075   -2.81988825483091
   2.14745947449556    0.56938856244540   -2.80784245868269
   2.14674108496980    0.56919808491406   -2.80698639750506
   2.13791690477365    0.56685839592979   -2.79423833840486
   2.13492416134898    0.56606488438902   -2.79010554294112
   2.12857515238078    0.56438147516417   -2.78128752588430
   2.12264319586411    0.56280864539317   -2.77220018914136
   2.11960227893623    0.56200236087947   -2.76807521087414
   2.11077184102870    0.55966101269309   -2.75532900403610
   2.10983706604064    0.55941316159602   -2.75384617080159
   2.10197535282606    0.55732866610786   -2.74257315810452
   2.09728990631303    0.55608634247561   -2.73611265276197
   2.09265267442873    0.55485680272052   -2.72960383893752
   2.08512395365905    0.55286059857929   -2.71804014971674
   2.08356244976515    0.55244657332389   -2.71642495757743
   2.07519298884781    0.55022745097175   -2.70395914620903
   2.07224154673355    0.54944489027501   -2.69980304187235
   2.06605913042686    0.54780565229398   -2.69088389502213
   2.05979527533783    0.54614482121108   -2.68201400478137
   2.05670626722313    0.54532578555025   -2.67794595787148
   2.04812511288656    0.54305053370506   -2.66501811263420
   2.04743447384190    0.54286741408046   -2.66414853036924
   2.03875548682154    0.54056622236919   -2.65209823132697
   2.03494138065634    0.53955493044391   -2.64638377993670
   2.03015755142587    0.53828652110680   -2.63918631957354
   2.02244874715832    0.53624256869130   -2.62781104824997
   2.02157703857268    0.53601143934784   -2.62625904791909
   2.01217509340479    0.53351855875712   -2.61337082289156
   2.00964507606535    0.53284773681474   -2.60947875971934
   2.00283889856443    0.53104311154985   -2.60042035048010
   1.99728297501290    0.52956998511294   -2.59160056380170
   1.99424132841610    0.52876350713104   -2.58750885747937
   1.98561079060368    0.52647516149448   -2.57463200116558
   1.98487776684014    0.52628080376530   -2.57378518273532
   1.97629313491226    0.52400462985348   -2.56166352337915
   1.97229904254649    0.52294561545185   -2.55526626875807
   1.96769582785382    0.52172509519169   -2.54875233323195
   1.95998795369539    0.51968138939016   -2.53737796762165
   1.95860669707152    0.51931515583243   -2.53564016782116
   1.94971424758432    0.51695736557362   -2.52293807132213
   1.94718453652874    0.51628662484094   -2.51904630394348
   1.94038079720677    0.51448264604748   -2.50998976607189
   1.93500598669675    0.51305754086340   -2.50185389315377
   1.93178383680191    0.51220320329922   -2.49707896530889
   1.92315209814863    0.50991453926548   -2.48420170022414
   1.92241915191780    0.50972020209373   -2.48335495238042
   1.91381180483350    0.50743800536732   -2.47125717488857
   1.90988533905753    0.50639692183106   -2.46562307117064
   1.90449090023804    0.50496661229503   -2.45830453248617
   1.89771062874624    0.50316885588399   -2.44765049133344
   1.89596727295183    0.50270661347086   -2.44531931246496
   1.88726066000680    0.50039809687838   -2.43251230085933
   1.88491886930954    0.49977718232586   -2.42928293189081
   1.87767650621288    0.49785690454586   -2.41972298677939
   1.87249921280156    0.49648417007155   -2.41147192697681
   1.86930663437159    0.49563767323921   -2.40667761045333
   1.86047022585012    0.49329474197323   -2.39395408888104
   1.85975220160916    0.49310436129541   -2.39309836549073
   1.85111289385981    0.49081369035221   -2.38101581523389
   1.84723626133668    0.48978581986352   -2.37534576317003
   1.84201400251588    0.48840116302692   -2.36790540450077
   1.83500550626100    0.48654289391644   -2.35739888413526
   1.83333965026032    0.48610120020127   -2.35505543341601
   1.82457118633200    0.48377628411773   -2.34227193065000
   1.82226656322463    0.48316522437310   -2.33901556608969
   1.81522177133837    0.48129733165033   -2.32932545254482
   1.80991590567923    0.47989050686222   -2.32114803214180
   1.80662512882781    0.47901797319022   -2.31642808166580
   1.79802646707073    0.47673807933659   -2.30353783642897
   1.79730851346878    0.47654771738836   -2.30268217940056
   1.78867105276723    0.47425753618101   -2.29060123360696
   1.78479483165103    0.47322977477490   -2.28493158778892
   1.77929847101292    0.47177244115832   -2.27769904275222
   1.77232514586690    0.46992349749838   -2.26797373161219
   1.76994324091672    0.46929194684442   -2.26476459730684
   1.76072873255347    0.46684876422193   -2.25176674479152
   1.75994837716613    0.46664185674010   -2.25095948970127
   1.75119405806810    0.46432069109036   -2.23896980810097
   1.74737315883419    0.46330759801555   -2.23406134629099
   1.74105059230091    0.46163119987528   -2.22605098556887
   1.73488291394117    0.45999586959008   -2.21791892883828
   1.73115911908626    0.45900852327484   -2.21293452837447
   1.72248683053249    0.45670910762980   -2.20091095655857
   1.72170651481867    0.45650221066721   -2.20010373539401
   1.71216500261615    0.45397232454779   -2.18732997337102
   1.70974708875406    0.45333122630384   -2.18416731012702
   1.70202599196853    0.45128401458626   -2.17440229765369
   1.69724860951035    0.45001731457985   -2.16802353583843
   1.69189510714523    0.44859785914801   -2.16146189931949
   1.68473764903378    0.44670009351693   -2.15107035227724
   1.68252723704426    0.44611401339757   -2.14855367999442
   1.67316315158082    0.44363117112559   -2.13563915696407
   1.67244532510398    0.44344084288397   -2.13478361872315
   1.66361499773683    0.44109952400684   -2.12286760406738
   1.65977297846552    0.44008083105559   -2.11797870367939
   1.65346262707223    0.43840767170100   -2.10993689636699
   1.64744761414680    0.43681281992224   -2.10170302596727
   1.64351184954393    0.43576927084671   -2.09689642921236
   1.63488969427230    0.43348314780057   -2.08487808895858
   1.63408454702865    0.43326966687715   -2.08402749613925
   1.62474540024503    0.43079343697631   -2.07115660483383
   1.62240474346182    0.43017282307566   -2.06873519179628
   1.61291521507296    0.42765672021467   -2.05837335916191
   1.60992134071404    0.42686290881212   -2.05582106992119
   1.59743943518612    0.42355339152925   -2.04613565279218
   1.59603981708886    0.42318228951506   -2.04520563530124
   1.58494828776186    0.42024142380196   -2.03825258500670
   1.57714415369320    0.41817219514770   -2.03256632807683
   1.57244282835355    0.41692566132086   -2.02937169500697
   1.55995970118180    0.41361582012499   -2.02130248235248
   1.55764346591201    0.41300168147128   -2.01966317031235
   1.54748518362563    0.41030826172733   -2.01323521172829
   1.53813733157806    0.40782972366757   -2.00671765372104
   1.53497983052448    0.40699252743306   -2.00435362871692
   1.52253263587677    0.40369221357330   -1.99709916893999
   1.51785555201396    0.40245210725758   -1.99380344066841
   1.51017504847950    0.40041565864550   -1.98877452175671
   1.49913428415676    0.39748825302938   -1.98085301395201
   1.49766791422652    0.39709945208738   -1.97991686031745
   1.48508460280300    0.39376304751848   -1.97208498779022
   1.47885243951579    0.39211061936457   -1.96796078635570
   1.47272211834363    0.39048519415818   -1.96376288756379
   1.46029891752829    0.38719124214780   -1.95562586245695
   1.45944065710354    0.38696367851959   -1.95498008291189
   1.44778346554352    0.38387283018306   -1.94759949601233
   1.44005890695914    0.38182470058615   -1.94182313398967
   1.43530976741213    0.38056548905194   -1.93871335636801
   1.42267396638801    0.37721516711762   -1.93093373909884
   1.42035012399522    0.37659901147180   -1.92923513099608
   1.41033010722709    0.37394225216573   -1.92259240355223
   1.40084986234671    0.37142861078242   -1.91632197787156
   1.39767594879238    0.37058706285218   -1.91398411786540
   1.38520784796048    0.36728120581813   -1.90591830574856
   1.38135018813730    0.36625836584969   -1.90343183754659
   1.37272999330814    0.36397276260545   -1.89784988540862
   1.36195384099474    0.36111551759232   -1.89034794033424
   1.36042837213717    0.36071104685366   -1.88948156868974
   1.34794197597917    0.35740033890180   -1.88141945144910
   1.34235036947772    0.35591775130216   -1.87759668308769
   1.33545934468859    0.35409062918644   -1.87335272150564
   1.32358831422137    0.35094308249103   -1.86484638989921
   1.32278277932895    0.35072949878440   -1.86409186535681
   1.31032773243232    0.34742710293857   -1.85669126100303
   1.30335245708288    0.34557764219156   -1.85175865845140
   1.29783260053626    0.34411407874773   -1.84781663855891
   1.28539296342138    0.34081576873149   -1.84054461508122
   1.28375905500255    0.34038254576416   -1.83899326041264
   1.27287451428479    0.33749656208634   -1.83167649412807
   1.26435440995743    0.33523749735779   -1.82597585803140
   1.26043070257378    0.33419714519600   -1.82359823745028
   1.24809160277875    0.33092549216711   -1.81526390262933
   1.24485569077265    0.33006750564525   -1.81306367189934
   1.23547260012175    0.32757962423912   -1.80745805916459
   1.22535717275309    0.32489756727071   -1.80013900862914
   1.22298293597815    0.32426804979657   -1.79858432845043
   1.21067094523955    0.32100358460375   -1.79103393175735
   1.20520152313932    0.31955339361107   -1.78701316267690
   1.19818230572806    0.31769228183748   -1.78217135400059
   1.18644066533378    0.31457904229827   -1.77419911231099
   1.18558256647544    0.31435152150862   -1.77355343830548
   1.17323525283910    0.31107769061916   -1.76601781183798
   1.16686352313332    0.30938825709990   -1.76140404751825
   1.16058992869813    0.30772484367616   -1.75742853474266
   1.14820918665222    0.30444214940451   -1.74917931392903
   1.14740793508786    0.30422970140174   -1.74835954551416
   1.13580037146699    0.30115201167484   -1.74100222995507
   1.12719976824951    0.29887160305232   -1.73538987364845
   1.12314670737076    0.29779695343277   -1.73241581666455
   1.11058637846340    0.29446664256761   -1.72452816955162
   1.10826351493916    0.29385074646409   -1.72283053202309
   1.09818511802372    0.29117850794243   -1.71627903385884
   1.08877435086302    0.28868328824270   -1.70993283143114
   1.08572128221573    0.28787378175898   -1.70820488948812
   1.07339787158521    0.28460628863668   -1.69987099912881
   1.06937922281651    0.28354076322278   -1.69684236532070
   1.06076063495069    0.28125558605716   -1.69126144971112
   1.04987945682373    0.27837049395414   -1.68398069029404
   1.04831979203663    0.27795695632906   -1.68317375825968
   1.03597824219439    0.27468465368192   -1.67564146426877
   1.02972106184955    0.27302559237538   -1.67083043375564
   1.02349846978732    0.27137570198579   -1.66676987228186
   1.01104244824372    0.26807304771700   -1.65864342768337
   1.01018443429743    0.26784554944137   -1.65799781278211
   0.99854608395600    0.26475969676343   -1.65062773692135
   0.99061614590942    0.26265711178883   -1.64519699061717
   0.98589332191059    0.26140487769580   -1.64204194700488
   0.97341625515805    0.25809664339096   -1.63397317789677
   0.97112463217755    0.25748903056752   -1.63227147445479
   0.96110725423150    0.25483297093244   -1.62563048731222
   0.95171702454213    0.25234319664456   -1.61922417613100
   0.94847756319775    0.25148426903271   -1.61702065482348
   0.93616082919233    0.24821854618548   -1.60947720723310
   0.93212916735253    0.24714957041830   -1.60647080518020
   0.92351114538595    0.24486454329813   -1.60089028499647
   0.91273592393339    0.24200754509828   -1.59338900751344
   0.91121082042363    0.24160317122984   -1.59252286780391
   0.89873041938581    0.23829405285529   -1.58446473426549
   0.89247431469520    0.23663527675329   -1.58046122535802
   0.88625211491876    0.23498549037640   -1.57640094425912
   0.87428915927892    0.23181357016311   -1.56783773502388
   0.87350935737159    0.23160680943385   -1.56703092422618
   0.86114185374664    0.22832762526592   -1.55973193439416
   0.85415627259378    0.22647543198464   -1.55481467143505
   0.84881804715353    0.22506002715604   -1.55140134155297
   0.83604732214590    0.22167393077571   -1.54304754033198
   0.83454207466966    0.22127482163917   -1.54209172938295
   0.82386571745355    0.21844403681663   -1.53526514031432
   0.81517520719851    0.21613978977504   -1.52898156158935
   0.81138194443247    0.21513402437691   -1.52640864291825
   0.79875920050023    0.21178716446777   -1.51858339966306
   0.79555995980857    0.21093890116875   -1.51628526141185
   0.78626997991791    0.20847570763336   -1.51052517323584
   0.77617111648412    0.20579804251270   -1.50320180360664
   0.77379739417226    0.20516866144598   -1.50164748360763
   0.76131537640408    0.20185911440313   -1.49358398544818
   0.75656988096928    0.20060086908777   -1.49046311286069
   0.74883678035402    0.19855047461241   -1.48551805159013
   0.73719349481764    0.19546331339124   -1.47736212528904
   0.73635365844442    0.19524063481178   -1.47664835928666
   0.72406313452355    0.19198186144254   -1.46909043289108
   0.71701344923516    0.19011267125771   -1.46429775299845
   0.71141742602017    0.18862891258769   -1.46050097283500
   0.69904682201860    0.18534890636979   -1.45225925047052
   0.69757797516940    0.18495944868463   -1.45127397206763
   0.68647397042990    0.18201527517584   -1.44435749166575
   0.67870684611815    0.17995585948081   -1.43865037609013
   0.67398460734352    0.17870378055716   -1.43549578339283
   0.66168462426964    0.17544249913895   -1.42794508588540
   0.65853325095821    0.17460692764583   -1.42557249545207
   0.64921110253952    0.17213520477978   -1.41986590731856
   0.63960211557700    0.16958742805192   -1.41298349158441
   0.63652133068099    0.16877057273801   -1.41051412613139
   0.62425800626158    0.16551901118591   -1.40293563420824
   0.62012144743710    0.16442222248721   -1.40011499236346
   0.61144545246790    0.16212182410392   -1.39464319203331
   0.59996329456468    0.15907738510056   -1.38700581450083
   0.59912349757868    0.15885471696443   -1.38629208534414
   0.58665645403543    0.15554914026539   -1.37821649989995
   0.58047755439067    0.15391083471038   -1.37408910081693
   0.57435001159662    0.15228614617760   -1.36989317825224
   0.56181387926571    0.14896225091843   -1.36189846462343
   0.56105007465966    0.14875973179675   -1.36112551163268
   0.54940617650394    0.14567240814250   -1.35372466425999
   0.54147754922798    0.14357017071244   -1.34829497647247
   0.53675549192454    0.14231813990500   -1.34514055010241
   0.52428040277852    0.13901042995304   -1.33707336722019
   0.52198004987281    0.13840050243187   -1.33539490167903
   0.51180960651203    0.13570385823746   -1.32900044507465
   0.50250178930997    0.13323593522465   -1.32246849219950
   0.49932295110885    0.13239308154797   -1.32014137298620
   0.48703068491074    0.12913384622230   -1.31258208581645
   0.48299849325665    0.12806472997741   -1.30957536547943
   0.47438173494786    0.12578003791004   -1.30399589812417
   0.46353721441856    0.12290466539292   -1.29663482045910
   0.46207156223570    0.12251605475819   -1.29569918101792
   0.44943967283554    0.11916676997217   -1.28784840433322
   0.44401892621812    0.11772948504990   -1.28375505464778
   0.43695357613460    0.11585614141990   -1.27899313388978
   0.42519819354233    0.11273925820291   -1.27098682546824
   0.42441851435480    0.11253253001222   -1.27018014695984
   0.41201430280223    0.10924361291363   -1.26284039056829
   0.40492280375836    0.10736333601242   -1.25812522364199
   0.39935538143077    0.10588716073029   -1.25427294056837
   0.38717632492261    0.10265794241000   -1.24574869907879
   0.38569235985773    0.10226447620258   -1.24474835932328
   0.37458918252608    0.09932052207701   -1.23783267694842
   0.36603561500195    0.09705258474260   -1.23214491322682
   0.36211323476804    0.09601258446819   -1.22976828948424
   0.34963189755818    0.09270321787212   -1.22171597214217
   0.34644736910632    0.09185885545280   -1.21940585118996
   0.33715843938906    0.08939594036584   -1.21364674763084
   0.32705882372796    0.08671807579572   -1.20632313631035
   0.32468536812451    0.08608876544546   -1.20476907394441
   0.31238335697554    0.08282694629288   -1.19722608289106
   0.30688221271247    0.08136834432113   -1.19324542546116
   0.29973775057468    0.07947402451002   -1.18863098938553
   0.28809336739004    0.07638657225269   -1.18049397058596
   0.28725362888363    0.07616391962214   -1.17978031174360
   0.27495945995656    0.07290417979702   -1.17221960111024
   0.26858363079020    0.07121365932548   -1.16760312688545
   0.26231190226562    0.06955074063897   -1.16362914011649
   0.24995047945991    0.06627316877104   -1.15539507238565
   0.24920045111062    0.06607430235765   -1.15464011461576
   0.23736580367222    0.06293640244753   -1.14748476254357
   0.22950140458750    0.06085119481380   -1.14195695339706
   0.22487624580570    0.05962485618384   -1.13865416921438
   0.21241123698881    0.05631981898271   -1.13056372169871
   0.21000723032118    0.05568240816456   -1.12905744369902
   0.19993518128120    0.05301185275159   -1.12250252388217
   0.19063708432608    0.05054650701555   -1.11596311130713
   0.18745839958794    0.04970369402886   -1.11363620793003
   0.17499215917733    0.04639833027657   -1.10634530596415
   0.17102167392058    0.04534557518647   -1.10325059754983
   0.16234633124525    0.04304534975578   -1.09777958863260
   0.15153475754512    0.04017871293213   -1.09033731717956
   0.15003553325622    0.03978120081477   -1.08943770332470
   0.13756444660929    0.03647455210621   -1.08135913204989
   0.13204577984943    0.03501130412862   -1.07742912375855
   0.12527402014915    0.03321580457822   -1.07303471113751
   0.11272034703653    0.02988725846505   -1.06504091708883
   0.11199077183979    0.02969381510680   -1.06430922135787
   0.09997721479656    0.02650847817451   -1.05663966915187
   0.09305839328719    0.02467398589197   -1.05162276255708
   0.08766666875460    0.02324439603606   -1.04828764089854
   0.07519228293420    0.01993687256750   -1.04022151945645
   0.07356514667711    0.01950544520632   -1.03871862319293
   0.06271897511883    0.01662963492680   -1.03214721426502
   0.05407928609207    0.01433886288973   -1.02580866659492
   0.05024112032013    0.01332119167531   -1.02329586140150
   0.03776894009032    0.01001425300851   -1.01521651935846
   0.03391126693911    0.00899140950620   -1.01272604772088
   0.02529489897575    0.00670682093704   -1.00714727420146
   0.01510484192804    0.00400497626778   -0.99999437495330
   0.01281275013698    0.00339723914147   -0.99831671521399
   0.00034678280484    0.00009194779463   -0.99099669841629
  -0.00506405194780   -0.00134270904432   -0.98691094972808
  -0.01212913374147   -0.00321598153855   -0.98214959137074
  -0.02399532483727   -0.00636224509788   -0.97436746396293
  -0.02482881710593   -0.00658324156850   -0.97357755445653
  -0.03707759342947   -0.00983094576288   -0.96601385372493
  -0.04407607413663   -0.01168655929900   -0.96111505707647
  -0.04971789159225   -0.01318246009191   -0.95742426080492
  -0.06158245080198   -0.01632829096449   -0.94928680352028
  -0.06337776029090   -0.01680430865012   -0.94778674941769
  -0.07466016544470   -0.01979578417166   -0.94128526471990
  -0.08313792389334   -0.02204362109392   -0.93547090101163
  -0.08697610671170   -0.02306129682811   -0.93295816150391
  -0.09944989648037   -0.02636866225641   -0.92487770009629
  -0.10254528550685   -0.02718938978535   -0.92239463382682
  -0.11209342974286   -0.02972103435659   -0.91628915124807
  -0.12146076279563   -0.03220473771128   -0.90984646563068
  -0.12440195195022   -0.03298457988502   -0.90798242163255
  -0.13687347539476   -0.03629134440837   -0.89987351908512
  -0.14152404253717   -0.03752441994307   -0.89658132578228
  -0.14951892778791   -0.03964422535682   -0.89128605498598
  -0.16032320643218   -0.04250892793146   -0.88385013841626
  -0.16182244629921   -0.04290644417928   -0.88295057890536
  -0.17446619549543   -0.04625887353325   -0.87515158068393
  -0.18059402400512   -0.04788363782216   -0.87094518913519
  -0.18677121206216   -0.04952148955791   -0.86681934396803
  -0.19924885128123   -0.05282987564949   -0.85952022400614
  -0.20406377861648   -0.05410653049968   -0.85807272450094
  -0.21194221606240   -0.05619546033743   -0.85611423290355
  -0.21952618958819   -0.05820631448149   -0.85860766438420
  -0.22418044142025   -0.05944036699395   -0.86028374324124
  -0.23660936613005   -0.06273583666744   -0.86749699425543
  -0.24213766375106   -0.06420163822160   -0.87133811117404
  -0.24905553151265   -0.06603587762250   -0.87632041638885
  -0.26087205499537   -0.06916897205284   -0.88423207134918
  -0.26171166755199   -0.06939159128841   -0.88494558565090
  -0.27418533544595   -0.07269892440222   -0.89302242858740
  -0.28035442392014   -0.07433462857249   -0.89714676005023
  -0.28648258910934   -0.07595948213035   -0.90134274421825
  -0.29901146094858   -0.07928145230503   -0.90932709239198
  -0.29975442054515   -0.07947844447260   -0.91009575663514
  -0.31161242933354   -0.08262253853243   -0.91802943797994
  -0.31932559713342   -0.08466764791756   -0.92297184449664
  -0.32391059087798   -0.08588333698086   -0.92632779566859
  -0.33656053542406   -0.08923740900208   -0.93417817395059
  -0.33884617017708   -0.08984343407578   -0.93586038080427
  -0.34904264197754   -0.09254697958592   -0.94302744095130
  -0.35754486956558   -0.09480130438294   -0.94877908879414
  -0.36133836029343   -0.09580713022404   -0.95135193845896
  -0.37398709529693   -0.09916088154086   -0.95918499790615
  -0.37703870229830   -0.09997000047618   -0.96168657109068
  -0.38629038067446   -0.10242303854902   -0.96829292014568
  -0.39642725718234   -0.10511078265365   -0.97476824664184
  -0.39876648108480   -0.10573101663286   -0.97638164909474
  -0.41141839753024   -0.10908561149372   -0.98498461034873
  -0.41525323153756   -0.11010239930675   -0.98749608126694
  -0.42371830339242   -0.11234687243962   -0.99331096986077
  -0.43456668440870   -0.11522326854632   -1.00061997360452
  -0.43619832663779   -0.11565589064433   -1.00213982588792
  -0.44884037321560   -0.11900786855720   -1.01000580804184
  -0.45412853219648   -0.12040999850464   -1.01349041152176
  -0.46132588322761   -0.12231834155172   -1.01885788968454
  -0.47279797154903   -0.12536011065384   -1.02642693045228
  -0.47362443285012   -0.12557924289719   -1.02716903871963
  -0.48609842728850   -0.12888666259268   -1.03529047875262
  -0.49235232313024   -0.13054485302901   -1.03929282083877
  -0.49857429638875   -0.13219457934576   -1.04335254873182
  -0.51105733927359   -0.13550439819337   -1.05148403471454
  -0.51188745299051   -0.13572449885722   -1.05211853751941
  -0.52352694716147   -0.13881065481607   -1.06027144702951
  -0.53052687348883   -0.14066665165144   -1.06513368228947
  -0.53600343535259   -0.14211873571812   -1.06914021333719
  -0.54841041983298   -0.14540838804519   -1.07664359850450
  -0.55072256771253   -0.14602144294701   -1.07820423073651
  -0.56095428823385   -0.14873433448614   -1.08530716078239
  -0.56948963691827   -0.15099744118273   -1.09096734626642
  -0.57343513999553   -0.15204357236796   -1.09412966382969
  -0.58607349901310   -0.15539457254196   -1.10196993322076
  -0.58836642095309   -0.15600252977827   -1.10365794868188
  -0.59838355763519   -0.15865852544337   -1.11029821599620
  -0.60771674789829   -0.16113317600141   -1.11677116398128
  -0.61086210161640   -0.16196715142829   -1.11915319026319
  -0.62333477946849   -0.16527422203725   -1.12725732896041
  -0.62724674713425   -0.16631146146924   -1.12964967115117
  -0.63598857292188   -0.16862931457775   -1.13583838940819
  -0.64603556312670   -0.17129322576098   -1.14241994314201
  -0.64829889818026   -0.17189333817650   -1.14413192399049
  -0.66076345781209   -0.17519825627837   -1.15226647096475
  -0.66543123266866   -0.17643589435581   -1.15548728449997
  -0.67324296777689   -0.17850713838919   -1.16111357263087
  -0.68409351732950   -0.18138410947287   -1.16843424984981
  -0.68556557333557   -0.18177441805056   -1.16935450008469
  -0.69819108492711   -0.18512201179127   -1.17730236817171
  -0.70365287457259   -0.18657017907524   -1.18129288776443
  -0.71067088348099   -0.18843097042010   -1.18613348145130
  -0.72293772562231   -0.19168346467927   -1.19366357067004
  -0.72372877448624   -0.19189320748504   -1.19445465677201
  -0.73578596373657   -0.19509011328741   -1.20281166530696
  -0.74197474859323   -0.19673103985886   -1.20693467850986
  -0.74810330497454   -0.19835599713944   -1.21113114026885
  -0.76057213859406   -0.20166204846861   -1.21928062453964
  -0.76142003162015   -0.20188686323087   -1.21992561284943
  -0.77322620831102   -0.20501721425907   -1.22781198706022
  -0.78019198045286   -0.20686415527624   -1.23274052054850
  -0.78571041335645   -0.20832734124796   -1.23668125910547
  -0.79788771416494   -0.21155609405292   -1.24440824974588
  -0.79952013505368   -0.21198892260880   -1.24592382696460
  -0.81048103418768   -0.21489515235382   -1.25311238664220
  -0.81902413472843   -0.21716031441788   -1.25877993319040
  -0.82279527006500   -0.21816021283439   -1.26137716603565
  -0.83543094192084   -0.22151050052036   -1.26927311220940
  -0.83855735895977   -0.22233945497773   -1.27165316405828
  -0.84791502611488   -0.22482059546610   -1.27810756121628
  -0.85739262062564   -0.22733353411663   -1.28437576813880
  -0.86057174120942   -0.22817646266571   -1.28670299378752
  -0.87304020525605   -0.23148241600440   -1.29477560325980
  -0.87677843562746   -0.23247358982749   -1.29745920849996
  -0.88534374842349   -0.23474464136432   -1.30312730661013
  -0.89614374407565   -0.23760820832418   -1.31056639221624
  -0.89765680359455   -0.23800938878630   -1.31144572609527
  -0.91029608675419   -0.24136063399212   -1.32007684170025
  -0.91567373727633   -0.24278649219178   -1.32344283092980
  -0.92277233217952   -0.24466865052599   -1.32814861848032
  -0.93459498899786   -0.24780337118081   -1.33601235175255
  -0.93543470223740   -0.24802601711197   -1.33672598664146
  -0.94773482349569   -0.25128733516911   -1.34506678078231
  -0.95398347850077   -0.25294413602278   -1.34909232255546
  -0.96038241829402   -0.25464078416600   -1.35367204313049
  -0.97254529530684   -0.25786571257084   -1.36132699485829
  -0.97332512832854   -0.25807248154993   -1.36213379393832
  -0.98515946567051   -0.26121029923946   -1.37010007296590
  -0.99216935370320   -0.26306893737315   -1.37494324002055
  -0.99764654397399   -0.26452118805893   -1.37895032226206
  -1.01000843957525   -0.26779888528633   -1.38642387778830
  -1.01230076032092   -0.26840668311885   -1.38810459859786
  -1.02259187935970   -0.27113532388951   -1.39511220698527
  -1.03039580879409   -0.27320449828598   -1.40074616485332
  -1.03507493343449   -0.27444514570407   -1.40397357896415
  -1.04770613806126   -0.27779424892572   -1.41177172858813
  -1.05001225445190   -0.27840570460723   -1.41346982088271
  -1.06003066507739   -0.28106203805230   -1.42011109621990
  -1.06929550317719   -0.28351856536264   -1.42672459351725
  -1.07250243645393   -0.28436886831363   -1.42900001094084
  -1.08498032728141   -0.28767732111798   -1.43706876546450
  -1.08886713187305   -0.28870788868175   -1.43950003492026
  -1.09728788915883   -0.29094061201954   -1.44537731315958
  -1.10826292884123   -0.29385059106304   -1.45257245023484
  -1.10994246487261   -0.29429591197262   -1.45399980489145
  -1.12241417342394   -0.29760272557615   -1.46208187933614
  -1.12709018677850   -0.29884254805175   -1.46530970539266
  -1.13490304577748   -0.30091409007936   -1.47093686142060
  -1.14639309736997   -0.30396062205651   -1.47846655342550
  -1.14721097593443   -0.30417747862847   -1.47922416043038
  -1.15983929861684   -0.30752581771642   -1.48711626145209
  -1.16531468021817   -0.30897758884218   -1.49111696749192
  -1.17233375529145   -0.31083866287554   -1.49595834951493
  -1.18452196133163   -0.31407030715029   -1.50362064125504
  -1.18531842736476   -0.31428148629245   -1.50440453337348
  -1.19744001587081   -0.31749546724808   -1.51262987705094
  -1.20415284606518   -0.31927534192311   -1.51716166344781
  -1.20959538159568   -0.32071840407100   -1.52122016906125
  -1.22211986869950   -0.32403921165415   -1.52917549941758
  -1.22360279821355   -0.32443240329023   -1.53022626416662
  -1.23470875882848   -0.32737709539000   -1.53714361590730
  -1.24252610560491   -0.32944982733024   -1.54275972351740
  -1.24738533804718   -0.33073822946670   -1.54651471234954
  -1.25956470304196   -0.33396752958074   -1.55424309703320
  -1.26186324291915   -0.33457697638611   -1.55593658813002
  -1.27215545972994   -0.33730590822574   -1.56294492205045
  -1.28071312404417   -0.33957493180436   -1.56862529344667
  -1.28447263771984   -0.34057174879332   -1.57123994449048
  -1.29710192841054   -0.34392034454402   -1.57910324506746
  -1.30024150289988   -0.34475278763615   -1.58149289316056
  -1.30960087315741   -0.34723437969394   -1.58794845151155
  -1.31959240297745   -0.34988358582259   -1.59462121208011
  -1.32190595586778   -0.35049701325627   -1.59627330186615
  -1.33437586573026   -0.35380334994608   -1.60438945520958
  -1.33909165726838   -0.35505371941595   -1.60753285937952
  -1.34686497892957   -0.35711477830840   -1.61321970219446
  -1.35791220260479   -0.36004389659080   -1.62029570478397
  -1.35935816063817   -0.36042728541641   -1.62125044158477
  -1.37181409179556   -0.36372991571973   -1.62940533689465
  -1.37732342232914   -0.36519068824178   -1.63334225555828
  -1.38430118045541   -0.36704080728514   -1.63824707310945
  -1.39614989587059   -0.37018243725171   -1.64609587936931
  -1.39697661230042   -0.37040163714122   -1.64683820013720
  -1.40942805477192   -0.37370307729104   -1.65493819318518
  -1.41565780965514   -0.37535486686820   -1.65899631596120
  -1.42193145513681   -0.37701829382667   -1.66379010744250
  -1.43421767778379   -0.38027592673381   -1.67134688957351
  -1.43505758315426   -0.38049862360756   -1.67206066075113
  -1.44686782975284   -0.38363005375223   -1.67995500380215
  -1.45453929899854   -0.38566410696605   -1.68499555463583
  -1.45936572834224   -0.38694381151852   -1.68881361869417
  -1.47164441872782   -0.39019944728273   -1.69645558884065
  -1.47334436276613   -0.39065017927731   -1.69778168167569
  -1.48430841735600   -0.39355724567630   -1.70497229304549
  -1.49211874968276   -0.39562811776891   -1.71061096811152
  -1.49679892912494   -0.39686904486263   -1.71383904467844
  -1.50897994006362   -0.40009878139078   -1.72156839390468
  -1.51212670474207   -0.40093313092701   -1.72396913306386
  -1.52174967575038   -0.40348461545743   -1.73079675858424
  -1.53110676611410   -0.40596560301233   -1.73646424156176
  -1.53425327589805   -0.40679988496451   -1.73884708442715
  -1.54671122119779   -0.41010304930800   -1.74693776737258
  -1.55060837640862   -0.41113636128872   -1.74937725929292
  -1.55921535257501   -0.41341845966803   -1.75579527629100
  -1.56991229270196   -0.41625470195050   -1.76255032007515
  -1.57134472510151   -0.41663450451929   -1.76351630687553
  -1.58413783535787   -0.42002653624076   -1.77197283455826
  -1.58883852146888   -0.42127290057920   -1.77519058884867
  -1.59665333128514   -0.42334495985665   -1.78081894651594
  -1.60815590182152   -0.42639481117162   -1.78835984306115
  -1.60897399305839   -0.42661172413265   -1.78911759185213
  -1.62158104251193   -0.42995442272617   -1.79699162435088
  -1.62706998209723   -0.43140978868624   -1.80100142425759
  -1.63409086515067   -0.43327134209685   -1.80584389375498
  -1.64622262381216   -0.43648801962034   -1.81360852605563
  -1.64704883146819   -0.43670708461092   -1.81435181549192
  -1.65886748827750   -0.43984074468255   -1.82228537832305
  -1.66592425801713   -0.44171181327559   -1.82705723441999
  -1.67136825947791   -0.44315526410785   -1.83111663102166
  -1.68391480660599   -0.44648192080045   -1.83909756870759
  -1.68534763339092   -0.44686182793863   -1.84011413712456
  -1.69648822460624   -0.44981570217571   -1.84782217535192
  -1.70430185971255   -0.45188744998445   -1.85265622443924
  -1.70898269722512   -0.45312855156237   -1.85588467830903
  -1.72134517183073   -0.45640640230999   -1.86414235092912
  -1.72363983231794   -0.45701482051375   -1.86583293926086
  -1.73393494120419   -0.45974451917330   -1.87284297096122
  -1.74250753097416   -0.46201750016480   -1.87853491084432
  -1.74626812380132   -0.46301460328559   -1.88115018786877
  -1.75888104423030   -0.46635885854004   -1.88900081877899
  -1.76203348742964   -0.46719471370881   -1.89139880972115
  -1.77139557653907   -0.46967702665711   -1.89785594992057
  -1.78074615091893   -0.47215628653019   -1.90434308779216
  -1.78389321230057   -0.47299071473585   -1.90672625288117
  -1.79617334191715   -0.47624673210524   -1.91429790546489
  -1.80026766699245   -0.47733232272825   -1.91721202976283
  -1.80883716256663   -0.47960448330861   -1.92288265988568
  -1.81964767272568   -0.48247083813946   -1.93032901391734
  -1.82132793438070   -0.48291635144467   -1.93175683432121
  -1.83379790261387   -0.48622270361119   -1.93983684352266
  -1.83848692850817   -0.48746597629919   -1.94307418006279
  -1.84612086083399   -0.48949007677905   -1.94816937969527
  -1.85790760723365   -0.49261527595888   -1.95610457257921
  -1.85875656530724   -0.49284037311337   -1.95679293464976
  -1.87124852257102   -0.49615255556572   -1.96485980230952
  -1.87672399601590   -0.49760435104336   -1.96888787605504
  -1.88374618821170   -0.49946625156678   -1.97373107917700
  -1.89605047092629   -0.50272867301407   -1.98127601904194
  -1.89689065439883   -0.50295144362525   -1.98198996039518
  -1.90870027345915   -0.50608270738116   -1.98988338101498
  -1.91638196730052   -0.50811947159740   -1.99493091141801
  -1.92102698583991   -0.50935107594668   -1.99821398344336
  -1.93378756943079   -0.51273448337907   -2.00680194118714
  -1.93518264023319   -0.51310437969987   -2.00773451901519
  -1.94599294863979   -0.51597068103703   -2.01517105900159
  -1.95397057117309   -0.51808590932418   -2.02055078768093
  -1.95865233020484   -0.51932725523849   -2.02377975320823
  -1.97101724358446   -0.52260575261532   -2.03203876473873
  -1.97398089296726   -0.52339155001066   -2.03390974516483
  -1.98360717964039   -0.52594391367368   -2.04073925629731
  -1.99221249179893   -0.52822557084930   -2.04635390007864
  -1.99609218477254   -0.52925425280172   -2.04881209014584
  -2.00857732483394   -0.53256462770561   -2.05688499559795
  -2.01171372282258   -0.53339622856384   -2.05929969304336
  -2.02107773266089   -0.53587905078419   -2.06575789324493
  -2.03108141140705   -0.53853147814223   -2.07243908476567
  -2.03339613250667   -0.53914521532099   -2.07409184257329
  -2.04601003582912   -0.54248973118492   -2.08192343988742
  -2.05072644872475   -0.54374026540474   -2.08515081759240
  -2.05854410754914   -0.54581308008300   -2.09078077769407
  -2.07006012130810   -0.54886649580385   -2.09833199027318
  -2.07087852466790   -0.54908349152278   -2.09908992760866
  -2.08370069412997   -0.55248322815304   -2.10732618833193
  -2.08895336234562   -0.55387594789459   -2.11102244367465
  -2.09583664330042   -0.55570101676984   -2.11606015289753
  -2.10768309453004   -0.55884204639849   -2.12393982211200
  -2.10851026477819   -0.55906136661575   -2.12468241963597
  -2.12094951886338   -0.56235957507350   -2.13277182826239
  -2.12719826593956   -0.56401640033937   -2.13684323151887
  -2.13328998184463   -0.56563158954467   -2.14109612586221
  -2.14575922964175   -0.56893775069104   -2.14919241529413
  -2.14659960637682   -0.56916057254485   -2.14990646959153
  -2.15840956188753   -0.57229192550897   -2.15779991117560
  -2.16544469155556   -0.57415725634099   -2.16266099457112
  -2.17092613745934   -0.57561063538741   -2.16667058730940
  -2.18305847136897   -0.57882746543518   -2.17525668315135
  -2.18388570425967   -0.57904680226180   -2.17599931756614
  -2.19524316436246   -0.58205817824247   -2.18843899214704
  -2.19602380083182   -0.58226516025185   -2.18924609674846
  -2.20509507357390   -0.58467036463755   -2.20167188887789
  -2.20837932324656   -0.58554116765946   -2.20638418448732
  -2.21391333112039   -0.58700848325971   -2.21441268872171
  -2.22112587836200   -0.58892085550899   -2.22476345040333
  -2.22285904914460   -0.58938039741518   -2.22712768946712
  -2.23108150850113   -0.59156054300972   -2.24025116730757
  -2.23320200084082   -0.59212278136594   -2.24283678309298
  -2.24044262270239   -0.59404259746581   -2.25317750635744
  -2.24570428366148   -0.59543770159008   -2.26058778348329
  -2.24954406351254   -0.59645580076982   -2.26628371070005
  -2.25797601985255   -0.59869149348303   -2.27851006054327
  -2.25869425485859   -0.59888193004420   -2.27936583395308
  -2.26698697043953   -0.60108070373911   -2.29191842500682
  -2.27068089257315   -0.60206012944582   -2.29691373620382
  -2.27608664865992   -0.60349343970091   -2.30502899110580
  -2.28291419420514   -0.60530373060008   -2.31485710137514
  -2.28529233834575   -0.60593428409345   -2.31806586839920
  -2.29410947929393   -0.60827210665494   -2.33079467033453
  -2.29559407034759   -0.60866573884028   -2.33247553324951
  -2.30291101799126   -0.61060579235458   -2.34355380572758
  -2.30831348881929   -0.61203823153909   -2.35086752442219
  -2.31226370213393   -0.61308561162114   -2.35650264228515
  -2.32066576746220   -0.61531337887619   -2.36874675363780
  -2.32135649041182   -0.61549652074778   -2.36961627442538
  -2.32999885892652   -0.61778800323821   -2.38248231027626
  -2.33309473400189   -0.61860885964068   -2.38654045150130
  -2.33934761986137   -0.62026678228506   -2.39541872523600
  -2.34561054710949   -0.62192736735540   -2.40428571949820
  -2.34813648641983   -0.62259710802796   -2.40823446620492
  -2.35628267175062   -0.62475702993102   -2.42143668376775
  -2.35790661833878   -0.62518761156682   -2.42380993879726
  -2.36508000419678   -0.62708960036337   -2.43419650128664
  -2.37045570796098   -0.62851494238951   -2.44233136355950
  -2.37364592356662   -0.62936081273033   -2.44713084653352
  -2.38202388272114   -0.63158218834923   -2.46019870329592
  -2.38291541992135   -0.63181857515458   -2.46173119305183
  -2.39009053039986   -0.63372102122598   -2.47292358639418
  -2.39540871566049   -0.63513111249724   -2.48029869136804
  -2.39913366655616   -0.63611876533114   -2.48606216883402
  -2.40708792073021   -0.63822779761011   -2.49889947809524
  -2.40783035031796   -0.63842464924838   -2.49974001599182
  -2.41584819457569   -0.64055054213253   -2.51168365250169
  -2.42059434667323   -0.64180896155886   -2.51890568145632
  -2.42440274337216   -0.64281873964658   -2.52463087157112
  -2.43229328357761   -0.64491087847288   -2.53746635712603
  -2.43302655240090   -0.64510530117848   -2.53831322335562
  -2.44083711450431   -0.64717623419527   -2.55043420190289
  -2.44540086146218   -0.64838628977516   -2.55698033204221
  -2.44989295824694   -0.64957734765588   -2.56356427224322
  -2.45763473547484   -0.65163004269340   -2.57576527985765
  -2.45836803676688   -0.65182447400793   -2.57661217236163
  -2.46638394369950   -0.65394985321963   -2.58935284531887
  -2.47016368334832   -0.65495203302820   -2.59429430751948
  -2.47512843325867   -0.65626841261437   -2.60216229895752
  -2.48249954093242   -0.65822282640044   -2.61381381794869
  -2.48335811736844   -0.65845047381752   -2.61536407269388
  -2.49209793490460   -0.66076779444781   -2.62813812640224
  -2.49522198147591   -0.66159612038707   -2.63298230690888
  -2.50065728880966   -0.66303726601332   -2.64107062685888
  -2.50747351769765   -0.66484455635520   -2.65170467955337
  -2.50908786977407   -0.66527259405230   -2.65413563865102
  -2.51713304419841   -0.66740573339881   -2.66686867356648
  -2.52034991358511   -0.66825867086163   -2.67164309520838
  -2.52569729458768   -0.66967650324359   -2.67980265433455
  -2.53271020664491   -0.67153594318285   -2.69031075536994
  -2.53427403753559   -0.67195058543028   -2.69272901703465
  -2.54284342854670   -0.67422271828624   -2.70565861958306
  -2.54506047050794   -0.67481055631074   -2.70897164581441
  -2.55142683050761   -0.67649856607822   -2.71858141371048
  -2.55753560792554   -0.67811827906169   -2.72836129872529
  -2.55995371341581   -0.67875942811493   -2.73154666014954
  -2.56788453703548   -0.68086224789497   -2.74439097867761
  -2.57017546309800   -0.68146967593396   -2.74765885247730
  -2.57646836419193   -0.68313820842551   -2.75731505595631
  -2.58260146085733   -0.68476436954060   -2.76627982116471
  -2.58513636269275   -0.68543648658362   -2.77018025170072
  -2.59363910539228   -0.68769094795997   -2.78316185973045
  -2.59520145741610   -0.68810519809295   -2.78558423469261
  -2.60170133385036   -0.68982860910160   -2.79591460898889
  -2.60763527627903   -0.69140196542763   -2.80500151650162
  -2.61064505804299   -0.69219999460220   -2.80912548358459
  -2.61915434753128   -0.69445619182814   -2.82210330230079
  -2.62001959572056   -0.69468560822854   -2.82366010806951
  -2.62720087011447   -0.69658968863250   -2.83485599848681
  -2.63245917830001   -0.69798390378497   -2.84306738797632
  -2.63564425662931   -0.69882841200165   -2.84788486271340
  -2.64422154434316   -0.70110263863040   -2.86084025891338
  -2.64512767440203   -0.70134289466212   -2.86235811785022
  -2.65220137105057   -0.70321845134374   -2.87361639294059
  -2.65736219419450   -0.70458681880578   -2.88108409307586
  -2.66126034530914   -0.70562039484561   -2.88676034331024
  -2.66922184883206   -0.70773134925461   -2.89960097036608
  -2.66994061543576   -0.70792192676635   -2.90045717956442
  -2.67780206721484   -0.71000635293615   -2.91252766800255
  -2.68245581816433   -0.71124027264201   -2.91901410036448
  -2.68657874639869   -0.71233344725522   -2.92529973055239
  -2.69486559593678   -0.71453066559705   -2.93764955416886
  -2.69562280078360   -0.71473143482428   -2.93847508089601
  -2.70352716951609   -0.71682724021809   -2.95131254127377
  -2.70737937481069   -0.71784863394449   -2.95700340842911
  -2.71208602959151   -0.71909658084705   -2.96424346483547
  -2.71986272862202   -0.72115853523275   -2.97641764531286
  -2.72061940973720   -0.72135916559505   -2.97724361968696
  -2.72771191452817   -0.72323970916527   -2.99008741183905
  -2.73235269830300   -0.72447019068707   -2.99738679190762
  -2.73547670402895   -0.72529850579638   -3.00301875137415
  -2.74259886369911   -0.72718691221535   -3.01591771377011
  -2.74487926419135   -0.72779154944995   -3.01919245293157
  -2.75061012711796   -0.72931106022168   -3.02869173215232
  -2.75738018782590   -0.73110610929243   -3.04019187717452
  -2.75822860805598   -0.73133106384030   -3.04176077661772
  -2.76545990366670   -0.73324840712957   -3.05453468842197
  -2.76987744797615   -0.73441969777965   -3.06196193605382
  -2.77300064492015   -0.73524779844431   -3.06764797275630
  -2.78032568765447   -0.73718999833301   -3.08037091324757
  -2.78247615611717   -0.73776018471422   -3.08371911088554
  -2.78784116968523   -0.73918269228622   -3.09346671813332
  -2.79486789648261   -0.74104579513746   -3.10564558780309
  -2.79562277452166   -0.74124594742279   -3.10647309473510
  -2.80274115550052   -0.74313335193991   -3.11930335484589
  -2.80750108288039   -0.74439542381617   -3.12733441724288
  -2.81060985910151   -0.74521970089544   -3.13216697930195
  -2.81758374569873   -0.74706879342148   -3.14515065554738
  -2.81984257707663   -0.74766771170904   -3.14843647277388
  -2.82535174509910   -0.74912844114204   -3.15808449974459
  -2.83237670705628   -0.75099107605438   -3.17026453930219
  -2.83313062529788   -0.75119097385403   -3.17109285962496
  -2.84026143885974   -0.75308167481080   -3.18391674042688
  -2.84502184748138   -0.75434387428601   -3.19194826440032
  -2.84802069656225   -0.75513900471218   -3.19688413164149
  -2.85533462031236   -0.75707825645563   -3.20961352602754
  -2.85758693454176   -0.75767544675258   -3.21370405206537
  -2.86287343608670   -0.75907713723884   -3.22270173793182
  -2.86946735164253   -0.76082548226878   -3.23542743109600
  -2.87014369563701   -0.76100481162950   -3.23630358321781
  -2.87778559787920   -0.76303102529439   -3.24853388380549
  -2.88254649703129   -0.76429335483139   -3.25656588351630
  -2.88551771019694   -0.76508115772742   -3.26149311407108
  -2.89213334866059   -0.76683526248199   -3.27420312644507
  -2.89517336136563   -0.76764130724535   -3.27910550958052
  -2.89991617493809   -0.76889884147780   -3.28714807106266
  -2.90699460987869   -0.77077565449479   -3.30004762083688
  -2.90767101872018   -0.77095500104938   -3.30092383453365
  -2.91477209291084   -0.77283781675476   -3.31299694140548
  -2.92000441761393   -0.77422514251169   -3.32202338309911
  -2.92238625814399   -0.77485667608496   -3.32606633984126
  -2.92944419318360   -0.77672805365170   -3.33898201892218
  -2.93261201165813   -0.77756798550080   -3.34380007438025
  -2.93740308382757   -0.77883831526839   -3.35179365498712
  -2.94428016195724   -0.78066173949436   -3.36484056680714
  -2.94497179934860   -0.78084512382578   -3.36571088924423
  -2.95206466400354   -0.78272576281220   -3.37777908392269
  -2.95750306207178   -0.78416772793185   -3.38668837415965
  -2.95976885741661   -0.78476849268179   -3.39073212147546
  -2.96693734472476   -0.78666918265139   -3.40362468346251
  -2.97020343623657   -0.78753517112419   -3.40918760778477
  -2.97493982248079   -0.78879100118143   -3.41642197091757
  -2.98181479049570   -0.79061386592061   -3.42946862773162
  -2.98250649513527   -0.79079726808258   -3.43033901507057
  -2.98954629015776   -0.79266383591092   -3.44242453310803
  -2.99494705561562   -0.79409582292473   -3.45216226209519
  -2.99673490340286   -0.79456986217601   -3.45529061702082
  -3.00396955795338   -0.79648809607203   -3.46807064838921
  -3.00774131098460   -0.79748815826731   -3.47381864576994
  -3.01222689023402   -0.79867748805486   -3.48120439225553
  -3.01929933823295   -0.80055271366303   -3.49412128823782
  -3.02013899015561   -0.80077534333631   -3.49570131052859
  -3.02660272582880   -0.80248917179580   -3.50688452469729
  -3.03248898237805   -0.80404988444000   -3.51679663460486
  -3.03416022745947   -0.80449300704404   -3.51997534403765
  -3.04125381898029   -0.80637383875546   -3.53288165094968
  -3.04525442496832   -0.80743458021274   -3.53928337230818
  -3.04928583981470   -0.80850349049080   -3.54566694974203
  -3.05684346612508   -0.81050735879727   -3.55875818182995
  -3.05768321623153   -0.81073001450351   -3.56033830643752
  -3.06414834382238   -0.81244421202328   -3.57152247921724
  -3.07003526993027   -0.81400510219774   -3.58143528313607
  -3.07161784422680   -0.81442471416917   -3.58463632458523
  -3.07859907247168   -0.81627575329781   -3.59757129079743
  -3.08247567330673   -0.81730361538455   -3.60647491110898
  -3.08398427293667   -0.81770361332854   -3.61046145971901
  -3.08599075823238   -0.81823562326477   -3.62325375116042
  -3.08591985548429   -0.81821682374176   -3.63616468326813
  -3.08481208160987   -0.81792310282113   -3.64906811223679
  -3.08407559036915   -0.81772782570704   -3.66201680722314
  -3.08364587217311   -0.81761388799189   -3.67493351963736
  -3.08327893622981   -0.81751659668942   -3.68783163389593
  -3.08315928506860   -0.81748487175888   -3.70074544216293
  -3.08249681258173   -0.81730922036175   -3.70155955412550
  -3.08134156689786   -0.81700291251892   -3.71369715636130
  -3.08101509604259   -0.81691635034014   -3.72662189456237
  -3.08058688707927   -0.81680281279079   -3.73954096001055
  -3.07981905839137   -0.81659922670314   -3.75246249800264
  -3.07905129771752   -0.81639565864908   -3.76538411722870
  -3.07828360516906   -0.81619210865815   -3.77830581793313
  -3.07751598085726   -0.81598857675983   -3.79122760036031
  -3.07669969929823   -0.81577214362619   -3.80414375465922
  -3.07502732122916   -0.81532872061592   -3.81702066489671
  -3.07063560342996   -0.81416427774095   -3.82927125970101
  -3.06993834441591   -0.81397940286328   -3.83013724595644
  -3.06176561253343   -0.81181244226957   -3.84273963084021
  -3.05778625805561   -0.81075733554811   -3.84753882468030
  -3.05084255276650   -0.80891624545092   -3.85565606696538
  -3.04544368015001   -0.80748476031491   -3.86137923560759
  -3.03917986378751   -0.80582393950017   -3.86862874560504
  -3.03289671653654   -0.80415799319322   -3.87583717081141
  -3.02743450236141   -0.80270971334725   -3.88148744059629
  -3.02017444068965   -0.80078474287509   -3.89016310730640
  -3.01632494823132   -0.79976406844420   -3.89424654468711
  -3.00774162263505   -0.79748824089993   -3.90389723226621
  -3.00462040083845   -0.79666066393611   -3.90715725265575
  -2.99544442373294   -0.79422769769149   -3.91700608757031
  -2.99291615607518   -0.79355733966880   -3.92006896967588
  -2.98293176253906   -0.79091002569154   -3.93153340122055
  -2.98142274300150   -0.79050991641107   -3.93318036930691
  -2.97048313010917   -0.78760933061075   -3.94527235839754
  -2.96971787485458   -0.78740642685658   -3.94609393213787
  -2.95858530116114   -0.78445467842690   -3.95880707412445
  -2.95781898486607   -0.78425149334294   -3.95962769789243
  -2.94688941860379   -0.78135357135832   -3.97174526920966
  -2.94538434623259   -0.78095450865004   -3.97340967358879
  -2.93537458852470   -0.77830046948450   -3.98482681622153
  -2.93307568091268   -0.77769092517600   -3.98728870694045
  -2.92379923514927   -0.77523132014943   -3.99784522303486
  -2.92074030881256   -0.77442026052751   -4.00116362029594
  -2.91205546053530   -0.77211751473212   -4.01073412939921
  -2.90806233746848   -0.77105875733545   -4.01549296701562
  -2.90087347979323   -0.76915266626088   -4.02343677028836
  -2.89564715973595   -0.76776693260693   -4.02928405742769
  -2.88933820341915   -0.76609414315017   -4.03648226422055
  -2.88317210645523   -0.76445923216448   -4.04301384111946
  -2.87763553640178   -0.76299123721461   -4.04939864028555
  -2.87050565400745   -0.76110078315244   -4.05737468339096
  -2.86597018213886   -0.75989822457662   -4.06235163002182
  -2.85813156930451   -0.75781985404329   -4.07119541105451
  -2.85426398128462   -0.75679438166119   -4.07526403895097
  -2.84564892797257   -0.75451014166551   -4.08491917554452
  -2.84255861126075   -0.75369075903644   -4.08817724766156
  -2.83314731992612   -0.75119540035450   -4.09943425128671
  -2.83163257714666   -0.75079377358393   -4.10108989200687
  -2.82069383038515   -0.74789341743404   -4.11318289794926
  -2.81992865582655   -0.74769053507602   -4.11400451598240
  -2.80841939417226   -0.74463890964329   -4.12629958495723
  -2.80765315738715   -0.74443574564101   -4.12712025368274
  -2.79654575116643   -0.74149067024581   -4.13985330587631
  -2.79560024078779   -0.74123997271151   -4.14131837029966
  -2.78558861489791   -0.73858543820649   -4.15273992087731
  -2.78328993721712   -0.73797595486316   -4.15520195146266
  -2.77387748564364   -0.73548028854947   -4.16565032738898
  -2.77081206867045   -0.73466750796646   -4.16892911919420
  -2.76217565297103   -0.73237760383641   -4.17856731070123
  -2.75814080720607   -0.73130778386677   -4.18327894179053
  -2.75055494461650   -0.72929642884654   -4.19153923269427
  -2.74598853208765   -0.72808566650330   -4.19653007823818
  -2.73883843597896   -0.72618985287188   -4.20444702180864
  -2.73331190342312   -0.72472451931628   -4.21086046767396
  -2.72712674889461   -0.72308455530889   -4.21735736955005
  -2.72092145683764   -0.72143925193259   -4.22465971020395
  -2.71615006451452   -0.72017414018170   -4.23023672488205
  -2.70845309355428   -0.71813332531079   -4.23839274650534
  -2.70393998338720   -0.71693669583270   -4.24339705591750
  -2.69586777835957   -0.71479638945158   -4.25284228229873
  -2.69278240956159   -0.71397831873809   -4.25609527263068
  -2.68358277124060   -0.71153907883586   -4.26596275312235
  -2.68107826433697   -0.71087502086298   -4.26901043030806
  -2.67090484703879   -0.70817758814336   -4.28029182711302
  -2.66940358534860   -0.70777953581884   -4.28194178100866
  -2.65902229191777   -0.70502698574136   -4.29464082244474
  -2.65825611725446   -0.70482383821038   -4.29546154594926
  -2.64677508031698   -0.70177969642570   -4.30777258457301
  -2.64602268684217   -0.70158020291064   -4.30860488622875
  -2.63527272587201   -0.69872990240633   -4.32089232433811
  -2.63375759897999   -0.69832817379016   -4.32255037445527
  -2.62354090060541   -0.69561926530107   -4.33380516835356
  -2.62098153435065   -0.69494066163479   -4.33680816839294
  -2.61220536965824   -0.69261370373065   -4.34629469412376
  -2.60843364687813   -0.69161364955631   -4.35045115605921
  -2.60014830152357   -0.68941683004152   -4.35965065955604
  -2.59601941450814   -0.68832207548613   -4.36425873605300
  -2.58811655093336   -0.68622666917766   -4.37225058371418
  -2.58334066690034   -0.68496036647147   -4.37615734974043
  -2.57101054736706   -0.68169109451584   -4.38454048305822
  -2.57015201953121   -0.68146345998486   -4.38518611226637
  -2.55832884545856   -0.67832860218255   -4.39139104413631
  -2.54587320449057   -0.67502604882155   -4.39712039221879
  -2.54356549107936   -0.67441416969771   -4.39801250640572
  -2.53331735331860   -0.67169692520642   -4.40258671479503
  -2.52076196217135   -0.66836792356463   -4.40817603471361
  -2.51540461610855   -0.66694744899482   -4.41078220314136
  -2.50836263699599   -0.66508030206548   -4.41397257723864
  -2.49588471697627   -0.66177184152096   -4.41965255224804
  -2.48653849601675   -0.65929373593636   -4.42373501314665
  -2.48337995008837   -0.65845626265832   -4.42526356451046
  -2.47103161424240   -0.65518216073489   -4.43044044059796
  -2.45855377550619   -0.65187372174230   -4.43612396186176
  -2.45697223740439   -0.65145438451292   -4.43688186867410
  -2.44600337637897   -0.64854604371063   -4.44165178898572
  -2.43350523333543   -0.64523222112850   -4.44721381834454
  -2.42881544596813   -0.64398874653959   -4.44965573197243
  -2.42106730771765   -0.64193436490750   -4.45302301789331
  -2.40880822180625   -0.63868392717543   -4.45837842530968
  -2.39923282228945   -0.63614505599744   -4.46279365387744
  -2.39603807405289   -0.63529798385131   -4.46423468161005
  -2.38345116923986   -0.63196062651244   -4.46962085544649
  -2.37124299377853   -0.62872368744161   -4.47508764323158
  -2.37034747799775   -0.62848624573474   -4.47563971386789
  -2.35873424630332   -0.62540705314537   -4.48083355230521
  -2.34617949535724   -0.62207822124985   -4.48616733945128
  -2.34213517092019   -0.62100588805585   -4.48832456599780
  -2.33345432365173   -0.61870420310872   -4.49210956365129
  -2.32107375656324   -0.61542155522619   -4.49718657973824
  -2.31252322431392   -0.61315442268032   -4.50136823706694
  -2.30850758527116   -0.61208969528080   -4.50349664725728
  -2.29610974927988   -0.60880246863165   -4.50859416519270
  -2.28382226611941   -0.60554450150543   -4.51382882414286
  -2.28291481524620   -0.60530389526614   -4.51435444650270
  -2.27140576417444   -0.60225232566835   -4.51969471521985
  -2.25885735541909   -0.59892517537422   -4.52527581683508
  -2.25412577584453   -0.59767061978235   -4.52748560457247
  -2.24642904513499   -0.59562986861275   -4.53099602501179
  -2.23395234175647   -0.59232173065480   -4.53665909755822
  -2.22530533066883   -0.59002901720846   -4.54058242566966
  -2.22126228493630   -0.58895702305682   -4.54204560545559
  -2.20858457896691   -0.58559559022758   -4.54705036069371
  -2.19617196333772   -0.58230444482846   -4.55210681902104
  -2.19531104616619   -0.58207617677660   -4.55269750401734
  -2.18356551533742   -0.57896190570738   -4.55743999888935
  -2.17112547300022   -0.57566348824839   -4.56239793904663
  -2.16481751327794   -0.57399096303388   -4.56547505971860
  -2.15862366850918   -0.57234869485105   -4.56802008641356
  -2.14642038490604   -0.56911305283292   -4.57339426068414
  -2.13601192060861   -0.56635329853070   -4.58035414907491
  -2.13518293551546   -0.56613349711602   -4.58110335210780
  -2.12472372412732   -0.56336028746650   -4.59061126898783
  -2.12455517627483   -0.56331559781318   -4.59189156798081
      
      
