# shadow point cont 3D ind 396  size 1372
# norm -0.9969173 -0.0784591  0.0000000
# angle  3.0630528
   0.24435600098429   -3.10483737701931   -4.59210474020039
   0.24528199367639   -3.11660322974939   -4.58133297712751
   0.24536760479464   -3.11769102214550   -4.58009671223010
   0.24629719302074   -3.12950256046666   -4.57419468745023
   0.24730957714605   -3.14236612043454   -4.56932371084480
   0.24781731952813   -3.14881759909440   -4.56693047990736
   0.24832490940882   -3.15526714004056   -4.56450533705624
   0.24932908770046   -3.16802643500568   -4.55935433581804
   0.25035092259103   -3.18101007833191   -4.55477154483544
   0.25042048874742   -3.18189400015769   -4.55421754729435
   0.25135924458765   -3.19382202406086   -4.54892754737998
   0.25237984359238   -3.20678996396849   -4.54429247918564
   0.25295657570694   -3.21411804029413   -4.54122761702568
   0.25340067609645   -3.21976087076658   -4.53877258779887
   0.25441062710813   -3.23259351509451   -4.53385946539794
   0.25542204374870   -3.24544478200314   -4.53054519351646
   0.25599610420266   -3.25273891166207   -4.52826016038674
   0.25644881609823   -3.25849116169370   -4.52616877574805
   0.25745847655492   -3.27132011417048   -4.52024073717870
   0.25822285457938   -3.28103245784514   -4.51551565566700
   0.25847805616938   -3.28427510149661   -4.51394698913957
   0.25948497687131   -3.29706924208848   -4.50810837272579
   0.26049756349453   -3.30993537503621   -4.50323167160701
   0.26062841808035   -3.31159804019422   -4.50250400518839
   0.26151325914882   -3.32284101196919   -4.49761646912248
   0.26252659084614   -3.33571661198099   -4.49275314006390
   0.26315998289645   -3.34376462105058   -4.48950001470061
   0.26354493958743   -3.34865595958074   -4.48718893086937
   0.26454577775976   -3.36137281430616   -4.48197682861742
   0.26556881224486   -3.37437169992589   -4.47739381713528
   0.26563838475183   -3.37525570244347   -4.47683984617322
   0.26658697439414   -3.38730867664931   -4.47184908434014
   0.26759936244057   -3.40017228643974   -4.46696148540104
   0.26817599200975   -3.40749905980260   -4.46393318634882
   0.26862317379409   -3.41318104310876   -4.46147838522118
   0.26962852404038   -3.42595522916969   -4.45648330560964
   0.27064315755695   -3.43884737036342   -4.45164848192266
   0.27083181278652   -3.44124446233490   -4.45079058673005
   0.27165971849255   -3.45176400173797   -4.44605832922207
   0.27267237911266   -3.46463107490527   -4.44117044506858
   0.27330836583242   -3.47271205237603   -4.43800762397283
   0.27369568419908   -3.47763339884088   -4.43586119941301
   0.27470306426917   -3.49043337625865   -4.43073496081292
   0.27571632607450   -3.50330808820855   -4.42585779463510
   0.27590491897356   -3.50570438819572   -4.42500001725861
   0.27673271399437   -3.51622252120974   -4.42026819067413
   0.27774565057510   -3.52909310078923   -4.41537998395401
   0.27838164175052   -3.53717413487454   -4.41221726819699
   0.27876913089222   -3.54209765124208   -4.41007077178812
   0.27977626209872   -3.55489446654799   -4.40494504851866
   0.28078975518850   -3.56777211724547   -4.40006766569807
   0.28091913132925   -3.56941599697777   -4.39935222525355
   0.28180705165127   -3.58069809437878   -4.39450683249026
   0.28281918651535   -3.59355848718244   -4.38959006722775
   0.28351454791419   -3.60239389148174   -4.38629284873231
   0.28383341083681   -3.60644542905937   -4.38472505200848
   0.28484972721375   -3.61935895302144   -4.37915568933572
   0.28587179697172   -3.63234558062091   -4.37460056478672
   0.28606280357999   -3.63477254969154   -4.37375420427046
   0.28688179426264   -3.64517881298231   -4.36875059803703
   0.28788381463451   -3.65791068897712   -4.36123635463826
   0.28795253322539   -3.65878384146198   -4.36053811106891
   0.28891885176228   -3.67106208263206   -4.35031695529324
   0.28911311383128   -3.67353041625321   -4.34793069590755
   0.28993895420346   -3.68402371310157   -4.33664301116845
   0.29006334739437   -3.68560427845299   -4.33501278767166
   0.29095032866862   -3.69687444412085   -4.32371062823789
   0.29107704090056   -3.69848447568249   -4.32209603487548
   0.29196603812917   -3.70978025647908   -4.31000083903854
   0.29202817439584   -3.71056977260491   -4.30917915822284
   0.29296373277788   -3.72245716894970   -4.29689516170514
   0.29302595666502   -3.72324779839921   -4.29607443678758
   0.29397550026139   -3.73531289374056   -4.28394983407537
   0.29403885885019   -3.73611794094166   -4.28314254312776
   0.29492955563943   -3.74743531670369   -4.27027889372245
   0.29499066222804   -3.74821174952925   -4.26944658959414
   0.29589190476448   -3.75966312171426   -4.25750833893380
   0.29601862528070   -3.76127325853758   -4.25589376572668
   0.29690567667997   -3.77254431522816   -4.24459179073629
   0.29703239892704   -3.77415447404411   -4.24297722140601
   0.29785896568165   -3.78465700045635   -4.23170410760372
   0.29804609634452   -3.78703472097119   -4.22925231472134
   0.29880951535280   -3.79673487918983   -4.21878899584432
   0.29905980841480   -3.79991515407969   -4.21552744379671
   0.29980640295891   -3.80940153721206   -4.20567375712583
   0.30005773346680   -3.81259499410170   -4.20240865305227
   0.30077054252436   -3.82165209192484   -4.19292256800489
   0.30107780661146   -3.82555625232363   -4.18877928723671
   0.30176849222380   -3.83433224512233   -4.17980382295692
   0.30209024609020   -3.83842051562348   -4.17503963510670
   0.30273114094665   -3.84656385688393   -4.16704095054091
   0.30311498233511   -3.85144102415196   -4.16224504975230
   0.30368915186833   -3.85873653979423   -4.15421480704599
   0.30412876856938   -3.86432239960327   -4.14852033554910
   0.30463998291290   -3.87081799371604   -4.14130220761023
   0.30514257011829   -3.87720396964556   -4.13479565112558
   0.30563662927629   -3.88348158645884   -4.12819090977997
   0.30614058488462   -3.88988494959626   -4.12167701435219
   0.30664754307703   -3.89632646418167   -4.11521887884046
   0.30717030734679   -3.90296881402207   -4.10815473439370
   0.30761390225202   -3.90860522170785   -4.10250387751369
   0.30818695946120   -3.91588660393314   -4.09446369278098
   0.30856438509743   -3.92068225133980   -4.08958654743936
   0.30919810621417   -3.92873444159481   -4.08151391473516
   0.30956630319731   -3.93341282784574   -4.07654308142856
   0.31021198559795   -3.94161700062280   -4.06778935975386
   0.31052885328926   -3.94564318638285   -4.06375305262021
   0.31121231326516   -3.95432736876566   -4.05471908355469
   0.31152695089154   -3.95832521886418   -4.05063452230557
   0.31222407616714   -3.96718303534276   -4.04175466733446
   0.31249338081017   -3.97060487527344   -4.03791963823723
   0.31325389259697   -3.98026809374082   -4.02823253852238
   0.31350739841723   -3.98348919059482   -4.02500350586995
   0.31426972740143   -3.99317549874445   -4.01453601570283
   0.31444953015788   -3.99546010938000   -4.01202378109404
   0.31528179636091   -4.00603505415067   -4.00078362214088
   0.31540855309964   -4.00764565122462   -3.99916910845542
   0.31629585837587   -4.01891993372797   -3.98786753740274
   0.31642261713160   -4.02053055643038   -3.98625302547771
   0.31731138542669   -4.03182342835078   -3.97416821565099
   0.31737354549873   -4.03261324695249   -3.97334657000410
   0.31830949858026   -4.04450565842997   -3.96106241388112
   0.31837174643041   -4.04529659235835   -3.96024172306420
   0.31929039400667   -4.05696911654264   -3.94770398404824
   0.31935377633775   -4.05777446541796   -3.94689673052730
   0.32030452091452   -4.06985482066220   -3.93478795858772
   0.32036790427844   -4.07066018266108   -3.93398070576759
   0.32128974226395   -4.08237324483859   -3.92154084618278
   0.32136653806289   -4.08334902798278   -3.92007573131910
   0.32220588630869   -4.09401395863892   -3.90895378212766
   0.32239604253282   -4.09643012255455   -3.90653202842707
   0.32320661276005   -4.10672939381470   -3.89587431483276
   0.32339433379456   -4.10911461571250   -3.89341365310039
   0.32415750284011   -4.11881159785364   -3.88296040063932
   0.32440844631958   -4.12200013708090   -3.87968934479619
   0.32516910457952   -4.13166521666599   -3.87000236638321
   0.32541346406651   -4.13477009833699   -3.86672754796434
   0.32611985800716   -4.14374568437126   -3.85708532394451
   0.32643680661512   -4.14777289827483   -3.85304908216371
   0.32707363999226   -4.15586463354752   -3.84421866153453
   0.32746677617630   -4.16085990239124   -3.83871888114662
   0.32802470330158   -4.16794903867290   -3.83130670418201
   0.32847083433791   -4.17361767095965   -3.82408840620981
   0.32879269024044   -4.17770723795277   -3.81848464365852
   0.32915501955898   -4.18231106845600   -3.80553745649147
   0.32929135954360   -4.18404343221431   -3.79266342082183
   0.32941694780615   -4.18563918239072   -3.77973701459916
   0.32947926031890   -4.18643093793536   -3.76924374124865
   0.32951937652118   -4.18694066261472   -3.76680301491956
   0.32956023870957   -4.18745986594647   -3.75392100738239
   0.32961526934704   -4.18815909649293   -3.74097621250094
   0.32967136262229   -4.18887182913253   -3.72804311397166
   0.32973351644133   -4.18966156828235   -3.71511625158861
   0.32979567608584   -4.19045138145180   -3.70218948013071
   0.32985784154632   -4.19124126852021   -3.68926279934762
   0.32992001281329   -4.19203122936701   -3.67633620898895
   0.32998218987726   -4.19282126387176   -3.66340970880425
   0.32998707446461   -4.19288332843870   -3.65049059762482
   0.33004308194883   -4.19359497099997   -3.63755574991377
   0.33010527645940   -4.19438522718472   -3.62462952411329
   0.33016747672937   -4.19517555654957   -3.61170338747291
   0.33017245422960   -4.19523880168654   -3.59878602527987
   0.32999926505271   -4.19303822454691   -3.58582694821097
   0.32963819689959   -4.18845041866969   -3.57310760893830
   0.32944870487335   -4.18604269418835   -3.56909334893321
   0.32902286430051   -4.18063187668495   -3.56006015305259
   0.32846336687935   -4.17352278790226   -3.54783339405772
   0.32840367509775   -4.17276433190418   -3.54698498620566
   0.32781450307817   -4.16527819159857   -3.53418804629115
   0.32743484980926   -4.16045423943510   -3.52609807012264
   0.32718461951298   -4.15727476205939   -3.52121340610244
   0.32659538590955   -4.14978783925670   -3.50840532977257
   0.32639709112555   -4.14726826513318   -3.50438261427645
   0.32598999957059   -4.14209567648948   -3.49524593616880
   0.32541115192125   -4.13474071974588   -3.48315634749181
   0.32535146677974   -4.13398234811817   -3.48230802830339
   0.32476212913457   -4.12649410333985   -3.46951122975027
   0.32439700548457   -4.12185476748892   -3.46211349369533
   0.32413240444145   -4.11849269246165   -3.45653819273371
   0.32354320861287   -4.11100624963407   -3.44373102211627
   0.32335728003043   -4.10864380299921   -3.44045132915625
   0.32287877132140   -4.10256377337429   -3.43053350159872
   0.32234711285491   -4.09580841204931   -3.41858960101710
   0.32229087956445   -4.09509390034771   -3.41771855176659
   0.32167072342505   -4.08721406947219   -3.40466593689540
   0.32133251651465   -4.08291674322539   -3.39753961880058
   0.32107621991152   -4.07966018611287   -3.39189612255037
   0.32049142265712   -4.07222963246928   -3.37906230194360
   0.32030547483163   -4.06986694132836   -3.37578265311853
   0.31982702715727   -4.06378768722235   -3.36586568871291
   0.31931022036524   -4.05722103431378   -3.35460655124016
   0.31923932506546   -4.05632022411995   -3.35305242714410
   0.31861913366007   -4.04843994514753   -3.34000029175684
   0.31829368348676   -4.04430470861396   -3.33277885385887
   0.31798821010310   -4.04042330125979   -3.32702014451096
   0.31739983367602   -4.03294726991533   -3.31421939268948
   0.31725405733008   -4.03109500581814   -3.31111939165915
   0.31681508766058   -4.02551736732452   -3.30137731222365
   0.31624437963751   -4.01826583433883   -3.28926256785193
   0.31618815914264   -4.01755148522054   -3.28839168675748
   0.31556792998062   -4.00967072650458   -3.27533997664334
   0.31522985414902   -4.00537506577193   -3.26821511485699
   0.31497362349206   -4.00211934658490   -3.26257253281072
   0.31438333287780   -3.99461899318631   -3.24980240092382
   0.31420302453581   -3.99232795847740   -3.24646139246458
   0.31372469756937   -3.98625023811094   -3.23654608378438
   0.31320825586449   -3.97968822407437   -3.22529006124578
   0.31313737846381   -3.97878764131026   -3.22373617957087
   0.31249852225643   -3.97067020354228   -3.21082774787860
   0.31216401485115   -3.96641988396507   -3.20368479057891
   0.31186222047424   -3.96258522282371   -3.19790194856225
   0.31128293079387   -3.95522464954348   -3.18501833870891
   0.31116509494738   -3.95372740315263   -3.18251618546163
   0.31065556199872   -3.94725317318719   -3.17203716672157
   0.31014215906687   -3.94072977042289   -3.16078381863834
   0.31002711032053   -3.93926793749725   -3.15905755268760
   0.30946189705899   -3.93208622207657   -3.14606977729502
   0.30914116052063   -3.92801087795384   -3.13962879670425
   0.30881615319362   -3.92388126831610   -3.13322623605007
   0.30824396361353   -3.91661091036347   -3.12028268872142
   0.30812100523300   -3.91504857600652   -3.11786649063853
   0.30760542037975   -3.90849744930216   -3.10739047461217
   0.30710720128764   -3.90216697551441   -3.09680929684830
   0.30697714679554   -3.90051447651096   -3.09441233802161
   0.30639254651393   -3.89308642564389   -3.08156249792401
   0.30607789236052   -3.88908836554965   -3.07508763331895
   0.30572149667603   -3.88455992901540   -3.06842785098214
   0.30514315671755   -3.87721142309581   -3.05555173934757
   0.30507748799849   -3.87637702290676   -3.05395039365862
   0.30455565284657   -3.86974647862790   -3.04274859861710
   0.30404456258958   -3.86325246118395   -3.03226729470417
   0.30392036023975   -3.86167432069822   -3.02982043441726
   0.30334285356305   -3.85433640262759   -3.01692201467857
   0.30302829912817   -3.85033960957732   -3.01044804381516
   0.30271243540720   -3.84632618046995   -3.00397027101647
   0.30208071920414   -3.83829946505870   -2.99101486793114
   0.30201070562677   -3.83740985821033   -2.98946291192577
   0.30144279963381   -3.83019392839285   -2.97811053396605
   0.30100764222640   -3.82466472928187   -2.96997016170684
   0.30069399268103   -3.82067943394301   -2.96508206080613
   0.29997550867290   -3.81155022903607   -2.95398989144172
   0.29985373794824   -3.81000298527758   -2.95231637152089
   0.29897545729486   -3.79884337148002   -2.94088299746710
   0.29885470297595   -3.79730904238108   -2.93920030199741
   0.29795866825464   -3.78592384176146   -2.92717286228500
   0.29789518096249   -3.78511715922923   -2.92636467931822
   0.29695870947815   -3.77321816081959   -2.91404001478405
   0.29689522388051   -3.77241149981816   -2.91323184778068
   0.29597534012128   -3.76072326843998   -2.90069902843481
   0.29591186385599   -3.75991672601726   -2.89989077934200
   0.29497381587835   -3.74799769636101   -2.88757701528608
   0.29491133421363   -3.74720379153688   -2.88676644970979
   0.29395911300225   -3.73510467387096   -2.87464453449374
   0.29389788215117   -3.73432666214093   -2.87377561162602
   0.29299352116769   -3.72283566632946   -2.86190900852185
   0.29286510639489   -3.72120400193511   -2.86028847878271
   0.29197652509999   -3.70991350607732   -2.84897369468316
   0.29185179819841   -3.70832870052971   -2.84723236026121
   0.29098936340077   -3.69737042741939   -2.83568377910400
   0.29086448282452   -3.69578366924989   -2.83403842039611
   0.29002345632625   -3.68509741437434   -2.82292824784278
   0.28983303435213   -3.68267787378491   -2.82050407232724
   0.28900788371899   -3.67219334090211   -2.80999940348358
   0.28880154507975   -3.66957155990686   -2.80692798357270
   0.28806516307888   -3.66021493943983   -2.79694885364040
   0.28781772179276   -3.65707089979818   -2.79363738060980
   0.28705608336371   -3.64739336598381   -2.78394112129957
   0.28680220701240   -3.64416756108635   -2.78070906611931
   0.28610077395164   -3.63525500900762   -2.77105601104188
   0.28578669119419   -3.63126420918738   -2.76697369470194
   0.28508855818848   -3.62239358828375   -2.75808577924843
   0.28477122890665   -3.61836153745996   -2.75404585572137
   0.28412072761364   -3.61009613484989   -2.74536080932974
   0.28374009342117   -3.60525971887073   -2.74050005502878
   0.28311759119887   -3.59735007818550   -2.73227645049167
   0.28275620591951   -3.59275824283727   -2.72798885696544
   0.28210573774940   -3.58449326109352   -2.71930411067654
   0.28170926162455   -3.57945555427816   -2.71383708759508
   0.28114994264491   -3.57234873280996   -2.70642619630179
   0.28070958754973   -3.56675349081400   -2.70072229368176
   0.28015143275130   -3.55966146167070   -2.69330205571715
   0.27969423002634   -3.55385215024140   -2.68698836870212
   0.27918657312535   -3.54740175772171   -2.68052511212530
   0.27867892237168   -3.54095144331107   -2.67406191265320
   0.27817127804380   -3.53450121054787   -2.66759876632807
   0.27766368072863   -3.52805157513786   -2.66033222493662
   0.27721943866116   -3.52240694447615   -2.65467329830731
   0.27666403156055   -3.51534982814387   -2.64723429066332
   0.27620887793089   -3.50956655293903   -2.64167847437043
   0.27563312736191   -3.50225094833260   -2.63447665294108
   0.27524715521713   -3.49734670723847   -2.62888450140795
   0.27461789813225   -3.48935123788639   -2.62074387835358
   0.27423720192636   -3.48451403395197   -2.61589684411649
   0.27360265627222   -3.47645136695609   -2.60701348156538
   0.27328545521136   -3.47242094533420   -2.60297220502014
   0.27260320067746   -3.46375207954439   -2.59390960988124
   0.27228612899285   -3.45972330180359   -2.58984514436992
   0.27158822760022   -3.45085562382323   -2.58095928109870
   0.27127100353238   -3.44682490987006   -2.57692028469781
   0.27055727543856   -3.43775613458399   -2.56742938667327
   0.27030350218123   -3.43453163961980   -2.56419824084458
   0.26955782886401   -3.42505696178482   -2.55432528284875
   0.26930424741338   -3.42183490395589   -2.55107180423790
   0.26852711216335   -3.41196046436124   -2.54077343452505
   0.26833679116312   -3.40954220676676   -2.53835015218618
   0.26752770643287   -3.39926181053531   -2.52766741565898
   0.26733758308855   -3.39684606439722   -2.52522412191710
   0.26649704625024   -3.38616603124141   -2.51411832660310
   0.26637017148299   -3.38455393447283   -2.51250285559489
   0.26549768070023   -3.37346788795669   -2.50101078932872
   0.26537100962942   -3.37185837939684   -2.49937722540228
   0.26446707667641   -3.36037282222815   -2.48746404942887
   0.26440364220955   -3.35956681090479   -2.48665633880663
   0.26346775098891   -3.34767518544466   -2.47435529375023
   0.26340452610170   -3.34687183708330   -2.47353110249910
   0.26248479474822   -3.33518554220368   -2.46101314417670
   0.26242136310780   -3.33437956679380   -2.46020545803072
   0.26148433643176   -3.32247351400476   -2.44790287777905
   0.26142211931147   -3.32168297053623   -2.44708081014056
   0.26048533713379   -3.30978002439346   -2.43479106147755
   0.26042303519436   -3.30898840319562   -2.43396996083632
   0.25947182513373   -3.29690213341813   -2.42184112816532
   0.25940839779003   -3.29609621260315   -2.42103347866699
   0.25837839877121   -3.28300883419198   -2.40992637789442
   0.25831188829334   -3.28216373844306   -2.40916799622524
   0.25736394429186   -3.27011896788181   -2.40023200271068
   0.25692901288058   -3.26459264032395   -2.39604593557857
   0.25636411284747   -3.25741490484780   -2.39106535313408
   0.25552408911032   -3.24674139126024   -2.38328483594832
   0.25531777735176   -3.24411995181652   -2.38104805796491
   0.25431993166032   -3.23144112016594   -2.37195947508473
   0.25413706019855   -3.22911751793229   -2.37022517535447
   0.25332032693133   -3.21873993782414   -2.36280230588209
   0.25275536647232   -3.21156143456418   -2.35709007017326
   0.25232484607777   -3.20609115428791   -2.35283161264027
   0.25141238654371   -3.19449725663468   -2.34432437994000
   0.25129110815558   -3.19295626860502   -2.34341353381530
   0.25027662977441   -3.18006609859345   -2.33373288490004
   0.25002082504732   -3.17681579135863   -2.33134307478433
   0.24926209591033   -3.16717522360465   -2.32405144706796
   0.24863559969179   -3.15921483438542   -2.31826120477699
   0.24826619686637   -3.15452112645559   -2.31484223515362
   0.24728622232209   -3.14206936925971   -2.30564018377206
   0.24721819847195   -3.14120504429283   -2.30491833690399
   0.24621852331703   -3.12850296710480   -2.29576608123333
   0.24584570454840   -3.12376585550104   -2.29241479341651
   0.24520405783541   -3.11561296099761   -2.28608300798994
   0.24451366102616   -3.10684063779004   -2.27950915555564
   0.24418953371271   -3.10272220978480   -2.27637015186886
   0.24317513831012   -3.08983309411599   -2.26749092141680
   0.24311103952451   -3.08901864182266   -2.26675145428773
   0.24217856773474   -3.07717046435114   -2.25752313690330
   0.24178791124780   -3.07220670304660   -2.25364781249010
   0.24116410057940   -3.06428043697729   -2.24782077531129
   0.24033218179387   -3.05370990656447   -2.24064132926761
   0.24014456544491   -3.05132601482278   -2.23904733829863
   0.23913438617933   -3.03849047025404   -2.23153375154806
   0.23856157512940   -3.03121221577855   -2.22752916628232
   0.23812036207737   -3.02560607240707   -2.22429474929533
   0.23708840738794   -3.01249384484481   -2.21736375920143
   0.23677370178223   -3.00849513098694   -2.21493819075361
   0.23609173507392   -2.99982992236801   -2.20977804814132
   0.23505989174955   -2.98671910983286   -2.20282461302357
   0.23499130448720   -2.98584762603508   -2.20216292145280
   0.23404586829656   -2.97383472023190   -2.19556756904477
   0.23315678355994   -2.96253782754065   -2.18914882817113
   0.23303169536618   -2.96094843134063   -2.18830269991116
   0.23203350019835   -2.94826515917150   -2.18144705728590
   0.23133180015353   -2.93934921473863   -2.17596239816649
   0.23102009990276   -2.93538868753595   -2.17347029358232
   0.23000444788940   -2.92248360511355   -2.16688795889669
   0.22949402850607   -2.91599811192764   -2.16301905901244
   0.22897471900076   -2.90939965903170   -2.15920926513440
   0.22797674223592   -2.89671916193580   -2.15240134868746
   0.22771113622286   -2.89334431755462   -2.15025663540145
   0.22696244005344   -2.88383123074077   -2.14512951234066
   0.22593233680269   -2.87074252793736   -2.13820972039131
   0.22586512174297   -2.86988847962719   -2.13752705801526
   0.22491823990547   -2.85785720513899   -2.13094104222397
   0.22405486572185   -2.84688699599798   -2.12406476584180
   0.22393629616981   -2.84538042699429   -2.12310021730742
   0.22288983778321   -2.83208391248627   -2.11638738441617
   0.22225858432007   -2.82406307674321   -2.11154229534236
   0.22189185624090   -2.81940335468672   -2.10887372483047
   0.22087675856123   -2.80650531574161   -2.10229749905976
   0.22042122855795   -2.80071725825648   -2.09860230968767
   0.21984797687405   -2.79343340499543   -2.09459888410734
   0.21884914507616   -2.78074204367444   -2.08781030059246
   0.21858441483815   -2.77737832707043   -2.08564620318442
   0.21782001886854   -2.76766575538118   -2.08007641084810
   0.21682095384755   -2.75497143067972   -2.07327821416342
   0.21674894521977   -2.75405647431227   -2.07263277562005
   0.21580698043613   -2.74208767691709   -2.06602659227474
   0.21497930911811   -2.73157111569608   -2.05966018528162
   0.21479062643455   -2.72917367488857   -2.05813692841305
   0.21376402124863   -2.71612941921314   -2.05178203996937
   0.21313247967909   -2.70810492273107   -2.04693503333695
   0.21274991606694   -2.70324399115054   -2.04376132855487
   0.21173629818857   -2.69036475486376   -2.03726250589595
   0.21129538162660   -2.68476237875579   -2.03399654614934
   0.21073675894957   -2.67766440465116   -2.02975069808983
   0.20972231434129   -2.66477466376484   -2.02318225756194
   0.20945884946803   -2.66142702514445   -2.02104212323849
   0.20869457918071   -2.65171605039997   -2.01547308950938
   0.20771829116208   -2.63931113495379   -2.00825620626700
   0.20764576299793   -2.63838957725090   -2.00763600453025
   0.20668049249160   -2.62612465257173   -2.00138672429868
   0.20583688618267   -2.61540561809366   -1.99543441772019
   0.20564046897654   -2.61290990085894   -1.99398109971082
   0.20465305286194   -2.60036358954703   -1.98692210499391
   0.20401692554007   -2.59228082555708   -1.98212127055914
   0.20363879507894   -2.58747622250099   -1.97959176094979
   0.20261171011835   -2.57442587071024   -1.97266399563459
   0.20217724917575   -2.56890552102374   -1.96928307604299
   0.20161134950691   -2.56171508397133   -1.96510847978713
   0.20058417090635   -2.54866354237199   -1.95813026614115
   0.20039336249589   -2.54623909164322   -1.95655016343130
   0.19958398773547   -2.53595501022906   -1.95058823641346
   0.19861371882713   -2.52362657483062   -1.94375855135094
   0.19854403692382   -2.52274118230071   -1.94311280626150
   0.19755601488509   -2.51018717199268   -1.93683264851664
   0.19673002449763   -2.49969196901952   -1.93046187837932
   0.19654158114949   -2.49729756925691   -1.92893984677685
   0.19552819285061   -2.48442125005414   -1.92228119896973
   0.19494838842071   -2.47705413626081   -1.91770242416298
   0.19450186025628   -2.47138045798310   -1.91453078425044
   0.19348817655548   -2.45850038534300   -1.90807129551599
   0.19310706417307   -2.45365789338466   -1.90487456381862
   0.19247414742254   -2.44561592357150   -1.90001295874404
   0.19146086402353   -2.43274093724787   -1.89353882144372
   0.19126974943522   -2.43031259616081   -1.89195612574530
   0.19046058368420   -2.42003117046280   -1.88599586167317
   0.18950250339608   -2.40785760616820   -1.87888547393639
   0.18943324097752   -2.40697754369746   -1.87821247775656
   0.18841998628094   -2.39410292207286   -1.87174061766222
   0.18766191261707   -2.38447068289466   -1.86604954566568
   0.18740218398069   -2.38117051766494   -1.86373694279052
   0.18639279420930   -2.36834500457110   -1.85720881503957
   0.18583207370001   -2.36122037498031   -1.85298862394543
   0.18539245476708   -2.35563448681254   -1.84966530882503
   0.18437829232013   -2.34274833112588   -1.84316125785123
   0.18398964030287   -2.33781003902342   -1.84016321460050
   0.18335156279008   -2.32970249550833   -1.83542525575875
   0.18233807478344   -2.31682490939838   -1.82815791712424
   0.18221185703503   -2.31522116084569   -1.82733864878951
   0.18132500715635   -2.30395266471696   -1.82168725479933
   0.18037910436170   -2.29193383014754   -1.81433538082697
   0.18031043012178   -2.29106124119510   -1.81363713606044
   0.17929797660097   -2.27819679947376   -1.80715634994196
   0.17853976700580   -2.26856283312464   -1.80146407297838
   0.17829536799553   -2.26545744926287   -1.79974885588797
   0.17727099084527   -2.25244150346456   -1.79262569618154
   0.17675890832784   -2.24593487815624   -1.78870482883803
   0.17627020877046   -2.23972536152570   -1.78513961238663
   0.17525669048867   -2.22684739073342   -1.77857925250425
   0.17487343762585   -2.22197770139271   -1.77547662885011
   0.17424356980419   -2.21397447189404   -1.77056070882955
   0.17321715116750   -2.20093258655112   -1.76356512891451
   0.17309225232420   -2.19934559627687   -1.76271528516767
   0.17220326402961   -2.18804992899777   -1.75630811645341
   0.17131464005108   -2.17675889079311   -1.74989148005026
   0.17118964904015   -2.17517072941801   -1.74904587977591
   0.17018973849024   -2.16246566125303   -1.74228484104292
   0.16942772927126   -2.15278341610576   -1.73667789443414
   0.16917612305936   -2.14958645606456   -1.73498947626751
   0.16815007885645   -2.13654932835393   -1.72804753650187
   0.16764312391257   -2.13010785504500   -1.72400629285329
   0.16714950295754   -2.12383580612841   -1.72050175971764
   0.16612332778453   -2.11079701428495   -1.71351819981142
   0.16580694047212   -2.10677693231745   -1.71107915034856
   0.16510996753699   -2.09792105150821   -1.70625361806127
   0.16409585994417   -2.08503559280934   -1.69899893029503
   0.16402647881081   -2.08415402192404   -1.69831584437941
   0.16308271795502   -2.07216240326830   -1.69173183769645
   0.16219413725433   -2.06087191496070   -1.68531535028375
   0.16206915747608   -2.05928389631041   -1.68446981170924
   0.16106931727114   -2.04657972196299   -1.67770910171332
   0.16036292995830   -2.03760422014297   -1.67227660975169
   0.16004331602332   -2.03354314004858   -1.66993155983159
   0.15904268045730   -2.02082885968044   -1.66317674129345
   0.15852758409717   -2.01428393986978   -1.65933231098734
   0.15801534839503   -2.00777536816526   -1.65541698331727
   0.15701607468175   -1.99507839177685   -1.64864816825278
   0.15675301217284   -1.99173586568018   -1.64644784592014
   0.15600279760848   -1.98220348582939   -1.64138123741290
   0.15497689182704   -1.96916811693035   -1.63441760676805
   0.15490615673948   -1.96826934242586   -1.63370147648038
   0.15396363809377   -1.95629350754575   -1.62715363046832
   0.15307442834638   -1.94499502644207   -1.62074366835865
   0.15294945902666   -1.94340714067987   -1.61989818777981
   0.15194968266638   -1.93070377755583   -1.61313777076492
   0.15124335433647   -1.92172902518507   -1.60770562123798
   0.15092393194567   -1.91767037889014   -1.60536201846857
   0.14992323271329   -1.90495528956428   -1.59860652969280
   0.14940821673407   -1.89841139108984   -1.59476266316621
   0.14889590486018   -1.89190185153145   -1.59084652506792
   0.14789679157131   -1.87920691352838   -1.58407889322201
   0.14763373089424   -1.87586441070750   -1.58187852754444
   0.14688361125325   -1.86633323697249   -1.57681255876467
   0.14585791786000   -1.85330056672135   -1.56985039703177
   0.14578669673165   -1.85239561648296   -1.56912921790396
   0.14485709197138   -1.84058386807527   -1.56229538378794
   0.14395822642803   -1.82916269845110   -1.55613051145390
   0.14383157923675   -1.82755349330945   -1.55532341754355
   0.14281783643560   -1.81467266972829   -1.54806405318091
   0.14212450453532   -1.80586305265321   -1.54313875159012
   0.14180527444892   -1.80180684981737   -1.54079663581933
   0.14080450304004   -1.78909084340212   -1.53404040558566
   0.14035562705537   -1.78338733323976   -1.53013362751102
   0.13979131696078   -1.77621709364313   -1.52597349883955
   0.13876587936222   -1.76318767357175   -1.51900682791852
   0.13851515331024   -1.76000189702258   -1.51731322433689
   0.13776512460518   -1.75047187873806   -1.51224788534887
   0.13673963958538   -1.73744185612256   -1.50528720229512
   0.13661598350196   -1.73587065660975   -1.50436686170311
   0.13573869160475   -1.72472360615043   -1.49773100767240
   0.13489708824736   -1.71403002158481   -1.49172970844150
   0.13469374807121   -1.71144633967553   -1.49010773066805
   0.13369969586751   -1.69881570885683   -1.48350151948792
   0.13306706584775   -1.69077738230359   -1.47862073138629
   0.13269858678040   -1.68609541183284   -1.47596754614221
   0.13167421936768   -1.67307958976170   -1.46897225690948
   0.13123174667018   -1.66745744107711   -1.46569317012465
   0.13066115828470   -1.66020742823116   -1.46170940504536
   0.12966028708995   -1.64749015391605   -1.45495217688268
   0.12939722422848   -1.64414762333978   -1.45275168240185
   0.12864728253656   -1.63461871066202   -1.44768696388708
   0.12763416765738   -1.62174586558586   -1.44042641762223
   0.12756492011960   -1.62086599219345   -1.43974446589284
   0.12662132821733   -1.60887652029583   -1.43315562034333
   0.12577983031202   -1.59818427562580   -1.42716447749471
   0.12557704867230   -1.59560769059477   -1.42551775469291
   0.12458217641833   -1.58296664004960   -1.41894264302537
   0.12394940310853   -1.57492649282362   -1.41406036813973
   0.12356626341498   -1.57005824143485   -1.41087889352224
   0.12255691455763   -1.55723324820317   -1.40441482039289
   0.12211973186395   -1.55167831539014   -1.40100845835873
   0.12155588652084   -1.54451398102097   -1.39685296454284
   0.12053092832644   -1.53149065235696   -1.38988993906385
   0.12028360552323   -1.52834811818339   -1.38809664960158
   0.11951794536116   -1.51861948340583   -1.38262756102695
   0.11851696205016   -1.50590078451878   -1.37586923378224
   0.11844750098006   -1.50501819794088   -1.37518497051742
   0.11750424152506   -1.49303295018629   -1.36859931769698
   0.11667769456147   -1.48253067524295   -1.36222191091319
   0.11648473790696   -1.48007892848551   -1.36062705803555
   0.11546766027643   -1.46715573187943   -1.35437939941765
   0.11483867659726   -1.45916373647608   -1.34936219318561
   0.11446576132086   -1.45442539862495   -1.34680013681968
   0.11344016649240   -1.44139398075815   -1.33986076970817
   0.11300263423152   -1.43583460627279   -1.33645088992373
   0.11243902032169   -1.42867321254236   -1.33229778522724
   0.11141429691150   -1.41565286709447   -1.32533661353630
   0.11116661196878   -1.41250573150219   -1.32353970908287
   0.11040137129611   -1.40278242684278   -1.31807459378782
   0.10940028740038   -1.39006244990565   -1.31131529269874
   0.10933060938657   -1.38917710679649   -1.31062864887819
   0.10837449666973   -1.37702854286551   -1.30355242066832
   0.10754839988847   -1.36653198803084   -1.29800817125967
   0.10734557999486   -1.36395491693808   -1.29634338652226
   0.10636096022407   -1.35144413654323   -1.28953919874512
   0.10572584515161   -1.34337423440148   -1.28474373745883
   0.10534563715445   -1.33854323374725   -1.28150343116293
   0.10433657279287   -1.32572185537705   -1.27498711092577
   0.10389115543886   -1.32006229128389   -1.27181005628306
   0.10332264981595   -1.31283874244561   -1.26774569107912
   0.10229815801663   -1.29982133989292   -1.26078639285339
   0.10210368842719   -1.29735036947450   -1.25917216916621
   0.10129639742963   -1.28709276477780   -1.25322917682038
   0.10033245055438   -1.27484465842610   -1.24634687697515
   0.10025619627555   -1.27387575594728   -1.24548331983960
   0.09925955196950   -1.26121218934549   -1.23900144021726
   0.09844484376249   -1.25086034006690   -1.23311656461698
   0.09825078803143   -1.24839462821784   -1.23150240360565
   0.09723384093675   -1.23547309022705   -1.22447831463079
   0.09666506357552   -1.22824608862591   -1.22036925681848
   0.09622099312176   -1.22260363852314   -1.21721680378332
   0.09520645478213   -1.20971270666710   -1.20995092388000
   0.09483109576332   -1.20494331812455   -1.20743244868014
   0.09419347858646   -1.19684162373210   -1.20268598017147
   0.09317829628739   -1.18394250959556   -1.19553921149577
   0.09304824294463   -1.18229002519578   -1.19467251980797
   0.09218049710954   -1.17126426895616   -1.18867988201123
   0.09122405303666   -1.15911149474749   -1.18158222260599
   0.09115551556223   -1.15824064356521   -1.18089441297698
   0.09015604239755   -1.14554113290648   -1.17414104918889
   0.08944929756738   -1.13656108839809   -1.16871996432960
   0.08913180053048   -1.13252690604417   -1.16637173246863
   0.08811907781083   -1.11965904382737   -1.15991435043372
   0.08755477360643   -1.11248887907268   -1.15568508565071
   0.08711628625870   -1.10691736905825   -1.15237220915354
   0.08610539103359   -1.09407272736115   -1.14589391415512
   0.08571557670203   -1.08911966665526   -1.14288607699399
   0.08509119117921   -1.08118609636809   -1.13864988884407
   0.08408199240851   -1.06836301016802   -1.13375436254369
   0.08332310527880   -1.05872043492626   -1.12968847296099
   0.08306691769454   -1.05546526302982   -1.12814336631313
   0.08205814906268   -1.04264764226202   -1.12483342667473
   0.08104454076978   -1.02976852777015   -1.12082287289533
   0.08021338101281   -1.01920764172960   -1.11712715489192
   0.08002323113787   -1.01679155848799   -1.11633062810818
   0.07901864445733   -1.00402707444982   -1.11195505630716
   0.07800707231122   -0.99117383165597   -1.10869679778420
   0.07699338516341   -0.97829371521746   -1.10468585035216
   0.07692199635292   -0.97738663437544   -1.10411645316867
   0.07597375738668   -0.96533811593162   -1.10018154296037
   0.07496783090005   -0.95255660804300   -1.09661745106967
   0.07394698178805   -0.93958549022109   -1.09210748136568
   0.07369636380239   -0.93640108678474   -1.09110317398801
   0.07294193603269   -0.92681517308436   -1.08774959002293
   0.07193057542509   -0.91396461814208   -1.08449241311625
   0.07091676730303   -0.90108296457999   -1.08048087108534
   0.07046976706358   -0.89540328802046   -1.07815741927444
   0.06990363196019   -0.88820985948833   -1.07564710191045
   0.06890025543854   -0.87546075197689   -1.07204517671959
   0.06787965130755   -0.86249274693390   -1.06835651633757
   0.06724241781991   -0.85439592777520   -1.06522793857471
   0.06686535939196   -0.84960494619216   -1.06354477236228
   0.06585303929248   -0.83674219974958   -1.05950396406937
   0.06483516981563   -0.82380894178211   -1.05577231324774
   0.06401034274823   -0.81332852019178   -1.05253299552843
   0.06382025265158   -0.81091319650537   -1.05173452635075
   0.06281575118681   -0.79814979523618   -1.04819302309847
   0.06180207763529   -0.78526985155502   -1.04417459263537
   0.06078935048847   -0.77240193308562   -1.04014064634322
   0.06071774071735   -0.77149204467257   -1.03955955996514
   0.05977545584170   -0.75951918012284   -1.03531544052219
   0.05876526817082   -0.74668352875467   -1.03205175046745
   0.05774440513212   -0.73371223397731   -1.02751021053552
   0.05749187213174   -0.73050349797191   -1.02655423781316
   0.05673799333268   -0.72092455960480   -1.02320477363785
   0.05572719573017   -0.70808115832039   -1.01995045726551
   0.05471304954424   -0.69519520924952   -1.01593730943543
   0.05426409959989   -0.68949075934041   -1.01369377386580
   0.05369809990295   -0.68229905131048   -1.01112067016166
   0.05268364635005   -0.66940919677201   -1.00732485442542
   0.05167493653947   -0.65659232339936   -1.00383585426131
   0.05097923747154   -0.64775262860740   -1.00054737177203
   0.05066171222219   -0.64371808778031   -0.99900154688030
   0.04964956217722   -0.63085750208525   -0.99496172950527
   0.04863845589507   -0.61801017865423   -0.99171465155928
   0.04780831121075   -0.60746219033455   -0.98793554730860
   0.04761826729485   -0.60504745343021   -0.98713558057995
   0.04662036978245   -0.59236796333196   -0.98330986970848
   0.04560046224481   -0.57940880934672   -0.97961381707683
   0.04458609365583   -0.56652003437727   -0.97559965448355
   0.04451280821462   -0.56558885455701   -0.97494656181719
   0.04357283077265   -0.55364530873205   -0.97076513680406
   0.04256248920728   -0.54080770194898   -0.96751311259360
   0.04154272869767   -0.52785041613191   -0.96291039617486
   0.04128837765604   -0.52461857972209   -0.96200111419110
   0.04053477193604   -0.51504311115344   -0.95866403475214
   0.03953169895998   -0.50229786055430   -0.95506387557132
   0.03851188816447   -0.48933993579448   -0.95137903616099
   0.03806207441915   -0.48362451025324   -0.94906777640033
   0.03749673103697   -0.47644114149308   -0.94656305779532
   0.03649368752680   -0.46369626529346   -0.94296307494134
   0.03547395785476   -0.45073937130505   -0.93927862151697
   0.03483464939496   -0.44261618712518   -0.93618963473466
   0.03445322687715   -0.43776975452300   -0.93449124449517
   0.03345569230619   -0.42509487603291   -0.93086239479270
   0.03243604357292   -0.41213901046903   -0.92717832535622
   0.03160703968998   -0.40160551740533   -0.92333564268792
   0.03141703141748   -0.39919123339329   -0.92253450124589
   0.03040803101742   -0.38637066773124   -0.91832791275791
   0.02939814395864   -0.37353883600202   -0.91507814426761
   0.02839161876900   -0.36074972087038   -0.91072258846699
   0.02832184514650   -0.35986316293770   -0.91013703311669
   0.02737950082303   -0.34788954303167   -0.90667082218350
   0.02636025765865   -0.33493883070907   -0.90297807485981
   0.02534544393096   -0.32204439971606   -0.89896197258048
   0.02508673148102   -0.31875714635922   -0.89741169967701
   0.02434152195433   -0.30928836154184   -0.89457034767194
   0.02332238332673   -0.29633897748495   -0.89087811376115
   0.02230749669733   -0.28344362018775   -0.88686170489316
   0.02180010085670   -0.27699654475450   -0.88438928032605
   0.02130355382344   -0.27068731648869   -0.88246998071198
   0.02029120070544   -0.25782415050618   -0.87842742528055
   0.01927190052099   -0.24487271367493   -0.87474499498596
   0.01857304792075   -0.23599294945587   -0.87146791521954
   0.01825629504990   -0.23196822262800   -0.86992007475098
   0.01725326918606   -0.21922357064645   -0.86632733176767
   0.01623404891916   -0.20627314926387   -0.86264527360548
   0.01534375030864   -0.19496083284228   -0.85870306356498
   0.01521631323076   -0.19334159123979   -0.85793176238715
   0.01421601139155   -0.18063155127289   -0.85501347466471
   0.01320464486993   -0.16778092118584   -0.85333063009026
   0.01219056264613   -0.15489578483090   -0.85481603072016
   0.01123162751584   -0.14271135873675   -0.85743529938554
   0.01116017657465   -0.14180348844936   -0.85768950835734
   0.01014506744434   -0.12890530401010   -0.86313092456875
   0.00913777823802   -0.11610648112603   -0.86718901423357
   0.00837719738732   -0.10644238511867   -0.87041182859528
   0.00809473932954   -0.10285341520707   -0.87208262052282
   0.00712224231336   -0.09049666901425   -0.87649442163967
   0.00611119048329   -0.07765003746251   -0.88054843699988
   0.00540966434568   -0.06873630273019   -0.88354992745642
   0.00508664804351   -0.06463199146168   -0.88494241841321
   0.00407185360076   -0.05173780550695   -0.88977472456579
   0.00306283574726   -0.03891701807798   -0.89382869943262
   0.00249491924365   -0.03170095471009   -0.89638915558558
   0.00204560936104   -0.02599193135160   -0.89864879465066
   0.00103450029970   -0.01314457260767   -0.90349732377336
   0.00003572474671   -0.00045392594584   -0.90716634675989
  -0.00047416537305    0.00602484230882   -0.90945755851609
  -0.00097941554942    0.01244465449278   -0.91196713667795
  -0.00199962527185    0.02540764809978   -0.91643120054038
  -0.00300328376126    0.03816033835146   -0.92085635256609
  -0.00332273511763    0.04221935268872   -0.92228939834988
  -0.00404186884819    0.05135681310192   -0.92549202631675
  -0.00504019763626    0.06404178307706   -0.93013517814125
  -0.00604959243186    0.07686736000958   -0.93419007029769
  -0.00629959410851    0.08004393249759   -0.93514800229767
  -0.00706630878572    0.08978596616037   -0.93900825830996
  -0.00807457947588    0.10259725997907   -0.94306935306128
  -0.00908706468709    0.11546210436503   -0.94710557876413
  -0.00916532265444    0.11645646612040   -0.94754149489484
  -0.01010615237448    0.12841084116509   -0.95271916396387
  -0.01111207539855    0.14119230505782   -0.95679145401787
  -0.01206576789634    0.15331011719007   -0.96064504923312
  -0.01213968090562    0.15424927101867   -0.96101950731784
  -0.01313904044635    0.16694733794824   -0.96565607139221
  -0.01414956125164    0.17978722219045   -0.96970655147116
  -0.01504463229022    0.19116017806001   -0.97337056011287
  -0.01517706721980    0.19284292338943   -0.97393871189745
  -0.01617829698402    0.20556475376155   -0.97936589853249
  -0.01718707683725    0.21838251711053   -0.98342813852139
  -0.01794528713258    0.22801649235596   -0.98674902264488
  -0.01820733785396    0.23134616247309   -0.98822485666616
  -0.01921222401868    0.24411445181855   -0.99230124804929
  -0.02021663178648    0.25687666255486   -0.99667708977668
  -0.02085523785973    0.26499092206738   -0.99967797173535
  -0.02123133175724    0.26976964812912   -1.00147413296455
  -0.02224996127623    0.28271256334773   -1.00601425426271
  -0.02326252828733    0.29557844709986   -1.01004746565524
  -0.02383110329162    0.30280287751221   -1.01255500660878
  -0.02427814385099    0.30848306638502   -1.01487243697799
  -0.02528984263998    0.32133791832926   -1.01971585273134
  -0.02630948447679    0.33429369626526   -1.02320183628756
  -0.02674640460754    0.33984529289994   -1.02539048664818
  -0.02731674938777    0.34709221044773   -1.02858137070265
  -0.02832543553454    0.35990878314312   -1.03263387440812
  -0.02933800772921    0.37277473275887   -1.03666715777962
  -0.02971715654205    0.37759227520018   -1.03835673629387
  -0.03035262133974    0.38566662102238   -1.04149497683151
  -0.03135475698014    0.39839996164269   -1.04588166652895
  -0.03236672934198    0.41125828965949   -1.04994118662510
  -0.03262639350237    0.41455763564414   -1.05130362921127
  -0.03339110363636    0.42427419917038   -1.05520386084802
  -0.03440094641928    0.43710546832157   -1.05925395932637
  -0.03541352585432    0.44997150993477   -1.06328732042161
  -0.03554582469470    0.45165252608708   -1.06406449522945
  -0.03642929249905    0.46287804888687   -1.06891421838912
  -0.03743872967239    0.47570416427969   -1.07296755583029
  -0.03839085266083    0.48780203390477   -1.07688617110152
  -0.03846412329651    0.48873302560295   -1.07728690029439
  -0.03945583351776    0.50133389871304   -1.08215925981402
  -0.04046748460318    0.51418814452599   -1.08624192153658
  -0.04136489849608    0.52559086918222   -1.08971840246891
  -0.04149751237943    0.52727588833498   -1.09021833726732
  -0.04250227972517    0.54004266794223   -1.09474324156112
  -0.04351603516688    0.55292365213694   -1.09957443553417
  -0.04433180605896    0.56328900410949   -1.10303473478620
  -0.04451940321780    0.56567265201764   -1.10391071748237
  -0.04553078416833    0.57852346544142   -1.10880143008406
  -0.04655056524735    0.59148101261750   -1.11251294895534
  -0.04718854241877    0.59958728117455   -1.11565204862967
  -0.04756528271145    0.60437422046572   -1.11733079118062
  -0.04857897233749    0.61725436839316   -1.12216160182366
  -0.04958997638325    0.63010039278761   -1.12620981643376
  -0.05016008483351    0.63734430747841   -1.12862470243620
  -0.05060738525333    0.64302779819131   -1.13101356907670
  -0.05161676488682    0.65585318247098   -1.13587545234586
  -0.05263570518376    0.66880004649776   -1.13947018087724
  -0.05307670550302    0.67440348684302   -1.14136298751155
  -0.05365681336740    0.68177445613690   -1.14429078687836
  -0.05465455880193    0.69445201390264   -1.14878268653360
  -0.05566571443458    0.70729996439124   -1.15283181571413
  -0.05592334141421    0.71057342553992   -1.15440623087484
  -0.05669430728348    0.72036947571953   -1.15882199626549
  -0.05769540574677    0.73308963775518   -1.16489322056306
  -0.05807513905913    0.73791460696715   -1.16731332780102
  -0.05871096677463    0.74599356409718   -1.17213880643680
  -0.05973690019893    0.75902928423204   -1.17900142000366
  -0.05986119738844    0.76060862977013   -1.18005677027927
  -0.06073524956479    0.77171451567286   -1.18666332065113
  -0.06163536880781    0.78315161506170   -1.19272215976682
  -0.06176193172689    0.78475974942354   -1.19352929378421
  -0.06276087696847    0.79745255218325   -1.20118207480178
  -0.06345671727082    0.80629404152866   -1.20600604423876
  -0.06377494329713    0.81033748657126   -1.20843602847772
  -0.06478533016866    0.82317566902372   -1.21570741541439
  -0.06522970831384    0.82882202871664   -1.21890101852016
  -0.06581506969490    0.83625975026901   -1.22339735928805
  -0.06682459302727    0.84908696041602   -1.22984905128277
  -0.06707083206939    0.85221572409923   -1.23173694472050
  -0.06782612627420    0.86181264690167   -1.23828094676761
  -0.06877771690399    0.87390375226882   -1.24459840547339
  -0.06884970980152    0.87481850876428   -1.24518386487880
  -0.06986676137848    0.88774137432843   -1.25245692523213
  -0.07061542119160    0.89725399919171   -1.25747361620277
  -0.07088836377507    0.90072206353845   -1.25978488106689
  -0.07187395122231    0.91324513942857   -1.26653156188919
  -0.07238382723290    0.91972372840909   -1.27050063831156
  -0.07289997246077    0.92628197534799   -1.27423978822010
  -0.07389930935823    0.93897975456761   -1.28105305838998
  -0.07421789596627    0.94302778123555   -1.28342852010290
  -0.07491397979575    0.95187236488642   -1.28910665014633
  -0.07592353354132    0.96469996146979   -1.29558585930013
  -0.07599479684513    0.96560544759823   -1.29627408717848
  -0.07693837173101    0.97759470328212   -1.30363437158291
  -0.07776056346498    0.98804163978637   -1.30927392968262
  -0.07795752122125    0.99054422536188   -1.31086803109997
  -0.07897553596369    1.00347932910372   -1.31782380155601
  -0.07954315611855    1.01069162700384   -1.32196904752872
  -0.07998815079518    1.01634582047159   -1.32508781846165
  -0.08100294735972    1.02924003338614   -1.33235310697398
  -0.08137262498707    1.03393723300566   -1.33502404201978
  -0.08200201428236    1.04193438225043   -1.33993717621057
  -0.08302603300628    1.05494577381021   -1.34687989353044
  -0.08315101180378    1.05653377999887   -1.34786017216538
  -0.08402674387273    1.06766101096096   -1.35446590923768
  -0.08498117857601    1.07978825370821   -1.36077517372597
  -0.08505132012527    1.08067948659364   -1.36140796329086
  -0.08605316799644    1.09340917075916   -1.36897840232855
  -0.08669261174462    1.10153407394089   -1.37364519177606
  -0.08706627484691    1.10628191382087   -1.37623590247315
  -0.08807737282680    1.11912913176170   -1.38351458362414
  -0.08852184333445    1.12477666503116   -1.38670896530765
  -0.08910419867036    1.13217619115836   -1.39127102776242
  -0.09011466597760    1.14501539564337   -1.39772795911652
  -0.09036251880427    1.14816466440348   -1.39953962566958
  -0.09113031441654    1.15792043264849   -1.40579950045136
  -0.09208674248409    1.17007300349028   -1.41200196801888
  -0.09216875893143    1.17111512126185   -1.41260756824591
  -0.09314196269937    1.18348084758735   -1.41981148612156
  -0.09390287791697    1.19314919212907   -1.42542434061758
  -0.09415317580226    1.19632952830451   -1.42709709874133
  -0.09516678923280    1.20920870807632   -1.43434486064048
  -0.09573747305312    1.21645993353690   -1.43835450678455
  -0.09619407860139    1.22226165711695   -1.44210923910595
  -0.09719239033136    1.23494641034849   -1.44886818043258
  -0.09751095990632    1.23899422059065   -1.45124342533681
  -0.09821858028629    1.24798539001402   -1.45663017915754
  -0.09921801635580    1.26068442933398   -1.46339167582983
  -0.09928693104456    1.26156007347864   -1.46405181024678
  -0.10023218079511    1.27357061033595   -1.47143955711889
  -0.10111059434631    1.28473191276057   -1.47726170146668
  -0.10123621214454    1.28632803822334   -1.47808878018701
  -0.10226851735737    1.29944471960780   -1.48567652277811
  -0.10289207369336    1.30736775407742   -1.48996375348422
  -0.10328137744630    1.31231432726688   -1.49293861582050
  -0.10429574977924    1.32520314980792   -1.50020178724565
  -0.10461190046472    1.32922022514510   -1.50266136928437
  -0.10529577157856    1.33790963153070   -1.50775635938601
  -0.10630730470900    1.35076237858346   -1.51424086917416
  -0.10650102703476    1.35322385411657   -1.51577125852640
  -0.10732160011996    1.36365022373805   -1.52227789039605
  -0.10827612808381    1.37577865147312   -1.52860415466589
  -0.10834577945921    1.37666365610921   -1.52924977121145
  -0.10934693886096    1.38938459244128   -1.53680998897920
  -0.11004372032127    1.39823804033245   -1.54164227445840
  -0.11036052470233    1.40226342165950   -1.54405768371533
  -0.11137235470926    1.41511994088576   -1.55134343384383
  -0.11181693375952    1.42076885331971   -1.55453864793863
  -0.11239900554361    1.42816477657956   -1.55910654255863
  -0.11341035771375    1.44101522431374   -1.56556210946309
  -0.11366121653491    1.44420268785520   -1.56726273791411
  -0.11441206157029    1.45374307859992   -1.57310629764858
  -0.11536833841633    1.46589372799019   -1.58022093556499
  -0.11543757787827    1.46677349876941   -1.58089386195191
  -0.11643702606509    1.47947269205430   -1.58765353636026
  -0.11720435046219    1.48922247294299   -1.59312391038544
  -0.11745441188536    1.49239980458237   -1.59483833548503
  -0.11846284997741    1.50521322544367   -1.60218114425828
  -0.11897769664146    1.51175497256482   -1.60602275808150
  -0.11949008237382    1.51826545058417   -1.60994462151734
  -0.12048877527936    1.53095504711048   -1.61670666187895
  -0.12080734265744    1.53500282943865   -1.61908178721752
  -0.12150170593912    1.54382555145702   -1.62397138210361
  -0.12251473260913    1.55669727572927   -1.63123238815754
  -0.12264102662135    1.55830199330557   -1.63205708001910
  -0.12354166147273    1.56974564411964   -1.63899577852458
  -0.12436951007061    1.58026445789487   -1.64448527354930
  -0.12458097634244    1.58295139163959   -1.64601623404324
  -0.12555395124783    1.59531420999063   -1.65301116704290
  -0.12618928604524    1.60338690400252   -1.65780751903597
  -0.12656814073334    1.60820070923481   -1.66104503087142
  -0.12757952752178    1.62105159683622   -1.66756596251186
  -0.12796358341059    1.62593148958951   -1.67068613681792
  -0.12859317244933    1.63393117681546   -1.67560069093067
  -0.12961833339519    1.64695708168104   -1.68257704765111
  -0.12974385838608    1.64855202791475   -1.68344037772325
  -0.13061930208719    1.65967559481612   -1.69012398489760
  -0.13157481211679    1.67181650087965   -1.69645829430626
  -0.13164447680019    1.67270167460977   -1.69710400619604
  -0.13264543131645    1.68542000762502   -1.70464873885033
  -0.13334772272187    1.69434346600678   -1.70937130664316
  -0.13367065550905    1.69844671611668   -1.71163118744977
  -0.13468474465042    1.71133194036768   -1.71889194418073
  -0.13512575195971    1.71693546952969   -1.72217835729172
  -0.13568476260218    1.72403837320252   -1.72643244982597
  -0.13670999116146    1.73706513717818   -1.73342238322767
  -0.13696044975538    1.74024751535047   -1.73511990227860
  -0.13771093242367    1.74978330178467   -1.74095938113206
  -0.13872356141796    1.76264997310790   -1.74746576140939
  -0.13879220614872    1.76352218711102   -1.74812988019265
  -0.13973692185407    1.77552593828065   -1.75550106671519
  -0.14050450200405    1.78527896881775   -1.76098736667878
  -0.14075277759214    1.78843360927096   -1.76267669530435
  -0.14176307299039    1.80127062944516   -1.77004479196210
  -0.14228233894581    1.80786852898732   -1.77377777353601
  -0.14279219159567    1.81434682114165   -1.77780444878789
  -0.14378940439209    1.82701761109857   -1.78457289384023
  -0.14410798458720    1.83106555628253   -1.78694800221053
  -0.14481605738281    1.84006247419166   -1.79233811100642
  -0.14581577493515    1.85276509008997   -1.79910123847053
  -0.14594248237910    1.85437506081437   -1.79992893019458
  -0.14682919865853    1.86564185940373   -1.80714062495100
  -0.14772607236932    1.87703772039560   -1.81256878247567
  -0.14785417843096    1.87866546224269   -1.81333365981825
  -0.14886941718040    1.89156529364913   -1.82139269657064
  -0.14943570919623    1.89876071594275   -1.82550464101906
  -0.14988146339141    1.90442456000875   -1.82866406346773
  -0.15089544096631    1.91730836667337   -1.83592387507373
  -0.15127083601593    1.92207821303077   -1.83844864994128
  -0.15190879264481    1.93018422057007   -1.84318784054586
  -0.15290838895526    1.94288529594417   -1.84995239984526
  -0.15310115295939    1.94533459484646   -1.85149507861272
  -0.15393504241109    1.95593016494703   -1.85771910559537
  -0.15487924328722    1.96792737459123   -1.86430946976508
  -0.15494850858535    1.96880747365036   -1.86498257807627
  -0.15594821613491    1.98150996245144   -1.87254124413504
  -0.15664599496121    1.99037608307892   -1.87738129341464
  -0.15696153269892    1.99438537017628   -1.87978460517069
  -0.15798781378367    2.00742550775601   -1.88678289852070
  -0.15842932081331    2.01303538646699   -1.89006257531419
  -0.15900115550277    2.02030123510662   -1.89404804354487
  -0.16001508288019    2.03318440395170   -1.90130741911336
  -0.16026459504959    2.03635475666021   -1.90300804294724
  -0.16101476512127    2.04588657117801   -1.90884403900527
  -0.16202854152048    2.05876782166296   -1.91535944146531
  -0.16209628752468    2.05962861626244   -1.91601604585763
  -0.16304148146340    2.07163844396326   -1.92339119764735
  -0.16380969960600    2.08139958096509   -1.92888232075090
  -0.16405625346504    2.08453234477654   -1.93054863137850
  -0.16506840020724    2.09739288850604   -1.93794032134077
  -0.16563973036142    2.10465232641705   -1.94195457957407
  -0.16609566880465    2.11044557362377   -1.94570311908902
  -0.16709521926332    2.12314606639575   -1.95247140602244
  -0.16741382730022    2.12719436534314   -1.95484660318052
  -0.16812216376665    2.13619463350777   -1.96023849149977
  -0.16912208449401    2.14889983098952   -1.96700276861145
  -0.16919220807848    2.14979083561062   -1.96767174945409
  -0.17013542869935    2.16177558993085   -1.97426098804899
  -0.17101691332408    2.17297591404448   -1.98082428496891
  -0.17114236102721    2.17456987824404   -1.98165772934426
  -0.17216294859596    2.18753767284380   -1.98882373732698
  -0.17280421082501    2.19568568201564   -1.99346079016705
  -0.17319020101333    2.20059015237464   -1.99655690206580
  -0.17420302377604    2.21345928575908   -2.00383316919561
  -0.17457855241833    2.21823082957234   -2.00635879733840
  -0.17520249365929    2.22615875472324   -2.01135169944819
  -0.17621702581095    2.23904960795369   -2.01788857945416
  -0.17640909857124    2.24149012377023   -2.01940614905015
  -0.17722965524221    2.25191628482924   -2.02591092148264
  -0.17818714636016    2.26408236300696   -2.03225996537918
  -0.17825684644222    2.26496798651977   -2.03290591449096
  -0.17925690982552    2.27767499661711   -2.04045688885738
  -0.18001791032640    2.28734442478560   -2.04533971406769
  -0.18028400778763    2.29072551360780   -2.04743906806961
  -0.18129785143279    2.30360761853363   -2.05469773347868
  -0.18173867083454    2.30920876010398   -2.05798216491032
  -0.18229730810826    2.31630691967708   -2.06223172109818
  -0.18331152498296    2.32919376693386   -2.06953754851104
  -0.18356557212278    2.33242174190512   -2.07117696864300
  -0.18432485086893    2.34206929310548   -2.07678988534326
  -0.18529513570918    2.35439793093819   -2.08361176636517
  -0.18536737677660    2.35531584073111   -2.08428030456524
  -0.18635200927538    2.36782678285055   -2.09131770207788
  -0.18711455019008    2.37751578383237   -2.09694335255243
  -0.18736680041412    2.38072092682376   -2.09863015336716
  -0.18837976387245    2.39359184791555   -2.10587239096436
  -0.18889527644394    2.40014205619300   -2.10971854317266
  -0.18940712532519    2.40664571287223   -2.11363542416579
  -0.19040715068513    2.41935223983692   -2.12040686933843
  -0.19072580140913    2.42340108117545   -2.12278226168426
  -0.19143442578614    2.43240500759071   -2.12817600555096
  -0.19243459052372    2.44511330551628   -2.13494166185540
  -0.19250508935851    2.44600907814489   -2.13561305650091
  -0.19346194084267    2.45816702900468   -2.14270706636946
  -0.19433215195510    2.46922410956287   -2.14871439792010
  -0.19445787602806    2.47082158537417   -2.14954294280438
  -0.19548939566174    2.48392828502910   -2.15725462167699
  -0.19611154791043    2.49183347887812   -2.16153086739532
  -0.19650319148068    2.49680978226522   -2.16452247291861
  -0.19750356221443    2.50952069762042   -2.17127695241016
  -0.19788655284728    2.51438705501337   -2.17441212758544
  -0.19851663476233    2.52239300482653   -2.17932977413958
  -0.19953255186170    2.53530145548620   -2.18582652292621
  -0.19972353535579    2.53772813086326   -2.18735623998119
  -0.20054416787236    2.54815525563194   -2.19386106934803
  -0.20144564890893    2.55960965824848   -2.20005531529908
  -0.20157237692989    2.56121989042855   -2.20086294416529
  -0.20257257538446    2.57392861676909   -2.20840430974795
  -0.20327696213449    2.58287869902846   -2.21313830877186
  -0.20360014874961    2.58698517432812   -2.21539970776840
  -0.20460010967285    2.59969088254706   -2.22293005327038
  -0.20505131297055    2.60542396402531   -2.22606002526374
  -0.20561348350068    2.61256701787770   -2.23018480880619
  -0.20662916934756    2.62547253019588   -2.23748076557739
  -0.20688392059867    2.62870945174923   -2.23911291057197
  -0.20764252335949    2.63834841374167   -2.24473689115526
  -0.20860040232854    2.65051942003491   -2.25186644974585
  -0.20866971604758    2.65140013434006   -2.25253988009678
  -0.20966995583136    2.66410938581804   -2.26006568657984
  -0.21023768432846    2.67132306033673   -2.26492888221156
  -0.21068225162840    2.67697182346874   -2.26969714743880
  -0.21145176458091    2.68674941259046   -2.27764773530307
  -0.21169653115524    2.68985946679653   -2.28013911833129
  -0.21270490803376    2.70267210986612   -2.28998189197772
  -0.21276913318899    2.70348816783770   -2.29077637746883
  -0.21372502505355    2.71563392557448   -2.30120031126967
  -0.21392423170719    2.71816508610041   -2.30347922889902
  -0.21475447644004    2.72871434565718   -2.31226159155319
  -0.21513095481780    2.73349795700379   -2.31634902028383
  -0.21575305430241    2.74140248042151   -2.32298111203233
  -0.21633356800110    2.74877860632920   -2.32930875738310
  -0.21678294121276    2.75448843435950   -2.33406899193241
  -0.21753919808107    2.76409758896134   -2.34220352453893
  -0.21779794120986    2.76738523212987   -2.34461650056623
  -0.21874616865920    2.77943360423765   -2.35508493859311
  -0.21881152994203    2.78026409807903   -2.35586395586443
  -0.21981067529010    2.79295944343285   -2.36578206929974
  -0.22000975824480    2.79548903221469   -2.36808746242949
  -0.22084007219675    2.80603917128346   -2.37687038701731
  -0.22121652900399    2.81082250855066   -2.38095769324482
  -0.22185443683661    2.81892789607473   -2.38816922693982
  -0.22241933887908    2.82610565708221   -2.39391891324702
  -0.22286878318040    2.83181638839233   -2.39867966566688
  -0.22362505905472    2.84142578448841   -2.40681442106452
  -0.22388323943033    2.84470627719984   -2.40995943881363
  -0.22484563704842    2.85693469837281   -2.41949332937122
  -0.22491341241124    2.85779586600895   -2.42025733913682
  -0.22589753351927    2.87030031029273   -2.43038384239868
  -0.22609595993446    2.87282155694918   -2.43270091084809
  -0.22692634581353    2.88337260993864   -2.44148442615564
  -0.22730278262013    2.88815569307362   -2.44557164036033
  -0.22794076404352    2.89626201565713   -2.45278375755412
  -0.22850579248205    2.90344138267883   -2.45853435529350
  -0.22894013978984    2.90896028849817   -2.46345870117060
  -0.22964792594375    2.91795356427922   -2.47143800661223
  -0.22996973020872    2.92204247515493   -2.47538229877717
  -0.23066727308915    2.93090559780589   -2.48426694737176
  -0.23098434136439    2.93493433222639   -2.48830545652097
  -0.23162120967516    2.94302651137309   -2.49714846068110
  -0.23199902620455    2.94782712554824   -2.50203634018861
  -0.23263318379572    2.95588486173656   -2.51011353955113
  -0.23302956515334    2.96092136442006   -2.51556563530798
  -0.23360031952326    2.96817348629840   -2.52283522576121
  -0.23402860536553    2.97361537389584   -2.52866125965972
  -0.23459918050119    2.98086521838698   -2.53596090398493
  -0.23504311517357    2.98650594322374   -2.54161516312350
  -0.23555367222872    2.99299318569595   -2.54883514549617
  -0.23605789296032    2.99939991754390   -2.55534688915504
  -0.23656526392618    3.00584667691325   -2.56180904876162
  -0.23705787943582    3.01210595043498   -2.56841112383697
  -0.23751665397178    3.01793523361663   -2.57473331175462
  -0.23808746529785    3.02518807919133   -2.58200341447987
  -0.23848389596063    3.03022520835634   -2.58745595630789
  -0.23911796659551    3.03828183966040   -2.59554095444690
  -0.23948672126791    3.04296731202527   -2.60052138288904
  -0.24011713130306    3.05097743099967   -2.60866078558364
  -0.24045015316854    3.05520887500401   -2.61330567364911
  -0.24114760407613    3.06407082902934   -2.62219935269806
  -0.24145353145182    3.06795800489918   -2.62636351191220
  -0.24216277935881    3.07696985401412   -2.63592480793949
  -0.24241649916812    3.08019366985683   -2.63915619561184
  -0.24317772438840    3.08986595335603   -2.64965806327967
  -0.24336801857884    3.09228387029987   -2.65208164341914
  -0.24417665026972    3.10255851012034   -2.66277172699455
  -0.24436710365224    3.10497844979144   -2.66520935422665
  -0.24519174016322    3.11545645013288   -2.67571179328755
  -0.24538204314044    3.11787447872327   -2.67813545287802
  -0.24620658071564    3.12835122196646   -2.68943274590506
  -0.24633362919483    3.12996552595451   -2.69106151384171
  -0.24722174037007    3.14125004837559   -2.70237220406883
  -0.24734861490495    3.14286214219154   -2.70398803054429
  -0.24823661186052    3.15414521331405   -2.71609448568026
  -0.24830024549295    3.15495375527585   -2.71691450266110
  -0.24925183751172    3.16704487829165   -2.72903350113612
  -0.24930768852822    3.16775453274206   -2.72984248926294
  -0.25023429533020    3.17952818847788   -2.74236114784215
  -0.25029867637048    3.18034622715687   -2.74317234489674
  -0.25123543028295    3.19224881415618   -2.75548271569513
  -0.25129792496018    3.19304288431999   -2.75630155267551
  -0.25218819862790    3.20435488381320   -2.76839724949643
  -0.25231309079568    3.20594178926691   -2.77003684732196
  -0.25320132687583    3.21722789875544   -2.78134867348486
  -0.25332821913990    3.21884021784209   -2.78296466379571
  -0.25414132239840    3.22917167431626   -2.79440718646090
  -0.25432760375067    3.23153860331678   -2.79690226679894
  -0.25510487945698    3.24141482757753   -2.80720433060039
  -0.25535837781887    3.24463582966400   -2.81043943298956
  -0.25610623087666    3.25413820372892   -2.82029684066827
  -0.25635804707595    3.25733783191291   -2.82356676512449
  -0.25705820625032    3.26623419773037   -2.83322241891247
  -0.25738923480834    3.27044031436208   -2.83790914010830
  -0.25802376467815    3.27850278079919   -2.84598971277630
  -0.25840448703378    3.28334031699747   -2.85083810070535
  -0.25903903224749    3.29140297839714   -2.85891881377694
  -0.25940305127251    3.29602827865690   -2.86392198345052
  -0.25999093430533    3.30349804083290   -2.87184782728541
  -0.26043513186497    3.30914210596900   -2.87750447798772
  -0.26100625017104    3.31639885209451   -2.88477737555744
  -0.26145052573752    3.32204390840148   -2.89124191592318
  -0.26195819872247    3.32849450528727   -2.89770682883432
  -0.26246587775131    3.33494517896801   -2.90417180120082
  -0.26297356314967    3.34139593358110   -2.91063682860629
  -0.26348132292781    3.34784763327889   -2.91790972516438
  -0.26392555844399    3.35349218069863   -2.92356672579317
  -0.26449672525356    3.36074954311945   -2.93084007953890
  -0.26494097168893    3.36639422928063   -2.93649718130363
  -0.26551222200935    3.37365265280751   -2.94457849422838
  -0.26589301396678    3.37849107338044   -2.94942752655204
  -0.26654272069878    3.38674638013579   -2.95814268352527
  -0.26685022232629    3.39065355877158   -2.96229497850539
  -0.26752673430107    3.39924945842959   -2.97143011238312
  -0.26779716787633    3.40268564280439   -2.97528888750356
  -0.26855776339795    3.41234992522356   -2.98499178991764
  -0.26875606063780    3.41486953055175   -2.98813876210907
  -0.26958843831913    3.42544589178850   -3.00019043464233
  -0.26964804600548    3.42620327925509   -3.00103805670055
  -0.27029546318170    3.43442949444584   -3.01388230931380
  -0.27059957371572    3.43829358515352   -3.01965078114761
  -0.27091339382943    3.44228104776873   -3.02694939800993
  -0.27154823104369    3.45034741938724   -3.03988059227339
  -0.27160203905859    3.45103111504094   -3.04075062190904
  -0.27211852574305    3.45759370059724   -3.05282029459219
  -0.27262079293360    3.46397561035267   -3.06257405101984
  -0.27276585386629    3.46581878426255   -3.06564267657423
  -0.27338877101805    3.47373369712661   -3.07868059997819
  -0.27364826631821    3.47703089753846   -3.08429972450117
  -0.27400097834313    3.48151252873997   -3.09176792635549
  -0.27459717020056    3.48908786454251   -3.10453177458934
  -0.27465080204162    3.48976932169542   -3.10540070322036
  -0.27522698292496    3.49709039396427   -3.11750529906742
  -0.27566876445909    3.50270376058554   -3.12641815767169
  -0.27586218873379    3.50516144902082   -3.13043639736568
  -0.27643782813356    3.51247564108850   -3.14333399827154
  -0.27668508844014    3.51561738116700   -3.14823915783392
  -0.27702935445836    3.51999169567822   -3.15611274372566
  -0.27766106806920    3.52801837815220   -3.16907214797227
  -0.27771689285199    3.52872769927168   -3.16993774146264
  -0.27828012150962    3.53588419790878   -3.18212836943698
  -0.27873248132988    3.54163197439942   -3.19176998344764
  -0.27891162178132    3.54390816965205   -3.19509402364564
  -0.27948725334275    3.55122226212410   -3.20799211879596
  -0.27976131717566    3.55470457329584   -3.21350525767080
  -0.28008245075464    3.55878496229799   -3.22075462270907
  -0.28071070819502    3.56676772996250   -3.23373254061565
  -0.28076660319409    3.56747794326451   -3.23459849004552
  -0.28129041512379    3.57413360488645   -3.24661623508634
  -0.28178226409246    3.58038313858163   -3.25643212307424
  -0.28196142513685    3.58265959549238   -3.25975642374146
  -0.28253704950606    3.58997359657875   -3.27265504961687
  -0.28281115686635    3.59345646081831   -3.27816866505091
  -0.28313233097526    3.59753736480205   -3.28541856616180
  -0.28376061810609    3.60552050971949   -3.29839565110718
  -0.28381668521931    3.60623290993903   -3.29926405431030
  -0.28437979037306    3.61338783931054   -3.31145523427718
  -0.28483241953549    3.61913903811794   -3.32109912017703
  -0.28497095704925    3.62089932413149   -3.32424159515990
  -0.28558721917791    3.62872967690936   -3.33732287925483
  -0.28584764849121    3.63203874508348   -3.34212836770577
  -0.28622212887367    3.63679696949260   -3.35026201380399
  -0.28681094812704    3.64427862747854   -3.36306375583441
  -0.28686714115707    3.64499262762291   -3.36393452287900
  -0.28739082481776    3.65164665943265   -3.37595284223022
  -0.28788294985524    3.65789970091460   -3.38577106352668
  -0.28806215244678    3.66017668573196   -3.38909589911934
  -0.28863776459430    3.66749053152699   -3.40199569668620
  -0.28889823503069    3.67080012221954   -3.40680163021378
  -0.28927276245000    3.67555894428857   -3.41493591022301
  -0.28986177380288    3.68304304313012   -3.42773914161635
  -0.28991797290488    3.68375712042614   -3.42860998485423
  -0.29048095847917    3.69091053039656   -3.44080190847131
  -0.29093385691501    3.69666515064705   -3.45044804236340
  -0.29111308042334    3.69894240123741   -3.45377315244236
  -0.29168868766026    3.70625618463742   -3.46667359134378
  -0.29195065105964    3.70958474522327   -3.47227957105881
  -0.29228091373926    3.71378113044731   -3.47945887816403
  -0.29291297682252    3.72181225338935   -3.49241960913169
  -0.29296918201555    3.72252640807920   -3.49329052982045
  -0.29353210962753    3.72967908156874   -3.50548289748720
  -0.29398514223237    3.73543540659797   -3.51513014639798
  -0.29416438672683    3.73771292384233   -3.51845553566516
  -0.29473998993716    3.74502665607958   -3.53135665311743
  -0.29500054277697    3.74833729380686   -3.53616348885476
  -0.29537516485024    3.75309731856854   -3.54429907036489
  -0.29596455838729    3.76058627352052   -3.55710524844791
  -0.29602076968434    3.76130050576926   -3.55797624784527
  -0.29658364075427    3.76845246082386   -3.57016910784900
  -0.29703680696629    3.77421048349336   -3.57981746581277
  -0.29721607249569    3.77648826801201   -3.58314313898435
  -0.29781117103494    3.78404971188990   -3.59589925862509
  -0.29805226665394    3.78711312218592   -3.60085226526612
  -0.29842693625459    3.79187375084015   -3.60898851447037
  -0.29900268513712    3.79918933401829   -3.62190184257281
  -0.29907902889884    3.80015937348498   -3.62424405963543
  -0.29937022706410    3.80385939699160   -3.63486319057966
  -0.29945435161735    3.80492830078847   -3.64770222712991
  -0.29946097109108    3.80501240917695   -3.66063033046250
  -0.29943595205296    3.80469451215632   -3.67354160745029
  -0.29937368233786    3.80390330040736   -3.68647358296949
  -0.29931141823883    3.80311216001737   -3.69940568715678
  -0.29924915976522    3.80232109110520   -3.71233792035557
  -0.29924521723588    3.80227099652024   -3.72529402484360
  -0.29918811336876    3.80154542309338   -3.73820331840989
  -0.29912587196780    3.80075457110964   -3.75113594486503
  -0.29906392566008    3.79996746864115   -3.76325905825552
  -0.29903003823146    3.79953688803514   -3.76409163269171
  -0.29899725848245    3.79912038183293   -3.77702624957856
  -0.29893918178060    3.79838244736888   -3.78993460798460
  -0.29884512261392    3.79718731233978   -3.80289208316129
  -0.29878290961672    3.79639682126005   -3.81582535842379
  -0.29869454056931    3.79527398605136   -3.82871642343512
  -0.29862688648889    3.79441435945425   -3.84166742340675
  -0.29837179922245    3.79117316842125   -3.85448181969797
  -0.29806763420459    3.78730838543076   -3.86255278187718
  -0.29781183542791    3.78405815380306   -3.86729802859818
  -0.29706377889890    3.77455319439113   -3.87870533416357
  -0.29694077306373    3.77299025706576   -3.88033550044655
  -0.29605195141692    3.76169670724745   -3.89243856050305
  -0.29599022456723    3.76091239325760   -3.89325339817766
  -0.29505387908993    3.74901499591921   -3.90554406763477
  -0.29499172042027    3.74822519513635   -3.90636583508332
  -0.29408657807356    3.73672427116368   -3.91906987568284
  -0.29402433385342    3.73593338335900   -3.91989068612610
  -0.29307520219545    3.72387352219124   -3.93200641465153
  -0.29301182977183    3.72306829920201   -3.93281373614035
  -0.29211260780789    3.71164260082496   -3.94476990913614
  -0.29198591677829    3.71003283866460   -3.94638521911656
  -0.29109908935119    3.69876462781024   -3.95769244519102
  -0.29097240102247    3.69715489996790   -3.95930776875483
  -0.29015281725495    3.68674110081929   -3.97070178325890
  -0.28997019282950    3.68442063747964   -3.97318159603446
  -0.28914639326755    3.67395327158399   -3.98367684819822
  -0.28895628670367    3.67153773866168   -3.98609882816582
  -0.28814561393553    3.66123716449556   -3.99676525495196
  -0.28795825546824    3.65885654945119   -3.99921858193157
  -0.28713447916765    3.64838947911902   -4.00971386206505
  -0.28694437806295    3.64597401556219   -4.01213584886778
  -0.28616820420313    3.63611179158844   -4.02242947301259
  -0.28591473953969    3.63289121768142   -4.02565879524048
  -0.28516719174094    3.62339272230035   -4.03551678657217
  -0.28490097612427    3.62001013217102   -4.03938426858577
  -0.28420396353044    3.61115374745008   -4.04826493363139
  -0.28388714153541    3.60712814231636   -4.05230159968525
  -0.28320268208630    3.59843126042228   -4.06135058670335
  -0.28287340680674    3.59424742130571   -4.06602712070571
  -0.28223977636046    3.58619638312818   -4.07410047763052
  -0.28185960044349    3.58136579009146   -4.07894449260837
  -0.28123817292149    3.57346980476822   -4.08718420644084
  -0.28086166898119    3.56868586861875   -4.09206437391551
  -0.28027564224276    3.56123969289943   -4.09993610562384
  -0.27983211576570    3.55560415467593   -4.10558747469302
  -0.27932192036223    3.54912150742404   -4.11284232912268
  -0.27881843766316    3.54272415316855   -4.11931309208078
  -0.27831171043629    3.53628557327852   -4.12577372965602
  -0.27780501304914    3.52984737253811   -4.13223470919423
  -0.27735832302764    3.52417163767128   -4.13868823680617
  -0.27679173668278    3.51697247557280   -4.14596514733679
  -0.27634839198046    3.51133924701642   -4.15161860364621
  -0.27577838383384    3.50409660680421   -4.15888737190279
  -0.27533504924628    3.49846350676795   -4.16454089006634
  -0.27477574398805    3.49135685964694   -4.17196946203817
  -0.27438516294882    3.48639405699642   -4.17746404585001
  -0.27375184888494    3.47834703883843   -4.18554062907813
  -0.27337970015554    3.47361844089037   -4.19051514378324
  -0.27273866707919    3.46547334337963   -4.19927167005794
  -0.27242202031852    3.46144996480948   -4.20331002486780
  -0.27172540495575    3.45259862738775   -4.21219444725797
  -0.27140876494587    3.44857533459452   -4.21623284144798
  -0.27072188723862    3.43984772581755   -4.22526284881000
  -0.27040817158033    3.43586159043439   -4.22931713823584
  -0.26969904903215    3.42685133415418   -4.23884879619968
  -0.26944574750395    3.42363283307684   -4.24207957311635
  -0.26869493929062    3.41409291020070   -4.25190878569269
  -0.26844434693481    3.41090883242245   -4.25515327767090
  -0.26767277830300    3.40110512341866   -4.26550364850335
  -0.26748280976228    3.39869134424676   -4.26792677512667
  -0.26665813434823    3.38821284959502   -4.27924620800720
  -0.26653308366269    3.38662392998213   -4.28085091113689
  -0.26564659013461    3.37535996171709   -4.29215897928740
  -0.26551994933981    3.37375083785043   -4.29377442505217
  -0.26463347290400    3.36248708676317   -4.30508258645337
  -0.26456599602060    3.36162971166768   -4.30664434848799
  -0.26361901515555    3.34959717891514   -4.31882532027304
  -0.26355716399105    3.34881128535590   -4.31962250242010
  -0.26260740351229    3.33674343426243   -4.33173858595552
  -0.26254408663200    3.33593891701824   -4.33254632876231
  -0.26165236756698    3.32460855201095   -4.34543272758964
  -0.26158929386153    3.32380712459598   -4.34624335580448
  -0.26064091491634    3.31175682755097   -4.35834572896183
  -0.26057760555058    3.31095240578789   -4.35915354886929
  -0.25957112545992    3.29816386369305   -4.36968391910793
  -0.25944398723129    3.29654841933031   -4.37126320938134
  -0.25856339887412    3.28535948337580   -4.37854535457154
  -0.25774183196722    3.27492048605226   -4.38413550655807
  -0.25755018077349    3.27248532674681   -4.38570879951132
  -0.25654352505381    3.25969455307372   -4.39065324399297
  -0.25553040440791    3.24682163472438   -4.39549423873288
  -0.25527431446881    3.24356770352730   -4.39704933847664
  -0.25452265224343    3.23401692939917   -4.40059648163456
  -0.25351367892457    3.22119670783650   -4.40474478710633
  -0.25249061787359    3.20819748466510   -4.40921018490754
  -0.25235704419998    3.20650027022079   -4.40999644340472
  -0.25148327082315    3.19539792680182   -4.41435073233880
  -0.25047138250111    3.18254066661178   -4.41843828099865
  -0.24957475993316    3.17114799669242   -4.42296315244208
  -0.24944634481022    3.16951632784908   -4.42371200951261
  -0.24844136545935    3.15674685446129   -4.42805466407722
  -0.24742918059245    3.14388582631163   -4.43213197848835
  -0.24672176906784    3.13489731064717   -4.43573733721123
  -0.24640393138464    3.13085879997155   -4.43730906915533
  -0.24539861962940    3.11808510298577   -4.44173827130838
  -0.24437887917340    3.10512807197416   -4.44629385928088
  -0.24386958651031    3.09865689512628   -4.44875083832388
  -0.24336740863970    3.09227612028830   -4.45114499510019
  -0.24235726126622    3.07944098094721   -4.45544907841494
  -0.24133713868268    3.06647909454478   -4.45999940156391
  -0.24101695178257    3.06241073423806   -4.46160267789816
  -0.24032247179099    3.05358652927986   -4.46483447107122
  -0.23931520362863    3.04078797378470   -4.46914332826605
  -0.23830123899672    3.02790433157647   -4.47397751211086
  -0.23817192239875    3.02626120840689   -4.47469516704800
  -0.23728639190017    3.01500947659177   -4.47879503060995
  -0.23626785715030    3.00206776552896   -4.48338198992897
  -0.23537931107905    2.99077771723015   -4.48744158227098
  -0.23525159826734    2.98915497209718   -4.48821386310612
  -0.23424501960659    2.97636517755059   -4.49249983184739
  -0.23323350378392    2.96351265041389   -4.49657755289008
  -0.23252761852755    2.95454352782625   -4.50036074575307
  -0.23221081903624    2.95051820862933   -4.50197366745396
  -0.23119882806080    2.93765964410420   -4.50676581857068
  -0.23018965697396    2.92483690966102   -4.51103556324248
  -0.22968222779535    2.91838941062849   -4.51342812118803
  -0.22917478406824    2.91194172673968   -4.51585333875696
  -0.22816411678715    2.89909998134596   -4.51994140591020
  -0.22714794090756    2.88618824257203   -4.52473072592896
  -0.22682982480719    2.88214619427084   -4.52629819192351
  -0.22613408813605    2.87330602168489   -4.52956521141476
  -0.22512254999384    2.86045321095141   -4.53363679092256
  -0.22416233732800    2.84825255222898   -4.53898011097046
  -0.22409773861049    2.84743174769872   -4.53974302747881
  -0.22309295083727    2.83466470853569   -4.54326853572103
  -0.22207503744116    2.82173089252107   -4.54788939990211
  -0.22124853627183    2.81122919944888   -4.55190549783990
  -0.22105882830232    2.80881873114823   -4.55272440093965
  -0.22005171201707    2.79602210543467   -4.55696884488770
  -0.21903393497754    2.78309002199463   -4.56159798711381
  -0.21839673306168    2.77499360399345   -4.56484967786951
  -0.21801927529571    2.77019754833971   -4.56654257991197
  -0.21701215494339    2.75740087094923   -4.57069785557965
  -0.21600601726867    2.74461667966146   -4.57503367721944
  -0.21542728723366    2.73726321734956   -4.57793342923466
  -0.21497618529348    2.73153142374076   -4.58025679289159
  -0.21397850755184    2.71885472609484   -4.58470329920826
  -0.21301248861682    2.70658029172743   -4.59068940632558
  -0.21294722842256    2.70575108233796   -4.59143930383921
  -0.21216544198005    2.69581754373946   -4.60421727199617
      
      
