# shadow point cont 2D ind 61  size 1344
# norm  0.8874134 -0.4609744  0.0000000
# angle  0.4790929
   2.72523388  -4.60409893
   2.72662925  -4.60158004
   2.73237876  -4.59102803
   2.73958771  -4.58688411
   2.75233563  -4.58086612
   2.75800860  -4.57768276
   2.76536276  -4.57370045
   2.77825675  -4.56886429
   2.78631197  -4.56491051
   2.79116985  -4.56240996
   2.80406042  -4.55676816
   2.81374868  -4.55192701
   2.81700619  -4.55030880
   2.82989731  -4.54466687
   2.84120050  -4.53901898
   2.84284303  -4.53820789
   2.85587712  -4.53206110
   2.86777461  -4.52607125
   2.86868039  -4.52530209
   2.88158956  -4.51965771
   2.89449247  -4.51401330
   2.89538004  -4.51336789
   2.90742856  -4.50756394
   2.92010142  -4.50190831
   2.92271558  -4.50022387
   2.93331240  -4.49467146
   2.94620645  -4.48926335
   2.94945860  -4.48753077
   2.95912485  -4.48257125
   2.97201913  -4.47692487
   2.97679993  -4.47444410
   2.98492306  -4.47029203
   2.99779728  -4.46483342
   3.00347341  -4.46155600
   3.01080905  -4.45757682
   3.02366842  -4.45254538
   3.03092563  -4.44864777
   3.03662710  -4.44547958
   3.04950621  -4.43963401
   3.05752842  -4.43565623
   3.06240659  -4.43318459
   3.07539387  -4.42693586
   3.08498766  -4.42270736
   3.08824676  -4.42108181
   3.10123945  -4.41484283
   3.11166749  -4.40986141
   3.11418465  -4.40839693
   3.12706620  -4.40274767
   3.13903866  -4.39686152
   3.13992733  -4.39606830
   3.15294651  -4.38985214
   3.16494305  -4.38408316
   3.16585374  -4.38339832
   3.17877675  -4.37694782
   3.19068875  -4.37107012
   3.19151658  -4.37029395
   3.20449400  -4.36163676
   3.20845171  -4.35827101
   3.21736668  -4.35036506
   3.22207356  -4.34533921
   3.23015976  -4.33647033
   3.23417875  -4.33241499
   3.24307124  -4.32273779
   3.24558686  -4.31961437
   3.25585186  -4.30831055
   3.25751649  -4.30651191
   3.26826656  -4.29381551
   3.26906144  -4.29301347
   3.28024442  -4.28083424
   3.28177860  -4.27915486
   3.29158739  -4.26793058
   3.29469854  -4.26459941
   3.30359880  -4.25487263
   3.30780270  -4.25022229
   3.31502742  -4.24210579
   3.32073738  -4.23568132
   3.32714324  -4.22919022
   3.33365448  -4.22195581
   3.33863916  -4.21644923
   3.34652244  -4.20744391
   3.35037173  -4.20317562
   3.35948700  -4.19288858
   3.36183546  -4.19042077
   3.37220246  -4.17896073
   3.37378173  -4.17733581
   3.38497242  -4.16524893
   3.38580923  -4.16434441
   3.39649983  -4.15163696
   3.39801617  -4.14994318
   3.40792535  -4.13879197
   3.41114374  -4.13556384
   3.41996480  -4.12582503
   3.42405848  -4.12103022
   3.43128309  -4.11291527
   3.43677920  -4.10712288
   3.44339997  -4.10000045
   3.44988708  -4.09277088
   3.45471108  -4.08708695
   3.46282610  -4.07823732
   3.46621138  -4.07434555
   3.47553233  -4.06433660
   3.47809764  -4.06122998
   3.48846103  -4.04977644
   3.49004197  -4.04814730
   3.50118938  -4.03600804
   3.50201668  -4.03510513
   3.51288478  -4.02252711
   3.51448593  -4.02090751
   3.52468590  -4.00934710
   3.52703468  -4.00686154
   3.53623403  -3.99663561
   3.54032821  -3.99184092
   3.54755278  -3.98372751
   3.55304957  -3.97793520
   3.55967079  -3.97081342
   3.56616268  -3.96357770
   3.57098279  -3.95790093
   3.57909585  -3.94905516
   3.58306435  -3.94495714
   3.59180876  -3.93514799
   3.59437407  -3.93204193
   3.60473404  -3.92059483
   3.60631774  -3.91896258
   3.61765499  -3.90686998
   3.61842466  -3.90605425
   3.62905239  -3.89325085
   3.63056912  -3.89155710
   3.64039331  -3.88035845
   3.64349084  -3.87701474
   3.65152299  -3.86733464
   3.65641070  -3.85928519
   3.65877222  -3.85447396
   3.66138934  -3.84159173
   3.66258823  -3.82863460
   3.66344744  -3.81568678
   3.66498332  -3.80276996
   3.66577666  -3.78983755
   3.66663673  -3.77689134
   3.66817217  -3.76397366
   3.66884453  -3.75507527
   3.66960473  -3.75093542
   3.67056797  -3.73811027
   3.67142917  -3.72516619
   3.67296404  -3.71224737
   3.67375788  -3.69931585
   3.67455179  -3.68638446
   3.67534576  -3.67345319
   3.67620832  -3.66051175
   3.67720459  -3.64761082
   3.67625316  -3.63470474
   3.67311658  -3.62175720
   3.66900871  -3.61290505
   3.66655233  -3.60886807
   3.65926435  -3.59592737
   3.65605518  -3.59025063
   3.65146473  -3.58282068
   3.64401053  -3.56996589
   3.64309014  -3.56842110
   3.63662150  -3.55708997
   3.63029128  -3.54564034
   3.62886871  -3.54392816
   3.62119296  -3.53123873
   3.61698228  -3.52325324
   3.61388821  -3.51831130
   3.60652614  -3.50543100
   3.60402046  -3.50142374
   3.59854624  -3.49240984
   3.59194251  -3.47955995
   3.59122286  -3.47869285
   3.58315580  -3.46653913
   3.57829394  -3.45683831
   3.57606019  -3.45348446
   3.56852925  -3.44069564
   3.56532041  -3.43501973
   3.56123328  -3.42776454
   3.55382236  -3.41493172
   3.55218203  -3.41248865
   3.54589545  -3.40186655
   3.53938317  -3.38976260
   3.53866707  -3.38889187
   3.53046959  -3.37601934
   3.52643709  -3.36873562
   3.52266479  -3.36292088
   3.51586985  -3.35016505
   3.51346590  -3.34611093
   3.50777926  -3.33722713
   3.50103496  -3.32446695
   3.50032780  -3.32359281
   3.49241251  -3.31134966
   3.48736350  -3.30177774
   3.48510412  -3.29842843
   3.47782113  -3.28549273
   3.47458449  -3.27983601
   3.46977218  -3.27253538
   3.46311099  -3.25973139
   3.46147762  -3.25729038
   3.45460166  -3.24653934
   3.44839631  -3.23553555
   3.44754802  -3.23394073
   3.43977304  -3.22082830
   3.43573953  -3.21354495
   3.43247130  -3.20790496
   3.42510526  -3.19502660
   3.42278528  -3.19172337
   3.41708865  -3.18204266
   3.41016388  -3.16937995
   3.40947362  -3.16850031
   3.40172732  -3.15617022
   3.39686187  -3.14728162
   3.39442011  -3.14325078
   3.38713957  -3.13031745
   3.38389755  -3.12465959
   3.37903930  -3.11739034
   3.37229437  -3.10459591
   3.37076829  -3.10215037
   3.36417856  -3.09168588
   3.35772291  -3.08036876
   3.35637348  -3.07860122
   3.34910283  -3.06566439
   3.34506830  -3.05838127
   3.34130115  -3.05256992
   3.33443444  -3.03986509
   3.33193883  -3.03586247
   3.32642424  -3.02688501
   3.31949998  -3.01422367
   3.31880990  -3.01334420
   3.31102866  -3.00103728
   3.30598495  -2.99228357
   3.30281348  -2.98819464
   3.29314528  -2.97607353
   3.29227752  -2.97535100
   3.28002469  -2.96659388
   3.27371685  -2.96237180
   3.26726615  -2.95830200
   3.25432840  -2.95022319
   3.25345153  -2.94952387
   3.24139276  -2.94213958
   3.23247685  -2.93651748
   3.22827501  -2.93353854
   3.21551101  -2.92601024
   3.21146903  -2.92356325
   3.20258855  -2.91788645
   3.19193171  -2.91085958
   3.18947021  -2.90928889
   3.17671520  -2.90173040
   3.17023568  -2.89770509
   3.16378604  -2.89363586
   3.15084983  -2.88555792
   3.14997310  -2.88485868
   3.13791606  -2.87747533
   3.12969584  -2.87203564
   3.12480021  -2.86887535
   3.11203540  -2.86134715
   3.10799697  -2.85890149
   3.09911764  -2.85322533
   3.08846163  -2.84619901
   3.08600098  -2.84462872
   3.07326946  -2.83703469
   3.06683742  -2.83293430
   3.06031481  -2.82898911
   3.04737768  -2.82091787
   3.04649362  -2.82024400
   3.03428005  -2.81304822
   3.02623506  -2.80738004
   3.02134013  -2.80422012
   3.00857440  -2.79669198
   3.00522921  -2.79443151
   2.99566136  -2.78857212
   2.98500612  -2.78154631
   2.98254631  -2.77997642
   2.96979386  -2.77241939
   2.96400890  -2.76857873
   2.95668559  -2.76380544
   2.94393672  -2.75625123
   2.94306024  -2.75555214
   2.93100655  -2.74817058
   2.92284996  -2.74261586
   2.91806576  -2.73929906
   2.90521624  -2.73194565
   2.90187424  -2.72965147
   2.89221932  -2.72392655
   2.88086406  -2.71672294
   2.87910584  -2.71533173
   2.86635457  -2.70777538
   2.86057114  -2.70393546
   2.85343333  -2.69968484
   2.84050142  -2.69160929
   2.83962507  -2.69091027
   2.82757298  -2.68352956
   2.81935617  -2.67809174
   2.81446257  -2.67493254
   2.80179173  -2.66731067
   2.79844402  -2.66501231
   2.78879112  -2.65928837
   2.77813726  -2.65226349
   2.77567915  -2.65069439
   2.76276518  -2.64255748
   2.75722569  -2.63917886
   2.75001035  -2.63504943
   2.73723987  -2.62668379
   2.73635618  -2.62601013
   2.72417187  -2.61887692
   2.71600215  -2.61336109
   2.71104428  -2.61029967
   2.69811290  -2.60228663
   2.69563022  -2.60069865
   2.68519281  -2.59413701
   2.67542365  -2.58781107
   2.67226582  -2.58606414
   2.65951674  -2.57850904
   2.65373635  -2.57467061
   2.64641633  -2.56989906
   2.63418319  -2.56201111
   2.63332591  -2.56128210
   2.62076678  -2.55425104
   2.61259478  -2.54873421
   2.60763908  -2.54567373
   2.59486858  -2.53814519
   2.59150353  -2.53596342
   2.58161170  -2.52973616
   2.57132182  -2.52300905
   2.56886541  -2.52144074
   2.55615384  -2.51385751
   2.55041472  -2.50992687
   2.54301946  -2.50527751
   2.53027557  -2.49772599
   2.52939957  -2.49702717
   2.51718291  -2.48909164
   2.50996798  -2.48417311
   2.50441237  -2.48077875
   2.49139153  -2.47287086
   2.48893274  -2.47131484
   2.47841155  -2.46486716
   2.46809286  -2.45814095
   2.46564278  -2.45654798
   2.45255161  -2.44875916
   2.44764386  -2.44561586
   2.43963496  -2.44066251
   2.42740399  -2.43277575
   2.42652812  -2.43207694
   2.41397007  -2.42503520
   2.40575734  -2.41959957
   2.40086614  -2.41644166
   2.38801207  -2.40825857
   2.38555356  -2.40670270
   2.37502467  -2.40028426
   2.36455626  -2.39378095
   2.36210154  -2.39221347
   2.34917657  -2.38414920
   2.34427020  -2.38100660
   2.33627130  -2.37603265
   2.32421201  -2.36788183
   2.32332876  -2.36720842
   2.31043461  -2.35987275
   2.30315855  -2.35506396
   2.29731547  -2.35131780
   2.28464424  -2.34365243
   2.28218601  -2.34209670
   2.27165909  -2.33567927
   2.26189128  -2.32935426
   2.25873712  -2.32760910
   2.24584312  -2.31948351
   2.24099446  -2.31627293
   2.23290113  -2.31145112
   2.22085022  -2.30327899
   2.21996707  -2.30260563
   2.20705908  -2.29530913
   2.19972384  -2.29057310
   2.19413999  -2.28723436
   2.18128756  -2.27905219
   2.17882958  -2.27749660
   2.16850848  -2.27159087
   2.15859214  -2.26468514
   2.15538373  -2.26301059
   2.14249366  -2.25488738
   2.13693734  -2.25149924
   2.12955082  -2.24685426
   2.11732262  -2.23896900
   2.11644702  -2.23827042
   2.10371101  -2.23071345
   2.09637652  -2.22597784
   2.09061131  -2.22212220
   2.07794151  -2.21445761
   2.07618396  -2.21308021
   2.06497583  -2.20646173
   2.05451946  -2.19992925
   2.05204086  -2.19841769
   2.03915470  -2.19029691
   2.03429981  -2.18708246
   2.02622306  -2.18224376
   2.01415858  -2.17409024
   2.01327562  -2.17341699
   2.00039565  -2.16608905
   1.99311097  -2.16127551
   1.98745668  -2.15804988
   1.97460559  -2.14986845
   1.97214810  -2.14831312
   1.96164341  -2.14187460
   1.95200949  -2.13533539
   1.94869277  -2.13304994
   1.93582571  -2.12571186
   1.93096760  -2.12249531
   1.92289413  -2.11765851
   1.91082771  -2.10950386
   1.90994484  -2.10883066
   1.89706958  -2.10150542
   1.88985339  -2.09658562
   1.88411361  -2.09268487
   1.87127929  -2.08528447
   1.86882201  -2.08372927
   1.85832057  -2.07729269
   1.84868682  -2.07075348
   1.84536784  -2.06846677
   1.83250619  -2.06113201
   1.82838332  -2.05802387
   1.81955211  -2.05229964
   1.80750612  -2.04492250
   1.80662333  -2.04424935
   1.79375276  -2.03692689
   1.78653619  -2.03200671
   1.78101063  -2.02859172
   1.76824002  -2.02011812
   1.76641145  -2.01893118
   1.75500678  -2.01271577
   1.74537314  -2.00617651
   1.74222478  -2.00438919
   1.72919560  -1.99655712
   1.72438870  -1.99326167
   1.71642023  -1.98823783
   1.70419328  -1.98034592
   1.70331056  -1.97967281
   1.69044466  -1.97235320
   1.68322766  -1.96743260
   1.67765657  -1.96403011
   1.66465342  -1.95613114
   1.66289652  -1.95475413
   1.65170152  -1.94814361
   1.64206792  -1.94160425
   1.63874429  -1.93931480
   1.62589340  -1.93198696
   1.62176773  -1.92887649
   1.61295250  -1.92313365
   1.60088865  -1.91577388
   1.60000601  -1.91510082
   1.58695351  -1.90724410
   1.58060986  -1.90304921
   1.57418109  -1.89895851
   1.56117980  -1.89103597
   1.55962800  -1.89013582
   1.54854760  -1.88331249
   1.53877064  -1.87703648
   1.53544459  -1.87474554
   1.52259908  -1.86742130
   1.51847194  -1.86430957
   1.50963911  -1.85858410
   1.49759171  -1.85120618
   1.49670913  -1.85053315
   1.48385252  -1.84321947
   1.47663450  -1.83829788
   1.47092358  -1.83435575
   1.45814716  -1.82601500
   1.45656297  -1.82515530
   1.44529594  -1.81873146
   1.43621497  -1.81255474
   1.43217516  -1.81015808
   1.41947752  -1.80258644
   1.41457187  -1.79942249
   1.40653768  -1.79452365
   1.39501059  -1.78683481
   1.39341939  -1.78596959
   1.38056740  -1.77865898
   1.37334880  -1.77373681
   1.36759801  -1.76982931
   1.35460387  -1.76191122
   1.35305228  -1.76101119
   1.34198310  -1.75416465
   1.33288020  -1.74809959
   1.32889131  -1.74559799
   1.31593250  -1.73757423
   1.31190169  -1.73518816
   1.30308826  -1.72944640
   1.29172552  -1.72224141
   1.29016152  -1.72138895
   1.27742148  -1.71380962
   1.27075209  -1.70936574
   1.26431644  -1.70527056
   1.25132583  -1.69735475
   1.24977432  -1.69645477
   1.23851262  -1.68911877
   1.22960344  -1.68354391
   1.22558741  -1.68106196
   1.21275792  -1.67374911
   1.20862614  -1.67063323
   1.19979114  -1.66490603
   1.18845571  -1.65772265
   1.18670447  -1.65631703
   1.17415802  -1.64923205
   1.16747887  -1.64481225
   1.16104080  -1.64071541
   1.14805367  -1.63280192
   1.14650225  -1.63190199
   1.13523944  -1.62456514
   1.12633246  -1.61899183
   1.12216024  -1.61597199
   1.10945221  -1.60840939
   1.10613239  -1.60611461
   1.09652042  -1.60035397
   1.08518688  -1.59317194
   1.08361637  -1.59228255
   1.07068318  -1.58422956
   1.06421110  -1.58026222
   1.05777055  -1.57616365
   1.04478687  -1.56825252
   1.04391792  -1.56753869
   1.03200305  -1.55999797
   1.02310837  -1.55433192
   1.01907532  -1.55193956
   1.00618727  -1.54386122
   1.00217059  -1.54138560
   0.99327949  -1.53579293
   0.98263011  -1.52874156
   0.98016991  -1.52721742
   0.96741747  -1.51968075
   0.96094826  -1.51571545
   0.95455657  -1.51158833
   0.94182991  -1.50313358
   0.94090202  -1.50254171
   0.92874163  -1.49545216
   0.92055195  -1.48995818
   0.91565593  -1.48684705
   0.90305679  -1.47893417
   0.89967647  -1.47687537
   0.89001971  -1.47124827
   0.87952537  -1.46403835
   0.87705870  -1.46239871
   0.86427107  -1.45509433
   0.85859944  -1.45099587
   0.85152349  -1.44662689
   0.83858466  -1.43856112
   0.83765455  -1.43797327
   0.82552679  -1.43089703
   0.81744928  -1.42518431
   0.81252192  -1.42205870
   0.79985979  -1.41472084
   0.79641775  -1.41233143
   0.78676395  -1.40670650
   0.77627190  -1.39949868
   0.77383463  -1.39784007
   0.76118891  -1.39012781
   0.75525276  -1.38653692
   0.74785747  -1.38197632
   0.73534391  -1.37398999
   0.73441181  -1.37340578
   0.72223307  -1.36636603
   0.71413534  -1.36079172
   0.70926592  -1.35751685
   0.69663190  -1.35016983
   0.69316934  -1.34777824
   0.68332518  -1.34163970
   0.67302188  -1.33496172
   0.67054574  -1.33331430
   0.65757350  -1.32545970
   0.65212067  -1.32187024
   0.64478844  -1.31714832
   0.63253546  -1.30928433
   0.63165325  -1.30861157
   0.61899681  -1.30180739
   0.61088636  -1.29625547
   0.60601627  -1.29297166
   0.59313396  -1.28508735
   0.59066887  -1.28338283
   0.58026164  -1.27680136
   0.56980562  -1.27026618
   0.56730178  -1.26876168
   0.55426397  -1.26096932
   0.54944023  -1.25773036
   0.54152120  -1.25260553
   0.52928448  -1.24474667
   0.52840229  -1.24407393
   0.51576445  -1.23724920
   0.50765023  -1.23170725
   0.50277874  -1.22841172
   0.48995690  -1.22110972
   0.48659402  -1.21886249
   0.47705320  -1.21303999
   0.46655595  -1.20586064
   0.46406552  -1.20420176
   0.45124593  -1.19690055
   0.44544481  -1.19305738
   0.43811199  -1.18836896
   0.42564304  -1.18028341
   0.42470599  -1.17970817
   0.41248019  -1.17271333
   0.40356586  -1.16719010
   0.39954458  -1.16465870
   0.38653301  -1.15688439
   0.38245262  -1.15440150
   0.37368287  -1.15016289
   0.36077876  -1.14370647
   0.35664126  -1.14149493
   0.34782055  -1.13728723
   0.33483408  -1.13112324
   0.32998955  -1.12862299
   0.32201170  -1.12518101
   0.30900857  -1.11903609
   0.30335396  -1.11581653
   0.29620276  -1.11226791
   0.28335513  -1.10658153
   0.27598163  -1.10277598
   0.27022295  -1.09974507
   0.25737896  -1.09403791
   0.25012826  -1.08999791
   0.24458538  -1.08724843
   0.23179216  -1.08153668
   0.22362315  -1.07689665
   0.21877673  -1.07433522
   0.20593223  -1.06864948
   0.19766120  -1.06421885
   0.19278835  -1.06183246
   0.17994166  -1.05613160
   0.17110018  -1.05126999
   0.16710015  -1.04935921
   0.15397707  -1.04351129
   0.14442625  -1.03840702
   0.14116551  -1.03682664
   0.12834262  -1.03111179
   0.11789680  -1.02532543
   0.11535399  -1.02392046
   0.10274205  -1.01859355
   0.09147481  -1.01225588
   0.08973496  -1.01138221
   0.07667272  -1.00533598
   0.06538043  -0.99968972
   0.06373122  -0.99891503
   0.05090474  -0.99320701
   0.03882090  -0.98660003
   0.03791970  -0.98600903
   0.02531686  -0.98066368
   0.01256859  -0.97366653
   0.01161444  -0.97319641
  -0.00059345  -0.96779863
  -0.01358338  -0.96157702
  -0.01521253  -0.96080455
  -0.02657071  -0.95532695
  -0.03939161  -0.94866475
  -0.04102086  -0.94789249
  -0.05213983  -0.94274536
  -0.06504339  -0.93628872
  -0.06838457  -0.93479381
  -0.07819256  -0.93032274
  -0.09097616  -0.92379208
  -0.09425626  -0.92207416
  -0.10400366  -0.91741735
  -0.11665747  -0.91126888
  -0.12082451  -0.90911665
  -0.12963392  -0.90484402
  -0.14264376  -0.89881245
  -0.14672127  -0.89642457
  -0.15544212  -0.89193027
  -0.16845071  -0.88590193
  -0.17330270  -0.88334547
  -0.18143702  -0.87950815
  -0.19407878  -0.87333548
  -0.19986035  -0.87037927
  -0.20705841  -0.86690945
  -0.22019135  -0.86098203
  -0.22746145  -0.85776368
  -0.23327169  -0.85556561
  -0.24619377  -0.85425598
  -0.25890163  -0.85633290
  -0.26452301  -0.85874537
  -0.27178609  -0.86198532
  -0.28471217  -0.86763286
  -0.29433702  -0.87167268
  -0.29759673  -0.87328553
  -0.31050698  -0.87893507
  -0.32336207  -0.88388360
  -0.32497962  -0.88468061
  -0.33631287  -0.89023574
  -0.34927641  -0.89587238
  -0.35324324  -0.89749086
  -0.36212376  -0.90153583
  -0.37503410  -0.90718514
  -0.38307242  -0.91045819
  -0.38793476  -0.91283585
  -0.40085165  -0.91848388
  -0.41209957  -0.92333211
  -0.41374587  -0.92413583
  -0.42681470  -0.93023938
  -0.43959655  -0.93531996
  -0.44196598  -0.93623556
  -0.45246278  -0.94108569
  -0.46533548  -0.94673997
  -0.47095198  -0.94922113
  -0.47825933  -0.95250716
  -0.49117626  -0.95803617
  -0.50084604  -0.96211256
  -0.50408579  -0.96368530
  -0.51697884  -0.96933774
  -0.52981036  -0.97429336
  -0.53064022  -0.97505336
  -0.54284308  -0.98141459
  -0.55567662  -0.98629087
  -0.55890305  -0.98790504
  -0.56865686  -0.99270847
  -0.58148872  -0.99759102
  -0.58871574  -1.00088495
  -0.59447074  -1.00400241
  -0.60747816  -1.00935410
  -0.61772340  -1.01376197
  -0.62024484  -1.01532802
  -0.63310964  -1.02031740
  -0.64599407  -1.02596622
  -0.64682872  -1.02670858
  -0.65900596  -1.03223762
  -0.67183452  -1.03713702
  -0.67667481  -1.03955726
  -0.68478177  -1.04356415
  -0.69772746  -1.04917897
  -0.70571715  -1.05246566
  -0.71059676  -1.05485874
  -0.72351706  -1.06049575
  -0.73555065  -1.06547184
  -0.73641190  -1.06615341
  -0.74935661  -1.07176774
  -0.76228150  -1.07730722
  -0.76464001  -1.07824658
  -0.77513486  -1.08309558
  -0.78806459  -1.08872357
  -0.79369339  -1.09114118
  -0.80095036  -1.09439046
  -0.81387984  -1.10001832
  -0.82337971  -1.10418563
  -0.82671263  -1.10588864
  -0.83969526  -1.11131315
  -0.85245739  -1.11637936
  -0.85329328  -1.11712744
  -0.86543164  -1.12284140
  -0.87836175  -1.12830497
  -0.88152180  -1.12998946
  -0.89130536  -1.13553639
  -0.90420441  -1.14188959
  -0.90575598  -1.14278956
  -0.91702725  -1.15012517
  -0.92663352  -1.15584616
  -0.92995706  -1.15818022
  -0.94284370  -1.16545422
  -0.94766441  -1.16864169
  -0.95568976  -1.17368600
  -0.96855290  -1.18094048
  -0.96938297  -1.18170973
  -0.98159349  -1.18964214
  -0.99033259  -1.19459516
  -0.99449776  -1.19771260
  -1.00734820  -1.20500709
  -1.01136912  -1.20748022
  -1.02025684  -1.21307528
  -1.03164330  -1.22027680
  -1.03318844  -1.22113143
  -1.04612640  -1.22918117
  -1.05328175  -1.23332695
  -1.05903973  -1.23724581
  -1.07183590  -1.24462630
  -1.07425598  -1.24624041
  -1.08486590  -1.25337513
  -1.09445253  -1.25904486
  -1.09764703  -1.26085461
  -1.11065449  -1.26872577
  -1.11548046  -1.27191792
  -1.12357818  -1.27758999
  -1.13633948  -1.28425651
  -1.13717276  -1.28502075
  -1.14940434  -1.29291359
  -1.15812618  -1.29790647
  -1.16230968  -1.30098474
  -1.17516535  -1.30828319
  -1.17918441  -1.31075469
  -1.18807475  -1.31635184
  -1.20000256  -1.32381300
  -1.20090426  -1.32461963
  -1.21389374  -1.33248927
  -1.22034656  -1.33656025
  -1.22685549  -1.34052032
  -1.23983704  -1.34844064
  -1.24138878  -1.34934070
  -1.25251765  -1.35609673
  -1.26297636  -1.36254812
  -1.26544268  -1.36417073
  -1.27847525  -1.37200344
  -1.28336500  -1.37513987
  -1.29156262  -1.38058217
  -1.30413862  -1.38757505
  -1.30497648  -1.38833207
  -1.31719268  -1.39621950
  -1.32593069  -1.40128182
  -1.33013222  -1.40426329
  -1.34284236  -1.41163133
  -1.34617960  -1.41405957
  -1.35594247  -1.42041006
  -1.36727632  -1.42682668
  -1.36883346  -1.42768911
  -1.38172436  -1.43577326
  -1.38817494  -1.43984234
  -1.39468267  -1.44380153
  -1.40748369  -1.45119842
  -1.40990441  -1.45281225
  -1.42048659  -1.45995600
  -1.43078670  -1.46587008
  -1.43325263  -1.46748939
  -1.44624022  -1.47533976
  -1.45105758  -1.47863445
  -1.45923104  -1.48415156
  -1.47195261  -1.49089649
  -1.47281241  -1.49161855
  -1.48486203  -1.49896853
  -1.49374811  -1.50460156
  -1.49796746  -1.50754900
  -1.51083384  -1.51485509
  -1.51410838  -1.51720096
  -1.52360917  -1.52318572
  -1.53490960  -1.53034428
  -1.53670060  -1.53175757
  -1.54956825  -1.53906450
  -1.55593394  -1.54321968
  -1.56254741  -1.54786510
  -1.57532981  -1.55449083
  -1.57706770  -1.55591833
  -1.58833121  -1.56324699
  -1.59792549  -1.56901668
  -1.60123273  -1.57132771
  -1.61403188  -1.57885322
  -1.61890759  -1.58192893
  -1.62707792  -1.58744360
  -1.63974200  -1.59434368
  -1.64057407  -1.59510581
  -1.65284473  -1.60283601
  -1.66074850  -1.60794006
  -1.66564527  -1.61114919
  -1.67859090  -1.61839604
  -1.68187458  -1.62064526
  -1.69161387  -1.62701704
  -1.70278426  -1.63369480
  -1.70434989  -1.63456600
  -1.71727543  -1.64263163
  -1.72372981  -1.64664753
  -1.73036585  -1.65121204
  -1.74312017  -1.65876408
  -1.74471278  -1.65960952
  -1.75616671  -1.66657566
  -1.76561997  -1.67254272
  -1.76894592  -1.67490504
  -1.78199332  -1.68271717
  -1.78670279  -1.68536391
  -1.79494133  -1.69074425
  -1.80696076  -1.69814258
  -1.80783574  -1.69884071
  -1.82076803  -1.70688570
  -1.82793615  -1.71105872
  -1.83351241  -1.71445172
  -1.84624387  -1.72174920
  -1.84967193  -1.72408665
  -1.85948689  -1.73032300
  -1.86995656  -1.73682211
  -1.87240493  -1.73838888
  -1.88514985  -1.74593801
  -1.89091538  -1.74977226
  -1.89824176  -1.75451919
  -1.91096668  -1.76208595
  -1.91253572  -1.76296573
  -1.92391348  -1.77014029
  -1.93282841  -1.77567048
  -1.93682468  -1.77821345
  -1.94969178  -1.78550175
  -1.95458582  -1.78867471
  -1.96280979  -1.79407679
  -1.97484658  -1.80145484
  -1.97572167  -1.80215303
  -1.98847980  -1.80969486
  -1.99582604  -1.81437336
  -2.00157100  -1.81826421
  -2.01440416  -1.82566757
  -2.01756193  -1.82740082
  -2.02735867  -1.83366752
  -2.03767771  -1.84038988
  -2.04014482  -1.84197911
  -2.05317360  -1.84983207
  -2.05866609  -1.85330526
  -2.06598860  -1.85811402
  -2.07886537  -1.86540457
  -2.07974053  -1.86610279
  -2.09198204  -1.87395645
  -2.10073305  -1.87899287
  -2.10489634  -1.88203243
  -2.11778300  -1.88935127
  -2.12106216  -1.89170054
  -2.13072356  -1.89818833
  -2.14259074  -1.90507595
  -2.14347336  -1.90574891
  -2.15653352  -1.91356876
  -2.16297547  -1.91763086
  -2.16947914  -1.92158720
  -2.18230597  -1.92900045
  -2.18472796  -1.93061493
  -2.19530382  -1.93775302
  -2.20559481  -1.94371780
  -2.20805826  -1.94530470
  -2.22109551  -1.95316323
  -2.22658612  -1.95663460
  -2.23390442  -1.96144077
  -2.24678672  -1.96873424
  -2.24766201  -1.96943253
  -2.25988587  -1.97732390
  -2.26791442  -1.98224044
  -2.27280404  -1.98539702
  -2.28558795  -1.99291379
  -2.28889500  -1.99517601
  -2.29865081  -2.00152072
  -2.30997073  -2.00792975
  -2.31154306  -2.00884159
  -2.32434264  -2.01713325
  -2.33084231  -2.02106621
  -2.33740307  -2.02575014
  -2.35015787  -2.03330193
  -2.35175123  -2.03414773
  -2.36324136  -2.04109044
  -2.37285289  -2.04687090
  -2.37615502  -2.04917787
  -2.38887842  -2.05674608
  -2.39376941  -2.05991666
  -2.40200568  -2.06529530
  -2.41422100  -2.07243635
  -2.41508732  -2.07315790
  -2.42767168  -2.08094048
  -2.43571363  -2.08581280
  -2.44059476  -2.08901155
  -2.45369663  -2.09674013
  -2.45615905  -2.09833748
  -2.46659300  -2.10489549
  -2.47706309  -2.11139411
  -2.47951619  -2.11296363
  -2.49226426  -2.12051383
  -2.49803782  -2.12435269
  -2.50536310  -2.12909845
  -2.51811852  -2.13665048
  -2.51971214  -2.13749640
  -2.53119191  -2.14447762
  -2.53998261  -2.15026868
  -2.54413338  -2.15330009
  -2.55703544  -2.16062738
  -2.56173937  -2.16326978
  -2.56996785  -2.16867410
  -2.58201253  -2.17605614
  -2.58288812  -2.17675459
  -2.59564576  -2.18429552
  -2.60369254  -2.18917047
  -2.60857073  -2.19236751
  -2.62158868  -2.20027746
  -2.62404726  -2.20183310
  -2.63456317  -2.20828934
  -2.64488417  -2.21501171
  -2.64733861  -2.21659336
  -2.66039829  -2.22446546
  -2.66588454  -2.22793287
  -2.67319290  -2.23273352
  -2.68609014  -2.24003430
  -2.68696583  -2.24073280
  -2.69920483  -2.24858480
  -2.70798144  -2.25363625
  -2.71212777  -2.25666498
  -2.72503587  -2.26399539
  -2.72899717  -2.26653714
  -2.73797337  -2.27282987
  -2.74984465  -2.27971939
  -2.75072781  -2.28039263
  -2.76382369  -2.28816785
  -2.77033416  -2.29216919
  -2.77674934  -2.29623852
  -2.78959773  -2.30366327
  -2.79202123  -2.30527850
  -2.80259517  -2.31241474
  -2.81221727  -2.31820091
  -2.81535225  -2.31996757
  -2.82842056  -2.32784457
  -2.83390539  -2.33131074
  -2.84118999  -2.33614002
  -2.85395693  -2.34369747
  -2.85484020  -2.34437077
  -2.86722103  -2.35200701
  -2.87518199  -2.35705174
  -2.87998164  -2.36035192
  -2.89292186  -2.36759680
  -2.89625104  -2.36986945
  -2.90599955  -2.37624555
  -2.91717259  -2.38292337
  -2.91874676  -2.38379943
  -2.93168008  -2.39186816
  -2.93815155  -2.39589355
  -2.94479046  -2.40039038
  -2.95764298  -2.40705293
  -2.95938311  -2.40848164
  -2.97063310  -2.41584473
  -2.97943213  -2.42164059
  -2.98341171  -2.42413935
  -2.99647616  -2.43123978
  -3.00127584  -2.43451805
  -3.00942765  -2.44002034
  -3.02147323  -2.44741932
  -3.02235670  -2.44809272
  -3.03528095  -2.45540374
  -3.04258451  -2.46025742
  -3.04804209  -2.46374897
  -3.06107042  -2.47166387
  -3.06353029  -2.47322014
  -3.07406806  -2.47964652
  -3.08454097  -2.48614630
  -3.08699898  -2.48771834
  -3.09975287  -2.49527120
  -3.10553513  -2.49911456
  -3.11286113  -2.50386049
  -3.12560843  -2.51143861
  -3.12717941  -2.51231930
  -3.13855247  -2.51949097
  -3.14684701  -2.52485934
  -3.15165448  -2.52807358
  -3.16457881  -2.53541203
  -3.16854434  -2.53795615
  -3.17734825  -2.54372203
  -3.18956441  -2.55083149
  -3.19044809  -2.55150500
  -3.20336836  -2.55887216
  -3.21058620  -2.56378499
  -3.21631172  -2.56766462
  -3.22917179  -2.57508102
  -3.23163222  -2.57663756
  -3.24242485  -2.58347790
  -3.25254318  -2.58977160
  -3.25493641  -2.59140439
  -3.26804115  -2.59920305
  -3.27360164  -2.60263367
  -3.28080101  -2.60756888
  -3.29356319  -2.61514521
  -3.29444700  -2.61581879
  -3.30684060  -2.62346117
  -3.31487895  -2.62838249
  -3.31977458  -2.63154206
  -3.33254463  -2.63905358
  -3.33588902  -2.64133278
  -3.34564407  -2.64767673
  -3.35685338  -2.65437482
  -3.35840584  -2.65524323
  -3.37151055  -2.66308610
  -3.37794523  -2.66714329
  -3.38444802  -2.67109930
  -3.39731911  -2.67853527
  -3.39974457  -2.68015151
  -3.41031942  -2.68728800
  -3.41995699  -2.69308214
  -3.42308204  -2.69484377
  -3.43618177  -2.70273792
  -3.44097841  -2.70601369
  -3.44895328  -2.71101159
  -3.46171827  -2.71858936
  -3.46260231  -2.71926306
  -3.47499621  -2.72696420
  -3.48289912  -2.73206416
  -3.48776467  -2.73525475
  -3.50070715  -2.74250182
  -3.50405715  -2.74478350
  -3.51381281  -2.75112779
  -3.52502966  -2.75783015
  -3.52657707  -2.75869559
  -3.53968829  -2.76654176
  -3.54607995  -2.77071273
  -3.55262769  -2.77538825
  -3.56538514  -2.78297144
  -3.56695711  -2.78385262
  -3.57833148  -2.79102526
  -3.58798857  -2.79678648
  -3.59126997  -2.79911187
  -3.60419726  -2.80643154
  -3.60908390  -2.80959913
  -3.61732385  -2.81500927
  -3.62938718  -2.82240064
  -3.63026404  -2.82309978
  -3.64320940  -2.83113417
  -3.65042100  -2.83534755
  -3.65615134  -2.83920799
  -3.66901351  -2.84664692
  -3.67147557  -2.84820430
  -3.68202745  -2.85463649
  -3.69241440  -2.86135481
  -3.69479208  -2.86297772
  -3.70791669  -2.87076889
  -3.71352201  -2.87411993
  -3.72085954  -2.87885225
  -3.73361712  -2.88642509
  -3.73450155  -2.88709901
  -3.74704027  -2.89462724
  -3.75490196  -2.89985697
  -3.75969191  -2.90306591
  -3.77262538  -2.91044222
  -3.77659418  -2.91299435
  -3.78538691  -2.91877634
  -3.79763153  -2.92589086
  -3.79851991  -2.92657209
  -3.81145946  -2.93469548
  -3.81858949  -2.93894002
  -3.82441371  -2.94267881
  -3.83727977  -2.95016287
  -3.83970695  -2.95178002
  -3.85029612  -2.95895003
  -3.85910448  -2.96477017
  -3.86322169  -2.96796816
  -3.87452733  -2.97774604
  -3.87611029  -2.97943508
  -3.88570068  -2.99086893
  -3.88899458  -2.99568573
  -3.89456865  -3.00382852
  -3.90201761  -3.01507419
  -3.90331350  -3.01685291
  -3.90998069  -3.02966215
  -3.91481347  -3.03697124
  -3.91795712  -3.04267533
  -3.92534043  -3.05553983
  -3.92765184  -3.05884969
  -3.93334439  -3.06853204
  -3.94043108  -3.07996616
  -3.94130050  -3.08154636
  -3.94880044  -3.09434510
  -3.95356755  -3.10167637
  -3.95683116  -3.10731900
  -3.96421385  -3.12018369
  -3.96652651  -3.12349426
  -3.97222032  -3.13317763
  -3.97946006  -3.14532678
  -3.98012297  -3.14621375
  -3.98742262  -3.15915929
  -3.99240654  -3.16715235
  -3.99540336  -3.17214053
  -4.00231880  -3.18479984
  -4.00539009  -3.18896111
  -4.01034878  -3.19778909
  -4.01818288  -3.21006998
  -4.01886212  -3.21095329
  -4.02573201  -3.22365638
  -4.03135116  -3.23257600
  -4.03378462  -3.23662003
  -4.04113248  -3.24951233
  -4.04430000  -3.25440747
  -4.04917762  -3.26248265
  -4.05656241  -3.27535350
  -4.05725953  -3.27623163
  -4.06461872  -3.28831356
  -4.07023784  -3.29723362
  -4.07261120  -3.30131384
  -4.07924500  -3.31414321
  -4.08321499  -3.31985183
  -4.08752041  -3.32701565
  -4.09524794  -3.34014655
  -4.09614057  -3.34170859
  -4.10272358  -3.35295711
  -4.10923499  -3.36346610
  -4.11075738  -3.36594148
  -4.11813784  -3.37880748
  -4.12224124  -3.38526108
  -4.12615427  -3.39180833
  -4.13414169  -3.40481270
  -4.13503671  -3.40637570
  -4.14158494  -3.41765267
  -4.14808586  -3.42809230
  -4.14959554  -3.43064704
  -4.15678834  -3.44364466
  -4.16094258  -3.45004862
  -4.16474789  -3.45665290
  -4.17227160  -3.46945159
  -4.17392654  -3.47186554
  -4.18025920  -3.48246882
  -4.18720264  -3.49354248
  -4.18801346  -3.49515921
  -4.19510674  -3.50817192
  -4.19988087  -3.51550860
  -4.20315058  -3.52115587
  -4.21105979  -3.53421101
  -4.21281894  -3.53736312
  -4.21831392  -3.54716977
  -4.22546560  -3.55854764
  -4.22631799  -3.56015896
  -4.23295113  -3.57299751
  -4.23700025  -3.58591068
  -4.23766324  -3.59882024
  -4.23687045  -3.61174647
  -4.23559002  -3.62469754
  -4.23447597  -3.63759798
  -4.23327730  -3.65054777
  -4.23248480  -3.66347435
  -4.23161149  -3.67640393
  -4.23049699  -3.68930326
  -4.22970470  -3.70223011
  -4.22883674  -3.71513641
  -4.22731125  -3.72808282
  -4.22650151  -3.74100617
  -4.22591542  -3.74586940
  -4.22491808  -3.75393588
  -4.22364058  -3.76689190
  -4.22252520  -3.77978928
  -4.22132734  -3.79273997
  -4.22037887  -3.80567106
  -4.21775712  -3.81853833
  -4.21318344  -3.82924321
  -4.21149864  -3.83156900
  -4.20167454  -3.84438397
  -4.20005860  -3.84599847
  -4.19022863  -3.85718743
  -4.18713035  -3.86053051
  -4.17890313  -3.87008544
  -4.17400682  -3.87569931
  -4.16699713  -3.88319118
  -4.16128237  -3.88959513
  -4.15572756  -3.89613874
  -4.14835871  -3.90493452
  -4.14502106  -3.90888391
  -4.13563813  -3.91967282
  -4.13325709  -3.92211914
  -4.12251153  -3.93400321
  -4.12173691  -3.93483416
  -4.11039553  -3.94772875
  -4.10958765  -3.94853601
  -4.09888508  -3.96044467
  -4.09626918  -3.96354419
  -4.08763772  -3.97343389
  -4.08354239  -3.97822817
  -4.07573188  -3.98653762
  -4.07081900  -3.99212895
  -4.06441245  -3.99944654
  -4.05789614  -4.00666235
  -4.05250546  -4.01255881
  -4.04497346  -4.02119562
  -4.04163910  -4.02513743
  -4.03205026  -4.03654163
  -4.03046554  -4.03817827
  -4.01912685  -4.05026622
  -4.01835692  -4.05109040
  -4.00772917  -4.06389606
  -4.00600874  -4.06622519
  -3.99570615  -4.07691042
  -3.99308667  -4.07995047
  -3.98488088  -4.08954575
  -3.98037130  -4.09465023
  -3.97299163  -4.10263809
  -3.96744930  -4.10918699
  -3.96103849  -4.11570666
  -3.95433691  -4.12356403
  -3.94972404  -4.12861903
  -3.94145169  -4.13811705
  -3.93846113  -4.14156260
  -3.92867789  -4.15280616
  -3.92713232  -4.15445764
  -3.91636357  -4.16713813
  -3.91556848  -4.16795879
  -3.90445223  -4.18025806
  -3.90283691  -4.18187261
  -3.89314733  -4.19317677
  -3.88991673  -4.19640589
  -3.88111773  -4.20614552
  -3.87700541  -4.21092315
  -3.86979708  -4.21905487
  -3.86408451  -4.22545910
  -3.85831026  -4.23180017
  -3.85117036  -4.23998104
  -3.84727349  -4.24493058
  -3.83848542  -4.25559381
  -3.83613493  -4.25805029
  -3.82557074  -4.26932453
  -3.82400836  -4.27095190
  -3.81316632  -4.28351027
  -3.81242363  -4.28436599
  -3.80180201  -4.29639568
  -3.79949898  -4.29891685
  -3.79047123  -4.30929679
  -3.78657702  -4.31345836
  -3.77841149  -4.32224350
  -3.77366655  -4.32797415
  -3.76708504  -4.33514883
  -3.76074587  -4.34251462
  -3.75576617  -4.34805785
  -3.74782596  -4.35705300
  -3.74377133  -4.36111961
  -3.73488867  -4.36999998
  -3.72989142  -4.37398122
  -3.72170534  -4.37946563
  -3.70891236  -4.38622545
  -3.70802372  -4.38687095
  -3.69583786  -4.39317242
  -3.68377773  -4.39977535
  -3.68288911  -4.40042085
  -3.67013915  -4.40637932
  -3.65790331  -4.41270119
  -3.65702615  -4.41332321
  -3.64412090  -4.41978648
  -3.63294603  -4.42575123
  -3.63130177  -4.42656378
  -3.61826043  -4.43268826
  -3.60853563  -4.43832383
  -3.60530293  -4.43993664
  -3.59257553  -4.44591450
  -3.58282138  -4.45147252
  -3.57958565  -4.45319596
  -3.56675898  -4.45880581
  -3.55770297  -4.46429204
  -3.55358185  -4.46655040
  -3.54083276  -4.47255779
  -3.53184260  -4.47719477
  -3.52772156  -4.47945314
  -3.51502729  -4.48545200
  -3.50756296  -4.48999844
  -3.50186283  -4.49316448
  -3.48912406  -4.49919158
  -3.48174063  -4.50300257
  -3.47619696  -4.50564801
  -3.46335556  -4.51206779
  -3.45591967  -4.51602387
  -3.45016442  -4.51897499
  -3.43741770  -4.52582648
  -3.43164049  -4.52881072
  -3.42449117  -4.53228317
  -3.41156477  -4.53873993
  -3.40495484  -4.54174576
  -3.39845000  -4.54478076
  -3.38559222  -4.55166348
  -3.37988372  -4.55450616
  -3.37278638  -4.55811058
  -3.35964373  -4.56494027
  -3.35479556  -4.56735966
  -3.34671532  -4.57139199
  -3.33400916  -4.57748176
  -3.32822425  -4.58044990
  -3.32085883  -4.58429552
  -3.30802492  -4.59040676
  -3.30149749  -4.59326424
  -3.29497605  -4.59638497
  -3.28216801  -4.60170403
  -3.27002673  -4.60630370
  -3.26901107  -4.60680797
  -3.25649211  -4.60914523
         
