# shadow point cont 2D ind 102  size 1335
# norm  0.6959128 -0.7181263  0.0000000
# angle  0.8011061
   2.38422838  -4.60367329
   2.38743207  -4.59112355
   2.39072607  -4.58881923
   2.40348226  -4.58131208
   2.40994055  -4.57808614
   2.41628052  -4.57536578
   2.42910536  -4.57098433
   2.44193984  -4.56647392
   2.44599187  -4.56458576
   2.45490332  -4.56050398
   2.46779174  -4.55567082
   2.47743872  -4.55156676
   2.48073939  -4.55002457
   2.49369412  -4.54518947
   2.50667244  -4.54068661
   2.51135619  -4.53875173
   2.51946165  -4.53529470
   2.53240151  -4.53068308
   2.54439900  -4.52572867
   2.54533295  -4.52503864
   2.55825218  -4.52020315
   2.57119385  -4.51536746
   2.57754009  -4.51285279
   2.58408967  -4.50972425
   2.59701508  -4.50488861
   2.60916378  -4.50019305
   2.61004452  -4.49958818
   2.62284724  -4.49441012
   2.63578813  -4.48957446
   2.64213839  -4.48705993
   2.64863755  -4.48447982
   2.66158695  -4.47990615
   2.67435620  -4.47484987
   2.67523969  -4.47411662
   2.68739206  -4.46915515
   2.70035464  -4.46459165
   2.70836398  -4.46127993
   2.71328540  -4.45894753
   2.72618719  -4.45411426
   2.73895034  -4.44903981
   2.74065379  -4.44823684
   2.75204597  -4.44363425
   2.76486099  -4.43932958
   2.77371485  -4.43535600
   2.77773382  -4.43370251
   2.79081514  -4.42832082
   2.80354858  -4.42403890
   2.80682962  -4.42244523
   2.81650240  -4.41837414
   2.82952314  -4.41382502
   2.83907760  -4.40952090
   2.84230707  -4.40790718
   2.85540324  -4.40333963
   2.86797654  -4.39839573
   2.87226490  -4.39660372
   2.88125527  -4.39286103
   2.89417719  -4.38802626
   2.90382430  -4.38400427
   2.90709798  -4.38238346
   2.92001113  -4.37754965
   2.93259225  -4.37259406
   2.93603969  -4.37084965
   2.94581099  -4.36627435
   2.95843819  -4.35968972
   2.96019644  -4.35810828
   2.97140314  -4.34990956
   2.97625669  -4.34518354
   2.98428283  -4.33786826
   2.98992325  -4.33224491
   2.99718791  -4.32497907
   3.00283824  -4.31932786
   3.00998329  -4.31274925
   3.01643827  -4.30628814
   3.02289329  -4.29982704
   3.02866864  -4.29349385
   3.03593353  -4.28622806
   3.04158404  -4.28057689
   3.04884901  -4.27331111
   3.05470170  -4.26786230
   3.06196675  -4.26059654
   3.06822354  -4.25474382
   3.07468143  -4.24828537
   3.08113936  -4.24182693
   3.08759732  -4.23536849
   3.09399515  -4.22888743
   3.10034324  -4.22232777
   3.10685918  -4.21583580
   3.11343664  -4.20950815
   3.11988768  -4.20307641
   3.12634586  -4.19661801
   3.13286622  -4.19019148
   3.13947056  -4.18389446
   3.14572061  -4.17724285
   3.15200534  -4.17141769
   3.15932409  -4.16415810
   3.16510302  -4.15864823
   3.17175623  -4.15161176
   3.17801362  -4.14575910
   3.18527945  -4.13849347
   3.19093067  -4.13284242
   3.19819658  -4.12557679
   3.20384787  -4.11992576
   3.21111387  -4.11266014
   3.21676522  -4.10700912
   3.22403130  -4.09974352
   3.22968273  -4.09409250
   3.23755516  -4.08662530
   3.24239930  -4.08178158
   3.25047291  -4.07370872
   3.25531711  -4.06886500
   3.26347613  -4.06083324
   3.26844079  -4.05612387
   3.27651098  -4.04807800
   3.28135529  -4.04323431
   3.28942919  -4.03516149
   3.29427356  -4.03031780
   3.30234756  -4.02224500
   3.30719199  -4.01740132
   3.31526609  -4.00932853
   3.32011058  -4.00448486
   3.32879111  -3.99621044
   3.33282824  -3.99217406
   3.34170997  -3.98329402
   3.34574714  -3.97925764
   3.35462899  -3.97037761
   3.35866621  -3.96634124
   3.36754816  -3.95746122
   3.37158544  -3.95342486
   3.38066960  -3.94474726
   3.38470693  -3.94071090
   3.39358911  -3.93183092
   3.39762648  -3.92779457
   3.40711516  -3.91871294
   3.41034511  -3.91548387
   3.42003500  -3.90579664
   3.42346609  -3.90196197
   3.43234861  -3.89308203
   3.43638614  -3.88904570
   3.44526877  -3.88016577
   3.44930636  -3.87612945
   3.45805367  -3.86717274
   3.46204126  -3.86228856
   3.46672617  -3.85435794
   3.46982022  -3.84147405
   3.47136304  -3.82857731
   3.47279680  -3.81558409
   3.47375891  -3.80271461
   3.47452846  -3.79058987
   3.47516053  -3.78977130
   3.47553376  -3.77677849
   3.47654332  -3.76394562
   3.47733734  -3.75101458
   3.47813143  -3.73808365
   3.47892559  -3.72515285
   3.47971982  -3.71222218
   3.48051412  -3.69929162
   3.48130849  -3.68636120
   3.48204619  -3.67344282
   3.48249469  -3.66047578
   3.48271879  -3.64762441
   3.48095797  -3.63479622
   3.47626084  -3.62191374
   3.47447956  -3.61876352
   3.46818095  -3.60894976
   3.46168128  -3.59846616
   3.46010536  -3.59598556
   3.45275431  -3.58313002
   3.44853463  -3.57676097
   3.44390759  -3.57011333
   3.43647931  -3.55729489
   3.43576320  -3.55642407
   3.42766553  -3.54429659
   3.42259837  -3.53637375
   3.41930580  -3.53147928
   3.41146869  -3.51842586
   3.40968908  -3.51527627
   3.40339170  -3.50546379
   3.39689201  -3.49498129
   3.39528973  -3.49253401
   3.38717492  -3.47962132
   3.38373322  -3.47411311
   3.37829795  -3.46665153
   3.37089433  -3.45458225
   3.37021938  -3.45369815
   3.36288293  -3.44081861
   3.35800746  -3.43356822
   3.35402601  -3.42783047
   3.34668926  -3.41495114
   3.34506007  -3.41253953
   3.33782264  -3.40197412
   3.33208584  -3.39236129
   3.32970643  -3.38906234
   3.32162235  -3.37611648
   3.31917628  -3.37209375
   3.31350649  -3.36320578
   3.30611915  -3.35114045
   3.30541900  -3.35026392
   3.29732358  -3.33733151
   3.29322543  -3.33093050
   3.28845232  -3.32436738
   3.28102693  -3.31152585
   3.28015773  -3.30994511
   3.27303309  -3.29854128
   3.26738486  -3.28963220
   3.26442607  -3.28542186
   3.25679712  -3.27273714
   3.25440244  -3.26946077
   3.24795191  -3.25973590
   3.24126495  -3.24857200
   3.23985308  -3.24680972
   3.23229129  -3.23402658
   3.22850141  -3.22824308
   3.22369919  -3.22091724
   3.21626688  -3.20810142
   3.21555119  -3.20723099
   3.20749183  -3.19507492
   3.20260233  -3.18702732
   3.19938567  -3.18215731
   3.19127236  -3.16924849
   3.18967937  -3.16679821
   3.18265100  -3.15613196
   3.17647604  -3.14600166
   3.17483575  -3.14351028
   3.16699437  -3.13045972
   3.16374252  -3.12562818
   3.15812865  -3.11749695
   3.15072301  -3.10545652
   3.15002315  -3.10458027
   3.14244902  -3.09183332
   3.13770337  -3.08449274
   3.13383980  -3.07872284
   3.12582055  -3.06575073
   3.12492950  -3.06418725
   3.11713052  -3.05268848
   3.11171787  -3.04341633
   3.10929602  -3.04008088
   3.10141570  -3.02707299
   3.09883979  -3.02311511
   3.09260815  -3.01405664
   3.08596861  -3.00295772
   3.08448637  -3.00115459
   3.07631576  -2.98831516
   3.07321077  -2.98500410
   3.06328401  -2.97562501
   3.06004679  -2.97324262
   3.04711248  -2.96436673
   3.04468815  -2.96278754
   3.03417970  -2.95628400
   3.02448426  -2.94976153
   3.02124647  -2.94742382
   3.00851317  -2.93980412
   3.00367204  -2.93659608
   2.99538271  -2.93121098
   2.98419045  -2.92376879
   2.98262585  -2.92291719
   2.96952057  -2.91503177
   2.96317681  -2.91083733
   2.95658609  -2.90617493
   2.94400338  -2.89836452
   2.94311938  -2.89769063
   2.93092409  -2.89050470
   2.92356292  -2.88501108
   2.91797405  -2.88166944
   2.90503337  -2.87365085
   2.90255554  -2.87206539
   2.89212370  -2.86547318
   2.88316614  -2.85911625
   2.87918201  -2.85661763
   2.86625784  -2.84851761
   2.86294867  -2.84622947
   2.85332819  -2.84043661
   2.84278810  -2.83319440
   2.84038481  -2.83159711
   2.82749370  -2.82422215
   2.82185789  -2.82017015
   2.81453609  -2.81539732
   2.80229884  -2.80750655
   2.80142247  -2.80680747
   2.78869059  -2.79920586
   2.78212623  -2.79456718
   2.77556535  -2.79064671
   2.76270089  -2.78244403
   2.76114717  -2.78154280
   2.74989714  -2.77417777
   2.74172819  -2.76869639
   2.73678391  -2.76555542
   2.72418203  -2.75777550
   2.72082015  -2.75559463
   2.71093327  -2.74936986
   2.70133607  -2.74281593
   2.69799754  -2.74055216
   2.68508177  -2.73238908
   2.68115751  -2.72983343
   2.67232364  -2.72410752
   2.66164274  -2.71709318
   2.65921647  -2.71550646
   2.64647969  -2.70792647
   2.64074125  -2.70403550
   2.63336662  -2.69931924
   2.62131996  -2.69118114
   2.62043635  -2.69050747
   2.60752512  -2.68310767
   2.60104871  -2.67834358
   2.59458596  -2.67430422
   2.58173079  -2.66612484
   2.58015092  -2.66525756
   2.56893254  -2.65863296
   2.55997687  -2.65227731
   2.55581529  -2.64921862
   2.54304720  -2.64095338
   2.54055905  -2.63943227
   2.53015093  -2.63360427
   2.51961963  -2.62636678
   2.51721754  -2.62473658
   2.50432084  -2.61660887
   2.49946816  -2.61339628
   2.49118874  -2.60805102
   2.47987779  -2.60088617
   2.47826353  -2.59998564
   2.46535022  -2.59184873
   2.45900645  -2.58765461
   2.45260692  -2.58352278
   2.43983511  -2.57518499
   2.43895169  -2.57451144
   2.42657397  -2.56683995
   2.41864044  -2.56177211
   2.41382825  -2.55850091
   2.40097156  -2.55031614
   2.39921328  -2.54893826
   2.38800065  -2.54231641
   2.37836278  -2.53577495
   2.37504727  -2.53349065
   2.36197514  -2.52559566
   2.35873081  -2.52322475
   2.34922608  -2.51729167
   2.33861128  -2.51026035
   2.33612061  -2.50867352
   2.32354543  -2.50086993
   2.31777207  -2.49703456
   2.31045532  -2.49226444
   2.29822370  -2.48437704
   2.29734788  -2.48367829
   2.28463168  -2.47608454
   2.27809617  -2.47135007
   2.27169794  -2.46721895
   2.25892482  -2.45888103
   2.25733145  -2.45803505
   2.24585706  -2.45106707
   2.23768343  -2.44558470
   2.23274413  -2.44249076
   2.21983002  -2.43438751
   2.21741183  -2.43275619
   2.20708844  -2.42604462
   2.19731780  -2.41971816
   2.19398377  -2.41745648
   2.18108677  -2.40930328
   2.17712451  -2.40681151
   2.16814735  -2.40129377
   2.15693008  -2.39384343
   2.15540693  -2.39294030
   2.14249937  -2.38484874
   2.13675756  -2.38095676
   2.12959440  -2.37675663
   2.11680622  -2.36843545
   2.11592312  -2.36776209
   2.10357408  -2.36004620
   2.09639621  -2.35509676
   2.09081266  -2.35175799
   2.07795866  -2.34357491
   2.07620101  -2.34219740
   2.06480842  -2.33504414
   2.05604481  -2.32922627
   2.05205787  -2.32672680
   2.03915251  -2.31863642
   2.03514218  -2.31616633
   2.02623502  -2.31056210
   2.01571704  -2.30333228
   2.01330455  -2.30169643
   2.00037986  -2.29363233
   1.99548016  -2.29049260
   1.98747559  -2.28554123
   1.97524677  -2.27765547
   1.97437125  -2.27695691
   1.96166477  -2.26936845
   1.95512853  -2.26463354
   1.94873237  -2.26050358
   1.93595615  -2.25216467
   1.93507321  -2.25149141
   1.92289972  -2.24435624
   1.91478805  -2.23876530
   1.90996962  -2.23549081
   1.89701599  -2.22747155
   1.89454035  -2.22595458
   1.88397994  -2.21957280
   1.87437124  -2.21301363
   1.87104001  -2.21075335
   1.85834894  -2.20315611
   1.85422169  -2.20004611
   1.84540444  -2.19430187
   1.83489108  -2.18707495
   1.83245404  -2.18546167
   1.81957415  -2.17815587
   1.81387839  -2.17418983
   1.80665049  -2.16928410
   1.79442296  -2.16139910
   1.79354759  -2.16070062
   1.78081468  -2.15314497
   1.77348200  -2.14841013
   1.76771822  -2.14455513
   1.75506258  -2.13689203
   1.75332379  -2.13546374
   1.74208583  -2.12810547
   1.73319818  -2.12244645
   1.72915660  -2.12004745
   1.71637841  -2.11189052
   1.71301952  -2.10953053
   1.70334396  -2.10388848
   1.69283414  -2.09666391
   1.69041437  -2.09502336
   1.67749147  -2.08696037
   1.67259577  -2.08382277
   1.66461264  -2.07885713
   1.65253289  -2.07069687
   1.65165017  -2.07002374
   1.63860355  -2.06216704
   1.63225739  -2.05797129
   1.62586299  -2.05384233
   1.61308263  -2.04550146
   1.61219994  -2.04482834
   1.60007014  -2.03767585
   1.59199554  -2.03199002
   1.58710781  -2.02883389
   1.57425657  -2.02065253
   1.57179978  -2.01909753
   1.56128716  -2.01268698
   1.55162914  -2.00623594
   1.54836984  -2.00381228
   1.53540877  -1.99579026
   1.53137739  -1.99339929
   1.52256242  -1.98765639
   1.51139556  -1.98024130
   1.50978053  -1.97931467
   1.49679367  -1.97148178
   1.49112682  -1.96740971
   1.48379887  -1.96265762
   1.47159090  -1.95475934
   1.47071576  -1.95406101
   1.45798595  -1.94650711
   1.45065507  -1.94177333
   1.44512058  -1.93840609
   1.43254470  -1.92966262
   1.43003770  -1.92820128
   1.41926950  -1.92147500
   1.41037685  -1.91581316
   1.40636754  -1.91339869
   1.39337561  -1.90458640
   1.39026170  -1.90283809
   1.38070623  -1.89698518
   1.37005265  -1.88996115
   1.36760726  -1.88839822
   1.35475206  -1.88029562
   1.34986569  -1.87706327
   1.34181615  -1.87223861
   1.32975016  -1.86407839
   1.32887511  -1.86338012
   1.31617028  -1.85582576
   1.30953376  -1.85122340
   1.30309519  -1.84721613
   1.29028800  -1.83888400
   1.28940552  -1.83821102
   1.27729166  -1.83106894
   1.26921046  -1.82537805
   1.26432379  -1.82222256
   1.25135585  -1.81419737
   1.24893610  -1.81263543
   1.23853945  -1.80606327
   1.22890353  -1.79952246
   1.22559406  -1.79720597
   1.21289098  -1.78965276
   1.20868720  -1.78665064
   1.19979500  -1.78105534
   1.18863585  -1.77364604
   1.18683484  -1.77220972
   1.17397647  -1.76491631
   1.16828782  -1.76095511
   1.16105537  -1.75604596
   1.14883069  -1.74816261
   1.14795573  -1.74746440
   1.13527243  -1.73989087
   1.12804979  -1.73496660
   1.12228770  -1.73105485
   1.10930694  -1.72314193
   1.10775551  -1.72224197
   1.09652243  -1.71488668
   1.08775339  -1.70911390
   1.08373613  -1.70653507
   1.07085933  -1.69871362
   1.06751830  -1.69625198
   1.05778098  -1.68987989
   1.04800935  -1.68355310
   1.04486661  -1.68181383
   1.03202231  -1.67371947
   1.02712485  -1.67047884
   1.01908498  -1.66566072
   1.00701622  -1.65749833
   1.00614133  -1.65680016
   0.99325524  -1.64872162
   0.98680131  -1.64464432
   0.98034726  -1.64065296
   0.96762167  -1.63226675
   0.96672354  -1.63160579
   0.95450878  -1.62371833
   0.94648676  -1.61880469
   0.94160090  -1.61564973
   0.92875054  -1.60746898
   0.92629467  -1.60591455
   0.91582618  -1.59949735
   0.90618947  -1.59295573
   0.90287739  -1.59063732
   0.88999289  -1.58255993
   0.88597238  -1.58008323
   0.87708547  -1.57449168
   0.86593421  -1.56708764
   0.86431884  -1.56609421
   0.85134254  -1.55833790
   0.84499726  -1.55401783
   0.83857612  -1.54994070
   0.82612561  -1.54160190
   0.82525079  -1.54090379
   0.81257579  -1.53333663
   0.80595459  -1.52866657
   0.79943640  -1.52476760
   0.78661064  -1.51658751
   0.78505942  -1.51568770
   0.77382790  -1.50833353
   0.76492301  -1.50266362
   0.76089664  -1.50027368
   0.74818547  -1.49218337
   0.74482589  -1.48970028
   0.73508935  -1.48332876
   0.72531603  -1.47700086
   0.72217574  -1.47526325
   0.70934194  -1.46717761
   0.70519828  -1.46405379
   0.69638706  -1.45831340
   0.68433011  -1.45095128
   0.68345533  -1.45025321
   0.67057402  -1.44217829
   0.66489030  -1.43822108
   0.65790474  -1.43372360
   0.64498360  -1.42565398
   0.64406856  -1.42502031
   0.63207900  -1.41758346
   0.62380776  -1.41226309
   0.61892245  -1.40910856
   0.60607727  -1.40091777
   0.60431551  -1.39955109
   0.59296642  -1.39242673
   0.58420048  -1.38660616
   0.58020318  -1.38409952
   0.56732328  -1.37602574
   0.56399478  -1.37372618
   0.55441719  -1.36795856
   0.54393343  -1.36075502
   0.54144330  -1.35910377
   0.52868713  -1.35181351
   0.52299772  -1.34770303
   0.51571513  -1.34294757
   0.50362262  -1.33473869
   0.50272409  -1.33409497
   0.48972613  -1.32627201
   0.48337185  -1.32206912
   0.47698100  -1.31794260
   0.46425769  -1.30944528
   0.46332914  -1.30885489
   0.45122829  -1.30179457
   0.44313587  -1.29607072
   0.43823568  -1.29294050
   0.42524284  -1.28490159
   0.42285639  -1.28335959
   0.41243166  -1.27680508
   0.40281708  -1.27039190
   0.39947449  -1.26794427
   0.38670975  -1.26064286
   0.38254530  -1.25753428
   0.37374044  -1.25178599
   0.36232453  -1.24456583
   0.36080240  -1.24372978
   0.34793261  -1.23564769
   0.34224271  -1.23170667
   0.33535543  -1.22713074
   0.32295970  -1.21853235
   0.32203836  -1.21792923
   0.30926018  -1.21062217
   0.30189633  -1.20577956
   0.29628190  -1.20257673
   0.28327141  -1.19390109
   0.28172036  -1.19300144
   0.27073986  -1.18596797
   0.26155552  -1.18009509
   0.25741055  -1.17704790
   0.24455569  -1.16873655
   0.24217683  -1.16719946
   0.23172486  -1.16063166
   0.22131010  -1.15423418
   0.21885828  -1.15254780
   0.20593191  -1.14448694
   0.20103500  -1.14139004
   0.19311060  -1.13639217
   0.18106170  -1.12816719
   0.18014686  -1.12753341
   0.16728099  -1.11945297
   0.16082426  -1.11534434
   0.15441988  -1.11137445
   0.14173455  -1.10284836
   0.14081307  -1.10222522
   0.12853202  -1.09444990
   0.12053967  -1.08949270
   0.11562840  -1.08638075
   0.10281537  -1.07812882
   0.10033810  -1.07661123
   0.08995980  -1.07021665
   0.08093709  -1.06373630
   0.07691749  -1.06136645
   0.06405379  -1.05328706
   0.06003903  -1.05077091
   0.05115050  -1.04521805
   0.04066603  -1.03804729
   0.03820673  -1.03635219
   0.02557496  -1.02860364
   0.02037137  -1.02521605
   0.01246514  -1.02019964
   0.00041367  -1.01196728
  -0.00050392  -1.01133794
  -0.01336603  -1.00325937
  -0.01982691  -0.99914535
  -0.02626925  -0.99519038
  -0.03899101  -0.98663859
  -0.03992633  -0.98606040
  -0.05207568  -0.97905240
  -0.06018150  -0.97352051
  -0.06502141  -0.97018545
  -0.07811580  -0.96159039
  -0.07967661  -0.96069669
  -0.09081649  -0.95404454
  -0.09983185  -0.94795352
  -0.10373190  -0.94517122
  -0.11659193  -0.93709380
  -0.12074056  -0.93467017
  -0.12970688  -0.92940976
  -0.14053880  -0.92153780
  -0.14251052  -0.92017516
  -0.15548400  -0.91246486
  -0.16027964  -0.90902609
  -0.16823007  -0.90401504
  -0.18052674  -0.89623798
  -0.18141435  -0.89556075
  -0.19405621  -0.88788044
  -0.20142454  -0.88321495
  -0.20722552  -0.87942923
  -0.22001739  -0.87122738
  -0.22153219  -0.87027347
  -0.23263770  -0.86316889
  -0.24352349  -0.85751443
  -0.24628182  -0.85642595
  -0.25900473  -0.85557688
  -0.26782165  -0.85880583
  -0.27174076  -0.86048385
  -0.28464047  -0.86774639
  -0.29106528  -0.87173083
  -0.29755110  -0.87581614
  -0.31036957  -0.88310937
  -0.31278922  -0.88472332
  -0.32333827  -0.89195351
  -0.33284730  -0.89762887
  -0.33620041  -0.90014183
  -0.34910987  -0.90808756
  -0.35309940  -0.91054807
  -0.36199658  -0.91627822
  -0.37398767  -0.92351946
  -0.37491444  -0.92435270
  -0.38782562  -0.93229674
  -0.39422897  -0.93637263
  -0.40070052  -0.94048579
  -0.41362867  -0.94856363
  -0.41523508  -0.94938279
  -0.42654161  -0.95650593
  -0.43622356  -0.96225193
  -0.43947076  -0.96457832
  -0.45235241  -0.97264539
  -0.45634026  -0.97510909
  -0.46523493  -0.98084106
  -0.47734972  -0.98802970
  -0.47818706  -0.98878713
  -0.49106886  -0.99685459
  -0.49754270  -1.00092101
  -0.50404526  -1.00490923
  -0.51700058  -1.01281304
  -0.51855202  -1.01371292
  -0.52983157  -1.02105320
  -0.53943632  -1.02675584
  -0.54272061  -1.02912604
  -0.55552148  -1.03651039
  -0.56039986  -1.03973364
  -0.56854180  -1.04525838
  -0.58059271  -1.05258976
  -0.58144217  -1.05332782
  -0.59432038  -1.06140340
  -0.60154753  -1.06555633
  -0.60730095  -1.06944590
  -0.62009619  -1.07679064
  -0.62181069  -1.07825203
  -0.63308871  -1.08559106
  -0.64268108  -1.09131664
  -0.64591963  -1.09302404
  -0.65899635  -1.10149478
  -0.66295326  -1.10406812
  -0.67180000  -1.10979720
  -0.68383814  -1.11715016
  -0.68470084  -1.11786706
  -0.69764495  -1.12591973
  -0.70479058  -1.13005337
  -0.71055839  -1.13398430
  -0.72334306  -1.14135175
  -0.72507113  -1.14279285
  -0.73634770  -1.15013067
  -0.74592859  -1.15587786
  -0.74928046  -1.15818667
  -0.76206597  -1.16548975
  -0.76690118  -1.16879026
  -0.77506019  -1.17433782
  -0.78708696  -1.18171021
  -0.78796156  -1.18240811
  -0.80090452  -1.19045994
  -0.80804113  -1.19461313
  -0.81381800  -1.19852458
  -0.82659639  -1.20590832
  -0.82901661  -1.20752188
  -0.83964438  -1.21465381
  -0.84920548  -1.22030981
  -0.85241093  -1.22215296
  -0.86533128  -1.23003491
  -0.87016102  -1.23333948
  -0.87835086  -1.23886641
  -0.89103325  -1.24564534
  -0.89185951  -1.24642069
  -0.90403038  -1.25443464
  -0.91204253  -1.25926302
  -0.91694214  -1.26250640
  -0.92986165  -1.27045297
  -0.93228194  -1.27206658
  -0.94290685  -1.27919635
  -0.95314882  -1.28502319
  -0.95566157  -1.28671864
  -0.96859939  -1.29458211
  -0.97415547  -1.29800374
  -0.98146947  -1.30285928
  -0.99434537  -1.31011688
  -0.99518481  -1.31087120
  -1.00734648  -1.31878095
  -1.01529597  -1.32383101
  -1.02019522  -1.32707268
  -1.03329125  -1.33484655
  -1.03638105  -1.33659547
  -1.04611873  -1.34296662
  -1.05659306  -1.34946903
  -1.05903420  -1.35103159
  -1.07195768  -1.35909178
  -1.07753420  -1.36240944
  -1.08484139  -1.36717413
  -1.09760197  -1.37468506
  -1.09845440  -1.37541865
  -1.11050937  -1.38275616
  -1.11857010  -1.38830868
  -1.12345259  -1.39164000
  -1.13640198  -1.39954896
  -1.13952854  -1.40131423
  -1.14924585  -1.40777888
  -1.15969672  -1.41422808
  -1.16217532  -1.41585304
  -1.17506152  -1.42311448
  -1.18071918  -1.42702594
  -1.18798561  -1.43199458
  -1.20086326  -1.43925443
  -1.20172789  -1.43996858
  -1.21389448  -1.44788244
  -1.22181620  -1.45297054
  -1.22671526  -1.45620762
  -1.23966935  -1.46345755
  -1.24292817  -1.46569553
  -1.25266633  -1.47206693
  -1.26383995  -1.47874667
  -1.26540417  -1.47961096
  -1.27832790  -1.48768206
  -1.28477513  -1.49169424
  -1.29141541  -1.49626114
  -1.30413100  -1.50382314
  -1.30572186  -1.50466687
  -1.31704106  -1.51189241
  -1.32593940  -1.51750462
  -1.32995120  -1.51996172
  -1.34294556  -1.52800908
  -1.34620834  -1.53024955
  -1.35597435  -1.53660067
  -1.36708806  -1.54324021
  -1.36886310  -1.54468642
  -1.38160872  -1.55223628
  -1.38805714  -1.55624929
  -1.39469687  -1.56081574
  -1.40741370  -1.56837853
  -1.40899289  -1.56924111
  -1.42054021  -1.57693570
  -1.42925489  -1.58195117
  -1.43341622  -1.58503436
  -1.44622688  -1.59256359
  -1.45018273  -1.59499020
  -1.45923241  -1.60117818
  -1.47040539  -1.60785728
  -1.47200759  -1.60871717
  -1.48503988  -1.61652226
  -1.49140333  -1.62067664
  -1.49798365  -1.62537337
  -1.51063486  -1.63230850
  -1.51233310  -1.63377194
  -1.52377420  -1.64073246
  -1.53254609  -1.64651183
  -1.53656323  -1.64906641
  -1.54959754  -1.65687283
  -1.55354759  -1.65940773
  -1.56237330  -1.66521056
  -1.57441899  -1.67259749
  -1.57529774  -1.67327658
  -1.58833327  -1.68108379
  -1.59469779  -1.68523896
  -1.60127627  -1.68993421
  -1.61403312  -1.69748723
  -1.61562562  -1.69833265
  -1.62706987  -1.70529522
  -1.63651417  -1.71126680
  -1.63985721  -1.71362793
  -1.65289478  -1.72143644
  -1.65684561  -1.72397191
  -1.66566941  -1.72977325
  -1.67771178  -1.73716656
  -1.67859412  -1.73783939
  -1.69163293  -1.74564868
  -1.69799854  -1.74980462
  -1.70439752  -1.75398846
  -1.71720252  -1.76147526
  -1.71892459  -1.76289685
  -1.73040121  -1.76983340
  -1.73999499  -1.77560445
  -1.74330351  -1.77791538
  -1.75601267  -1.78547617
  -1.76091120  -1.78865141
  -1.76913422  -1.79405322
  -1.78116859  -1.80143041
  -1.78204359  -1.80212857
  -1.79493939  -1.81021714
  -1.80198071  -1.81456369
  -1.80775916  -1.81853079
  -1.82070523  -1.82564623
  -1.82312659  -1.82726046
  -1.83370888  -1.83440224
  -1.84330482  -1.84017465
  -1.84663773  -1.84245526
  -1.85947451  -1.84979830
  -1.86429057  -1.85308926
  -1.87244502  -1.85862374
  -1.88448048  -1.86600151
  -1.88535555  -1.86669971
  -1.89811746  -1.87424312
  -1.90536311  -1.87900560
  -1.91092404  -1.88258670
  -1.92402094  -1.89021945
  -1.92644248  -1.89183378
  -1.93702412  -1.89897502
  -1.94662224  -1.90474876
  -1.94992946  -1.90705870
  -1.96272837  -1.91458129
  -1.96760960  -1.91766418
  -1.97576358  -1.92319825
  -1.98780020  -1.93057664
  -1.98867534  -1.93127488
  -2.00143700  -1.93881806
  -2.00877803  -1.94349526
  -2.01452924  -1.94738815
  -2.02734467  -1.95479676
  -2.02976641  -1.95641119
  -2.04034746  -1.96355195
  -2.05063106  -1.96951355
  -2.05310436  -1.97110476
  -2.06612320  -1.97895446
  -2.07093689  -1.98224330
  -2.07891057  -1.98726290
  -2.09112829  -1.99515603
  -2.09200350  -1.99585431
  -2.10476500  -2.00339734
  -2.11279204  -2.00826266
  -2.11768595  -2.01146761
  -2.13067698  -2.01937840
  -2.13378222  -2.02117950
  -2.14352771  -2.02760830
  -2.15398375  -2.03401644
  -2.15643660  -2.03568618
  -2.16946041  -2.04353898
  -2.17427298  -2.04682684
  -2.18226690  -2.05183479
  -2.19515952  -2.05911478
  -2.19603482  -2.05981310
  -2.20822726  -2.06774515
  -2.21613187  -2.07284807
  -2.22102393  -2.07605195
  -2.23385360  -2.08344748
  -2.23718984  -2.08569124
  -2.24719161  -2.09245037
  -2.25732966  -2.09860559
  -2.25977814  -2.10027232
  -2.27285760  -2.10805967
  -2.27837986  -2.11146877
  -2.28561107  -2.11642224
  -2.29850608  -2.12370344
  -2.29938146  -2.12440181
  -2.31160629  -2.13229404
  -2.31963546  -2.13721113
  -2.32452546  -2.14036806
  -2.33731766  -2.14788752
  -2.34061671  -2.15014778
  -2.35036080  -2.15652206
  -2.36153412  -2.16320046
  -2.36328396  -2.16459058
  -2.37596980  -2.17217358
  -2.38173665  -2.17609854
  -2.38911837  -2.18074837
  -2.40186269  -2.18829714
  -2.40273816  -2.18899556
  -2.41493648  -2.19693107
  -2.42352433  -2.20222018
  -2.42772945  -2.20523552
  -2.44067532  -2.21248193
  -2.44397795  -2.21474381
  -2.45372291  -2.22111853
  -2.46489662  -2.22779709
  -2.46646594  -2.22867088
  -2.47939726  -2.23673904
  -2.48516839  -2.24057708
  -2.49249644  -2.24532428
  -2.50522993  -2.25289615
  -2.50610550  -2.25359461
  -2.51815161  -2.26097141
  -2.52705803  -2.26658779
  -2.53127045  -2.26952872
  -2.54405806  -2.27697493
  -2.54735005  -2.27934526
  -2.55710951  -2.28569155
  -2.56827311  -2.29236459
  -2.56984011  -2.29327335
  -2.58277233  -2.30134195
  -2.58923626  -2.30536390
  -2.59587296  -2.30992793
  -2.60860837  -2.31750075
  -2.60948404  -2.31819927
  -2.62153149  -2.32557673
  -2.63032072  -2.33132345
  -2.63450075  -2.33441846
  -2.64744624  -2.34158626
  -2.65142334  -2.34413641
  -2.66049293  -2.35029867
  -2.67099837  -2.35677997
  -2.67340713  -2.35839835
  -2.68619448  -2.36591617
  -2.69202305  -2.36966295
  -2.69926119  -2.37453745
  -2.71199858  -2.38211124
  -2.71287435  -2.38280982
  -2.72492321  -2.39018798
  -2.73383167  -2.39580539
  -2.73804247  -2.39874564
  -2.75094438  -2.40607375
  -2.75490437  -2.40861489
  -2.76388842  -2.41491186
  -2.77506079  -2.42158973
  -2.77662369  -2.42249592
  -2.78959120  -2.43053025
  -2.79609973  -2.43446926
  -2.80248370  -2.43864287
  -2.81540113  -2.44672792
  -2.81697156  -2.44760841
  -2.82835055  -2.45478295
  -2.83729276  -2.46033068
  -2.84127454  -2.46286294
  -2.85435249  -2.47069324
  -2.85831343  -2.47323489
  -2.86712094  -2.47902550
  -2.87917118  -2.48642290
  -2.88005455  -2.48709628
  -2.89313388  -2.49492724
  -2.89951409  -2.49909195
  -2.90589703  -2.50326502
  -2.91866399  -2.51083009
  -2.92043082  -2.51217691
  -2.93191714  -2.51916218
  -2.94071260  -2.52495618
  -2.94469207  -2.52748730
  -2.95777371  -2.53531935
  -2.96178248  -2.53778205
  -2.97071240  -2.54336948
  -2.98207710  -2.55057571
  -2.98363936  -2.55145381
  -2.99656017  -2.55955591
  -3.00294180  -2.56372140
  -3.00932378  -2.56789397
  -3.02226415  -2.57596010
  -3.02385875  -2.57680654
  -3.03534858  -2.58379347
  -3.04481779  -2.58978001
  -3.04812326  -2.59211860
  -3.06123145  -2.59985098
  -3.06531137  -2.60228323
  -3.07414813  -2.60800298
  -3.08620083  -2.61538948
  -3.08707703  -2.61608829
  -3.10001546  -2.62413590
  -3.10721187  -2.62832533
  -3.11294731  -2.63221020
  -3.12580041  -2.63963775
  -3.12822507  -2.64125368
  -3.13881129  -2.64835947
  -3.14850342  -2.65410646
  -3.15174105  -2.65645054
  -3.16483456  -2.66437800
  -3.16876109  -2.66692388
  -3.17760375  -2.67261699
  -3.18983408  -2.67974099
  -3.19071041  -2.68043987
  -3.20363688  -2.68859327
  -3.21066753  -2.69296904
  -3.21640190  -2.69685350
  -3.22925873  -2.70428282
  -3.23168374  -2.70589893
  -3.24208581  -2.71252855
  -3.25189234  -2.71882858
  -3.25502867  -2.72059616
  -3.26810598  -2.72847798
  -3.27290977  -2.73175911
  -3.28106791  -2.73726522
  -3.29330100  -2.74439054
  -3.29417746  -2.74508950
  -3.30711193  -2.75317126
  -3.31423373  -2.75750755
  -3.31987163  -2.76150466
  -3.33273220  -2.76893577
  -3.33515758  -2.77055208
  -3.34573827  -2.77769240
  -3.35536922  -2.78348333
  -3.35850418  -2.78525032
  -3.37158654  -2.79313476
  -3.37707404  -2.79660246
  -3.38454956  -2.80189666
  -3.39729692  -2.80871329
  -3.39817353  -2.80941233
  -3.41041492  -2.81731307
  -3.41845493  -2.82223565
  -3.42335161  -2.82539601
  -3.43629497  -2.83339791
  -3.43946824  -2.83518859
  -3.44922451  -2.84156917
  -3.45970410  -2.84807298
  -3.46216320  -2.84964563
  -3.47510317  -2.85771362
  -3.48066003  -2.86114183
  -3.48787670  -2.86606813
  -3.50079549  -2.87337947
  -3.50167224  -2.87407859
  -3.51391558  -2.88198039
  -3.52188831  -2.88703162
  -3.52668602  -2.89033135
  -3.53979747  -2.89806655
  -3.54297381  -2.89985851
  -3.55273554  -2.90620661
  -3.56327800  -2.91270780
  -3.56567214  -2.91431738
  -3.57861377  -2.92238628
  -3.58422222  -2.92572165
  -3.59155041  -2.93049770
  -3.60431067  -2.93805456
  -3.60518757  -2.93875377
  -3.61743293  -2.94665666
  -3.62547552  -2.95158061
  -3.63037682  -2.95470159
  -3.64345027  -2.96281039
  -3.64649621  -2.96453750
  -3.65625858  -2.97088600
  -3.66680529  -2.97738961
  -3.66919802  -2.97899828
  -3.68196305  -2.98655758
  -3.68775138  -2.99040432
  -3.69526222  -2.99579222
  -3.70563328  -3.00326264
  -3.70814371  -3.00570911
  -3.71780947  -3.01629066
  -3.72095970  -3.02043269
  -3.72665973  -3.02928564
  -3.73392970  -3.03980547
  -3.73552261  -3.04225488
  -3.74364392  -3.05515665
  -3.74683930  -3.06004517
  -3.75176590  -3.06805437
  -3.75973577  -3.07946787
  -3.76061813  -3.08103816
  -3.76871413  -3.09396601
  -3.77258027  -3.09973619
  -3.77732885  -3.10707676
  -3.78536772  -3.11923887
  -3.78608390  -3.12010945
  -3.79383724  -3.13272580
  -3.79863371  -3.14005649
  -3.80190883  -3.14568021
  -3.81023080  -3.15849192
  -3.81158874  -3.16025816
  -3.81865727  -3.17169971
  -3.82445334  -3.18049474
  -3.82700917  -3.18446815
  -3.83517351  -3.19731873
  -3.83750848  -3.20065583
  -3.84377896  -3.21047511
  -3.85051628  -3.22080734
  -3.85207003  -3.22329589
  -3.85944979  -3.23613060
  -3.86347348  -3.24181835
  -3.86833210  -3.24909194
  -3.87649923  -3.26120352
  -3.87717459  -3.26208772
  -3.88457006  -3.27489973
  -3.88936367  -3.28144550
  -3.89341320  -3.28791094
  -3.90144128  -3.30088333
  -3.90214883  -3.30175762
  -3.90965256  -3.31372556
  -3.91530425  -3.32182970
  -3.91852033  -3.32670567
  -3.92664353  -3.33961089
  -3.92823427  -3.34206822
  -3.93474344  -3.35254274
  -3.94126232  -3.36218871
  -3.94358992  -3.36554115
  -3.95147344  -3.37859481
  -3.95396705  -3.38259879
  -3.95960946  -3.39150122
  -3.96704836  -3.40272905
  -3.96845004  -3.40448283
  -3.97607810  -3.41717550
  -3.98010490  -3.42286510
  -3.98490402  -3.43020630
  -3.99269333  -3.44251508
  -3.99340992  -3.44338606
  -4.00116814  -3.45600739
  -4.00597408  -3.46334366
  -4.00924765  -3.46896803
  -4.01808317  -3.48196200
  -4.01893717  -3.48355360
  -4.02604712  -3.49496368
  -4.03191832  -3.50374608
  -4.03488245  -3.50795502
  -4.04252494  -3.52062572
  -4.04487231  -3.52396767
  -4.05062756  -3.53356065
  -4.05794241  -3.54414942
  -4.05944442  -3.54661792
  -4.06736092  -3.55964685
  -4.07084823  -3.56514549
  -4.07556049  -3.57256295
  -4.08050755  -3.58554110
  -4.08240737  -3.59850399
  -4.08194746  -3.61143215
  -4.08074844  -3.62438086
  -4.07995551  -3.63730625
  -4.07916265  -3.65023174
  -4.07829565  -3.66317849
  -4.07717421  -3.67605843
  -4.07597556  -3.68900752
  -4.07518300  -3.70193336
  -4.07439051  -3.71485928
  -4.07359809  -3.72778529
  -4.07273273  -3.74073471
  -4.07161054  -3.75361305
  -4.07101143  -3.76008783
  -4.07036902  -3.76657818
  -4.06921727  -3.77946447
  -4.06801921  -3.79241421
  -4.06708187  -3.80538176
  -4.06446012  -3.81830327
  -4.05936853  -3.83111386
  -4.05793987  -3.83285249
  -4.04810224  -3.84405432
  -4.04487084  -3.84728325
  -4.03537921  -3.85717240
  -4.03214787  -3.86040133
  -4.02326280  -3.87008916
  -4.01922368  -3.87412533
  -4.01041735  -3.88305451
  -4.00628997  -3.88781830
  -3.99822168  -3.89592169
  -3.99337489  -3.90076510
  -3.98536948  -3.90888181
  -3.98044333  -3.91446008
  -3.97318134  -3.92175428
  -3.96752693  -3.92740494
  -3.96025705  -3.93467007
  -3.95440131  -3.94092667
  -3.94798862  -3.94742492
  -3.94167350  -3.95401699
  -3.93521787  -3.96050276
  -3.92875599  -3.96696068
  -3.92229416  -3.97341861
  -3.91563096  -3.98048248
  -3.91017944  -3.98633552
  -3.90291004  -3.99360070
  -3.89790525  -3.99908334
  -3.88998377  -4.00729967
  -3.88519578  -4.01219856
  -3.87726337  -4.02040536
  -3.87242649  -4.02529180
  -3.86435245  -4.03336697
  -3.86010481  -4.03800128
  -3.85122052  -4.04688101
  -3.84728969  -4.05097019
  -3.83853221  -4.06076724
  -3.83528932  -4.06405485
  -3.82560106  -4.07374528
  -3.82237169  -4.07697544
  -3.81245593  -4.08724565
  -3.81003307  -4.08966741
  -3.79953405  -4.10016172
  -3.79715253  -4.10259790
  -3.78685081  -4.11331605
  -3.78499825  -4.11550064
  -3.77384578  -4.12677883
  -3.77232086  -4.12866063
  -3.76101901  -4.13996657
  -3.75996412  -4.14133397
  -3.74785054  -4.15344289
  -3.74705125  -4.15424187
  -3.73518821  -4.16661750
  -3.73438098  -4.16742508
  -3.72261601  -4.17988241
  -3.72180847  -4.18068968
  -3.70989789  -4.19300101
  -3.70909036  -4.19380827
  -3.69758355  -4.20571606
  -3.69596850  -4.20733060
  -3.68486576  -4.21883472
  -3.68325074  -4.22044926
  -3.67194562  -4.23175109
  -3.67033062  -4.23336564
  -3.65973315  -4.24451694
  -3.65741085  -4.24702428
  -3.64691446  -4.25758502
  -3.64449201  -4.26000685
  -3.63480342  -4.27050257
  -3.63157353  -4.27373169
  -3.62188392  -4.28341909
  -3.61865407  -4.28664822
  -3.60909898  -4.29640043
  -3.60603057  -4.29977258
  -3.59685399  -4.30925331
  -3.59281678  -4.31328976
  -3.58461195  -4.32200198
  -3.57990178  -4.32696621
  -3.57183130  -4.33509433
  -3.56698846  -4.33993980
  -3.55891715  -4.34801563
  -3.55386005  -4.35345428
  -3.54580416  -4.36082600
  -3.54091873  -4.36481241
  -3.52822175  -4.37321181
  -3.52711173  -4.37394616
  -3.51480595  -4.37910241
  -3.50194573  -4.38391012
  -3.49627628  -4.38649513
  -3.48894194  -4.38958045
  -3.47614158  -4.39396171
  -3.46398070  -4.39944608
  -3.46307846  -4.40005857
  -3.45027836  -4.40443988
  -3.43734647  -4.40927479
  -3.43009834  -4.41248624
  -3.42444123  -4.41490466
  -3.41137915  -4.41939514
  -3.39853059  -4.42459717
  -3.39690311  -4.42530584
  -3.38562114  -4.42942308
  -3.37268988  -4.43425810
  -3.36457248  -4.43817974
  -3.35976478  -4.43989927
  -3.34672790  -4.44437801
  -3.33420624  -4.45003017
  -3.33076231  -4.45144302
  -3.32117389  -4.45495916
  -3.30803734  -4.46005046
  -3.29827443  -4.46392122
  -3.29497486  -4.46533922
  -3.28217642  -4.46972086
  -3.26931301  -4.47532892
  -3.26518988  -4.47693222
  -3.25631874  -4.48020471
  -3.24338999  -4.48504348
  -3.23146483  -4.49009781
  -3.23053070  -4.49065183
  -3.21752052  -4.49472585
  -3.20458791  -4.49994880
  -3.19812077  -4.50269116
  -3.19169290  -4.50520104
  -3.17874907  -4.51004672
  -3.16609398  -4.51542872
  -3.16502714  -4.51588815
  -3.15277132  -4.52014321
  -3.14024918  -4.52510248
  -3.13183641  -4.52844873
  -3.12689124  -4.53062439
  -3.11411810  -4.53504859
  -3.10113819  -4.54071207
  -3.09946393  -4.54133166
  -3.08812950  -4.54512940
  -3.07537374  -4.55035952
  -3.06643481  -4.55424718
  -3.06235545  -4.55603882
  -3.04934238  -4.56044529
  -3.03663657  -4.56566337
  -3.03322649  -4.56707310
  -3.02349115  -4.57092479
  -3.01074432  -4.57617434
  -3.00290728  -4.58091000
  -2.99870947  -4.58476908
  -2.99138326  -4.59162562
         
