# shadow point cont 2D ind 224  size 1332
# norm -0.1641868 -0.9864293  0.0000000
# angle  1.7357299
   2.54630779  -4.59098857
   2.54702905  -4.59012211
   2.55810358  -4.57766829
   2.55971828  -4.57686185
   2.57276973  -4.56987348
   2.58463374  -4.56446764
   2.58547083  -4.56373009
   2.59856460  -4.55766846
   2.61076989  -4.55226833
   2.61165997  -4.55167028
   2.62432377  -4.54772228
   2.63718422  -4.54360495
   2.64765062  -4.53881008
   2.65015285  -4.53735824
   2.66307120  -4.53090694
   2.67351354  -4.52591246
   2.67603682  -4.52453223
   2.68899645  -4.51897397
   2.70181838  -4.51389481
   2.70346092  -4.51315814
   2.71479656  -4.50841088
   2.72772225  -4.50277945
   2.73336397  -4.50034051
   2.74067452  -4.49720975
   2.75369287  -4.49178459
   2.76410056  -4.48755840
   2.76662396  -4.48617820
   2.77943449  -4.48108887
   2.79243546  -4.47560725
   2.79477781  -4.47463989
   2.80527411  -4.46980305
   2.81811697  -4.46480569
   2.82457681  -4.46158018
   2.83111416  -4.45851732
   2.84398540  -4.45356654
   2.85603141  -4.44857069
   2.85692150  -4.44795446
   2.86987639  -4.44239696
   2.88272418  -4.43739915
   2.88668171  -4.43562545
   2.89558645  -4.43156496
   2.90860287  -4.42618234
   2.91662581  -4.42283300
   2.92156051  -4.42063413
   2.93443371  -4.41567660
   2.94648116  -4.40987947
   2.94737130  -4.40926325
   2.96032382  -4.40370619
   2.97317861  -4.39870765
   2.97720575  -4.39705836
   2.98616794  -4.39322907
   2.99902472  -4.38823030
   3.00782809  -4.38403761
   3.01188013  -4.38239745
   3.02488991  -4.37698601
   3.03760923  -4.37160984
   3.03848246  -4.37098032
   3.05077840  -4.36582454
   3.06364026  -4.36082515
   3.06848598  -4.35840614
   3.07652251  -4.35430283
   3.08918896  -4.34747582
   3.09238266  -4.34506565
   3.10214114  -4.33711922
   3.10707757  -4.33240950
   3.11494903  -4.32494194
   3.12059979  -4.31929065
   3.12786510  -4.31202470
   3.13359903  -4.30642538
   3.14098342  -4.29930989
   3.14663431  -4.29365861
   3.15389978  -4.28639269
   3.16015699  -4.28053982
   3.16681627  -4.27347553
   3.17246729  -4.26782427
   3.17953190  -4.26116408
   3.18599028  -4.25470552
   3.19244869  -4.24824696
   3.19890714  -4.24178841
   3.20536563  -4.23532986
   3.21121786  -4.22907294
   3.21848374  -4.22180709
   3.22474132  -4.21595425
   3.23119996  -4.20949572
   3.23765863  -4.20303721
   3.24419561  -4.19663532
   3.25070939  -4.19026791
   3.25711259  -4.18371886
   3.26369584  -4.17740561
   3.27015471  -4.17094712
   3.27661361  -4.16448863
   3.28307256  -4.15803015
   3.28953155  -4.15157168
   3.29578954  -4.14571887
   3.30244963  -4.13865475
   3.30890874  -4.13219630
   3.31597424  -4.12553619
   3.32162603  -4.11988505
   3.32889266  -4.11261930
   3.33454451  -4.10696817
   3.34181123  -4.09970244
   3.34746315  -4.09405131
   3.35472996  -4.08678559
   3.36038196  -4.08113448
   3.36774267  -4.07395129
   3.37343108  -4.06835084
   3.38056791  -4.06095197
   3.38601901  -4.05590650
   3.39409355  -4.04783351
   3.39920380  -4.04244029
   3.40660862  -4.03532087
   3.41226090  -4.02966979
   3.41952817  -4.02240413
   3.42511030  -4.01668163
   3.43233596  -4.00937102
   3.43810031  -4.00383636
   3.44597422  -3.99636903
   3.45081922  -3.99152527
   3.45889427  -3.98345235
   3.46373934  -3.97860860
   3.47181450  -3.97053569
   3.47665963  -3.96569195
   3.48473489  -3.95761906
   3.48958008  -3.95277532
   3.49765546  -3.94470244
   3.50250071  -3.93985871
   3.51057619  -3.93178584
   3.51542151  -3.92694213
   3.52410361  -3.91866755
   3.52819670  -3.91466693
   3.53662028  -3.90615517
   3.54126468  -3.90191703
   3.55014806  -3.89303691
   3.55412746  -3.88894991
   3.56286740  -3.87991793
   3.56695937  -3.87591867
   3.57599111  -3.86720389
   3.58023020  -3.86256195
   3.58891289  -3.85428742
   3.59289360  -3.85019897
   3.60163276  -3.84116849
   3.60573220  -3.83641315
   3.61191463  -3.82822437
   3.61785521  -3.81549124
   3.61849008  -3.81303504
   3.62004242  -3.80257855
   3.62057892  -3.78961065
   3.62133914  -3.77671371
   3.62134947  -3.76374573
   3.62159849  -3.75084805
   3.62212045  -3.73788135
   3.62237697  -3.72498359
   3.62243817  -3.71203900
   3.62315576  -3.69911965
   3.62314099  -3.68618766
   3.62364553  -3.67322248
   3.62392022  -3.66032450
   3.62390568  -3.64739290
   3.62436611  -3.63446207
   3.62432070  -3.62156781
   3.62283748  -3.60868083
   3.61967647  -3.59583836
   3.61805550  -3.59260430
   3.61259771  -3.58281081
   3.60515625  -3.57081068
   3.60441139  -3.56995346
   3.59611111  -3.55711151
   3.59208343  -3.55062930
   3.58748761  -3.54399988
   3.57988469  -3.53127621
   3.57916847  -3.53040535
   3.57098788  -3.51832203
   3.56606007  -3.51028052
   3.56289736  -3.50537295
   3.55476528  -3.49249544
   3.55312772  -3.49008267
   3.54592712  -3.47945606
   3.54050721  -3.47042265
   3.53742702  -3.46628493
   3.52967037  -3.45366098
   3.52733466  -3.45036484
   3.52078496  -3.44069533
   3.51426960  -3.43020860
   3.51275830  -3.42772100
   3.50455020  -3.41488032
   3.50144770  -3.41074303
   3.49568165  -3.40189135
   3.48830562  -3.38983909
   3.48756136  -3.38898723
   3.47870286  -3.37599331
   3.47543819  -3.37034961
   3.47058016  -3.36308922
   3.46261680  -3.35090787
   3.46187222  -3.35005091
   3.45421677  -3.33732308
   3.44940911  -3.33001728
   3.44548052  -3.32428892
   3.43736056  -3.31138563
   3.43647307  -3.30982078
   3.42911044  -3.29852106
   3.42363617  -3.29032265
   3.42038269  -3.28549043
   3.41228652  -3.27255812
   3.41070378  -3.27011059
   3.40342317  -3.25958249
   3.39783221  -3.24984061
   3.39544907  -3.24659871
   3.38716705  -3.23379123
   3.38464855  -3.22980993
   3.37832904  -3.22078735
   3.37206371  -3.21016205
   3.37026332  -3.20785873
   3.36209055  -3.19497554
   3.35890519  -3.19009306
   3.35348494  -3.18185482
   3.34603598  -3.16985564
   3.34529162  -3.16899888
   3.33698074  -3.15620387
   3.33302758  -3.15048443
   3.32810346  -3.14324439
   3.32060814  -3.13043310
   3.31985057  -3.12959406
   3.31190444  -3.11739639
   3.30710993  -3.11008385
   3.30301403  -3.10445409
   3.29551360  -3.09163315
   3.29410447  -3.08989753
   3.28680157  -3.07862339
   3.28104334  -3.06979656
   3.27792638  -3.06566550
   3.26983353  -3.05273643
   3.26806919  -3.04959510
   3.26097739  -3.03976632
   3.25538883  -3.03002683
   3.25300038  -3.02678236
   3.24476542  -3.01393356
   3.24233764  -3.00989348
   3.23665612  -3.00102172
   3.22944006  -2.98967522
   3.22800813  -2.98793493
   3.21965700  -2.97517286
   3.21647291  -2.97029158
   3.21105548  -2.96205577
   3.20360222  -2.95005622
   3.20285812  -2.94919968
   3.19455536  -2.93640978
   3.19041664  -2.93000822
   3.18568395  -2.92345478
   3.17762916  -2.91138022
   3.17682048  -2.91057215
   3.16489231  -2.89824944
   3.16408366  -2.89744139
   3.15187290  -2.88866060
   3.14679506  -2.88503175
   3.13869224  -2.88021587
   3.12603639  -2.87245516
   3.12515646  -2.87176579
   3.11291227  -2.86386755
   3.10485725  -2.85896830
   3.09997391  -2.85578778
   3.08716561  -2.84832702
   3.08388555  -2.84599418
   3.07414327  -2.84041309
   3.06293452  -2.83293773
   3.06118124  -2.83153936
   3.04827827  -2.82424932
   3.04250798  -2.82036540
   3.03532228  -2.81618141
   3.02244191  -2.80806632
   3.02155255  -2.80741975
   3.00945469  -2.80002076
   3.00057534  -2.79435784
   2.99653441  -2.79193340
   2.98369836  -2.78368120
   2.97971899  -2.78116858
   2.97068864  -2.77576090
   2.95863699  -2.76836004
   2.95775396  -2.76768248
   2.94498269  -2.76013311
   2.93757204  -2.75549117
   2.93185254  -2.75154427
   2.91892269  -2.74346377
   2.91737216  -2.74259117
   2.90603753  -2.73616470
   2.89635848  -2.72963388
   2.89306363  -2.72730314
   2.88017826  -2.72000400
   2.87531411  -2.71678265
   2.86723360  -2.71193447
   2.85507162  -2.70398485
   2.85420415  -2.70329508
   2.84136575  -2.69578107
   2.83339024  -2.69077141
   2.82845399  -2.68769011
   2.81572050  -2.68006824
   2.81236809  -2.67786049
   2.80258097  -2.67154214
   2.79209986  -2.66504228
   2.78965313  -2.66346272
   2.77675052  -2.65617324
   2.77097673  -2.65230661
   2.76380257  -2.64810921
   2.75105932  -2.63972925
   2.75017984  -2.63904015
   2.73796826  -2.63193572
   2.72913344  -2.62619023
   2.72504756  -2.62385129
   2.71238687  -2.61614844
   2.70821514  -2.61310524
   2.69918786  -2.60769917
   2.68709355  -2.60036397
   2.68622330  -2.59964935
   2.67349484  -2.59207779
   2.66617059  -2.58731579
   2.66039036  -2.58347943
   2.64763335  -2.57594275
   2.64588955  -2.57453906
   2.63455866  -2.56811453
   2.62488972  -2.56158868
   2.62178303  -2.55978674
   2.60888131  -2.55245942
   2.60381490  -2.54882216
   2.59562680  -2.54418160
   2.58302445  -2.53632532
   2.58214515  -2.53563632
   2.56993438  -2.52853245
   2.56186462  -2.52284852
   2.55698466  -2.51966983
   2.54394281  -2.51165277
   2.54160777  -2.51005027
   2.53116171  -2.50429998
   2.51996907  -2.49683242
   2.51839916  -2.49595211
   2.50565913  -2.48839027
   2.49892423  -2.48397961
   2.49238800  -2.48007140
   2.47943466  -2.47202282
   2.47787815  -2.47113093
   2.46670722  -2.46445173
   2.45764843  -2.45827312
   2.45361017  -2.45585007
   2.44097815  -2.44813490
   2.43675911  -2.44515371
   2.42763238  -2.43998413
   2.41569279  -2.43235464
   2.41482283  -2.43164019
   2.40193248  -2.42433892
   2.39464302  -2.41952543
   2.38900459  -2.41626974
   2.37624489  -2.40793990
   2.37378442  -2.40636055
   2.36316710  -2.40011028
   2.35267375  -2.39363391
   2.35022827  -2.39205502
   2.33748929  -2.38449648
   2.33099975  -2.38050950
   2.32456560  -2.37643088
   2.31217281  -2.36799783
   2.31129380  -2.36730899
   2.29856234  -2.36053843
   2.29044449  -2.35496424
   2.28564604  -2.35245660
   2.27281826  -2.34423541
   2.26882407  -2.34171580
   2.25980121  -2.33631203
   2.24846901  -2.32909101
   2.24687901  -2.32823999
   2.23412788  -2.32070049
   2.22680618  -2.31593989
   2.22102881  -2.31210506
   2.20828338  -2.30457457
   2.20652889  -2.30316558
   2.19520334  -2.29674378
   2.18555075  -2.29022634
   2.18244554  -2.28842518
   2.16936513  -2.28059419
   2.16451198  -2.27737804
   2.15643794  -2.27253324
   2.14431650  -2.26446822
   2.14346956  -2.26371005
   2.13060905  -2.25637046
   2.12255226  -2.25150005
   2.11767461  -2.24832258
   2.10478411  -2.24019650
   2.10158635  -2.23853020
   2.09185498  -2.23295475
   2.08129823  -2.22577793
   2.07890344  -2.22412503
   2.06601936  -2.21680653
   2.05963339  -2.21264268
   2.05310011  -2.20873602
   2.04033822  -2.20046346
   2.03948231  -2.19972068
   2.02726710  -2.19258483
   2.01837962  -2.18694765
   2.01434315  -2.18452554
   2.00126052  -2.17674383
   1.99728306  -2.17420781
   1.98833157  -2.16867501
   1.97644996  -2.16104319
   1.97558041  -2.16032898
   1.96268359  -2.15302418
   1.95546142  -2.14812607
   1.94993508  -2.14471065
   1.93727283  -2.13706547
   1.93384256  -2.13487163
   1.92410798  -2.12930523
   1.91349896  -2.12224034
   1.91102004  -2.12072848
   1.89809361  -2.11268298
   1.89247960  -2.10939930
   1.88517522  -2.10461683
   1.87244544  -2.09703836
   1.87156682  -2.09634974
   1.85935732  -2.08924691
   1.85047297  -2.08361135
   1.84643708  -2.08118956
   1.83363610  -2.07295634
   1.82963135  -2.07043087
   1.82061214  -2.06502902
   1.80928569  -2.05781102
   1.80769632  -2.05696032
   1.79477486  -2.04890979
   1.78833288  -2.04484736
   1.78186188  -2.04083376
   1.76894052  -2.03278154
   1.76737765  -2.03188573
   1.75621430  -2.02521053
   1.74640365  -2.01896616
   1.74311291  -2.01663769
   1.73021194  -2.00933034
   1.72536540  -2.00611762
   1.71729446  -2.00127448
   1.70508084  -1.99338062
   1.70420234  -1.99269208
   1.69146479  -1.98514134
   1.68411653  -1.98043350
   1.67855029  -1.97707438
   1.66582948  -1.96938596
   1.66245900  -1.96728027
   1.65273119  -1.96170670
   1.64211411  -1.95466352
   1.63964318  -1.95313609
   1.62671847  -1.94507394
   1.62123011  -1.94157546
   1.61399178  -1.93749631
   1.60108136  -1.92939149
   1.60019339  -1.92874569
   1.58816286  -1.92137742
   1.57928748  -1.91571675
   1.57525244  -1.91329542
   1.56273282  -1.90546423
   1.55769623  -1.90236658
   1.54926910  -1.89742895
   1.53806298  -1.89001150
   1.53651122  -1.88911137
   1.52360613  -1.88180135
   1.51632772  -1.87699362
   1.51051750  -1.87323404
   1.49793257  -1.86561832
   1.49548426  -1.86382739
   1.48487075  -1.85758892
   1.47440080  -1.85112511
   1.47195721  -1.84954726
   1.45925924  -1.84194358
   1.45337422  -1.83826708
   1.44596242  -1.83368535
   1.43342490  -1.82591664
   1.43255316  -1.82519580
   1.42031438  -1.81804315
   1.41213763  -1.81258982
   1.40722473  -1.80948032
   1.39461529  -1.80176374
   1.39130763  -1.79940481
   1.38158159  -1.79383222
   1.37022095  -1.78671141
   1.36866935  -1.78581137
   1.35576045  -1.77772223
   1.34925221  -1.77374093
   1.34268024  -1.76992230
   1.33017118  -1.76206147
   1.32766316  -1.76048872
   1.31702935  -1.75428886
   1.30725689  -1.74800882
   1.30412029  -1.74624990
   1.29121041  -1.73818021
   1.28630998  -1.73501081
   1.27812948  -1.73037821
   1.26609030  -1.72220652
   1.26521208  -1.72151815
   1.25247953  -1.71474693
   1.24444629  -1.70908322
   1.23957193  -1.70590762
   1.22659047  -1.69793867
   1.22347565  -1.69611030
   1.21357767  -1.69003760
   1.20313768  -1.68349753
   1.20066743  -1.68197049
   1.18793501  -1.67443173
   1.18149399  -1.67036975
   1.17502559  -1.66635765
   1.16211785  -1.65831432
   1.16124883  -1.65760044
   1.14903145  -1.65049787
   1.14019494  -1.64477903
   1.13612281  -1.64242676
   1.12320911  -1.63437631
   1.11924827  -1.63183048
   1.11048066  -1.62681125
   1.09912633  -1.61886993
   1.09757496  -1.61797003
   1.08465980  -1.61065311
   1.07732158  -1.60598184
   1.07157427  -1.60210398
   1.05883583  -1.59447467
   1.05640539  -1.59297173
   1.04594016  -1.58648057
   1.03616816  -1.58017062
   1.03303198  -1.57841196
   1.02011888  -1.57111362
   1.01444634  -1.56712996
   1.00721251  -1.56304876
   0.99430060  -1.55492200
   0.99341298  -1.55430249
   0.98140031  -1.54694494
   0.97252709  -1.54127733
   0.96849395  -1.53885592
   0.95540438  -1.53107932
   0.95144154  -1.52855169
   0.94249617  -1.52302244
   0.93120068  -1.51572909
   0.92958724  -1.51492225
   0.91668049  -1.50689351
   0.91028562  -1.50274630
   0.90377324  -1.49881247
   0.89105879  -1.49047911
   0.88947730  -1.48953071
   0.87815087  -1.48313390
   0.86836862  -1.47689672
   0.86505095  -1.47462124
   0.85234345  -1.46704143
   0.84676001  -1.46373027
   0.83943858  -1.45898444
   0.82720713  -1.45109764
   0.82632909  -1.45040940
   0.81342093  -1.44313584
   0.80548275  -1.43805180
   0.80051277  -1.43506202
   0.78773335  -1.42684846
   0.78530878  -1.42516898
   0.77490778  -1.41936935
   0.76357748  -1.41218192
   0.76179278  -1.41086738
   0.74910429  -1.40328010
   0.74267363  -1.39920022
   0.73619898  -1.39520095
   0.72329716  -1.38717301
   0.72239426  -1.38651028
   0.71038331  -1.37981938
   0.70064215  -1.37346626
   0.69725726  -1.37133005
   0.68458227  -1.36373214
   0.68039188  -1.36073977
   0.67167521  -1.35563908
   0.65941879  -1.34783192
   0.65854080  -1.34714372
   0.64563606  -1.33908546
   0.63916695  -1.33508202
   0.63273043  -1.33102232
   0.61994413  -1.32354476
   0.61822610  -1.32208259
   0.60691153  -1.31566706
   0.59647575  -1.30912979
   0.59400608  -1.30760316
   0.58110498  -1.29955635
   0.57554841  -1.29617885
   0.56819798  -1.29148561
   0.55551177  -1.28370983
   0.55458688  -1.28317391
   0.54263911  -1.27575896
   0.53367218  -1.27029925
   0.52974070  -1.26772701
   0.51656718  -1.26000328
   0.51330985  -1.25765739
   0.50366604  -1.25195127
   0.49254209  -1.24447464
   0.49103089  -1.24351524
   0.47810732  -1.23614992
   0.47147039  -1.23165435
   0.46494567  -1.22774368
   0.45264058  -1.22004717
   0.45072363  -1.21832785
   0.43913024  -1.21160119
   0.43024408  -1.20601664
   0.42623373  -1.20356040
   0.41331842  -1.19627423
   0.40845945  -1.19311480
   0.40042112  -1.18822984
   0.38838779  -1.18014863
   0.38752893  -1.17941145
   0.37460048  -1.17207378
   0.36731200  -1.16730921
   0.36170144  -1.16402332
   0.34899432  -1.15570246
   0.34648863  -1.15403108
   0.33570656  -1.14816851
   0.32541441  -1.14146591
   0.32299461  -1.13985262
   0.31007806  -1.13253504
   0.30372107  -1.12835475
   0.29717715  -1.12447738
   0.28425759  -1.11635786
   0.28339737  -1.11574408
   0.27137482  -1.10836246
   0.26316437  -1.10294655
   0.25827939  -1.09979246
   0.24556781  -1.09222337
   0.24164620  -1.08959764
   0.23266099  -1.08413860
   0.22131697  -1.07696471
   0.21975744  -1.07606886
   0.20685759  -1.06801461
   0.20030595  -1.06408660
   0.19374506  -1.06025112
   0.18129751  -1.05205587
   0.17946134  -1.05096728
   0.16813630  -1.04457241
   0.15852291  -1.03815262
   0.15525413  -1.03579206
   0.14232908  -1.02843232
   0.13745752  -1.02530980
   0.12943656  -1.02039729
   0.11719123  -1.01248784
   0.11630377  -1.01184243
   0.10340716  -1.00459726
   0.09622121  -0.99968865
   0.09073545  -0.99622231
   0.07759579  -0.98846481
   0.07521652  -0.98680122
   0.06469521  -0.98040767
   0.05444624  -0.97362777
   0.05202694  -0.97201389
   0.03910130  -0.96467829
   0.03329264  -0.96098000
   0.02598343  -0.95621865
   0.01327265  -0.94849303
   0.01239605  -0.94794878
   0.00040778  -0.94051297
  -0.00784930  -0.93517202
  -0.01273424  -0.93201810
  -0.02539813  -0.92437332
  -0.02868846  -0.92203081
  -0.03854898  -0.91587974
  -0.04895810  -0.90920876
  -0.05147395  -0.90778715
  -0.06436663  -0.90054450
  -0.07068455  -0.89625355
  -0.07727579  -0.89247384
  -0.08989366  -0.88427398
  -0.09150881  -0.88310438
  -0.10283547  -0.87671265
  -0.11268037  -0.87063398
  -0.11570788  -0.86872319
  -0.12890956  -0.86181051
  -0.13714870  -0.85809794
  -0.14201908  -0.85649515
  -0.15493622  -0.85736169
  -0.15718448  -0.85847755
  -0.16768234  -0.86410326
  -0.17970202  -0.87143126
  -0.18057063  -0.87214475
  -0.19333352  -0.87965152
  -0.20067585  -0.88433828
  -0.20638450  -0.88827848
  -0.21908741  -0.89584560
  -0.22154142  -0.89749540
  -0.23221017  -0.90443049
  -0.24169133  -0.91030802
  -0.24492901  -0.91271259
  -0.25787505  -0.92002138
  -0.26197107  -0.92306690
  -0.27074378  -0.92885965
  -0.28280858  -0.93613422
  -0.28363623  -0.93691279
  -0.29674284  -0.94476369
  -0.30302752  -0.94903954
  -0.30947212  -0.95308691
  -0.32233478  -0.96103702
  -0.32324368  -0.96187549
  -0.33528477  -0.96923058
  -0.34347847  -0.97467373
  -0.34836377  -0.97782794
  -0.36109458  -0.98537079
  -0.36444392  -0.98758745
  -0.37417640  -0.99395943
  -0.38521864  -1.00069947
  -0.38678910  -1.00156013
  -0.39982627  -1.00959931
  -0.40627844  -1.01358261
  -0.41289765  -1.01816160
  -0.42547013  -1.02571094
  -0.42627659  -1.02651786
  -0.43853098  -1.03458743
  -0.44659142  -1.03941190
  -0.45143154  -1.04263876
  -0.46435687  -1.04993907
  -0.46756560  -1.05231965
  -0.47724586  -1.05877339
  -0.48773298  -1.06522730
  -0.49015305  -1.06684075
  -0.50306604  -1.07492341
  -0.50865950  -1.07824333
  -0.51597457  -1.08299421
  -0.52877297  -1.09038961
  -0.52961548  -1.09117276
  -0.54178732  -1.09912531
  -0.54984913  -1.10395096
  -0.55468931  -1.10717789
  -0.56750693  -1.11537463
  -0.56995755  -1.11702686
  -0.58051812  -1.12334958
  -0.59024635  -1.12971321
  -0.59359699  -1.13191605
  -0.60632329  -1.13946233
  -0.61114222  -1.14268746
  -0.61922376  -1.14831368
  -0.63145082  -1.15539698
  -0.63231946  -1.15611054
  -0.64504520  -1.16366487
  -0.65298830  -1.16864908
  -0.65781303  -1.17189841
  -0.67074305  -1.17993816
  -0.67316607  -1.18159613
  -0.68376715  -1.18867420
  -0.69341428  -1.19433160
  -0.69666835  -1.19671368
  -0.70958905  -1.20402333
  -0.71432128  -1.20737984
  -0.72248820  -1.21287163
  -0.73525337  -1.21953126
  -0.73612079  -1.22031824
  -0.74831125  -1.22741950
  -0.75864541  -1.23322083
  -0.76105368  -1.23485116
  -0.77412064  -1.24353540
  -0.77730420  -1.24597626
  -0.78702339  -1.25318474
  -0.79653144  -1.25911460
  -0.79978068  -1.26150128
  -0.81271508  -1.26880161
  -0.81757833  -1.27193067
  -0.82575037  -1.27741496
  -0.83778280  -1.28480748
  -0.83866057  -1.28549552
  -0.85156709  -1.29355623
  -0.85803719  -1.29756091
  -0.86447461  -1.30162108
  -0.87726351  -1.30917968
  -0.87895137  -1.31057182
  -0.89029116  -1.31776056
  -0.89977704  -1.32368881
  -0.90302863  -1.32607217
  -0.91611003  -1.33391441
  -0.92011324  -1.33633217
  -0.92883195  -1.34219851
  -0.94091509  -1.34951854
  -0.94174777  -1.35028625
  -0.95483407  -1.35811875
  -0.96116213  -1.36231141
  -0.96756091  -1.36642896
  -0.98051114  -1.37375120
  -0.98219228  -1.37513249
  -0.99337037  -1.38256444
  -1.00230828  -1.38813069
  -1.00628120  -1.39064302
  -1.01937519  -1.39846004
  -1.02328504  -1.40104057
  -1.03209779  -1.40678171
  -1.04345500  -1.41395036
  -1.04519247  -1.41537765
  -1.05791957  -1.42293984
  -1.06366501  -1.42682124
  -1.07100916  -1.43152725
  -1.08373356  -1.43905675
  -1.08532365  -1.43992785
  -1.09682715  -1.44766238
  -1.10552384  -1.45280645
  -1.10973552  -1.45573702
  -1.12264402  -1.46300814
  -1.12587429  -1.46540464
  -1.13555615  -1.47185967
  -1.14588428  -1.47853412
  -1.14827755  -1.48018608
  -1.16137062  -1.48802095
  -1.16693726  -1.49137159
  -1.17428171  -1.49607779
  -1.18688517  -1.50373359
  -1.18770972  -1.50451669
  -1.20009808  -1.51222755
  -1.20802302  -1.51725697
  -1.21282627  -1.52053878
  -1.22576303  -1.52850598
  -1.22821880  -1.53018999
  -1.23882617  -1.53643454
  -1.24916267  -1.54308882
  -1.25155605  -1.54474085
  -1.26464527  -1.55257276
  -1.27007633  -1.55613085
  -1.27737741  -1.56091118
  -1.29014691  -1.56831597
  -1.29097314  -1.56909691
  -1.30319822  -1.57705809
  -1.31123350  -1.58194698
  -1.31610797  -1.58512248
  -1.32903991  -1.59305917
  -1.33146186  -1.59477468
  -1.34192887  -1.60126664
  -1.35161269  -1.60767000
  -1.35468832  -1.60948725
  -1.36775249  -1.61743397
  -1.37266940  -1.62050360
  -1.38066000  -1.62546791
  -1.39273002  -1.63352471
  -1.39357623  -1.63428237
  -1.40648364  -1.64164278
  -1.41368189  -1.64653253
  -1.41939233  -1.65047417
  -1.43213008  -1.65782674
  -1.43462575  -1.65957375
  -1.44538760  -1.66635219
  -1.45490181  -1.67223126
  -1.45812959  -1.67465216
  -1.47103730  -1.68199180
  -1.47581688  -1.68526899
  -1.48394838  -1.69082475
  -1.49602243  -1.69808832
  -1.49686869  -1.69884601
  -1.50962228  -1.70641270
  -1.51697234  -1.71109387
  -1.52268310  -1.71503570
  -1.53543279  -1.72254308
  -1.53790126  -1.72415689
  -1.54867676  -1.73091249
  -1.55812875  -1.73691928
  -1.56141868  -1.73924713
  -1.57432795  -1.74655293
  -1.57911090  -1.74983231
  -1.58724289  -1.75538834
  -1.59928617  -1.76274523
  -1.60015514  -1.76345903
  -1.61306514  -1.77154570
  -1.61950701  -1.77560733
  -1.62597700  -1.77962016
  -1.63889251  -1.78767143
  -1.64045868  -1.78856687
  -1.65180240  -1.79575797
  -1.66074470  -1.80129884
  -1.66471795  -1.80381331
  -1.67779705  -1.81161777
  -1.68172817  -1.81421259
  -1.69054381  -1.81995542
  -1.70173842  -1.82735557
  -1.70327089  -1.82827732
  -1.71636292  -1.83613699
  -1.72274220  -1.84025039
  -1.72909730  -1.84443294
  -1.74201279  -1.85247113
  -1.74363057  -1.85339327
  -1.75510207  -1.86035023
  -1.76322284  -1.86589597
  -1.76802759  -1.86917863
  -1.78082469  -1.87665645
  -1.78477316  -1.87920457
  -1.79384714  -1.88534745
  -1.80501099  -1.89202262
  -1.80657997  -1.89290242
  -1.81966960  -1.90070686
  -1.82528758  -1.90477433
  -1.83259104  -1.90955600
  -1.84532297  -1.91713279
  -1.84620119  -1.91782111
  -1.85841763  -1.92570570
  -1.86645733  -1.93059723
  -1.87133344  -1.93377365
  -1.88430753  -1.94175334
  -1.88738481  -1.94360915
  -1.89716138  -1.94992142
  -1.90763204  -1.95641537
  -1.91007621  -1.95799345
  -1.92299117  -1.96606556
  -1.92860469  -1.96934986
  -1.93590872  -1.97413183
  -1.94864042  -1.98170838
  -1.94951872  -1.98239674
  -1.96173683  -1.99028226
  -1.96970318  -1.99526274
  -1.97447684  -1.99858764
  -1.98755253  -2.00647173
  -1.99001224  -2.00800523
  -2.00048366  -2.01449958
  -2.01085403  -2.02111508
  -2.01322744  -2.02279416
  -2.02630632  -2.03066580
  -2.03110394  -2.03395404
  -2.03923857  -2.03951150
  -2.05133366  -2.04679173
  -2.05218027  -2.04754962
  -2.06505451  -2.05488380
  -2.07227524  -2.05978729
  -2.07780229  -2.06320296
  -2.09071914  -2.07127605
  -2.09319072  -2.07285477
  -2.10397611  -2.07960271
  -2.11344797  -2.08562127
  -2.11673924  -2.08794985
  -2.12963764  -2.09524859
  -2.13443858  -2.09853871
  -2.14257393  -2.10409655
  -2.15462215  -2.11145600
  -2.15549150  -2.11217001
  -2.16840084  -2.12025549
  -2.17554061  -2.12449810
  -2.18131665  -2.12833188
  -2.19431894  -2.13632731
  -2.19580590  -2.13728267
  -2.20715446  -2.14447630
  -2.21610660  -2.15002309
  -2.22008156  -2.15253845
  -2.23268993  -2.16027120
  -2.23687512  -2.16331429
  -2.24589642  -2.16871682
  -2.25779577  -2.17628504
  -2.25865767  -2.17701588
  -2.27173342  -2.18486466
  -2.27813477  -2.18899119
  -2.28449275  -2.19317525
  -2.29742118  -2.20122211
  -2.29899210  -2.20216526
  -2.31049011  -2.20908703
  -2.31930966  -2.21483695
  -2.32325236  -2.21739483
  -2.33623059  -2.22540251
  -2.34017679  -2.22796637
  -2.34926295  -2.23409888
  -2.36043200  -2.24077670
  -2.36200171  -2.24165687
  -2.37492180  -2.24973160
  -2.38141042  -2.25371889
  -2.38784439  -2.25779712
  -2.40078287  -2.26582094
  -2.40163880  -2.26656363
  -2.41368306  -2.27395630
  -2.42251296  -2.27965491
  -2.42642875  -2.28224557
  -2.43959307  -2.29001024
  -2.44353992  -2.29256545
  -2.45262703  -2.29869846
  -2.46379725  -2.30537686
  -2.46554831  -2.30677379
  -2.47828857  -2.31433253
  -2.48408863  -2.31813643
  -2.49139639  -2.32292033
  -2.50412831  -2.33049662
  -2.50500707  -2.33118524
  -2.51723517  -2.33907603
  -2.52528158  -2.34397111
  -2.53016062  -2.34714905
  -2.54318586  -2.35517352
  -2.54621968  -2.35698831
  -2.55600219  -2.36330365
  -2.56639410  -2.36993286
  -2.56876880  -2.37161263
  -2.58182914  -2.37947216
  -2.58732814  -2.38295662
  -2.59459746  -2.38780217
  -2.60733472  -2.39535106
  -2.60820448  -2.39606530
  -2.62059827  -2.40370089
  -2.62852174  -2.40880121
  -2.63336816  -2.41203169
  -2.64629211  -2.42010839
  -2.64872963  -2.42170726
  -2.65920774  -2.42820501
  -2.66971724  -2.43464678
  -2.67214056  -2.43626208
  -2.68521727  -2.44408403
  -2.69071961  -2.44757017
  -2.69798979  -2.45241616
  -2.71023098  -2.46030659
  -2.71110084  -2.46102089
  -2.72383065  -2.46859011
  -2.73123434  -2.47323048
  -2.73695124  -2.47717558
  -2.74969057  -2.48472551
  -2.75212737  -2.48632397
  -2.76278803  -2.49333913
  -2.77243477  -2.49907856
  -2.77572832  -2.50140835
  -2.78834414  -2.50914488
  -2.79322804  -2.51235473
  -2.80154377  -2.51758703
  -2.81347088  -2.52517024
  -2.81433332  -2.52590138
  -2.82739632  -2.53374283
  -2.83449667  -2.53807021
  -2.84018132  -2.54206688
  -2.85306563  -2.54943222
  -2.85553784  -2.55094719
  -2.86619986  -2.55796306
  -2.87569574  -2.56393014
  -2.87896560  -2.56629914
  -2.89193869  -2.57430347
  -2.89593113  -2.57680698
  -2.90495893  -2.58221279
  -2.91689122  -2.58979869
  -2.91775378  -2.59052990
  -2.93081482  -2.59837031
  -2.93724195  -2.60251030
  -2.94360467  -2.60669681
  -2.95655055  -2.61475407
  -2.95809374  -2.61568135
  -2.96960027  -2.62260743
  -2.97844851  -2.62837238
  -2.98239420  -2.63093181
  -2.99536668  -2.63893577
  -2.99932001  -2.64150323
  -3.00823177  -2.64712255
  -3.02032517  -2.65443415
  -3.02118785  -2.65516543
  -3.03409154  -2.66328206
  -3.04058797  -2.66727338
  -3.04702693  -2.67135417
  -3.05980997  -2.67962264
  -3.06065757  -2.68038109
  -3.07286546  -2.68755142
  -3.08173470  -2.69323339
  -3.08565361  -2.69582569
  -3.09871129  -2.70374422
  -3.10206841  -2.70596143
  -3.11167624  -2.71176339
  -3.12359755  -2.71931108
  -3.12445426  -2.72005421
  -3.13752125  -2.72795360
  -3.14326106  -2.73185704
  -3.15064214  -2.73652713
  -3.16326527  -2.74426959
  -3.16411299  -2.74502812
  -3.17631750  -2.75219637
  -3.18452309  -2.75768831
  -3.18930328  -2.76101668
  -3.20216537  -2.76839057
  -3.20552619  -2.77060926
  -3.21531686  -2.77692885
  -3.22573499  -2.78357328
  -3.22811171  -2.78525413
  -3.24098265  -2.79260347
  -3.24667528  -2.79659878
  -3.25395079  -2.80144760
  -3.26673547  -2.80892440
  -3.26758332  -2.80968301
  -3.27995717  -2.81734985
  -3.28790378  -2.82246152
  -3.29275441  -2.82569422
  -3.30568944  -2.83377669
  -3.30881789  -2.83555545
  -3.31861003  -2.84187584
  -3.32913477  -2.84832560
  -3.33156023  -2.84994203
  -3.34437188  -2.85821124
  -3.34995734  -2.86158982
  -3.35739539  -2.86615166
  -3.37018188  -2.87366327
  -3.37105255  -2.87437802
  -3.38328955  -2.88229053
  -3.39056233  -2.88715669
  -3.39606240  -2.89062144
  -3.40917859  -2.89844124
  -3.41161151  -2.90003765
  -3.42210028  -2.90654098
  -3.43256708  -2.91307782
  -3.43502847  -2.91463507
  -3.44812488  -2.92242876
  -3.45296711  -2.92573969
  -3.46111568  -2.93130459
  -3.47318318  -2.93867399
  -3.47405482  -2.93938759
  -3.48678996  -2.94696116
  -3.49481746  -2.95190605
  -3.49972497  -2.95504946
  -3.51268401  -2.96311460
  -3.51510667  -2.96474132
  -3.52563198  -2.97199957
  -3.53440096  -2.97784187
  -3.53862506  -2.98166235
  -3.54689257  -2.99049875
  -3.55155315  -2.99630043
  -3.55652305  -3.00351968
  -3.56430627  -3.01502765
  -3.56524481  -3.01654611
  -3.57354646  -3.02934093
  -3.57749944  -3.03505878
  -3.58192508  -3.04213903
  -3.59017124  -3.05464010
  -3.59093108  -3.05548773
  -3.59861920  -3.06813826
  -3.60341399  -3.07544918
  -3.60727651  -3.08122057
  -3.61563134  -3.09397436
  -3.61634734  -3.09484484
  -3.62372546  -3.10690124
  -3.62929774  -3.11504353
  -3.63260052  -3.11986089
  -3.64075113  -3.13271982
  -3.64221676  -3.13444569
  -3.64955163  -3.14576326
  -3.65479610  -3.15408160
  -3.65806426  -3.15892447
  -3.66581626  -3.17154025
  -3.66815128  -3.17483492
  -3.67469303  -3.18450124
  -3.68102399  -3.19428880
  -3.68324221  -3.19765330
  -3.69146879  -3.21049078
  -3.69403301  -3.21443582
  -3.69978921  -3.22328757
  -3.70682232  -3.23394745
  -3.70843992  -3.23637759
  -3.71658672  -3.24925897
  -3.71972848  -3.25337007
  -3.72540576  -3.26225848
  -3.73286014  -3.27424531
  -3.73360491  -3.27510228
  -3.74191589  -3.28790313
  -3.74587070  -3.29362273
  -3.75055967  -3.30100630
  -3.75869763  -3.31311569
  -3.75938833  -3.31399561
  -3.76756696  -3.32686407
  -3.77176261  -3.33322730
  -3.77589746  -3.33965833
  -3.78402092  -3.35255606
  -3.78473723  -3.35342684
  -3.79264849  -3.36567458
  -3.79750707  -3.37294863
  -3.80100099  -3.37845196
  -3.80961829  -3.39156614
  -3.81050097  -3.39313684
  -3.81780388  -3.40442226
  -3.82355967  -3.41244095
  -3.82687250  -3.41729773
  -3.83475978  -3.43033385
  -3.83637951  -3.43275873
  -3.84311398  -3.44311261
  -3.84926603  -3.45220937
  -3.85182847  -3.45617311
  -3.85989321  -3.46910828
  -3.86226846  -3.47237997
  -3.86822252  -3.48191139
  -3.87525643  -3.49257349
  -3.87687530  -3.49499500
  -3.88524016  -3.50776882
  -3.88842677  -3.51265315
  -3.89385170  -3.52089515
  -3.90091330  -3.53155846
  -3.90259785  -3.53393512
  -3.91038580  -3.54653468
  -3.91413719  -3.55158535
  -3.91925796  -3.55951379
  -3.92716170  -3.57177022
  -3.92785273  -3.57265048
  -3.93599127  -3.58555566
  -3.93989870  -3.59130734
  -3.94422708  -3.59846763
  -3.94961740  -3.61153181
  -3.95131061  -3.62447047
  -3.95011149  -3.63741841
  -3.94931838  -3.65034310
  -3.94852821  -3.66326805
  -3.94822377  -3.67616184
  -3.94823948  -3.68908763
  -3.94777691  -3.70204595
  -3.94712187  -3.71493623
  -3.94700703  -3.72789795
  -3.94660112  -3.74079883
  -3.94597478  -3.75369392
  -3.94625742  -3.76667728
  -3.94546860  -3.77960309
  -3.94513255  -3.79249238
  -3.94457210  -3.80547956
  -3.94268169  -3.81841361
  -3.94038772  -3.82413075
  -3.93640931  -3.83153605
  -3.92770436  -3.84314392
  -3.92608959  -3.84475911
  -3.91449526  -3.85658188
  -3.91368751  -3.85738910
  -3.90157140  -3.86949740
  -3.90076366  -3.87030462
  -3.88907818  -3.88284656
  -3.88828491  -3.88366721
  -3.87633147  -3.89593549
  -3.87552376  -3.89674271
  -3.86343591  -3.90886632
  -3.86264376  -3.90968793
  -3.85068756  -3.92196897
  -3.84987988  -3.92277620
  -3.83837086  -3.93468333
  -3.83675551  -3.93629778
  -3.82546225  -3.94759858
  -3.82367978  -3.94986615
  -3.81333425  -3.96051567
  -3.81091130  -3.96293736
  -3.80041189  -3.97343136
  -3.79804175  -3.97588517
  -3.78829836  -3.98634811
  -3.78506785  -3.98957704
  -3.77537636  -3.99926384
  -3.77214589  -4.00249278
  -3.76245454  -4.01217960
  -3.75928321  -4.01544193
  -3.74977383  -4.02533606
  -3.74630355  -4.02913261
  -3.73742006  -4.03801223
  -3.73338214  -4.04204843
  -3.72510487  -4.05072683
  -3.72025943  -4.05557028
  -3.71228514  -4.06372161
  -3.70754087  -4.06868844
  -3.69946530  -4.07676087
  -3.69461999  -4.08160434
  -3.68666311  -4.08974580
  -3.68197090  -4.09479159
  -3.67443250  -4.10259380
  -3.66886704  -4.10828449
  -3.66179341  -4.11579081
  -3.65586047  -4.12196884
  -3.64940035  -4.12842685
  -3.64294027  -4.13488487
  -3.63648024  -4.14134290
  -3.63002024  -4.14780094
  -3.62423743  -4.15410957
  -3.61710143  -4.16152535
  -3.61144904  -4.16717616
  -3.60418173  -4.17444149
  -3.59852941  -4.18009231
  -3.59126219  -4.18735766
  -3.58628125  -4.19285296
  -3.57834388  -4.20108219
  -3.57360988  -4.20599697
  -3.56542889  -4.21480993
  -3.56139321  -4.21884781
  -3.55251480  -4.22773119
  -3.54858307  -4.23183478
  -3.53993170  -4.24098289
  -3.53576353  -4.24493871
  -3.52646755  -4.25416183
  -3.52329414  -4.25742760
  -3.51377549  -4.26730449
  -3.51064621  -4.27059564
  -3.50086379  -4.28103494
  -3.49844264  -4.28345783
  -3.48797520  -4.29394867
  -3.48562379  -4.29643633
  -3.47503991  -4.30768781
  -3.47342587  -4.30930311
  -3.46212770  -4.32061020
  -3.46051369  -4.32222552
  -3.44921574  -4.33353274
  -3.44760176  -4.33514807
  -3.43611405  -4.34703115
  -3.43533541  -4.34786345
  -3.42359240  -4.36049096
  -3.42274215  -4.36124937
  -3.41002606  -4.37270452
  -3.40847241  -4.37360432
  -3.39713025  -4.38086274
  -3.38515051  -4.38700083
  -3.38422230  -4.38748644
  -3.37129115  -4.39232154
  -3.35843861  -4.39744847
  -3.35343806  -4.39941144
  -3.34529719  -4.40244542
  -3.33244932  -4.40741931
  -3.32032733  -4.41233852
  -3.31943663  -4.41292422
  -3.30654581  -4.41783244
  -3.29388018  -4.42265762
  -3.28724140  -4.42534948
  -3.28064627  -4.42823840
  -3.26776941  -4.43316502
  -3.25514433  -4.43805926
  -3.25419600  -4.43849106
  -3.24199686  -4.44312008
  -3.22922927  -4.44814283
  -3.22247786  -4.45087476
  -3.21586537  -4.45367723
  -3.20315983  -4.45819605
  -3.19040365  -4.46378379
  -3.18946385  -4.46416761
  -3.17725424  -4.46861081
  -3.16446279  -4.47381651
  -3.15705997  -4.47674771
  -3.15135231  -4.47901794
  -3.13846216  -4.48391591
  -3.12565011  -4.48910485
  -3.12473667  -4.48962967
  -3.11256637  -4.49433319
  -3.09973682  -4.49930462
  -3.09166333  -4.50264213
  -3.08670988  -4.50481297
  -3.07382225  -4.50971088
  -3.06101758  -4.51492375
  -3.05934902  -4.51558962
  -3.04809104  -4.51976425
  -3.03524156  -4.52469214
  -3.02632455  -4.52862704
  -3.02215718  -4.53014152
  -3.00906254  -4.53521455
  -2.99630395  -4.54063072
  -2.99462578  -4.54123759
  -2.98328634  -4.54511655
  -2.97046729  -4.55008830
  -2.96073558  -4.55417659
  -2.95743183  -4.55559696
  -2.94458312  -4.56053485
  -2.93175429  -4.56615467
  -2.92759331  -4.56728208
  -2.91851742  -4.57055886
  -2.90567361  -4.57555984
  -2.89590492  -4.58064532
  -2.89351911  -4.58227542
  -2.88147463  -4.59243238
         
