# shadow point cont 3D ind 5  size 1392
# norm  0.9992290 -0.0392598  0.0000000
# angle  0.0392699
   0.10900551010747    2.77437549575000   -4.60421949336670
   0.10908611297020    2.77642697559738   -4.60158764329810
   0.10943758776816    2.78537260656477   -4.59098403089408
   0.10960089517260    2.78952905756162   -4.58885067440969
   0.11010254386040    2.80229686925800   -4.58368059372893
   0.11060700399292    2.81513623700042   -4.57861681030689
   0.11073308540522    2.81834522322893   -4.57775983921319
   0.11111542440579    2.82807640060892   -4.57378024254313
   0.11162231901706    2.84097772997347   -4.56974888702692
   0.11212748532048    2.85383507096558   -4.56562538286410
   0.11215989297215    2.85465990077998   -4.56486816031265
   0.11263720128199    2.86680820848872   -4.56007297559815
   0.11314529725709    2.87974011460446   -4.55545085953198
   0.11352260886038    2.88934333617938   -4.55196291547163
   0.11365053799880    2.89259935017777   -4.55039313999161
   0.11415896274999    2.90553962420386   -4.54555773188233
   0.11466589328778    2.91844186795920   -4.54152635475058
   0.11488584592082    2.92404003629698   -4.53912432832482
   0.11517349399379    2.93136116863488   -4.53588115799033
   0.11567949963086    2.94423987209512   -4.53184749780272
   0.11618695574822    2.95715549274374   -4.52700942919773
   0.11625092681776    2.95878366518755   -4.52624172095253
   0.11669865365421    2.97017907412244   -4.52166738704834
   0.11720228989688    2.98299747246808   -4.51733529517744
   0.11761348687269    2.99346313436429   -4.51334301083065
   0.11770883228243    2.99588983708943   -4.51249476275859
   0.11821726222803    3.00883024332197   -4.50766115642196
   0.11872643966140    3.02178967438852   -4.50308063774861
   0.11900790833769    3.02895353057855   -4.50038745863614
   0.11923075543897    3.03462536805235   -4.49798059052447
   0.11973838937135    3.04754551439573   -4.49314374655287
   0.12024380341200    3.06040916072155   -4.48900060896228
   0.12037128628261    3.06365381644585   -4.48743327164862
   0.12075383007369    3.07339020609222   -4.48347247326388
   0.12126475218228    3.08639404210867   -4.47895534818997
   0.12170784691022    3.09767155600921   -4.47484153050040
   0.12177171408693    3.09929708420386   -4.47410307267075
   0.12227590591404    3.11212962311797   -4.46896581821623
   0.12278172905121    3.12500368164535   -4.46492311876189
   0.12309723724594    3.13303390143240   -4.46165809086311
   0.12329068484558    3.13795747162282   -4.45929783583224
   0.12379645375751    3.15083015002584   -4.45524801922061
   0.12430362570539    3.16373853807836   -4.45028144970209
   0.12449404364825    3.16858499835475   -4.44868120922931
   0.12481174842119    3.17667112479042   -4.44558386287952
   0.12531939577888    3.18959161283052   -4.44075336958226
   0.12582451319768    3.20244770962619   -4.43657741918811
   0.12585721992124    3.20328015132849   -4.43584010802868
   0.12633919934374    3.21554734679326   -4.43062873742783
   0.12684225661285    3.22835100927809   -4.42626156701035
   0.12718992054188    3.23719964715412   -4.42301917138668
   0.12734895026703    3.24124722394287   -4.42141462711443
   0.12785750011829    3.25419068197836   -4.41660121257906
   0.12835564040293    3.26686919885140   -4.41255546784903
   0.12858397881990    3.27268079964239   -4.41003441455294
   0.12887239449845    3.28002146884690   -4.40693370625956
   0.12938394330664    3.29304125543317   -4.40242923442262
   0.12988527830759    3.30580108326592   -4.39803736743137
   0.12994942897798    3.30743382685658   -4.39727355324108
   0.13039217091098    3.31870236152635   -4.39302278028880
   0.13090552472387    3.33176808855009   -4.38787208649163
   0.13121638197264    3.33967993385770   -4.38432512448186
   0.13140666720573    3.34452301644475   -4.38190628656730
   0.13191024234758    3.35733985967082   -4.37543049738196
   0.13213120032859    3.36296361582311   -4.37136188470200
   0.13241603970263    3.37021326199962   -4.36575041360847
   0.13276073704791    3.37898639527734   -4.35842317051874
   0.13291914803301    3.38301822408022   -4.35438422565627
   0.13323882541633    3.39115455680278   -4.34557201859323
   0.13342895020658    3.39599355584679   -4.34072604038366
   0.13372202964448    3.40345292565313   -4.33285124425610
   0.13394250859622    3.40906448969650   -4.32718044089496
   0.13422128223239    3.41615975253482   -4.31973084462147
   0.13444317990903    3.42180742553812   -4.31407925850625
   0.13472847883586    3.42906876811396   -4.30681294174019
   0.13495037936816    3.43471651379867   -4.30116136441790
   0.13523346932739    3.44192163439481   -4.29387214351869
   0.13545373565294    3.44752778674026   -4.28814528408730
   0.13571114612372    3.45407932071116   -4.28097631061416
   0.13596303697675    3.46049037102915   -4.27452513551598
   0.13621413669056    3.46688128550950   -4.26795067708218
   0.13646762652253    3.47333303255934   -4.26148868514525
   0.13672111882803    3.47978484256470   -4.25502671864426
   0.13697915398984    3.48635227598386   -4.24787350083043
   0.13720106756750    3.49200035369501   -4.24222196727438
   0.13748638677012    3.49926221232438   -4.23495571204932
   0.13770830329335    3.50491036500538   -4.22930418700811
   0.13799166679347    3.51212244768220   -4.22204374092314
   0.13821038287206    3.51768914360762   -4.21625471173769
   0.13849558121032    3.52494792603347   -4.20898519966906
   0.13869104750682    3.52992287549001   -4.20346781167147
   0.13900808147907    3.53799192890819   -4.19539423253728
   0.13919630094126    3.54278243411462   -4.19051888499654
   0.13950959391691    3.55075627281117   -4.18232988820792
   0.13967381767732    3.55493604662515   -4.17763152142884
   0.14002256440002    3.56381224344055   -4.16875061233865
   0.14018108684865    3.56784690917957   -4.16471384109612
   0.14052983833131    3.57672322714420   -4.15583294496818
   0.14068654594747    3.58071170231249   -4.15176604068312
   0.14103071985173    3.58947151312664   -4.14275202646581
   0.14118918159136    3.59350463371859   -4.13871360610486
   0.14153780102860    3.60237759090282   -4.12982912100658
   0.14169514753680    3.60638232695926   -4.12578632722073
   0.14204484226332    3.61528265208306   -4.11609794290072
   0.14217161724054    3.61850929071758   -4.11286726990923
   0.14255194615994    3.62818930811542   -4.10317529625849
   0.14267872399591    3.63141601950999   -4.09994465570502
   0.14305906155315    3.64109625675562   -4.09025278056770
   0.14318584229286    3.64432304205516   -4.08702217337944
   0.14357354210328    3.65419066115680   -4.07671093543595
   0.14366545298972    3.65652994942655   -4.07423318610508
   0.14407322758612    3.66690850595035   -4.06279142894972
   0.14413662089555    3.66852197341715   -4.06117616194059
   0.14458037914141    3.67981637497665   -4.04986934607130
   0.14464377397575    3.68142988125533   -4.04825409728592
   0.14508711521122    3.69271366919149   -4.03695762162796
   0.14514997013626    3.69431343386084   -4.03532946197138
   0.14559485596856    3.70563653441149   -4.02322203125251
   0.14562656532356    3.70644359138899   -4.02241469103755
   0.14610220846381    3.71854951770144   -4.01030457718139
   0.14613391827384    3.71935658626012   -4.00949723808651
   0.14660912120987    3.73145130862711   -3.99739648348690
   0.14664022319873    3.73224290710389   -3.99657469606848
   0.14711296537766    3.74427499902051   -3.98436842085209
   0.14714466138623    3.74508171630844   -3.98356070598288
   0.14762010551004    3.75718257731465   -3.97144503964618
   0.14765111619600    3.75797185197724   -3.97064955858430
   0.14809989459467    3.76939402495799   -3.95782594285124
   0.14813160620852    3.77020113942678   -3.95701860648744
   0.14860728351166    3.78230793524316   -3.94490858319451
   0.14863899558789    3.78311506148024   -3.94410124795932
   0.14911467985247    3.79522203447701   -3.93199124115061
   0.14914639239269    3.79602917252365   -3.93118390704061
   0.14959826480168    3.80753009332536   -3.91927562751101
   0.14966121802839    3.80913235993919   -3.91765182571566
   0.15009773910593    3.82024256326493   -3.90615578822255
   0.15016116599774    3.82185688546051   -3.90454112541307
   0.15057723949375    3.83244666308389   -3.89335428201600
   0.15066854301178    3.83477049279519   -3.89081569176359
   0.15107619878913    3.84514602517227   -3.88024799829131
   0.15116938405984    3.84751774868741   -3.87778297183753
   0.15148591331746    3.85557395626056   -3.86739485615538
   0.15167495860362    3.86038548009078   -3.85849395551277
   0.15176455629331    3.86266589357188   -3.85453141652353
   0.15184185174221    3.86463319411609   -3.84172053876050
   0.15189165331879    3.86590072888181   -3.82876669661272
   0.15192263486622    3.86668926191948   -3.81583273727836
   0.15195489218764    3.86751026557338   -3.80287285095314
   0.15199539117529    3.86854103364046   -3.78999493751477
   0.15201560311910    3.86905546196212   -3.77703166686493
   0.15204792864319    3.86987820149009   -3.76407279746648
   0.15209150225889    3.87098722406643   -3.75118683048841
   0.15212264170501    3.87177977589404   -3.73825388855240
   0.15215470468469    3.87259583322060   -3.72532081177779
   0.15218937125246    3.87347815628898   -3.71643796976580
   0.15221391302806    3.87410278618844   -3.71239523550760
   0.15223339729517    3.87459869390151   -3.69943366579921
   0.15226441875304    3.87538824272775   -3.68650103636607
   0.15229544429569    3.87617789551861   -3.67356853862615
   0.15230953771715    3.87653659704778   -3.66065897795859
   0.15233510872428    3.87718742263900   -3.64774481591969
   0.15227397617460    3.87563149535001   -3.63484573474001
   0.15217967160431    3.87323128375821   -3.62836540933919
   0.15207672931364    3.87061122750204   -3.62202181983450
   0.15179048749226    3.86332588665718   -3.60907881029374
   0.15167131866511    3.86029283746938   -3.60411208032937
   0.15145245797227    3.85472246086531   -3.59597094980884
   0.15118744172520    3.84797734696138   -3.58316749539455
   0.15116199545762    3.84732969620358   -3.58227772109057
   0.15084760654916    3.83932796415427   -3.57009858429499
   0.15065325277261    3.83438133022134   -3.56125373004095
   0.15053908066296    3.83147545598636   -3.55700559140701
   0.15026164281920    3.82441419133491   -3.54443196388474
   0.15013717399766    3.82124624828203   -3.53956503184451
   0.14991496994419    3.81559077746787   -3.53141526723683
   0.14965628110835    3.80900670693341   -3.51858405473372
   0.14962812811688    3.80829016545230   -3.51771931929473
   0.14930943380726    3.80017885362630   -3.50556409758386
   0.14912612613512    3.79551336182430   -3.49737456247902
   0.14900060201837    3.79231855971486   -3.49249991945732
   0.14870413657187    3.78477301023492   -3.47971091660613
   0.14861728125486    3.78256239479940   -3.47635202728723
   0.14836659174992    3.77618192083201   -3.46659527727435
   0.14810926075118    3.76963240955963   -3.45532114070775
   0.14807312031101    3.76871257393386   -3.45377421288387
   0.14775062376763    3.76050448879630   -3.44088518072109
   0.14759937248703    3.75665488664158   -3.43430890215723
   0.14744197108523    3.75264875344957   -3.42781726632469
   0.14714759175755    3.74515629923914   -3.41498665698077
   0.14709033452119    3.74369900526035   -3.41248024787215
   0.14682956373582    3.73706194557227   -3.40205104046018
   0.14659024462655    3.73097086749954   -3.39124770152700
   0.14652555127815    3.72932431183124   -3.38890790210876
   0.14622249517565    3.72161101895474   -3.37624126700378
   0.14607284875020    3.71780226309102   -3.37043913758696
   0.14588575603576    3.71304043552951   -3.36310963811399
   0.14559348175673    3.70560155838495   -3.35027359264820
   0.14555704894893    3.70467428150582   -3.34871470342595
   0.14528012149898    3.69762600724463   -3.33725805283909
   0.14506219449275    3.69207939455177   -3.32829413738917
   0.14496125719957    3.68951036888950   -3.32433591115982
   0.14464578699082    3.68148111591014   -3.31136865351335
   0.14455307840190    3.67912152475649   -3.30728863861957
   0.14432754891346    3.67338141597032   -3.29843765027920
   0.14405842871967    3.66653184964722   -3.28574239302183
   0.14403050229993    3.66582107480182   -3.28485973182542
   0.14372141885169    3.65795437573211   -3.27259528798992
   0.14352885999465    3.65305342555155   -3.26453965557887
   0.14340312559787    3.64985327145785   -3.25966650736848
   0.14310691246319    3.64231414374236   -3.24688226474179
   0.14301280276269    3.63991889191778   -3.24283775856968
   0.14278922714054    3.63422851234969   -3.23394382281730
   0.14251130879205    3.62715501803617   -3.22170267701589
   0.14248361881777    3.62645026112955   -3.22082386470396
   0.14218453054704    3.61883795631524   -3.20809109521041
   0.14200267167075    3.61420933882998   -3.20068441950126
   0.14184518472175    3.61020102831639   -3.19500204088230
   0.14155121882435    3.60271909660915   -3.18217836629542
   0.14149398814736    3.60126247861160   -3.17967267613329
   0.14124344078755    3.59488562247945   -3.16910897211066
   0.14099310636352    3.58851418592461   -3.15844004735810
   0.14092908282824    3.58688467813863   -3.15610262076990
   0.14062630684037    3.57917851465568   -3.14344078207947
   0.14046934682201    3.57518361542239   -3.13695396661098
   0.14030948771867    3.57111492954913   -3.13048693363004
   0.14002228800508    3.56380520871940   -3.11757815399256
   0.13996041957364    3.56223055198907   -3.11514546845907
   0.13969542494979    3.55548598843274   -3.10475727013342
   0.13945113723967    3.54926845102367   -3.09418640875723
   0.13938764204605    3.54765239043098   -3.09169384826308
   0.13907797704545    3.53977088986559   -3.07863939365915
   0.13894326719120    3.53634229512470   -3.07311681042279
   0.13875196212967    3.53147325617062   -3.06583251653838
   0.13846304405288    3.52411980007721   -3.05296497901523
   0.13843524253700    3.52341220424722   -3.05208367020379
   0.13812629138845    3.51554887242950   -3.03982256931865
   0.13792639438079    3.51046115384385   -3.03108291102570
   0.13782844531671    3.50796818369079   -3.02707897398329
   0.13751215182298    3.49991797670933   -3.01411751563791
   0.13742502677019    3.49770049604002   -3.01075048593567
   0.13713271873663    3.49026075978527   -3.00118902429497
   0.13690837512847    3.48455083366781   -2.99478222679160
   0.13665255266491    3.47803971717951   -2.98837998839875
   0.13640004001136    3.47161284098131   -2.98268244197478
   0.13608049525907    3.46347988394390   -2.97546510906638
   0.13589195598449    3.45868123896850   -2.97136132793232
   0.13548296015842    3.44827160007406   -2.96236496104784
   0.13538387959479    3.44574983133449   -2.96004223457836
   0.13490930647277    3.43367113880442   -2.94950618159333
   0.13487572225325    3.43281636333852   -2.94873673326969
   0.13436758450249    3.41988339396134   -2.93743285469540
   0.13430894836912    3.41839100471028   -2.93647233654451
   0.13386780839643    3.40716324265287   -2.92749458427779
   0.13370531400656    3.40302748425847   -2.92354985111932
   0.13335923771128    3.39421925435966   -2.91617473030082
   0.13310102922320    3.38764740949208   -2.91064949544796
   0.13284380394157    3.38110058889984   -2.90506681185430
   0.13252845960797    3.37307453965693   -2.89775338303734
   0.13233556455472    3.36816503271124   -2.89377052709140
   0.13192659301623    3.35775601197710   -2.88477481346415
   0.13182744914585    3.35523263197315   -2.88246687432761
   0.13135151970204    3.34311941874826   -2.87193190378824
   0.13131947077055    3.34230371897228   -2.87114840479592
   0.13081916725346    3.32957014415671   -2.86041016512455
   0.13072733148495    3.32723276776608   -2.85868726537186
   0.13031064739973    3.31662744960958   -2.84990139201892
   0.13014233930789    3.31234372261908   -2.84617203220641
   0.12979589518521    3.30352613088777   -2.83879803552934
   0.12954502068428    3.29714094845782   -2.83306540416585
   0.12928762048552    3.29058967592728   -2.82750704217396
   0.12894332794433    3.28182684560151   -2.82009105445671
   0.12877954576491    3.27765831077459   -2.81620514452739
   0.12839110378235    3.26777180213033   -2.80748461941905
   0.12827165463824    3.26473161839957   -2.80488622807910
   0.12779588481280    3.25262246773361   -2.79435357774358
   0.12776376709861    3.25180501732077   -2.79356919475794
   0.12726323965454    3.23906574318318   -2.78283018446611
   0.12716992531985    3.23669073477007   -2.78114926977720
   0.12674838574812    3.22596183622968   -2.77253586810417
   0.12656169505463    3.22121024078455   -2.76839627077341
   0.12624000989073    3.21302280663397   -2.76125327704705
   0.12598466748393    3.20652390840621   -2.75562899579853
   0.12573222872443    3.20009891293708   -2.74993292470481
   0.12541283261901    3.19196973921530   -2.74271809159789
   0.12522419470978    3.18716858382012   -2.73863192198183
   0.12481212456059    3.17668069817735   -2.72971159146522
   0.12471639854126    3.17424430829162   -2.72731445305543
   0.12423388904202    3.16196362147272   -2.71701482122131
   0.12420074612752    3.16112007796964   -2.71625070969192
   0.12369398884142    3.14822224376424   -2.70569468523691
   0.12362869453749    3.14656039275636   -2.70413194294073
   0.12319344338609    3.13548251120918   -2.69496891164564
   0.12303179425405    3.13136826606324   -2.69102788747611
   0.12268504650621    3.12254294655558   -2.68368631014016
   0.12242978372601    3.11604607496013   -2.67806312190361
   0.12217736749255    3.10962165281713   -2.67236748773032
   0.12183317750429    3.10086143263769   -2.66495317130662
   0.12166937191435    3.09669230197306   -2.66106732065539
   0.12125746967252    3.08620868985790   -2.65214935203694
   0.12116166927086    3.08377040681524   -2.64975126803890
   0.12068621807126    3.07166936571848   -2.63922328635627
   0.12065395908186    3.07084831961166   -2.63843700418478
   0.12015341910509    3.05810872649531   -2.62769887942298
   0.12008613678201    3.05639627702127   -2.62621232036930
   0.11963902377161    3.04501649100250   -2.61741048163016
   0.11947730929143    3.04090058263546   -2.61346864300034
   0.11913060283023    3.03207631394261   -2.60612777035085
   0.11887351287070    3.02553293752786   -2.60057760573900
   0.11861521435921    3.01895880141166   -2.59503352077636
   0.11829666532837    3.01085118717730   -2.58780901420944
   0.11810755265042    3.00603794811159   -2.58371608066851
   0.11769938525405    2.99564939416101   -2.57472677733077
   0.11759967166390    2.99311151382065   -2.57242707685863
   0.11712503767949    2.98103127223914   -2.56189850180680
   0.11709184842616    2.98018654933419   -2.56113630309742
   0.11658569074520    2.96730397609854   -2.55059077847438
   0.11651922359508    2.96561227416204   -2.54907068819199
   0.11607719235094    2.95436182773127   -2.54006210529235
   0.11589474373531    2.94971820037760   -2.53582142282895
   0.11558424789232    2.94181555346122   -2.52833746423342
   0.11532628994970    2.93525008540154   -2.52281587546970
   0.11506918667765    2.92870637016039   -2.51726154501928
   0.11474752371728    2.92051950112724   -2.51014393957698
   0.11455380746988    2.91558909339484   -2.50616859539665
   0.11414562562201    2.90520017162905   -2.49717935067571
   0.11404596505255    2.90266364075547   -2.49488031208861
   0.11357136706213    2.89058431528228   -2.48435245507194
   0.11353818243607    2.88973971014918   -2.48359033131629
   0.11303930768409    2.87704249983407   -2.47362580879003
   0.11291080175093    2.87377180542890   -2.47126068503887
   0.11252317874595    2.86390614115628   -2.46418618323095
   0.11221288862426    2.85600873019663   -2.45833642171145
   0.11202256140840    2.85116457907666   -2.45510528231494
   0.11152142302439    2.83840975547905   -2.44674631117450
   0.11145203693121    2.83664376148063   -2.44539914374396
   0.11100019884185    2.82514371417158   -2.43842126973228
   0.11068114370960    2.81702321879650   -2.43281195567563
   0.11049268448377    2.81222661119757   -2.42955648965714
   0.10998801381985    2.79938188507292   -2.42137268358575
   0.10986395052583    2.79622426338484   -2.41963830694642
   0.10947773027753    2.78639430165347   -2.41336512989386
   0.10909951835737    2.77676816548427   -2.40682589710842
   0.10897021763609    2.77347724237086   -2.40448609889398
   0.10846936515383    2.76072969545882   -2.39618079551843
   0.10830908725944    2.75665035064166   -2.39382536061740
   0.10795536639744    2.74764755352718   -2.38831347018961
   0.10754434789413    2.73718643405921   -2.38104538088715
   0.10744778480221    2.73472873925324   -2.37947688471115
   0.10694814849691    2.72201214611191   -2.37189133500665
   0.10675249998470    2.71703255895588   -2.36805592990593
   0.10644023606854    2.70908491157240   -2.36302350177729
   0.10596687790405    2.69703714177637   -2.35486603010831
   0.10593226460318    2.69615617444100   -2.35416336871761
   0.10541841323674    2.68307778383408   -2.34628397332136
   0.10519797275030    2.67746719879803   -2.34223974565907
   0.10491066157037    2.67015464096069   -2.33744606285322
   0.10443754212379    2.65811294694126   -2.32929247312946
   0.10440314957296    2.65723759806977   -2.32859371731604
   0.10390313299955    2.64451132645861   -2.32102559709489
   0.10364344498612    2.63790182515625   -2.31643188683476
   0.10338840854031    2.63141071415590   -2.31242120671845
   0.10288809638812    2.61867691956239   -2.30407446329404
   0.10285370550326    2.61780161309261   -2.30337573095023
   0.10237374927509    2.60558591136193   -2.29544023959468
   0.10209066869946    2.59838102959441   -2.29052288284031
   0.10186624543627    2.59266907612108   -2.28657814436120
   0.10136557676947    2.57992620762490   -2.27824579238862
   0.10130300872105    2.57833374445303   -2.27739981249277
   0.10085153950392    2.56684308556953   -2.27042639153162
   0.10053242502218    2.55872107964885   -2.26482887244651
   0.10034406768550    2.55392706530201   -2.26159306855742
   0.09983686332332    2.54101785225048   -2.25427502154386
   0.09967872820028    2.53699304460581   -2.25188988004638
   0.09932480587406    2.52798511988465   -2.24639552549452
   0.09885091970610    2.51592391150293   -2.23911073408808
   0.09881815088180    2.51508988923104   -2.23835089265877
   0.09831494858724    2.50228253560230   -2.23166327802794
   0.09796699110543    2.49342642630887   -2.22601172913591
   0.09780748057922    2.48936661231603   -2.22363691297856
   0.09730723726596    2.47663456979049   -2.21686138539138
   0.09708031219345    2.47085894101782   -2.21302529560936
   0.09679993863831    2.46372295752242   -2.20878618699555
   0.09629238858675    2.45080494608872   -2.20071928429017
   0.09622982912799    2.44921270153843   -2.19987340743918
   0.09578500586968    2.43789119360195   -2.19345538677252
   0.09536763100341    2.42726829389377   -2.18722063277805
   0.09527106840507    2.42481061165018   -2.18568291154647
   0.09477067243854    2.41207468383946   -2.17891412293421
   0.09447923142706    2.40465701477015   -2.17434682145538
   0.09425668211441    2.39899275652284   -2.17111842999438
   0.09374929534314    2.38607890084990   -2.16310390901807
   0.09365127966126    2.38358423516067   -2.16158410460420
   0.09324217590717    2.37317184931474   -2.15578084572682
   0.09276949986109    2.36114144059170   -2.14840432199641
   0.09273482655739    2.36025894608239   -2.14773101050107
   0.09223434600447    2.34752086540415   -2.14096608185865
   0.09187989074769    2.33849937669430   -2.13557126903578
   0.09172039324135    2.33443989407934   -2.13319660257299
   0.09121389432380    2.32154863579248   -2.12584966911779
   0.09102416390316    2.31671967412544   -2.12263995492225
   0.09070605138906    2.30862316998396   -2.11783792624846
   0.09020504398879    2.29587168014530   -2.11029597533501
   0.09017016506749    2.29498395231878   -2.10964998465368
   0.08969208128252    2.28281590744987   -2.10326186757676
   0.08928257268614    2.27239321767985   -2.09673108697685
   0.08918438142853    2.26989408328971   -2.09524753444126
   0.08867757176656    2.25699491602935   -2.08793509612469
   0.08842511536319    2.25056947149392   -2.08386751717701
   0.08817001752528    2.24407679796019   -2.07990702482962
   0.08766274865307    2.23116594301869   -2.07267031434871
   0.08753706941174    2.22796719272499   -2.07097810880672
   0.08715587275616    2.21826508996639   -2.06535035401223
   0.08668319648752    2.20623467557874   -2.05797367620588
   0.08664852870487    2.20535232158973   -2.05730043960723
   0.08614161170277    2.19245042234053   -2.05000653440081
   0.08582642746215    2.18442844773607   -2.04508998863607
   0.08564101799898    2.17970946178026   -2.04246147732484
   0.08513330807614    2.16678738135066   -2.03520837025444
   0.08493815073856    2.16182029542401   -2.03221293757347
   0.08462010838608    2.15372557701511   -2.02741184113499
   0.08411962064297    2.14098731333431   -2.01985602472867
   0.08408495506843    2.14010501554547   -2.01918281831351
   0.08361287375963    2.12808974389675   -2.01258342657310
   0.08319668902475    2.11749713505503   -2.00630565291785
   0.08309860793076    2.11500080451660   -2.00482343911572
   0.08259201006051    2.10210702771538   -1.99751416192158
   0.08233950464064    2.09568033562657   -1.99344556543124
   0.08208439045443    2.08918724600083   -1.98948475698438
   0.08157709668794    2.07627575745770   -1.98224774434534
   0.08147932640166    2.07378733750347   -1.98073094365492
   0.08107075429643    2.06338848302470   -1.97491061874149
   0.08063141469453    2.05220654346372   -1.96748659701023
   0.08056923727001    2.05062402233435   -1.96658663458096
   0.08005635780665    2.03757036831237   -1.95958916881155
   0.07976844853292    2.03024258797123   -1.95485452787832
   0.07954895733918    2.02465616404778   -1.95154289684645
   0.07904248248353    2.01176551817746   -1.94423549004721
   0.07888383848161    2.00772775870043   -1.94184236807599
   0.07853528369188    1.99885644690533   -1.93697947923367
   0.07805564071168    1.98664871786789   -1.92911247212463
   0.07802153724027    1.98578072655907   -1.92841412552272
   0.07752092504931    1.97303929546881   -1.92165929662484
   0.07717031225048    1.96411560384440   -1.91607617908089
   0.07701338770821    1.96012160753795   -1.91363053516506
   0.07650832428471    1.94726688501445   -1.90706044897241
   0.07628720452735    1.94163901137898   -1.90300098464578
   0.07600564582201    1.93447286379680   -1.89877778029295
   0.07549559211616    1.92149113010606   -1.89167410670578
   0.07542660788875    1.91973536427430   -1.89029705364639
   0.07498566116592    1.90851252075444   -1.88372763746259
   0.07457302789617    1.89801030273627   -1.87727538760255
   0.07447818953073    1.89559650515054   -1.87569163742048
   0.07397259557802    1.88272827975697   -1.86915070396600
   0.07368701707039    1.87545982137443   -1.86433257037345
   0.07346490792615    1.86980676616149   -1.86111056480395
   0.07296349299689    1.85704490401749   -1.85357491513247
   0.07283039011446    1.85365720944060   -1.85147612629544
   0.07244384042319    1.84381886282584   -1.84605360884641
   0.07197136796834    1.83179363584563   -1.83870721133073
   0.07193671191399    1.83091158036170   -1.83803413700140
   0.07143728369681    1.81820028341644   -1.83123154043028
   0.07108898964593    1.80933560786825   -1.82557357009427
   0.07092952129397    1.80527686728168   -1.82319919275590
   0.07042406274369    1.79241208811027   -1.81587034309553
   0.07020606651646    1.78686371362520   -1.81247258930708
   0.06991583535431    1.77947683727760   -1.80784925152620
   0.06941453539876    1.76671790140982   -1.80030315651377
   0.06935116614952    1.76510504631560   -1.79949601532803
   0.06890221376556    1.75367844511364   -1.79330818565049
   0.06849141231217    1.74322284993511   -1.78680527706716
   0.06839467071212    1.74076061179406   -1.78526475171743
   0.06788857543151    1.72787962675327   -1.77796342343872
   0.06760845084953    1.72074998004794   -1.77371394654473
   0.06738754741405    1.71512761217213   -1.77043067464381
   0.06687667405361    1.70212501687898   -1.76253129903834
   0.06675081983700    1.69892181316723   -1.76087524092869
   0.06636732076007    1.68916110987215   -1.75538300944235
   0.06589459124070    1.67712934016282   -1.74800487957997
   0.06585993934503    1.67624739052428   -1.74733186458125
   0.06536068280946    1.66354046316811   -1.74056267453202
   0.06503570237525    1.65526915878738   -1.73525096872867
   0.06484663266686    1.65045701336994   -1.73278225878547
   0.06434502259163    1.63769018442911   -1.72524349389514
   0.06415039888165    1.63273668023167   -1.72225523425174
   0.06383297083392    1.62465759692270   -1.71744274042998
   0.06333116853999    1.61188587568940   -1.70990947153048
   0.06329631027178    1.61099867351913   -1.70926376381263
   0.06281974346057    1.59886923821064   -1.70289922721284
   0.06243771573794    1.58914598338331   -1.69651240507297
   0.06231151726362    1.58593401772758   -1.69487393282131
   0.06180562483614    1.57305819564381   -1.68757604260546
   0.06155291644240    1.56662633752520   -1.68350309454666
   0.06129771560639    1.56013104251462   -1.67954061698626
   0.06079537056247    1.54734550737178   -1.67217606114351
   0.06069595551839    1.54481522553597   -1.67065346871859
   0.06028445989223    1.53434196248084   -1.66499635706326
   0.05983902495165    1.52300488619098   -1.65781082283939
   0.05977705139342    1.52142755380513   -1.65694456013474
   0.05927080446901    1.50854270917203   -1.64966066582891
   0.05895578983667    1.50052505138658   -1.64474634330598
   0.05876329137255    1.49562563830828   -1.64161180819877
   0.05825751653723    1.48275280914493   -1.63431595376505
   0.05809829814634    1.47870043049265   -1.63191268305735
   0.05775040535330    1.46984596763816   -1.62706029938134
   0.05727055038451    1.45763284313099   -1.61918889408219
   0.05723590369855    1.45675102608856   -1.61851595594473
   0.05673622878184    1.44403345022109   -1.61174143760816
   0.05635926763158    1.43443914827144   -1.60598003279564
   0.05622896750908    1.43112278869864   -1.60368436692981
   0.05572974077660    1.41841661988148   -1.59691096243307
   0.05550079848194    1.41258964937677   -1.59317168922457
   0.05521527490199    1.40532258899713   -1.58915932080024
   0.05471343112232    1.39254981188106   -1.58180827426609
   0.05464268919387    1.39074930957065   -1.58038946324208
   0.05420181720678    1.37952836820225   -1.57382070861598
   0.05375742867496    1.36821792479379   -1.56739432307071
   0.05369475122812    1.36662267724654   -1.56656518366809
   0.05318971454469    1.35376863530326   -1.55926074923385
   0.05290348825178    1.34648368968436   -1.55442942578092
   0.05268108287687    1.34082309489726   -1.55123370091945
   0.05217550636456    1.32795531339154   -1.54394141303182
   0.05201610822661    1.32389835987107   -1.54153475227718
   0.05166840715289    1.31504877659913   -1.53668566973759
   0.05119754825339    1.30306461734504   -1.52855933960122
   0.05115987910081    1.30210587339006   -1.52785493244299
   0.05065508541947    1.28925801626295   -1.52134893379517
   0.05030644267567    1.28038446588721   -1.51568377092843
   0.05014697932959    1.27632585270902   -1.51330933359459
   0.04964063945874    1.26343864243109   -1.50603610219197
   0.04944687750268    1.25850707133551   -1.50296654889858
   0.04913469497970    1.25056149554658   -1.49875689640784
   0.04863278047917    1.23778691846474   -1.49038191534064
   0.04856943795961    1.23617474368633   -1.48957468202268
   0.04812071765663    1.22475404933950   -1.48343416576424
   0.04770986973070    1.21429727135607   -1.47692967742340
   0.04761295930955    1.21183073643085   -1.47538617133999
   0.04710628557978    1.19893502887588   -1.46812176734785
   0.04682175899595    1.19169334374196   -1.46405803949857
   0.04660021277529    1.18605461589079   -1.46084544876996
   0.04609905982830    1.17329942164068   -1.45325106895168
   0.04593941224907    1.16923611941552   -1.45095233476399
   0.04558722313717    1.16027230794446   -1.44550586587356
   0.04511303453599    1.14820340212315   -1.43812960000161
   0.04507818578322    1.14731644213685   -1.43748403592198
   0.04456637311192    1.13428993978622   -1.43045559279949
   0.04425270368776    1.12630651983514   -1.42548937627906
   0.04406634247172    1.12156331015140   -1.42292465654589
   0.04356962283789    1.10892095125581   -1.41529324655447
   0.04337241192773    1.10390159841664   -1.41226622673695
   0.04305245625975    1.09575818287667   -1.40760140512564
   0.04255198393222    1.08302031154845   -1.39997737626191
   0.04251577400198    1.08209870728233   -1.39940115055219
   0.04204038894006    1.06999934950168   -1.39305765642832
   0.04165742260236    1.06025220532551   -1.38665320584035
   0.04153254417868    1.05707383720214   -1.38500496973363
   0.04103457172561    1.04439959192770   -1.37736195341082
   0.04077588680128    1.03781562094800   -1.37351356757047
   0.04051811181511    1.03125480944104   -1.36969144822113
   0.04002979061317    1.01882620491094   -1.36286871704279
   0.03988851702354    1.01523055194914   -1.36062091454215
   0.03950541425112    1.00547993527757   -1.35515623341245
   0.03906035003930    0.99415229466487   -1.34797781256094
   0.03899785774747    0.99256175962699   -1.34710128922074
   0.03849207822428    0.97968881114953   -1.33982548505368
   0.03817714697766    0.97167327567234   -1.33491240538348
   0.03799351554916    0.96699954372082   -1.33216574999937
   0.03747925586351    0.95391076069603   -1.32448904839259
   0.03731940049578    0.94984216990028   -1.32207350861358
   0.03697148361342    0.94098709393189   -1.31724163107474
   0.03647352587223    0.92831322309985   -1.30956586169560
   0.03643701876884    0.92738405527184   -1.30897765067871
   0.03596796072216    0.91544573078252   -1.30229889670737
   0.03558188032060    0.90561932838848   -1.29614514265752
   0.03544966535044    0.90225423268825   -1.29387148259862
   0.03494772976050    0.88947911884482   -1.28736363655480
   0.03472258174053    0.88374871907967   -1.28334265141992
   0.03443893575936    0.87652944678012   -1.27931214756225
   0.03394951477723    0.86407285097493   -1.27106845706078
   0.03387497011399    0.86217556260098   -1.27002454164871
   0.03343582361640    0.85099853787303   -1.26436428728244
   0.03301408909243    0.84026467746674   -1.25748330388911
   0.03291598477091    0.83776775574790   -1.25595362598961
   0.03241140180585    0.82492526170842   -1.24947073492222
   0.03209684610910    0.81691928461365   -1.24454332689389
   0.03190361265812    0.81200116487053   -1.24141617042576
   0.03139869269590    0.79915009368054   -1.23413658477986
   0.03126841380513    0.79583427449114   -1.23183716478488
   0.03089033648261    0.78621156406060   -1.22608639432562
   0.03041132611294    0.77401993603644   -1.21900014549363
   0.03037669044547    0.77313839943320   -1.21832739264276
   0.02987743061336    0.76043138817425   -1.21155992128452
   0.02952780214347    0.75153274939428   -1.20599546374891
   0.02937004900192    0.74751766382783   -1.20350029808860
   0.02887515509690    0.73492177283353   -1.19656764265672
   0.02864195736382    0.72898649418865   -1.19298862033925
   0.02835664331663    0.72172476677384   -1.18897963337044
   0.02785861671543    0.70904914333767   -1.18165272284491
   0.02778298754563    0.70712425242828   -1.18025878724998
   0.02734421959077    0.69595686225629   -1.17444947046775
   0.02689935128611    0.68463420781362   -1.16727526115592
   0.02683536317406    0.68300560160910   -1.16640651434329
   0.02632866732583    0.67010933110197   -1.15995295512295
   0.02585422797503    0.65803404327660   -1.15404391980984
   0.02581851708076    0.65712514032407   -1.15356554222393
   0.02530771516032    0.64412436330040   -1.14905265824261
   0.02480624400751    0.63136107017142   -1.14466566127132
   0.02451796576155    0.62402389885985   -1.14165976256839
   0.02429841268949    0.61843590002821   -1.13985120262522
   0.02379287106740    0.60556900653795   -1.13579200858885
   0.02328863168462    0.59273525725135   -1.13091355429048
   0.02309379402070    0.58777630756251   -1.12866915060910
   0.02277831829633    0.57974691420123   -1.12613701562117
   0.02226759277040    0.56674808154779   -1.12162503718352
   0.02176372662848    0.55392383187524   -1.11656859826400
   0.02166872281060    0.55150582324375   -1.11576190254213
   0.02125944226403    0.54108893772872   -1.11239802105902
   0.02075295021228    0.52819785418820   -1.10755449490120
   0.02027509460597    0.51603561685407   -1.10285732348617
   0.02024031601718    0.51515044266051   -1.10230316775263
   0.01973417880886    0.50226839048840   -1.09823129841710
   0.01923323482324    0.48951851466042   -1.09383596670864
   0.01882018812188    0.47900577410508   -1.08982680981830
   0.01872476917811    0.47657719981413   -1.08902873338928
   0.01821414500611    0.46358094679045   -1.08451794610050
   0.01771593078299    0.45090054805735   -1.08006752629413
   0.01742568680492    0.44351334552270   -1.07697074850412
   0.01720078646268    0.43778924957685   -1.07483795250538
   0.01669942668185    0.42502879105396   -1.07044464480685
   0.01619613303169    0.41221911226989   -1.06553968900840
   0.01603455994464    0.40810680259810   -1.06395925796019
   0.01568463616645    0.39920064771988   -1.06079479925913
   0.01517795813723    0.38630483073687   -1.05676147186304
   0.01467100358929    0.37340197588225   -1.05202927984208
   0.01460657413288    0.37176213671356   -1.05129213452299
   0.01416464307664    0.36051424023544   -1.04707653856963
   0.01366080439291    0.34769068942065   -1.04297789794121
   0.01321134956798    0.33625130024215   -1.03842553631156
   0.01314739833070    0.33462363256319   -1.03773205615998
   0.01264470403303    0.32182920831859   -1.03335438279505
   0.01214178016377    0.30902894108675   -1.02924223609080
   0.01179172653568    0.30011948130803   -1.02529094105501
   0.01163140954266    0.29603914136414   -1.02366830562164
   0.01112652801406    0.28318904837518   -1.01959264193530
   0.01061870786597    0.27026416252573   -1.01477508299458
   0.01039490869294    0.26456809320765   -1.01257401521812
   0.01011148364129    0.25735444393969   -1.00994577026182
   0.00960666806597    0.24450602957376   -1.00587015463544
   0.00909593718888    0.23150706072400   -1.00056720177510
   0.00900059346479    0.22908040090168   -0.99970246924082
   0.00859156430092    0.21866991350369   -0.99622302185630
   0.00808848947179    0.20586580408670   -0.99211943922135
   0.00758599566639    0.19307648271134   -0.98671633418606
   0.00754892601589    0.19213299710333   -0.98634874594353
   0.00707165056276    0.17998552565358   -0.98250007066654
   0.00656194868987    0.16701274670970   -0.97800296412565
   0.00618326591731    0.15737462654664   -0.97385674972780
   0.00605837107279    0.15419584048500   -0.97281348779471
   0.00555373222345    0.14135192409533   -0.96873816060676
   0.00504889403072    0.12850293407796   -0.96386752063818
   0.00475828967544    0.12110655933094   -0.96088109096599
   0.00453402962866    0.11539875999244   -0.95868305301071
   0.00403182669803    0.10261684187424   -0.95424683700597
   0.00353156041796    0.08988421480423   -0.95011713533296
   0.00333337577652    0.08484007884904   -0.94796687633948
   0.00301402990391    0.07671218363741   -0.94497083396264
   0.00251192416772    0.06393273928287   -0.94052333183818
   0.00200345864211    0.05099142747854   -0.93585960999193
   0.00193828929231    0.04933275676564   -0.93519275891262
   0.00149402930269    0.03802558497486   -0.93125870159721
   0.00099570211051    0.02534231098720   -0.92674068758122
   0.00051608467857    0.01313523219648   -0.92213361564199
   0.00048068827748    0.01223433362987   -0.92157951391262
  -0.00002124921093   -0.00054082853299   -0.91711261143719
  -0.00052306521224   -0.01331289864238   -0.91300568287948
  -0.00087999161542   -0.02239728222802   -0.90931228023167
  -0.00103931548465   -0.02645234548342   -0.90786751733327
  -0.00153884951001   -0.03916633542671   -0.90335116155105
  -0.00204452000889   -0.05203650905016   -0.89849503961224
  -0.00229841259845   -0.05849850696522   -0.89603705498317
  -0.00255442145913   -0.06501436757693   -0.89370145147137
  -0.00305868254092   -0.07784866914011   -0.88962740437825
  -0.00356689677126   -0.09078358505258   -0.88480761266117
  -0.00372530078966   -0.09481523654125   -0.88330067699634
  -0.00407432222743   -0.10369842532203   -0.87997725740766
  -0.00457753091341   -0.11650594162338   -0.87589122959819
  -0.00507958378299   -0.12928404043272   -0.87044528712764
  -0.00511682586334   -0.13023191467365   -0.87009174600960
  -0.00560051200289   -0.14254254898819   -0.86595705930503
  -0.00610443076404   -0.15536813790925   -0.86185877044774
  -0.00651083403208   -0.16571179179565   -0.85744304168359
  -0.00661221356505   -0.16829207321220   -0.85666505182163
  -0.00712419695430   -0.18132292062510   -0.85407224009507
  -0.00763085517227   -0.19421823337812   -0.85416939167404
  -0.00813563837706   -0.20706582385913   -0.85592829107277
  -0.00847852270088   -0.21579281265960   -0.85864289107706
  -0.00863869364368   -0.21986943537703   -0.86026999654474
  -0.00914536484863   -0.23276507867099   -0.86430669623637
  -0.00965227304516   -0.24566675380331   -0.86834188799182
  -0.01006331795273   -0.25612854530443   -0.87157492985975
  -0.01015754437348   -0.25852676785791   -0.87238534613723
  -0.01066654904450   -0.27148180182898   -0.87721356018220
  -0.01117553199944   -0.28443628308916   -0.88095376344605
  -0.01161337543715   -0.29558014272870   -0.88452255027730
  -0.01167872348506   -0.29724336161204   -0.88529644131520
  -0.01218540028333   -0.31013914726548   -0.88933300347801
  -0.01269216749697   -0.32303723414366   -0.89336886922677
  -0.01316736077876   -0.33513171079391   -0.89731571341336
  -0.01320227438305   -0.33602032136162   -0.89790126553552
  -0.01370662836361   -0.34885698735655   -0.90223292850068
  -0.01421595871765   -0.36182031051419   -0.90595763943608
  -0.01471729415942   -0.37458014956649   -0.90963840955783
  -0.01474986495184   -0.37540913159044   -0.91037087760197
  -0.01522989995398   -0.38762683825235   -0.91480276030246
  -0.01573177743301   -0.40040047307426   -0.91839799582429
  -0.01623728448134   -0.41326648660368   -0.92255847085129
  -0.01630107174673   -0.41488998091936   -0.92332829754902
  -0.01675005182497   -0.42631728698791   -0.92770986253154
  -0.01725356886599   -0.43913265144889   -0.93127321751246
  -0.01775927518963   -0.45200373687369   -0.93523442186455
  -0.01788353476322   -0.45516635421045   -0.93619602465655
  -0.01826698001977   -0.46492568768527   -0.94014667911730
  -0.01877694662472   -0.47790520451011   -0.94384411733926
  -0.01927874859976   -0.49067691762698   -0.94744814192233
  -0.01943722676540   -0.49471045628879   -0.94900153742292
  -0.01978589741304   -0.50358471686471   -0.95227882429593
  -0.02029262527211   -0.51648180210231   -0.95631244904721
  -0.02079580490607   -0.52928857898027   -0.96039177324867
  -0.02098731447973   -0.53416282311560   -0.96206191963512
  -0.02130607335445   -0.54227577823314   -0.96518629782382
  -0.02181280428088   -0.55517294154019   -0.96921996536939
  -0.02232069572372   -0.56809964196228   -0.97322137888160
  -0.02254082710926   -0.57370235985515   -0.97487692737715
  -0.02283076086645   -0.58108166674111   -0.97772640211003
  -0.02333749511016   -0.59397891447848   -0.98176011325051
  -0.02383934238370   -0.60675178051937   -0.98536466548310
  -0.02409247955902   -0.61319455185803   -0.98774360284808
  -0.02434646485679   -0.61965890935442   -0.99019508223642
  -0.02485320262500   -0.63255624679632   -0.99422883802523
  -0.02535801492828   -0.64540457788352   -0.99765818071458
  -0.02567627319156   -0.65350479158920   -1.00069295145709
  -0.02586668188462   -0.65835101644209   -1.00229639475142
  -0.02637791495260   -0.67136276690349   -1.00676925850186
  -0.02687979329860   -0.68413642379106   -1.01037416984716
  -0.02722719408221   -0.69297836416915   -1.01359284571621
  -0.02738689966698   -0.69704314273401   -1.01520441352681
  -0.02789364520877   -0.70994067802690   -1.01923826226632
  -0.02840060341949   -0.72284362610543   -1.02326572685383
  -0.02881176772480   -0.73330845648174   -1.02650957087427
  -0.02890603884035   -0.73570781659373   -1.02733559503411
  -0.02941486419567   -0.74865828667587   -1.03211261504986
  -0.02991976505941   -0.76150887177706   -1.03539857970633
  -0.03039327408422   -0.77356048122469   -1.03960722453372
  -0.03042738341212   -0.77442862159129   -1.04021432046155
  -0.03093413766884   -0.78732637869387   -1.04424826692112
  -0.03144055566684   -0.80021557744055   -1.04829279169970
  -0.03194349352732   -0.81301620077239   -1.05184985192661
  -0.03197582425447   -0.81383907272701   -1.05260215307205
  -0.03245530993593   -0.82604279824422   -1.05712223457294
  -0.03296545710375   -0.83902691070072   -1.06085539622010
  -0.03346352230385   -0.85170351654460   -1.06468105309637
  -0.03349664831936   -0.85254662993967   -1.06538842648519
  -0.03397554900020   -0.86473546619691   -1.07003057538865
  -0.03448113668489   -0.87760353205848   -1.07330378036514
  -0.03498486872612   -0.89042436864040   -1.07760046058523
  -0.03504889212884   -0.89205387305241   -1.07835157092765
  -0.03549497689520   -0.90340748851295   -1.08216771935265
  -0.03600257356245   -0.91632668639518   -1.08616648094135
  -0.03650937017665   -0.92922552156771   -1.09014021429615
  -0.03663279688724   -0.93236694112568   -1.09115582719565
  -0.03701528413643   -0.94210189168492   -1.09507672463373
  -0.03752284988855   -0.95502030272473   -1.09907520402054
  -0.03802551505508   -0.96781398553231   -1.10258277445514
  -0.03818534522050   -0.97188193488626   -1.10408426037758
  -0.03853561907524   -0.98079699980767   -1.10717930729723
  -0.03904240124506   -0.99369546734604   -1.11121353855059
  -0.03954633161088   -1.00652135162576   -1.11533410778806
  -0.03973647628253   -1.01136085668526   -1.11703850799942
  -0.04005596061081   -1.01949227582884   -1.12008865476715
  -0.04056274878193   -1.03239089611049   -1.12412294390622
  -0.04106531697173   -1.04518211069547   -1.12766565583760
  -0.04128744258340   -1.05083558503275   -1.12999813121897
  -0.04157457710758   -1.05814364668101   -1.13306079502318
  -0.04207921710994   -1.07098759241683   -1.13875929340417
  -0.04236380696918   -1.07823088801736   -1.14282248421143
  -0.04258616158919   -1.08389019100610   -1.14601773774045
  -0.04309396620293   -1.09681468147984   -1.15325670651915
  -0.04328152443927   -1.10158835736495   -1.15575645221135
  -0.04360075725244   -1.10971337502145   -1.16051790630914
  -0.04410317243682   -1.12250069535855   -1.16712580788599
  -0.04419959266285   -1.12495475398484   -1.16868005790963
  -0.04461303385623   -1.13547753503252   -1.17507004629060
  -0.04508554397746   -1.14750372068611   -1.18165205282875
  -0.04512017389807   -1.14838511102198   -1.18232468183998
  -0.04562709167773   -1.16128703006144   -1.18958377105579
  -0.04596993638023   -1.17001301043167   -1.19457961708868
  -0.04612969114661   -1.17407904075215   -1.19708216210737
  -0.04664002743610   -1.18706796667665   -1.20412162313014
  -0.04685923816388   -1.19264725226463   -1.20743823706164
  -0.04714318007627   -1.19987405651688   -1.21161126877923
  -0.04765087958967   -1.21279587200830   -1.21876368516744
  -0.04774730296343   -1.21525001074974   -1.22031798123434
  -0.04816141304418   -1.22578981611792   -1.22669188027815
  -0.04863324872092   -1.23779883601298   -1.23328969706803
  -0.04866787981044   -1.23868025609967   -1.23396234470677
  -0.04917480798964   -1.25158243982500   -1.24122154582995
  -0.04952204792095   -1.26042028623853   -1.24611192481064
  -0.04968153514507   -1.26447950715370   -1.24848581908371
  -0.05018782011978   -1.27736532023142   -1.25576067980348
  -0.05040706968320   -1.28294559425262   -1.25907808266264
  -0.05069606145165   -1.29030092592404   -1.26379136500560
  -0.05119870807230   -1.30309413670740   -1.27040322505505
  -0.05129513492381   -1.30554836396345   -1.27195757004426
  -0.05170342159838   -1.31593995374671   -1.27779810444110
  -0.05218107847227   -1.32809713300317   -1.28492904600285
  -0.05221571085295   -1.32897858595189   -1.28560171338676
  -0.05272265121516   -1.34188107975543   -1.29286104361409
  -0.05306565728556   -1.35061116721307   -1.29786765768242
  -0.05322435798940   -1.35465036985047   -1.30039964785579
  -0.05373574273261   -1.36766598070407   -1.30740147262093
  -0.05395503158461   -1.37324725468630   -1.31071965751068
  -0.05424390663178   -1.38059961560278   -1.31543072501702
  -0.05474666993999   -1.39339579628292   -1.32204453081793
  -0.05487059494234   -1.39654989821311   -1.32377710972651
  -0.05525093873386   -1.40623029413162   -1.32945788473427
  -0.05572904534856   -1.41839892005592   -1.33657020438128
  -0.05576367914499   -1.41928040903801   -1.33724289266405
  -0.05627063350410   -1.43218325908640   -1.34450236974380
  -0.05661378274387   -1.44091699044804   -1.34951206012116
  -0.05677194351541   -1.44494245089056   -1.35205878590003
  -0.05728380747936   -1.45797025872634   -1.35904410712407
  -0.05750313608387   -1.46355254447748   -1.36236306681388
  -0.05779189679218   -1.47090199527565   -1.36707198119855
  -0.05829477745592   -1.48370116285358   -1.37368770891445
  -0.05839121227674   -1.48615559294215   -1.37524216074897
  -0.05880519946808   -1.49669227056574   -1.38161351264705
  -0.05927716167294   -1.50870451081654   -1.38821328010401
  -0.05931179701201   -1.50958603906161   -1.38888599047659
  -0.05981205696550   -1.52231850510930   -1.39564732337400
  -0.06016205956419   -1.53122666610320   -1.40115834773788
  -0.06031994721215   -1.53524517508643   -1.40370641959353
  -0.06083202676796   -1.54827847010164   -1.41068869211934
  -0.06105139559935   -1.55386177969520   -1.41400841911543
  -0.06134004438172   -1.56120838178794   -1.41871524419019
  -0.06184304308451   -1.57401055366018   -1.42533286909777
  -0.06193948240831   -1.57646509835709   -1.42688737904474
  -0.06235293156847   -1.58698808217293   -1.43327698212958
  -0.06282543996784   -1.59901422400248   -1.43985838432642
  -0.06286007697867   -1.59989579479641   -1.44053111801824
  -0.06336627745290   -1.61277945719335   -1.44781910963678
  -0.06370856391219   -1.62149122932541   -1.45291506306621
  -0.06386821463439   -1.62555461154447   -1.45535117890201
  -0.06437862031327   -1.63854530354672   -1.46238728058359
  -0.06459721121078   -1.64410881340107   -1.46578227537662
  -0.06488836204391   -1.65151909693824   -1.47036062782229
  -0.06539147948424   -1.66432429088253   -1.47698012452141
  -0.06551542176839   -1.66747883266389   -1.47871291431826
  -0.06590137930259   -1.67730210787467   -1.48492428154829
  -0.06637389294765   -1.68932838321587   -1.49150563156053
  -0.06640853176145   -1.69020999989865   -1.49217838984078
  -0.06691481182147   -1.70309568788924   -1.49946772720803
  -0.06725711606643   -1.71180791269683   -1.50456389639898
  -0.06741666124608   -1.71586860867841   -1.50699814184240
  -0.06792729487200   -1.72886510232058   -1.51403871671848
  -0.06814577485512   -1.73442578921503   -1.51743097292627
  -0.06843592644507   -1.74181064031478   -1.52205417694543
  -0.06893278866688   -1.75445662831669   -1.52896914632473
  -0.06902852266160   -1.75689322119001   -1.53055219049518
  -0.06944442688154   -1.76747869044966   -1.53685744817520
  -0.06988801849641   -1.77876885096721   -1.54322250187432
  -0.06995138047776   -1.78038152108135   -1.54412072620603
  -0.07046353516858   -1.79341672841007   -1.55111859754558
  -0.07080585846707   -1.80212943816237   -1.55621499433789
  -0.07096434729593   -1.80616324822117   -1.55866140223353
  -0.07147226601412   -1.81909064284717   -1.56591085229699
  -0.07166686046025   -1.82404340223010   -1.56890614353317
  -0.07198555908640   -1.83215482391904   -1.57365822885726
  -0.07248861814754   -1.84495853201393   -1.58028352909270
  -0.07258367799155   -1.84737796660569   -1.58189759922824
  -0.07299318147694   -1.85780052629262   -1.58850812483842
  -0.07343699692952   -1.86909638386039   -1.59487747543845
  -0.07349925410368   -1.87068093475361   -1.59578636192227
  -0.07400715212884   -1.88360780270689   -1.60303543045986
  -0.07432755866979   -1.89176269373043   -1.60768688349230
  -0.07452000623579   -1.89666081136521   -1.61081420077223
  -0.07502114040351   -1.90941552765092   -1.61756294139595
  -0.07524059976101   -1.91500114128799   -1.62082515582431
  -0.07552766735279   -1.92230749939292   -1.62564191418231
  -0.07603057547607   -1.93510736586246   -1.63232372459523
  -0.07612704266074   -1.93756261966617   -1.63386614464858
  -0.07654743502216   -1.94826231975440   -1.63990397466076
  -0.07698581285519   -1.95941978066300   -1.64658218569500
  -0.07704831128276   -1.96101047186561   -1.64744079528908
  -0.07755618275231   -1.97393666393346   -1.65468936272760
  -0.07787352018878   -1.98201344103187   -1.65944962033729
  -0.07806319925187   -1.98684109556209   -1.66276019445313
  -0.07857023527062   -1.99974602398721   -1.66921762133091
  -0.07876302584542   -2.00465287177877   -1.67229595201989
  -0.07907682681345   -2.01263963974477   -1.67729743633888
  -0.07958348864793   -2.02553504454422   -1.68456892014104
  -0.07964602516539   -2.02712670519939   -1.68541444836177
  -0.08009740801735   -2.03861516594282   -1.69232496810899
  -0.08053512492125   -2.04975580508169   -1.69823975988545
  -0.08059759589663   -2.05134579757946   -1.69909786711279
  -0.08111135518055   -2.06442184452977   -1.70686708531432
  -0.08142024319192   -2.07228356939906   -1.71122690865243
  -0.08161249434244   -2.07717668792565   -1.71441722324941
  -0.08212478284301   -2.09021530094035   -1.72144094648681
  -0.08230936729438   -2.09491328894350   -1.72408719222107
  -0.08262622177996   -2.10297777412089   -1.72895568549196
  -0.08313294413797   -2.11587471934717   -1.73622796382033
  -0.08319548492644   -2.11746648870674   -1.73707353984639
  -0.08364688414913   -2.12895536611306   -1.74398419143123
  -0.08408467735176   -2.14009794718423   -1.74990008677626
  -0.08414712149176   -2.14168725667586   -1.75075771027238
  -0.08466092448993   -2.15476441622838   -1.75852747084811
  -0.08494308101805   -2.16194577941636   -1.76270240076973
  -0.08516203508730   -2.16751853260864   -1.76607708971855
  -0.08567449710291   -2.18056156187579   -1.77310354018738
  -0.08583170730042   -2.18456282859369   -1.77556876834039
  -0.08618243257374   -2.19348938288503   -1.78110940213159
  -0.08668192941915   -2.20620242653521   -1.78790499049847
  -0.08671629056038   -2.20707697597903   -1.78860320997489
  -0.08719045703205   -2.21914531856657   -1.79594410593827
  -0.08760565982126   -2.22971293522211   -1.80143355405893
  -0.08770330443772   -2.23219815666574   -1.80295239557003
  -0.08820470365187   -2.24495961883357   -1.81047459429662
  -0.08849027730803   -2.25222795373806   -1.81447929116230
  -0.08871792813433   -2.25802205417790   -1.81825831024360
  -0.08921897232107   -2.27077448029485   -1.82500533157151
  -0.08937864944466   -2.27483853447418   -1.82736083083974
  -0.08973218330624   -2.28383657211019   -1.83279415241873
  -0.09023262115450   -2.29657356588232   -1.83955479785522
  -0.09026727564508   -2.29745558156559   -1.84022775789561
  -0.09074636604243   -2.30964924643020   -1.84734050264468
  -0.09112391579998   -2.31925852943575   -1.85311767170900
  -0.09124757163552   -2.32240578061314   -1.85487437981639
  -0.09176033208670   -2.33545640557280   -1.86190537837254
  -0.09201290743497   -2.34188487745810   -1.86596796397456
  -0.09226805729365   -2.34837887500901   -1.86992504195764
  -0.09276908574913   -2.36113090073854   -1.87667174418175
  -0.09290103256651   -2.36448917149485   -1.87885411851906
  -0.09328220457511   -2.37419064694591   -1.88448513569504
  -0.09377628717092   -2.38676588874173   -1.89152122401752
  -0.09381076341748   -2.38764336781172   -1.89220242848174
  -0.09429064782627   -2.39985724161707   -1.89927653784608
  -0.09467431585315   -2.40962224497553   -1.90478798015105
  -0.09480403715428   -2.41292387256082   -1.90706234585603
  -0.09530505592871   -2.42567565189137   -1.91380885293787
  -0.09556333174147   -2.43224921028637   -1.91763816941525
  -0.09581847292325   -2.43874298699542   -1.92159501167988
  -0.09632270293525   -2.45157649777971   -1.92899153788044
  -0.09644863443102   -2.45478166837752   -1.93064832577571
  -0.09683274583863   -2.46455795652901   -1.93615672882517
  -0.09732664750886   -2.47712859346152   -1.94320081562657
  -0.09736130789852   -2.47801075928654   -1.94387384918245
  -0.09784743102197   -2.49038341898312   -1.95146408613815
  -0.09821861529682   -2.49983068963501   -1.95669697532998
  -0.09834841915241   -2.50313441837184   -1.95902117865689
  -0.09886181676662   -2.51620126021353   -1.96602235932695
  -0.09910879242032   -2.52248721035473   -1.96953297063204
  -0.09936292688487   -2.52895536439932   -1.97355462033931
  -0.09987356696496   -2.54195202231099   -1.98067497831937
  -0.09999759382350   -2.54510871665435   -1.98240872556016
  -0.10038377143494   -2.55493759320485   -1.98859525928463
  -0.10085635468670   -2.56696564015488   -1.99520316749920
  -0.10089101823388   -2.56784788634402   -1.99587624032768
  -0.10139831991413   -2.58075957630590   -2.00313938047928
  -0.10174328979133   -2.58953964598430   -2.00818341992215
  -0.10189930564628   -2.59351051465419   -2.01069638031776
  -0.10241283101186   -2.60658060798521   -2.01769920192118
  -0.10265985537768   -2.61286779793298   -2.02121052327268
  -0.10291390473632   -2.61933378588752   -2.02523084950136
  -0.10342467276291   -2.63233370025480   -2.03235284771159
  -0.10352119236147   -2.63479028808101   -2.03390831211545
  -0.10393482694907   -2.64531799134021   -2.04029916218142
  -0.10440028730626   -2.65716474851752   -2.04716961674869
  -0.10443585081567   -2.65806990027500   -2.04784002977916
  -0.10494940529669   -2.67114073464351   -2.05485796765914
  -0.10529198271513   -2.67985991218030   -2.05995727695022
  -0.10545051770466   -2.68389489710674   -2.06237526295864
  -0.10596417170422   -2.69696826439125   -2.06937971104892
  -0.10618409747761   -2.70256574910523   -2.07270855356800
  -0.10647154240278   -2.70988171098623   -2.07739486772553
  -0.10697610906251   -2.72272379002766   -2.08403442990776
  -0.10707263796322   -2.72518061460912   -2.08559000237120
  -0.10748629988694   -2.73570901361898   -2.09198111375600
  -0.10793021492507   -2.74700740580840   -2.09839113436056
  -0.10799369411178   -2.74862305899800   -2.09923698544050
  -0.10850100607258   -2.76153501061724   -2.10654150416130
  -0.10884361695586   -2.77025503989106   -2.11164119329391
  -0.10900170894830   -2.77427874978867   -2.11408010701034
  -0.10950946294583   -2.78720195199409   -2.12132627845198
  -0.10970355041614   -2.79214180798037   -2.12442469219399
  -0.11001668591648   -2.80011163866271   -2.12941374876500
  -0.11051716747241   -2.81284974486937   -2.13619210051638
  -0.11061442235699   -2.81532504697429   -2.13771132051818
  -0.11103145099652   -2.82593913462342   -2.14395514793243
  -0.11147652607836   -2.83726705189688   -2.15037527837984
  -0.11153878379256   -2.83885161653499   -2.15122979133142
  -0.11205298968897   -2.85193903053255   -2.15900435442983
  -0.11236565134778   -2.85989680114253   -2.16323900405518
  -0.11256043024039   -2.86485425500151   -2.16626782484122
  -0.11306778741580   -2.87776735740949   -2.17359757026139
  -0.11325219719336   -2.88246089966747   -2.17623943104068
  -0.11356872390906   -2.89051704254444   -2.18110199984282
  -0.11407604450627   -2.90342921397494   -2.18838158610763
  -0.11413863283365   -2.90502219328058   -2.18922768753302
  -0.11459034832173   -2.91651912017867   -2.19613643096100
  -0.11500123861494   -2.92697697648153   -2.20188744704767
  -0.11509781204806   -2.92943493448848   -2.20341845870168
  -0.11560530868537   -2.94235158643888   -2.21069360290342
  -0.11588825108321   -2.94955295134692   -2.21488338461110
  -0.11610624990163   -2.95510139178217   -2.21824265131213
  -0.11662023873906   -2.96818328125952   -2.22529088685620
  -0.11677726383597   -2.97217983685235   -2.22775177867993
  -0.11712141522575   -2.98093907463482   -2.23275646378001
  -0.11763254388762   -2.99394816778332   -2.23910313460772
  -0.11772910307635   -2.99640576324630   -2.24065906056667
  -0.11813596620649   -3.00676112140462   -2.24654526514684
  -0.11860893485781   -3.01879897742863   -2.25393187013364
  -0.11864359810887   -3.01968121608096   -2.25461472084624
  -0.11915793824993   -3.03277204683290   -2.26244790277552
  -0.11943787568918   -3.03989693043754   -2.26668485012064
  -0.11966588112653   -3.04570005633162   -2.27044340528907
  -0.12016646257100   -3.05844070487124   -2.27720806849264
  -0.12032502466462   -3.06247637964276   -2.27966317561203
  -0.12067391547961   -3.07135624385167   -2.28530035907834
  -0.12117464114645   -3.08410056309582   -2.29207938716425
  -0.12120932567986   -3.08498334342035   -2.29275272103291
  -0.12168901858784   -3.09719234320452   -2.29984767541099
  -0.12207160661366   -3.10692985870044   -2.30542135892118
  -0.12220398685897   -3.11029916093418   -2.30759269276317
  -0.12271152847876   -3.12321695776519   -2.31489481403850
  -0.12295835581010   -3.12949913285047   -2.31843093663201
  -0.12321196524267   -3.13595392393874   -2.32244487668721
  -0.12372348352206   -3.14897293351496   -2.32957604285135
  -0.12384759581932   -3.15213180241908   -2.33131074857282
  -0.12423458312050   -3.16198128694961   -2.33749406880376
  -0.12470718855900   -3.17400989858993   -2.34412334469550
  -0.12474212535975   -3.17489909954677   -2.34480003954095
  -0.12524230856883   -3.18762961231892   -2.35236387943302
  -0.12558986947946   -3.19647562820186   -2.35727398269324
  -0.12574998772986   -3.20055090980826   -2.35963172278849
  -0.12625776947602   -3.21347481826334   -2.36687810783738
  -0.12647938583518   -3.21911533125872   -2.37017264808149
  -0.12676538699460   -3.22639454684742   -2.37497014159685
  -0.12727300228662   -3.23931421876199   -2.38225317627968
  -0.12733561663050   -3.24090786023155   -2.38309956939448
  -0.12778058946513   -3.25223317513969   -2.38953916359013
  -0.12819286085123   -3.26272618260392   -2.39602639923220
  -0.12828839041498   -3.26515757236132   -2.39760369943783
  -0.12879600286581   -3.27807717196257   -2.40488999220820
  -0.12904800146253   -3.28449096454076   -2.40902194765510
  -0.12930324430465   -3.29098732867812   -2.41382070915751
  -0.12971851859437   -3.30155676514310   -2.42182221706968
  -0.12981063348454   -3.30390124565455   -2.42353651952076
  -0.13031799310096   -3.31681441019037   -2.43405797663706
  -0.13035071208820   -3.31764716402401   -2.43483703811291
  -0.13082712468959   -3.32977267443048   -2.44523869607702
  -0.13095355715507   -3.33299059555910   -2.44777212856798
  -0.13133425042499   -3.34267988629683   -2.45663905135328
  -0.13152685930136   -3.34758210955454   -2.46062313943155
  -0.13184934973160   -3.35579003910239   -2.46774595585692
  -0.13212874618342   -3.36290115365765   -2.47359189530305
  -0.13234917672204   -3.36851148550471   -2.47848878114856
  -0.13272575565119   -3.37809605927732   -2.48669163712201
  -0.13284996301610   -3.38125734781458   -2.48921056897019
  -0.13333249935228   -3.39353871767898   -2.49951835868758
  -0.13336498751462   -3.39436559662685   -2.50029399425777
  -0.13386536270410   -3.40710099562632   -2.51102425227517
  -0.13393175392705   -3.40879076508776   -2.51254848822861
  -0.13437999495689   -3.42019926111831   -2.52213807205069
  -0.13450997759468   -3.42350754016583   -2.52526751227423
  -0.13488892010283   -3.43315227104102   -2.53339631594480
  -0.13511202645235   -3.43883070682327   -2.53823337317155
  -0.13538871735417   -3.44587296053289   -2.54414817896544
  -0.13570858795452   -3.45401421095720   -2.55134486400605
  -0.13589698172612   -3.45880915263465   -2.55545507415887
  -0.13630848170926   -3.46928252658225   -2.56434980695929
  -0.13640508888945   -3.47174134350983   -2.56676314546259
  -0.13688783511271   -3.48402805535739   -2.57707390479793
  -0.13692025529339   -3.48485320405620   -2.57784848925442
  -0.13742067244572   -3.49758967108171   -2.58857950935867
  -0.13751251576465   -3.49992723964335   -2.59030216833349
  -0.13792949856283   -3.51054016055260   -2.59907103475793
  -0.13809582878482   -3.51477354739367   -2.60287595416654
  -0.13843664513075   -3.52344790264179   -2.61039296408073
  -0.13869475668898   -3.53001728047988   -2.61591765368170
  -0.13895203815659   -3.53656553110077   -2.62147958510535
  -0.13929636810744   -3.54532931356599   -2.62889451810068
  -0.13945991783418   -3.54949193207748   -2.63279765912818
  -0.13986904643768   -3.55990495038292   -2.64178588625083
  -0.13996032600810   -3.56222817058695   -2.64352221555606
  -0.14046850743731   -3.57516225165517   -2.65402442256205
  -0.14050171263144   -3.57600738028062   -2.65478669136080
  -0.14098348329128   -3.58826926238099   -2.66514337751910
  -0.14108142462285   -3.59076203572850   -2.66747106186906
  -0.14149152834098   -3.60119987235859   -2.67645551077241
  -0.14167849496700   -3.60595849075554   -2.68058187848625
  -0.14199247763643   -3.61394988333111   -2.68715435879291
  -0.14228028572384   -3.62127508830825   -2.69355543242745
  -0.14250818315719   -3.62707546531687   -2.69904777638758
  -0.14285256839708   -3.63584065498203   -2.70646358566564
  -0.14300867534868   -3.63981384221633   -2.70977815042584
  -0.14348352926458   -3.65189968142799   -2.71952349939007
  -0.14351655113191   -3.65274014407486   -2.72028620567030
  -0.14402485816998   -3.66567742210185   -2.73159602251445
  -0.14405806879299   -3.66652268890144   -2.73235837904551
  -0.14454002141214   -3.67878920217558   -2.74271777655562
  -0.14466286196122   -3.68191570292702   -2.74524526318028
  -0.14504021769152   -3.69152004760922   -2.75342598417043
  -0.14526297319922   -3.69718955387076   -2.75827974675917
  -0.14555627635025   -3.70465461755653   -2.76453762840122
  -0.14583970407944   -3.71186833497236   -2.77104460216561
  -0.14606510358477   -3.71760513546717   -2.77579492178103
  -0.14646937366568   -3.72789449611545   -2.78413613851213
  -0.14656536861820   -3.73033773080815   -2.78655034919684
  -0.14704782904081   -3.74261716854329   -2.79685544450359
  -0.14708122810819   -3.74346723157251   -2.79763617633761
  -0.14758152092096   -3.75620053394481   -2.80837443028078
  -0.14764700980431   -3.75786733732980   -2.80993337373873
  -0.14809116258824   -3.76917178055367   -2.81964704556892
  -0.14825194636412   -3.77326400091460   -2.82282095117450
  -0.14860534605022   -3.78225862355663   -2.83080922871375
  -0.14884957949498   -3.78847477981998   -2.83593010742848
  -0.14910619014387   -3.79500595696420   -2.84150997970849
  -0.14942633329786   -3.80315414434197   -2.84871086753735
  -0.14961463815223   -3.80794682292467   -2.85282042264762
  -0.15002682445046   -3.81843766475805   -2.86172537731446
  -0.15012274851676   -3.82087909527585   -2.86413857752304
  -0.15060523788276   -3.83315926966950   -2.87444446609398
  -0.15063871519531   -3.83401132417148   -2.87522608860757
  -0.15113071762747   -3.84653362226694   -2.88536874895809
  -0.15123122372027   -3.84909167314674   -2.88768420997444
  -0.15165486100511   -3.85987396205116   -2.89708819358696
  -0.15180962917236   -3.86381307494840   -2.90041412152691
  -0.15215591319879   -3.87262659195839   -2.90778421077847
  -0.15241184057708   -3.87914037870467   -2.91339111361736
  -0.15266402151335   -3.88555881213419   -2.91910563557128
  -0.15300900380469   -3.89433919777376   -2.92650911596745
  -0.15317252486626   -3.89850108670766   -2.93041717684921
  -0.15358932051730   -3.90910924440388   -2.93919314439528
  -0.15368046057401   -3.91142891374687   -2.94093646867992
  -0.15418170433782   -3.92418641943934   -2.95168950798325
  -0.15421319465528   -3.92498790153901   -2.95245680228057
  -0.15469613553233   -3.93727956765641   -2.96439743745626
  -0.15472581349674   -3.93803492229077   -2.96524783601215
  -0.15513175725052   -3.94836688075801   -2.97830389932450
  -0.15520349755622   -3.95019279346638   -2.98137750100423
  -0.15544554315137   -3.95635326523874   -2.99127415387832
  -0.15570612278068   -3.96298545968038   -3.00175686322777
  -0.15576667958958   -3.96452673338806   -3.00414417880905
  -0.15606134112339   -3.97202637022409   -3.01694425442100
  -0.15621413598345   -3.97591525909957   -3.02270111084079
  -0.15637616198325   -3.98003909617057   -3.02991326604693
  -0.15669315196657   -3.98810702999565   -3.04289481114559
  -0.15672300082369   -3.98886673413978   -3.04374265258084
  -0.15700537847529   -3.99605372529641   -3.05589974459861
  -0.15722503462489   -4.00164434762679   -3.06403039282714
  -0.15735107286864   -4.00485223514206   -3.06885637192290
  -0.15764500222099   -4.01233323671584   -3.08171270367497
  -0.15774748864735   -4.01494169045032   -3.08561436438120
  -0.15796601822201   -4.02050363953393   -3.09456066076681
  -0.15825603221161   -4.02788498847095   -3.10662778782735
  -0.15828269746532   -4.02856366449763   -3.10751102725515
  -0.15857248472832   -4.03593924285731   -3.12039122356661
  -0.15875796723565   -4.04066008791130   -3.12774829033843
  -0.15891124016195   -4.04456114438497   -3.13349891299272
  -0.15921046924152   -4.05217703302374   -3.14622149650138
  -0.15927380558722   -4.05378905066681   -3.14864988472312
  -0.15952431043819   -4.06016482487679   -3.15921211660812
  -0.15977583034350   -4.06656643394515   -3.16983857961485
  -0.15983693797622   -4.06812172705498   -3.17222999382470
  -0.16015507763771   -4.07621892214354   -3.18518328317025
  -0.16029176792487   -4.07969792226775   -3.19067141302377
  -0.16047843752778   -4.08444898092174   -3.19800604429596
  -0.16077163704320   -4.09191140690492   -3.21082219009631
  -0.16080036339309   -4.09264254133245   -3.21169009662495
  -0.16108603932567   -4.09991347934535   -3.22382278400745
  -0.16130896291253   -4.10558726350737   -3.23270914537805
  -0.16140087234655   -4.10792651481047   -3.23680085310774
  -0.16169403353039   -4.11538796518997   -3.24961694998097
  -0.16181835406544   -4.11855213409967   -3.25371635814020
  -0.16203704481287   -4.12411818530401   -3.26266580144799
  -0.16232010907300   -4.13132265181451   -3.27485321886212
  -0.16234757785429   -4.13202177898359   -3.27572165634962
  -0.16264554375981   -4.13960551769574   -3.28846921685192
  -0.16283657359169   -4.14446755158764   -3.29573836539308
  -0.16299136434384   -4.14840723930902   -3.30146486064490
  -0.16328175834519   -4.15579826019086   -3.31433561320297
  -0.16334520873874   -4.15741318054577   -3.31676566854783
  -0.16359585036685   -4.16379243596659   -3.32733093472059
  -0.16383995692189   -4.17000536267087   -3.33732424589447
  -0.16390852909217   -4.17175064094832   -3.34035086178566
  -0.16420549937405   -4.17930903934656   -3.35311423954127
  -0.16436341532106   -4.18332826858870   -3.35879517614445
  -0.16455029089694   -4.18808456960469   -3.36613331641327
  -0.16484333347506   -4.19554300126709   -3.37894935939521
  -0.16487229579691   -4.19628014158193   -3.37981990303069
  -0.16515798572138   -4.20355143571220   -3.39195419224705
  -0.16537426247123   -4.20905604657553   -3.40014453347222
  -0.16549587641470   -4.21215132812933   -3.40508322653977
  -0.16579368220196   -4.21973099155960   -3.41783534773911
  -0.16588341662640   -4.22201488517246   -3.42116071253134
  -0.16610941802192   -4.22776700479576   -3.43080740249305
  -0.16639198058716   -4.23495870231864   -3.44224017880216
  -0.16642628114248   -4.23583170974806   -3.44376305117694
  -0.16673878432209   -4.24378544679293   -3.45680274879744
  -0.16690154509943   -4.24792798520116   -3.46320848615733
  -0.16706405463932   -4.25206412918922   -3.46961531589945
  -0.16735440949354   -4.25945415371035   -3.48248718162559
  -0.16741070403995   -4.26088694559350   -3.48422963662748
  -0.16766874694791   -4.26745457616536   -3.49548728146760
  -0.16791184206836   -4.27364176014023   -3.50549356962702
  -0.16800355960004   -4.27597612720279   -3.50865934854642
  -0.16829956290258   -4.28350991433350   -3.52146566710249
  -0.16842897583353   -4.28680369337379   -3.52627937102082
  -0.16862350651142   -4.29175482974651   -3.53429877335857
  -0.16891640858840   -4.29920968541577   -3.54711514306477
  -0.16894559392360   -4.29995250179963   -3.54798815495262
  -0.16922974555153   -4.30718464366857   -3.56015104980756
  -0.16944787444036   -4.31273639461668   -3.56911757415672
  -0.16953784815573   -4.31502637859022   -3.57319337339554
  -0.16972006405230   -4.31966408284834   -3.58612791690284
  -0.16978807328479   -4.32139503340226   -3.59897230475885
  -0.16976955110386   -4.32092361241784   -3.61189653992111
  -0.16973843478631   -4.32013164925158   -3.62482345899806
  -0.16970732133080   -4.31933975892889   -3.63775046891634
  -0.16969215552194   -4.31895376331801   -3.65065430032024
  -0.16966104782920   -4.31816201966783   -3.66358150060124
  -0.16962994301246   -4.31737034921647   -3.67650879249588
  -0.16959884107634   -4.31657875208211   -3.68943617625591
  -0.16956774202551   -4.31578722838311   -3.70236365213299
  -0.16953664586461   -4.31499577823795   -3.71529122037874
  -0.16950511568948   -4.31419328169277   -3.72821468817158
  -0.16946827559833   -4.31325563876035   -3.74117048242145
  -0.16944599119933   -4.31268846293178   -3.74440095573226
  -0.16942428883821   -4.31213610095642   -3.75408979527852
  -0.16937782313125   -4.31095346974202   -3.76696972712023
  -0.16932077130330   -4.30950140375652   -3.77995022209508
  -0.16929628213403   -4.30887811277749   -3.79285737883751
  -0.16919619934171   -4.30633083561416   -3.80572746121033
  -0.16900525011528   -4.30147085326809   -3.81852767918487
  -0.16894689472201   -4.29998560932995   -3.82023913517126
  -0.16859692230993   -4.29107821663658   -3.83148242194369
  -0.16843870537514   -4.28705132674402   -3.83554461861915
  -0.16812110894110   -4.27896795771717   -3.84439972462998
  -0.16793076902246   -4.27412348329008   -3.84924330040441
  -0.16763882291560   -4.26669295868491   -3.85718563463450
  -0.16742289262554   -4.26119716581212   -3.86293857442132
  -0.16713031235806   -4.25375050074142   -3.87004407019025
  -0.16690832518138   -4.24810054981005   -3.87573573871869
  -0.16665533132422   -4.24166142616235   -3.88301087686386
  -0.16640818035811   -4.23537101402207   -3.88960866491480
  -0.16615440944193   -4.22891211290160   -3.89606677591626
  -0.16590064056661   -4.22245326372418   -3.90252488368377
  -0.16564687406210   -4.21599447488819   -3.90898299687100
  -0.16538520189844   -4.20933447359052   -3.91604706998338
  -0.16516438960659   -4.20371442547490   -3.92175342402979
  -0.16488563023716   -4.19661952574912   -3.92916571232035
  -0.16466359216870   -4.19096827953564   -3.93481656782279
  -0.16437148328103   -4.18353361188210   -3.94277058287616
  -0.16418784477542   -4.17885969980622   -3.94773392290544
  -0.16387065531762   -4.17078668901644   -3.95580657442672
  -0.16370520699544   -4.16657574802428   -3.96049453109962
  -0.16336320266327   -4.15787115650725   -3.96953121203061
  -0.16320461210907   -4.15383475736562   -3.97356754734094
  -0.16285571540527   -4.14495474327618   -3.98244747666766
  -0.16272192813671   -4.14154962990927   -3.98632413720474
  -0.16234828024223   -4.13203965595060   -3.99617213921697
  -0.16222141206106   -4.12881064511723   -3.99940121385103
  -0.16183290279781   -4.11892242406516   -4.00969441956641
  -0.16173869110329   -4.11652457631925   -4.01215433445538
  -0.16133339220729   -4.10620903057845   -4.02281311666706
  -0.16123824425207   -4.10378735340675   -4.02523492857505
  -0.16081803173661   -4.09309223070361   -4.03633543263956
  -0.16075460081021   -4.09147780582097   -4.03794997601899
  -0.16031028935166   -4.08016932405818   -4.04927166497720
  -0.16024911373065   -4.07861230053065   -4.05093625965228
  -0.15981114590168   -4.06746527492239   -4.06317889386008
  -0.15977943146033   -4.06665808848877   -4.06398616737488
  -0.15930411924031   -4.05456058465837   -4.07610420355922
  -0.15927297258702   -4.05376784939610   -4.07692491436077
  -0.15882014857081   -4.04224270857315   -4.08961877615105
  -0.15878843513025   -4.04143554761130   -4.09042605180546
  -0.15831260136670   -4.02932476961182   -4.10254457024646
  -0.15828149913543   -4.02853316496513   -4.10336623709920
  -0.15781328361004   -4.01661628407470   -4.11565396179414
  -0.15778157115344   -4.01580914815620   -4.11646123874340
  -0.15732969254727   -4.00430806962579   -4.12836914538304
  -0.15726680912426   -4.00270757963479   -4.13000850511619
  -0.15683025562493   -3.99159655111958   -4.14148797205405
  -0.15675892584967   -3.98978108710841   -4.14370856996173
  -0.15634667910390   -3.97928870678256   -4.15420320116080
  -0.15625154600437   -3.97686740771335   -4.15662504290766
  -0.15583930559500   -3.96637518865963   -4.16711969066509
  -0.15574480359989   -3.96396995227045   -4.16956705166874
  -0.15536369547400   -3.95427010274296   -4.18003734270626
  -0.15523685516339   -3.95104180126265   -4.18326647498683
  -0.15488035952780   -3.94196838144449   -4.19275823171280
  -0.15472235040564   -3.93794678073636   -4.19683516391410
  -0.15438074122483   -3.92925224649294   -4.20587157645935
  -0.15422301549192   -3.92523785852285   -4.20993698453459
  -0.15388135007509   -3.91654189297696   -4.21899052469032
  -0.15372369348621   -3.91252926484022   -4.22303478960118
  -0.15340283022918   -3.90436274961622   -4.23183937361435
  -0.15320852535029   -3.89941736021198   -4.23658059145737
  -0.15289843957153   -3.89152515012714   -4.24482490439634
  -0.15270028672514   -3.88648182340995   -4.25027472217819
  -0.15241689252693   -3.87926895941447   -4.25759260994933
  -0.15220092075330   -3.87377211071446   -4.26339375294249
  -0.15191555732785   -3.86650912653898   -4.27065939272825
  -0.15168570317471   -3.86065894768632   -4.27691653423060
  -0.15143205032051   -3.85420305144376   -4.28337489601190
  -0.15117976894792   -3.84778206173909   -4.28986969330916
  -0.15095650266885   -3.84209955547805   -4.29629279022510
  -0.15067114911590   -3.83483682257437   -4.30355847031289
  -0.15045084514820   -3.82922971217245   -4.30925033787285
  -0.15017181260210   -3.82212785963605   -4.31667761462485
  -0.14994987577526   -3.81647919019386   -4.32232872168169
  -0.14965662403344   -3.80901543495991   -4.33020053772598
  -0.14946790908193   -3.80421231870797   -4.33508082957857
  -0.14915730186217   -3.79630683706348   -4.34331974434070
  -0.14896498613961   -3.79141207506833   -4.34812359015231
  -0.14864837925251   -3.78335389169313   -4.35541983132571
  -0.14838877393875   -3.77674649523821   -4.36089328792790
  -0.14813090721842   -3.77018334894087   -4.36553673663409
  -0.14763490132978   -3.75755915607366   -4.37156048281049
  -0.14743800819606   -3.75254789118485   -4.37389426918301
  -0.14712102242454   -3.74448006455714   -4.37712903766435
  -0.14661396229321   -3.73157452242596   -4.38278825973193
  -0.14623417340807   -3.72190824981770   -4.38693003209551
  -0.14610477694328   -3.71861488986926   -4.38839525989440
  -0.14559755967061   -3.70570534822395   -4.39324605069799
  -0.14508917166692   -3.69276600948431   -4.39887234116740
  -0.14502440023171   -3.69111746637391   -4.39959003009993
  -0.14458135772176   -3.67984128150976   -4.40370665256740
  -0.14407643381430   -3.66699010990662   -4.40859553824974
  -0.14375885291118   -3.65890713616824   -4.41268801912951
  -0.14356582619011   -3.65399427805279   -4.41499236135505
  -0.14305856116136   -3.64108352093406   -4.41983953268829
  -0.14255496339611   -3.62826610190415   -4.42508820634953
  -0.14251916609883   -3.62735499984799   -4.42556215586558
  -0.14203750206152   -3.61509583147208   -4.42998279410849
  -0.14153154308741   -3.60221831566351   -4.43572758287356
  -0.14131028924211   -3.59658702926213   -4.43820553346599
  -0.14102179692711   -3.58924440953002   -4.44123504267421
  -0.14051471197353   -3.57633823563028   -4.44613402473891
  -0.14007683324574   -3.56519347779815   -4.45129431871688
  -0.14001065385124   -3.56350909973116   -4.45204584030112
  -0.13949886325109   -3.55048315912845   -4.45658036019534
  -0.13899162000831   -3.53757295649968   -4.46225406629865
  -0.13883409191735   -3.53356359885336   -4.46392830368186
  -0.13848311940631   -3.52463075194157   -4.46783315765363
  -0.13797690022303   -3.51174661336756   -4.47276281034440
  -0.13760223427318   -3.50221072816937   -4.47714772768101
  -0.13747289505540   -3.49891882525446   -4.47866575485733
  -0.13696556810150   -3.48600649203525   -4.48350797857796
  -0.13645747324663   -3.47307461443138   -4.48914354532568
  -0.13636292227092   -3.47066813140275   -4.48999334834199
  -0.13594975053862   -3.46015220859756   -4.49397822979290
  -0.13544420459105   -3.44728520501641   -4.49884472918755
  -0.13512300310428   -3.43911008127055   -4.50271319195069
  -0.13492917929515   -3.43417693590929   -4.50490976453635
  -0.13442306935265   -3.42129557769878   -4.50982677135989
  -0.13398519463095   -3.41015092182872   -4.51573140035990
  -0.13392134491826   -3.40852583812303   -4.51658249392771
  -0.13341220915131   -3.39556746753752   -4.52301505262931
  -0.13293239693178   -3.38335543107145   -4.52850508787211
  -0.13289789027690   -3.38247717805802   -4.52902689029779
  -0.13239487067566   -3.36967447428475   -4.53184271143314
  -0.13188389089417   -3.35666917039506   -4.53638491471233
  -0.13144025376808   -3.34537785153969   -4.54126419580267
  -0.13137547922787   -3.34372922940185   -4.54198756577740
  -0.13086843177637   -3.33082400999384   -4.54685484592950
  -0.13036453155434   -3.31799889292468   -4.55199854075013
  -0.13017069992455   -3.31306554851431   -4.55413638146974
  -0.12985317032745   -3.30498388060133   -4.55733319920317
  -0.12935178055240   -3.29222265867454   -4.56252549834088
  -0.12896639290880   -3.28241388814802   -4.56710046939866
  -0.12883726683497   -3.27912741010909   -4.56858799280760
  -0.12833069778199   -3.26623436675639   -4.57346899867086
  -0.12783329903491   -3.25357472327464   -4.57919826968924
  -0.12770070390385   -3.25019995183310   -4.58034605851813
  -0.12731511376262   -3.24038602739777   -4.58393382422539
  -0.12681368409212   -3.22762379006402   -4.58913973879793
  -0.12646321600712   -3.21870378165261   -4.59306677515349
  -0.12630642361452   -3.21471314877986   -4.59479184103534
  -0.12579410912071   -3.20167387419321   -4.60091501935498
  -0.12541911593202   -3.19212966021023   -4.60599963568829
  -0.12528804213160   -3.18879360921943   -4.60763598006541
  -0.12478138209335   -3.17589825013694   -4.61224575877460
      
      
