# shadow point cont 2D ind 292  size 1381
# norm -0.6434559 -0.7654832  0.0000000
# angle  2.2698007
   3.06648169  -4.59169633
   3.07687962  -4.58658554
   3.08970747  -4.58424800
   3.10184521  -4.58119369
   3.10459841  -4.57781376
   3.11501054  -4.56978980
   3.11997551  -4.56499684
   3.12824197  -4.55868306
   3.14101411  -4.55273624
   3.14189226  -4.55207180
   3.15408730  -4.54578240
   3.16690142  -4.53985719
   3.16853522  -4.53909337
   3.17997192  -4.53374664
   3.19273551  -4.52853084
   3.19764404  -4.52625854
   3.20582011  -4.52246275
   3.21870842  -4.51676388
   3.22589791  -4.51337784
   3.23166743  -4.51037069
   3.24458832  -4.50472214
   3.25424875  -4.50061046
   3.25751670  -4.49908693
   3.27042894  -4.49342227
   3.28313098  -4.48806770
   3.28397080  -4.48733571
   3.29631834  -4.48141674
   3.30908705  -4.47628655
   3.31229589  -4.47463198
   3.32203559  -4.46977853
   3.33503476  -4.46436983
   3.34060936  -4.46179011
   3.34799070  -4.45797776
   3.36077602  -4.45281114
   3.36953419  -4.44863091
   3.37373515  -4.44640350
   3.38677743  -4.44107327
   3.39880452  -4.43602698
   3.39969488  -4.43541081
   3.41259252  -4.42971046
   3.42539986  -4.42378771
   3.42703401  -4.42302394
   3.43847315  -4.41767749
   3.45137271  -4.41197679
   3.45533214  -4.41020336
   3.46421608  -4.40610390
   3.47717736  -4.40061023
   3.48365529  -4.39738886
   3.49018010  -4.39430262
   3.50310501  -4.38865412
   3.51262065  -4.38429287
   3.51588722  -4.38267966
   3.52884440  -4.37707986
   3.54099907  -4.37154408
   3.54188952  -4.37092793
   3.55480733  -4.36525767
   3.56752312  -4.35922221
   3.56911756  -4.35837749
   3.58046290  -4.35127577
   3.58684463  -4.34557068
   3.59330495  -4.33911146
   3.59976532  -4.33265225
   3.60613985  -4.32614996
   3.61248557  -4.31953286
   3.61904418  -4.31241579
   3.62459627  -4.30661197
   3.63194157  -4.29867912
   3.63670870  -4.29369268
   3.64482570  -4.28493871
   3.64882130  -4.28077341
   3.65790585  -4.27128631
   3.66108161  -4.26801805
   3.67081903  -4.25756366
   3.67319869  -4.25510099
   3.68370510  -4.24381533
   3.68526314  -4.24215026
   3.69643065  -4.22989414
   3.69722389  -4.22907326
   3.70875777  -4.21636767
   3.70954993  -4.21554583
   3.72147714  -4.20326175
   3.72226803  -4.20243880
   3.73300749  -4.19054085
   3.73538665  -4.18808760
   3.74512142  -4.17762176
   3.74830440  -4.17435783
   3.75723551  -4.16470270
   3.76122150  -4.16062743
   3.76934978  -4.15178365
   3.77413762  -4.14689619
   3.78138102  -4.13879873
   3.78691605  -4.13301037
   3.79357883  -4.12594564
   3.79996467  -4.11942978
   3.80562761  -4.11297149
   3.81276109  -4.10555765
   3.81833800  -4.09985564
   3.82568390  -4.09183133
   3.82986925  -4.08714113
   3.83880793  -4.07749936
   3.84203901  -4.07426986
   3.85173231  -4.06458133
   3.85491376  -4.06130676
   3.86465303  -4.05085312
   3.86703324  -4.04839051
   3.87754594  -4.03709937
   3.87910435  -4.03543433
   3.89027050  -4.02318433
   3.89106392  -4.02236346
   3.90260072  -4.00965785
   3.90339305  -4.00883602
   3.91473275  -3.99675281
   3.91631488  -3.99510695
   3.92669819  -3.98370751
   3.92907244  -3.98121337
   3.93896777  -3.97091933
   3.94215769  -3.96764728
   3.95098282  -3.95790472
   3.95492188  -3.95376118
   3.96380860  -3.94488015
   3.96799818  -3.94018439
   3.97531899  -3.93216324
   3.98091673  -3.92645097
   3.98736950  -3.91917552
   3.99369757  -3.91258307
   3.99949416  -3.90626265
   4.00662321  -3.89885708
   4.01161774  -3.89334885
   4.01954905  -3.88513112
   4.02374054  -3.88043434
   4.03247510  -3.87140518
   4.03586279  -3.86751928
   4.04540136  -3.85767926
   4.04863324  -3.85444983
   4.05853177  -3.84414826
   4.06031957  -3.84188703
   4.07141549  -3.83036836
   4.07294019  -3.82867913
   4.08392164  -3.81628469
   4.08469637  -3.81544868
   4.09501119  -3.80251459
   4.09677557  -3.79860694
   4.09992727  -3.78979551
   4.10164208  -3.77694114
   4.10214236  -3.76396948
   4.10241775  -3.75107113
   4.10291195  -3.73810013
   4.10319373  -3.72520168
   4.10363772  -3.71226769
   4.10366266  -3.69929690
   4.10395376  -3.68639829
   4.10443852  -3.67342929
   4.10473049  -3.66053022
   4.10480989  -3.64758671
   4.10550752  -3.63466270
   4.10599346  -3.62169584
   4.10628485  -3.60879573
   4.10617459  -3.59588197
   4.10517378  -3.58301957
   4.10262398  -3.57017742
   4.09723626  -3.55725122
   4.09633196  -3.55569608
   4.08972547  -3.54440212
   4.08347813  -3.53386835
   4.08173918  -3.53143450
   4.07352685  -3.51850797
   4.07034056  -3.51281641
   4.06540835  -3.50558447
   4.05764856  -3.49328630
   4.05690328  -3.49242892
   4.04917455  -3.47974698
   4.04443359  -3.47239404
   4.04059109  -3.46659546
   4.03316221  -3.45377805
   4.03134185  -3.45068566
   4.02488385  -3.44089276
   4.01878471  -3.43097317
   4.01636740  -3.42773828
   4.00863241  -3.41509432
   4.00539037  -3.41024314
   3.99976291  -3.40207988
   3.99258496  -3.38992127
   3.99186873  -3.38903764
   3.98432590  -3.37625387
   3.97959961  -3.36889346
   3.97569772  -3.36314363
   3.96755755  -3.35023986
   3.96665362  -3.34868511
   3.95921830  -3.33743007
   3.95350346  -3.32776190
   3.95114383  -3.32446076
   3.94324850  -3.31143128
   3.94072432  -3.30745108
   3.93493909  -3.29858940
   3.92786047  -3.28724163
   3.92686047  -3.28567266
   3.91868098  -3.27278408
   3.91459971  -3.26631769
   3.91058675  -3.25983886
   3.90250292  -3.24688190
   3.90181214  -3.24600197
   3.89440153  -3.23394726
   3.88884963  -3.22498341
   3.88576415  -3.22085271
   3.87818124  -3.20810053
   3.87571446  -3.20408138
   3.87008036  -3.19516646
   3.86289383  -3.18374296
   3.86152618  -3.18201145
   3.85387125  -3.16930885
   3.84997879  -3.16355031
   3.84526080  -3.15618336
   3.83769736  -3.14341047
   3.83700670  -3.14253067
   3.82904363  -3.13033037
   3.82406095  -3.12232617
   3.82096118  -3.11738413
   3.81286170  -3.10445145
   3.81109590  -3.10130933
   3.80452152  -3.09164750
   3.79823335  -3.08110290
   3.79653039  -3.07868003
   3.78829316  -3.06581492
   3.78500492  -3.06021458
   3.78022551  -3.05285163
   3.77290453  -3.03995173
   3.77221400  -3.03907204
   3.76398595  -3.02703296
   3.75908983  -3.01899476
   3.75593127  -3.01405750
   3.74798998  -3.00106398
   3.74633237  -2.99866665
   3.73950841  -2.98828970
   3.73343807  -2.97764803
   3.73174373  -2.97522797
   3.72350988  -2.96236548
   3.72039014  -2.95744517
   3.71487509  -2.94927405
   3.70745285  -2.93724453
   3.70673405  -2.93637874
   3.69767144  -2.92360512
   3.69434806  -2.91963920
   3.68541760  -2.91087399
   3.68144757  -2.90755479
   3.66872860  -2.89842025
   3.66787477  -2.89770199
   3.65562807  -2.88979868
   3.64830147  -2.88496181
   3.64265665  -2.88089582
   3.62973252  -2.87281739
   3.62886756  -2.87212163
   3.61680403  -2.86473633
   3.60865628  -2.85912502
   3.60384138  -2.85583724
   3.59112428  -2.84825073
   3.58777848  -2.84599723
   3.57798230  -2.83967522
   3.56832739  -2.83311173
   3.56502992  -2.83077996
   3.55222222  -2.82245575
   3.54821724  -2.82002860
   3.53918112  -2.81461897
   3.52859832  -2.80737135
   3.52619948  -2.80571653
   3.51328418  -2.79764019
   3.50843894  -2.79440847
   3.50035261  -2.78955821
   3.48826667  -2.78137764
   3.48739560  -2.78066266
   3.47465091  -2.77309990
   3.46801606  -2.76851883
   3.46153334  -2.76449981
   3.44877801  -2.75612091
   3.44789777  -2.75542682
   3.43565514  -2.74752569
   3.42837395  -2.74270341
   3.42272898  -2.73944501
   3.40995750  -2.73107849
   3.40820898  -2.72967174
   3.39684396  -2.72247022
   3.38795637  -2.71681383
   3.38373698  -2.71381756
   3.37110332  -2.70607175
   3.36782797  -2.70373621
   3.35803500  -2.69741591
   3.34838539  -2.69085526
   3.34527620  -2.68905239
   3.33246781  -2.68078611
   3.32827629  -2.67777300
   3.31924305  -2.67236486
   3.30799999  -2.66493194
   3.30646522  -2.66400916
   3.29354026  -2.65590953
   3.28773492  -2.65209738
   3.28041975  -2.64730997
   3.26835066  -2.63913488
   3.26747987  -2.63842007
   3.25429252  -2.63051472
   3.24810387  -2.62627809
   3.24162321  -2.62226012
   3.22885752  -2.61391477
   3.22799252  -2.61318970
   3.21593604  -2.60580806
   3.20770185  -2.60038954
   3.20281859  -2.59720965
   3.19006642  -2.58884877
   3.18831632  -2.58744122
   3.17713712  -2.58075898
   3.16806869  -2.57458597
   3.16402748  -2.57216183
   3.15123683  -2.56385902
   3.14794797  -2.56151227
   3.13815805  -2.55519356
   3.12836826  -2.54887491
   3.12522651  -2.54711365
   3.11229519  -2.53903386
   3.10818419  -2.53589450
   3.09935618  -2.53014573
   3.08814305  -2.52272020
   3.08660875  -2.52179766
   3.07368323  -2.51369750
   3.06795531  -2.50977047
   3.06057479  -2.50510101
   3.04850356  -2.49692805
   3.04763305  -2.49621339
   3.03489187  -2.48865232
   3.02826016  -2.48407299
   3.02178144  -2.48005601
   3.00903235  -2.47168050
   3.00815543  -2.47098800
   2.99610253  -2.46360818
   2.98793392  -2.45809295
   2.98299745  -2.45501208
   2.97024259  -2.44660922
   2.96849111  -2.44524565
   2.95731518  -2.43856505
   2.94824805  -2.43239279
   2.94420801  -2.42996925
   2.93163935  -2.42147949
   2.92826803  -2.41908413
   2.91835589  -2.41300485
   2.90791002  -2.40643941
   2.90542881  -2.40492660
   2.89249229  -2.39684969
   2.88764738  -2.39361834
   2.87956793  -2.38877157
   2.86700631  -2.38094342
   2.86610720  -2.38021402
   2.85389123  -2.37311635
   2.84491935  -2.36760507
   2.84079897  -2.36534310
   2.82817809  -2.35762042
   2.82318646  -2.35451928
   2.81494592  -2.34999545
   2.80218781  -2.34243236
   2.80131245  -2.34174067
   2.78926270  -2.33436241
   2.77968411  -2.32849562
   2.77633518  -2.32627333
   2.76355045  -2.31885023
   2.75862635  -2.31565195
   2.75048339  -2.31092067
   2.73755307  -2.30363207
   2.73667518  -2.30297776
   2.72446109  -2.29588099
   2.71571886  -2.28999530
   2.71171324  -2.28752013
   2.69861669  -2.28053205
   2.69376243  -2.27730639
   2.68568486  -2.27246053
   2.67314144  -2.26461762
   2.67222533  -2.26390354
   2.66001214  -2.25680721
   2.65100163  -2.25137468
   2.64691669  -2.24903660
   2.63430968  -2.24131682
   2.62938319  -2.23811716
   2.62124144  -2.23338645
   2.60900966  -2.22552949
   2.60813964  -2.22481511
   2.59539546  -2.21804217
   2.58638529  -2.21260981
   2.58230063  -2.21027187
   2.56969628  -2.20255349
   2.56469519  -2.19944759
   2.55645706  -2.19492489
   2.54439842  -2.18676727
   2.54352847  -2.18605292
   2.53078342  -2.17927938
   2.52187446  -2.17370318
   2.51786972  -2.17122845
   2.50508739  -2.16379230
   2.50086907  -2.16076395
   2.49201826  -2.15586130
   2.47979174  -2.14800727
   2.47892186  -2.14729296
   2.46617591  -2.14051877
   2.45795971  -2.13512643
   2.45326440  -2.13246901
   2.44035485  -2.12450193
   2.43620394  -2.12208669
   2.42724048  -2.11740302
   2.41518952  -2.10924944
   2.41431970  -2.10853516
   2.40157282  -2.10176029
   2.39327814  -2.09649806
   2.38829387  -2.09347333
   2.37575900  -2.08574934
   2.37166254  -2.08324687
   2.36281291  -2.07834476
   2.35059162  -2.07049371
   2.34972187  -2.06977947
   2.33680095  -2.06250307
   2.32945229  -2.05779639
   2.32388346  -2.05443635
   2.31116742  -2.04699889
   2.30772990  -2.04473410
   2.29804121  -2.03988951
   2.28599793  -2.03174005
   2.28512824  -2.03102583
   2.27220633  -2.02374871
   2.26416873  -2.01886028
   2.25947433  -2.01620330
   2.24672847  -2.00871833
   2.24247295  -2.00573799
   2.23345140  -2.00033561
   2.22140833  -1.99298838
   2.22053869  -1.99227420
   2.20778877  -1.98549711
   2.19963145  -1.98000441
   2.19469933  -1.97692569
   2.18199658  -1.96950422
   2.17859419  -1.96715891
   2.16903619  -1.96208516
   2.15682268  -1.95423867
   2.15595310  -1.95352451
   2.14320209  -1.94674662
   2.13504567  -1.94125439
   2.13011385  -1.93817582
   2.11741707  -1.93075989
   2.11400926  -1.92840929
   2.10427882  -1.92283503
   2.09224087  -1.91549085
   2.09137134  -1.91477673
   2.07844622  -1.90749724
   2.07116815  -1.90268183
   2.06553213  -1.89942780
   2.05284134  -1.89201749
   2.04942807  -1.88966151
   2.03969818  -1.88408751
   2.02766277  -1.87674488
   2.02679329  -1.87603078
   2.01405593  -1.86846935
   2.00651240  -1.86405940
   2.00077688  -1.86097355
   1.98826925  -1.85327698
   1.98485050  -1.85091551
   1.97512113  -1.84534177
   1.96377096  -1.83818686
   1.96221882  -1.83728663
   1.94929138  -1.83000538
   1.94126284  -1.82512223
   1.93638653  -1.82194585
   1.92362984  -1.81430362
   1.92027640  -1.81217124
   1.91054755  -1.80659776
   1.89851633  -1.79920465
   1.89763449  -1.79852783
   1.88471915  -1.79126204
   1.87744348  -1.78644795
   1.87180836  -1.78319436
   1.85913551  -1.77580140
   1.85570567  -1.77342866
   1.84597731  -1.76785541
   1.83394946  -1.76051750
   1.83308012  -1.75980349
   1.82036827  -1.75220050
   1.81287532  -1.74770669
   1.80724048  -1.74445324
   1.79437151  -1.73646076
   1.79113817  -1.73468770
   1.78141028  -1.72911469
   1.77008806  -1.72189614
   1.76849886  -1.72104563
   1.75558442  -1.71378025
   1.74831030  -1.70896703
   1.74267573  -1.70571372
   1.72994674  -1.69803047
   1.72657378  -1.69594832
   1.71684633  -1.69037554
   1.70552483  -1.68315738
   1.70393570  -1.68230690
   1.69102167  -1.67504171
   1.68304403  -1.67005341
   1.67811400  -1.66697574
   1.66548663  -1.65957330
   1.66201235  -1.65721047
   1.65228534  -1.65163791
   1.64025714  -1.64424641
   1.63937548  -1.64356968
   1.62646182  -1.63630467
   1.61918921  -1.63149232
   1.61355514  -1.62823926
   1.60070414  -1.62026512
   1.59745378  -1.61847409
   1.58772718  -1.61290174
   1.57639178  -1.60575643
   1.57484009  -1.60485643
   1.56216786  -1.59718812
   1.55463288  -1.59275715
   1.54899904  -1.58950422
   1.53615402  -1.58153635
   1.53289793  -1.57973914
   1.52317172  -1.57416699
   1.51185223  -1.56694995
   1.51026331  -1.56609957
   1.49735034  -1.55883487
   1.49007918  -1.55402339
   1.48444557  -1.55077057
   1.47160652  -1.54280906
   1.46834776  -1.54100006
   1.45861883  -1.53543361
   1.44728827  -1.52829163
   1.44573671  -1.52739169
   1.43279844  -1.52010203
   1.42552799  -1.51529097
   1.41989459  -1.51203827
   1.40706152  -1.50408318
   1.40450350  -1.50244559
   1.39406839  -1.49670155
   1.38275013  -1.48948522
   1.38098561  -1.48813190
   1.36824893  -1.48137048
   1.36097918  -1.47655985
   1.35534598  -1.47330725
   1.34251888  -1.46535867
   1.33995501  -1.46371461
   1.32936552  -1.45747299
   1.31820258  -1.45075477
   1.31661397  -1.44990425
   1.30370360  -1.44263679
   1.29643262  -1.43782998
   1.29080287  -1.43457190
   1.27786496  -1.42647411
   1.27540872  -1.42498486
   1.26482159  -1.41874492
   1.25365720  -1.41202554
   1.25207709  -1.41116027
   1.23948462  -1.40344055
   1.23264073  -1.39915909
   1.22608286  -1.39534361
   1.21344167  -1.38791207
   1.21086452  -1.38625629
   1.20044613  -1.38048492
   1.18911793  -1.37329037
   1.18734896  -1.37194391
   1.17447966  -1.36469591
   1.16804985  -1.36054924
   1.16155045  -1.35661931
   1.14879190  -1.34898366
   1.14703182  -1.34770109
   1.13573981  -1.34129233
   1.12527964  -1.33474417
   1.12282253  -1.33322112
   1.11012574  -1.32562312
   1.10350927  -1.32182282
   1.09701121  -1.31789388
   1.08453087  -1.31050285
   1.08113214  -1.30852398
   1.07120171  -1.30256770
   1.06073997  -1.29601829
   1.05828402  -1.29449607
   1.04559814  -1.28688135
   1.03897042  -1.28309746
   1.03247371  -1.27916952
   1.01972783  -1.27149412
   1.01795263  -1.27024940
   1.00666530  -1.26384412
   0.99620196  -1.25729343
   0.99372946  -1.25576595
   0.98087131  -1.24852725
   0.97443320  -1.24437310
   0.96793782  -1.24044618
   0.95519880  -1.23274967
   0.95207847  -1.23103496
   0.94232832  -1.22551165
   0.93166549  -1.21856955
   0.92919284  -1.21704198
   0.91651834  -1.21017592
   0.90989747  -1.20564971
   0.90339057  -1.20171831
   0.89084172  -1.19425547
   0.88883662  -1.19283393
   0.87741671  -1.18667558
   0.86711044  -1.17994638
   0.86465763  -1.17831893
   0.85199451  -1.17143329
   0.84451581  -1.16696650
   0.83867148  -1.16329762
   0.82584413  -1.15600898
   0.82263320  -1.15423971
   0.81286878  -1.14877047
   0.80007561  -1.14200483
   0.79844373  -1.14124041
   0.78716912  -1.13635786
   0.77428862  -1.13071642
   0.76855273  -1.12836416
   0.76129930  -1.12586771
   0.74839288  -1.12183405
   0.73551000  -1.11730055
   0.73143882  -1.11552060
   0.72257949  -1.11215324
   0.70970841  -1.10812064
   0.69679755  -1.10328004
   0.69515100  -1.10256169
   0.68385998  -1.09843893
   0.67099769  -1.09440782
   0.65882419  -1.08968602
   0.65793190  -1.08912566
   0.64504035  -1.08507966
   0.63226732  -1.08069279
   0.62252121  -1.07683607
   0.61932817  -1.07585099
   0.60632241  -1.07136610
   0.59356506  -1.06697466
   0.58697218  -1.06407559
   0.58049403  -1.06169769
   0.56760471  -1.05765269
   0.55490537  -1.05326114
   0.54990897  -1.05104908
   0.54177544  -1.04798391
   0.52899027  -1.04437248
   0.51613795  -1.03989654
   0.51274286  -1.03829982
   0.50307580  -1.03506622
   0.49017289  -1.03022485
   0.47741055  -1.02580410
   0.47575073  -1.02512127
   0.46442285  -1.02096721
   0.45147859  -1.01731073
   0.44094717  -1.01254622
   0.43852692  -1.01168340
   0.42564167  -1.00764023
   0.41288915  -1.00319998
   0.40312319  -0.99939710
   0.39994110  -0.99835578
   0.38692483  -0.99392742
   0.37419389  -0.98947792
   0.36681475  -0.98650731
   0.36122691  -0.98463103
   0.34836846  -0.98059537
   0.33528712  -0.97538049
   0.33120086  -0.97391291
   0.32239715  -0.97134191
   0.30946780  -0.96651065
   0.29657099  -0.96189191
   0.29410965  -0.96098197
   0.28368061  -0.95762940
   0.27095166  -0.95314749
   0.25799009  -0.94829977
   0.25707370  -0.94784308
   0.24496414  -0.94391699
   0.23222333  -0.93942074
   0.22080451  -0.93497263
   0.21912677  -0.93424505
   0.20624773  -0.93020468
   0.19352077  -0.92569703
   0.18448624  -0.92209441
   0.18040931  -0.92053235
   0.16750370  -0.91649928
   0.15467992  -0.91245564
   0.14740554  -0.90916184
   0.14169187  -0.90681974
   0.12878626  -0.90278670
   0.11596543  -0.89874471
   0.11101010  -0.89645225
   0.10297473  -0.89391394
   0.08996587  -0.88942180
   0.07741121  -0.88510141
   0.07394671  -0.88342561
   0.06425727  -0.88020149
   0.05126190  -0.87569508
   0.03861452  -0.87078958
   0.03768015  -0.87039034
   0.02553976  -0.86648913
   0.01254331  -0.86198668
   0.00126094  -0.85781501
  -0.00039998  -0.85719813
  -0.01333195  -0.85447497
  -0.02621680  -0.85417283
  -0.03894118  -0.85752111
  -0.04135130  -0.85858069
  -0.05184085  -0.86282755
  -0.06476639  -0.86747534
  -0.07440014  -0.87150916
  -0.07768476  -0.87312041
  -0.09059133  -0.87796035
  -0.10351760  -0.88279648
  -0.10750335  -0.88439133
  -0.11643342  -0.88844032
  -0.12929213  -0.89248279
  -0.14054926  -0.89732402
  -0.14221735  -0.89812675
  -0.15512395  -0.90296675
  -0.16801956  -0.90780866
  -0.17439591  -0.91034938
  -0.18093686  -0.91345331
  -0.19385118  -0.91829159
  -0.20662800  -0.92255132
  -0.20746884  -0.92327932
  -0.21968274  -0.92877239
  -0.23254142  -0.93281775
  -0.24055199  -0.93615768
  -0.24546974  -0.93846017
  -0.25836638  -0.94330263
  -0.27095716  -0.94824348
  -0.27364498  -0.94920475
  -0.28416553  -0.95298591
  -0.29702059  -0.95809177
  -0.30671438  -0.96195648
  -0.31000290  -0.96346737
  -0.32290963  -0.96830755
  -0.33577108  -0.97315731
  -0.33978845  -0.97486392
  -0.34872284  -0.97879447
  -0.36163369  -0.98363324
  -0.37288655  -0.98774078
  -0.37451449  -0.98848154
  -0.38736811  -0.99361577
  -0.40030789  -0.99816690
  -0.40587421  -1.00074850
  -0.41317837  -1.00411026
  -0.42616032  -1.00864386
  -0.43892366  -1.01297391
  -0.43979218  -1.01363860
  -0.45197700  -1.01912975
  -0.46478854  -1.02348365
  -0.47277134  -1.02668624
  -0.47770507  -1.02913627
  -0.49068161  -1.03365800
  -0.50348298  -1.03881680
  -0.50589560  -1.03964355
  -0.51651161  -1.04413820
  -0.52929448  -1.04850456
  -0.53817616  -1.05238240
  -0.54219996  -1.05415500
  -0.55524949  -1.05945476
  -0.56799157  -1.06351836
  -0.57208335  -1.06532615
  -0.58104685  -1.06914708
  -0.59394753  -1.07399168
  -0.60432811  -1.07820003
  -0.60672931  -1.07918053
  -0.61963609  -1.08402237
  -0.63256496  -1.08886443
  -0.63817166  -1.09122442
  -0.64548263  -1.09451158
  -0.65848036  -1.09900419
  -0.67048082  -1.10401813
  -0.67139724  -1.10464419
  -0.68430465  -1.10948484
  -0.69720664  -1.11433012
  -0.70433102  -1.11703322
  -0.70998714  -1.11951988
  -0.72289014  -1.12436020
  -0.73577383  -1.12919772
  -0.73740573  -1.12996214
  -0.74873895  -1.13484898
  -0.76161744  -1.13888283
  -0.77124468  -1.14290786
  -0.77452480  -1.14453017
  -0.78742148  -1.14937015
  -0.80031315  -1.15501562
  -0.80269199  -1.15591739
  -0.81318352  -1.16065448
  -0.82608083  -1.16791193
  -0.82767282  -1.16875705
  -0.83895540  -1.17515815
  -0.84859577  -1.18164282
  -0.85173598  -1.18337846
  -0.86482595  -1.19131476
  -0.87041900  -1.19452137
  -0.87772165  -1.19937913
  -0.89060026  -1.20662943
  -0.89216855  -1.20750882
  -0.90350835  -1.21469737
  -0.91240530  -1.22030864
  -0.91643553  -1.22277268
  -0.92931335  -1.23002137
  -0.93489440  -1.23338663
  -0.94222174  -1.23808954
  -0.95491347  -1.24560203
  -0.95581550  -1.24643881
  -0.96794616  -1.25364798
  -0.97756407  -1.25930215
  -0.98081233  -1.26169058
  -0.99375853  -1.26898482
  -0.99860135  -1.27213780
  -1.00678664  -1.27763317
  -1.01959816  -1.28433796
  -1.02038294  -1.28506405
  -1.03260695  -1.29296391
  -1.04065044  -1.29779571
  -1.04551781  -1.30103278
  -1.05834942  -1.30825106
  -1.06231274  -1.31088813
  -1.07115819  -1.31658020
  -1.08335618  -1.32373995
  -1.08424357  -1.32443083
  -1.09712746  -1.33168404
  -1.10504533  -1.33672683
  -1.10986829  -1.33997989
  -1.12263068  -1.34723898
  -1.12603352  -1.34973429
  -1.13586972  -1.35589521
  -1.14702668  -1.36253146
  -1.14860058  -1.36339820
  -1.16165775  -1.37121367
  -1.16800443  -1.37544158
  -1.17441517  -1.37954200
  -1.18724507  -1.38671777
  -1.18976751  -1.38841580
  -1.20024421  -1.39489040
  -1.21148684  -1.40143106
  -1.21315173  -1.40296229
  -1.22608208  -1.41024380
  -1.23251041  -1.41427635
  -1.23914117  -1.41883072
  -1.25186166  -1.42636027
  -1.25346847  -1.42721102
  -1.26478302  -1.43444324
  -1.27442716  -1.44006060
  -1.27765418  -1.44248181
  -1.29062112  -1.44979640
  -1.29551206  -1.45288296
  -1.30350230  -1.45784690
  -1.31635552  -1.46523894
  -1.31720274  -1.46601427
  -1.32950207  -1.47369890
  -1.33821116  -1.47883962
  -1.34224559  -1.48126041
  -1.35496784  -1.48932805
  -1.35918385  -1.49185762
  -1.36823809  -1.49710134
  -1.38008516  -1.50465100
  -1.38092961  -1.50541080
  -1.39389833  -1.51274102
  -1.40191560  -1.51761017
  -1.40678731  -1.52079024
  -1.41951149  -1.52808145
  -1.42291187  -1.53055576
  -1.43279639  -1.53664245
  -1.44396055  -1.54328395
  -1.44551246  -1.54418413
  -1.45843370  -1.55226502
  -1.46563150  -1.55637106
  -1.47133465  -1.56032367
  -1.48405743  -1.56764208
  -1.48661737  -1.56936312
  -1.49718369  -1.57568333
  -1.50763492  -1.58215974
  -1.51007841  -1.58373739
  -1.52300602  -1.59101606
  -1.52873777  -1.59488017
  -1.53608340  -1.59958690
  -1.54880380  -1.60713019
  -1.55042093  -1.60800101
  -1.56190575  -1.61492038
  -1.57138451  -1.62082917
  -1.57461245  -1.62325009
  -1.58756312  -1.63055871
  -1.59239583  -1.63377795
  -1.60046578  -1.63862011
  -1.61325681  -1.64608565
  -1.61410884  -1.64684995
  -1.62646215  -1.65446574
  -1.63505289  -1.65971540
  -1.63918257  -1.66280784
  -1.65188995  -1.67017993
  -1.65604839  -1.67271825
  -1.66503478  -1.67817292
  -1.67705731  -1.68550673
  -1.67792631  -1.68622052
  -1.69085963  -1.69350697
  -1.69888197  -1.69838582
  -1.70375741  -1.70156176
  -1.71663154  -1.70955742
  -1.71986988  -1.71133883
  -1.72976426  -1.71741741
  -1.74076138  -1.72429651
  -1.74232626  -1.72517286
  -1.75542326  -1.73305305
  -1.76192357  -1.73697426
  -1.76831826  -1.74110288
  -1.78100606  -1.74849974
  -1.78355472  -1.75020853
  -1.79416284  -1.75645870
  -1.80462159  -1.76293971
  -1.80706552  -1.76451759
  -1.81997922  -1.77258869
  -1.82558713  -1.77587509
  -1.83289042  -1.78065647
  -1.84561247  -1.78814033
  -1.84652725  -1.78891531
  -1.85873093  -1.79600706
  -1.86765619  -1.80154477
  -1.87162992  -1.80405939
  -1.88455911  -1.81134279
  -1.88932541  -1.81464582
  -1.89728491  -1.81965726
  -1.91008928  -1.82697843
  -1.91090885  -1.82776988
  -1.92330197  -1.83555691
  -1.93133065  -1.84043961
  -1.93620688  -1.84361595
  -1.94889761  -1.85102544
  -1.95302727  -1.85356385
  -1.96204614  -1.85896488
  -1.97408000  -1.86630579
  -1.97494917  -1.86701968
  -1.98787629  -1.87430158
  -1.99506766  -1.87922113
  -2.00078015  -1.88316374
  -2.01355974  -1.88995906
  -2.01683828  -1.89219535
  -2.02661556  -1.89850769
  -2.03778110  -1.90518341
  -2.03935032  -1.90606330
  -2.05245362  -1.91385459
  -2.05889249  -1.91790539
  -2.06536436  -1.92191901
  -2.07809062  -1.92945662
  -2.08054312  -1.93105155
  -2.09101502  -1.93754582
  -2.10150186  -1.94398726
  -2.10392371  -1.94560172
  -2.11686220  -1.95290903
  -2.12263993  -1.95668866
  -2.12994490  -1.96147089
  -2.14266332  -1.96898131
  -2.14357798  -1.96972705
  -2.15578445  -1.97682017
  -2.16466222  -1.98246613
  -2.16869884  -1.98488803
  -2.18161864  -1.99215886
  -2.18646019  -1.99538313
  -2.19453360  -2.00022702
  -2.20727338  -2.00778996
  -2.20814406  -2.00847867
  -2.22036763  -2.01637009
  -2.22909892  -2.02144814
  -2.23328510  -2.02444195
  -2.24599901  -2.03187402
  -2.25010331  -2.03438811
  -2.25912440  -2.03979023
  -2.27098577  -2.04738334
  -2.27184763  -2.04811414
  -2.28515037  -2.05565867
  -2.29216272  -2.06005583
  -2.29787668  -2.06399919
  -2.31060965  -2.07154552
  -2.31310175  -2.07310243
  -2.32371671  -2.07935061
  -2.33472886  -2.08617913
  -2.33629632  -2.08705010
  -2.34938251  -2.09499776
  -2.35593980  -2.09885758
  -2.36247389  -2.10276413
  -2.37520700  -2.11030167
  -2.37696266  -2.11171302
  -2.38831275  -2.11890702
  -2.39789595  -2.12473956
  -2.40123260  -2.12698348
  -2.41415262  -2.13425427
  -2.41899773  -2.13748041
  -2.42707289  -2.14232514
  -2.43981543  -2.14988941
  -2.44068789  -2.15057916
  -2.45273302  -2.15795528
  -2.46164805  -2.16355131
  -2.46565262  -2.16602601
  -2.47844740  -2.17346608
  -2.48336303  -2.17666372
  -2.49167543  -2.18189399
  -2.50373009  -2.18924682
  -2.50459969  -2.18996094
  -2.51751779  -2.19723663
  -2.52556305  -2.20212854
  -2.53044188  -2.20530618
  -2.54317909  -2.21275947
  -2.54650313  -2.21514251
  -2.55628520  -2.22145723
  -2.56815060  -2.22831739
  -2.56902617  -2.22901584
  -2.58212658  -2.23680506
  -2.58857659  -2.24086177
  -2.59505169  -2.24487698
  -2.60779130  -2.25242217
  -2.61098668  -2.25414753
  -2.62089402  -2.26022438
  -2.63126072  -2.26686931
  -2.63363549  -2.26854900
  -2.64656759  -2.27587533
  -2.65236001  -2.27966303
  -2.65966877  -2.28444714
  -2.67240686  -2.29197051
  -2.67400806  -2.29287305
  -2.68551002  -2.29979633
  -2.69439809  -2.30544752
  -2.69843683  -2.30787045
  -2.71135775  -2.31514157
  -2.71615120  -2.31846050
  -2.72410494  -2.32349284
  -2.73684689  -2.33103679
  -2.73774476  -2.33177363
  -2.75013071  -2.33937057
  -2.75887422  -2.34444916
  -2.76288008  -2.34692449
  -2.77596755  -2.35310989
  -2.78313164  -2.35734219
  -2.78873109  -2.36066326
  -2.80146187  -2.36974374
  -2.80230910  -2.37050194
  -2.81458203  -2.37842833
  -2.82260547  -2.38336762
  -2.82750808  -2.38650821
  -2.84045110  -2.39449519
  -2.84362393  -2.39629335
  -2.85353391  -2.40237149
  -2.86454713  -2.40929725
  -2.86628707  -2.41072588
  -2.87921439  -2.41802581
  -2.88570328  -2.42200094
  -2.89214059  -2.42608058
  -2.90525431  -2.43387247
  -2.90681943  -2.43475347
  -2.91817617  -2.44195075
  -2.92846273  -2.44796268
  -2.93092223  -2.44951881
  -2.94402228  -2.45730072
  -2.94882325  -2.46062366
  -2.95696541  -2.46618467
  -2.96899693  -2.47358664
  -2.96987940  -2.47426376
  -2.98263467  -2.48182465
  -2.98996214  -2.48658387
  -2.99574306  -2.49041991
  -3.00852025  -2.49790403
  -3.01093891  -2.49956099
  -3.02160241  -2.50657709
  -3.03124398  -2.51232605
  -3.03453842  -2.51465614
  -3.04745022  -2.52192795
  -3.05225457  -2.52525259
  -3.06039783  -2.53081417
  -3.07228224  -2.53843047
  -3.07314492  -2.53916170
  -3.08606697  -2.54647162
  -3.09339772  -2.55121490
  -3.09917944  -2.55505134
  -3.11193307  -2.56260397
  -3.11437760  -2.56419358
  -3.12504257  -2.57121044
  -3.13462920  -2.57704444
  -3.13796876  -2.57928982
  -3.15116451  -2.58718662
  -3.15501590  -2.58970174
  -3.16384437  -2.59545079
  -3.17505960  -2.60287710
  -3.17659433  -2.60379993
  -3.18968686  -2.61160921
  -3.19615021  -2.61567242
  -3.20263016  -2.61969003
  -3.21520166  -2.62748531
  -3.21768493  -2.62909596
  -3.22848347  -2.63585007
  -3.23730927  -2.64164570
  -3.24125614  -2.64420555
  -3.25422623  -2.65223880
  -3.25825060  -2.65468474
  -3.26750569  -2.66060179
  -3.27852352  -2.66752273
  -3.28005848  -2.66844567
  -3.29314922  -2.67625392
  -3.29955874  -2.68042500
  -3.30592426  -2.68461266
  -3.31886593  -2.69268320
  -3.32042253  -2.69358931
  -3.33178564  -2.70078984
  -3.34002074  -2.70620863
  -3.34490459  -2.70938881
  -3.35770634  -2.71689480
  -3.36167505  -2.71941414
  -3.37077221  -2.72555194
  -3.38200274  -2.73217622
  -3.38372888  -2.73363912
  -3.39662701  -2.74090656
  -3.40226813  -2.74501144
  -3.40958410  -2.74979924
  -3.42235198  -2.75734038
  -3.42321098  -2.75806279
  -3.43545241  -2.76596323
  -3.44350758  -2.77086592
  -3.44839219  -2.77404650
  -3.46140404  -2.78216414
  -3.46446981  -2.78389091
  -3.47426355  -2.79021158
  -3.48544778  -2.79689654
  -3.48720110  -2.79829463
  -3.49995742  -2.80586087
  -3.50576481  -2.80967387
  -3.51308193  -2.81446228
  -3.52582997  -2.82203271
  -3.52671053  -2.82272672
  -3.53895391  -2.83062819
  -3.54701063  -2.83553170
  -3.55189602  -2.83871270
  -3.56491600  -2.84683683
  -3.56797593  -2.84855830
  -3.57777125  -2.85487981
  -3.58751026  -2.86135779
  -3.59074542  -2.86378256
  -3.60363131  -2.87104451
  -3.60849575  -2.87428004
  -3.61683139  -2.87956851
  -3.62918520  -2.88692030
  -3.63003348  -2.88767911
  -3.64243034  -2.89448832
  -3.65530672  -2.89854090
  -3.65933265  -2.90031558
  -3.66830995  -2.90500589
  -3.67653200  -2.91314096
  -3.68138621  -2.91798966
  -3.69103911  -2.92603766
  -3.69427482  -2.92846275
  -3.70754369  -2.93631238
  -3.71129966  -2.93887171
  -3.72039024  -2.94505024
  -3.73136589  -2.95205979
  -3.73309303  -2.95352327
  -3.74600821  -2.96159992
  -3.75009960  -2.96482759
  -3.75898583  -2.97131277
  -3.76544091  -2.97793870
  -3.77205435  -2.98597403
  -3.77521060  -2.99091021
  -3.78315097  -3.00389876
  -3.78480811  -3.00629536
  -3.79140234  -3.01676481
  -3.79769612  -3.02730450
  -3.79939289  -3.02972779
  -3.80767514  -3.04253085
  -3.81090512  -3.04736468
  -3.81614796  -3.05524031
  -3.82372889  -3.06691248
  -3.82456114  -3.06849458
  -3.83254609  -3.08145471
  -3.83683269  -3.08780205
  -3.84084089  -3.09428032
  -3.84891910  -3.10723063
  -3.84960979  -3.10811046
  -3.85708025  -3.12007838
  -3.86273162  -3.12818227
  -3.86589251  -3.13312176
  -3.87382951  -3.14610906
  -3.87548708  -3.14850606
  -3.88216578  -3.15888924
  -3.88862932  -3.16856530
  -3.89099582  -3.17191126
  -3.89836197  -3.18474841
  -3.90141425  -3.18891433
  -3.90724133  -3.19771641
  -3.91442599  -3.20913849
  -3.91525594  -3.21071874
  -3.92323747  -3.22367782
  -3.92752976  -3.23002875
  -3.93153817  -3.23650754
  -3.93974816  -3.24929781
  -3.94049441  -3.25023833
  -3.94779559  -3.26229756
  -3.95343973  -3.27041021
  -3.95664579  -3.27530156
  -3.96478192  -3.28818919
  -3.96641670  -3.29063883
  -3.97288393  -3.30111942
  -3.97936511  -3.31081774
  -3.98170891  -3.31415359
  -3.98908859  -3.32698051
  -3.99232933  -3.33182981
  -3.99791070  -3.34001818
  -4.00490115  -3.35148901
  -4.00580344  -3.35305595
  -4.01345557  -3.36569832
  -4.01824127  -3.37221961
  -4.02226490  -3.37875706
  -4.03034475  -3.39171597
  -4.03103581  -3.39259615
  -4.03849180  -3.40459933
  -4.04398252  -3.41279952
  -4.04733003  -3.41761829
  -4.05526080  -3.43060403
  -4.05691926  -3.43300192
  -4.06353512  -3.44348640
  -4.06963352  -3.45340405
  -4.07205096  -3.45663710
  -4.07984769  -3.46923405
  -4.08286411  -3.47342667
  -4.08840705  -3.48241559
  -4.09594489  -3.49420619
  -4.09673005  -3.49520458
  -4.10494102  -3.50807414
  -4.10880553  -3.51385315
  -4.11303439  -3.52102255
  -4.12111222  -3.53398816
  -4.12178663  -3.53487867
  -4.12926564  -3.54686891
  -4.13473555  -3.55508517
  -4.13783914  -3.56003006
  -4.14545940  -3.57276154
  -4.14771037  -3.57610900
  -4.15323593  -3.58598647
  -4.15661964  -3.59895012
  -4.15806560  -3.61192977
  -4.15808156  -3.62485645
  -4.15772407  -3.63778120
  -4.15761076  -3.65074230
  -4.15732083  -3.66363578
  -4.15697375  -3.67656079
  -4.15685113  -3.68952339
  -4.15656077  -3.70241599
  -4.15607542  -3.71537751
  -4.15578476  -3.72826951
  -4.15580140  -3.74119707
  -4.15547576  -3.75412259
  -4.15549610  -3.76705034
  -4.15536706  -3.78001743
  -4.15472809  -3.79290481
  -4.15459914  -3.80587332
  -4.15358598  -3.81884055
  -4.15014747  -3.83180633
  -4.14770399  -3.83584995
  -4.14122861  -3.84475206
  -4.13481716  -3.85210025
  -4.12916178  -3.85775097
  -4.12180723  -3.86569826
  -4.11704426  -3.87066797
  -4.10893449  -3.87944028
  -4.10492694  -3.88358499
  -4.09583879  -3.89307067
  -4.09266343  -3.89634725
  -4.08293955  -3.90680751
  -4.08060211  -3.90930431
  -4.07019181  -3.92072161
  -4.06857612  -3.92233611
  -4.05726636  -3.93363758
  -4.05565069  -3.93525208
  -4.04416800  -3.94717879
  -4.04337463  -3.94799947
  -4.03144739  -3.96028308
  -4.03065514  -3.96110472
  -4.01911652  -3.97380675
  -4.01832557  -3.97462949
  -4.00698388  -3.98671815
  -4.00540537  -3.98835510
  -3.99486828  -3.99963530
  -3.99244497  -4.00205706
  -3.98194403  -4.01255136
  -3.97956223  -4.01499645
  -3.96982880  -4.02546855
  -3.96659782  -4.02869757
  -3.95704068  -4.03847584
  -3.95387655  -4.04181600
  -3.94479009  -4.05130186
  -3.94080445  -4.05536435
  -3.93267541  -4.06421911
  -3.92788994  -4.06909110
  -3.92056091  -4.07713638
  -3.91497807  -4.08281836
  -3.90784398  -4.09025852
  -3.90198510  -4.09651177
  -3.89552368  -4.10296987
  -3.88906229  -4.10942798
  -3.88327270  -4.11574171
  -3.87614076  -4.12315260
  -3.87056476  -4.12885431
  -3.86321942  -4.13687724
  -3.85844511  -4.14176745
  -3.85029827  -4.15060192
  -3.84632656  -4.15468122
  -3.83737732  -4.16432663
  -3.83420889  -4.16759549
  -3.82469714  -4.17748437
  -3.82203374  -4.18047319
  -3.81153489  -4.19096774
  -3.80911210  -4.19338957
  -3.79845139  -4.20451267
  -3.79689365  -4.20617725
  -3.78595296  -4.21786843
  -3.78488673  -4.21922466
  -3.77303924  -4.23159960
  -3.77223207  -4.23240726
  -3.76066200  -4.24505988
  -3.75985445  -4.24586717
  -3.74835521  -4.25777202
  -3.74677382  -4.25941755
  -3.73562926  -4.27089410
  -3.73405912  -4.27252059
  -3.72300007  -4.28410158
  -3.72109490  -4.28623370
  -3.71082850  -4.29685937
  -3.70847350  -4.29944880
  -3.69848570  -4.30964626
  -3.69531544  -4.31289098
  -3.68637437  -4.32256410
  -3.68233692  -4.32660058
  -3.67363491  -4.33558849
  -3.66941831  -4.34032576
  -3.66134357  -4.34839878
  -3.65650066  -4.35324449
  -3.64859486  -4.36142057
  -3.64372324  -4.36646515
  -3.63374396  -4.37420116
  -3.63035127  -4.37647227
  -3.61748235  -4.38298328
  -3.61009284  -4.38686368
  -3.60445303  -4.38933014
  -3.59164236  -4.39449303
  -3.57944558  -4.39998004
  -3.57855475  -4.40056571
  -3.56562142  -4.40540030
  -3.55278546  -4.41046508
  -3.54785266  -4.41267505
  -3.53979170  -4.41592815
  -3.52701923  -4.42114204
  -3.51645721  -4.42583091
  -3.51403418  -4.42673732
  -3.50115981  -4.43162965
  -3.48817349  -4.43722474
  -3.48561963  -4.43849209
  -3.47513372  -4.44252671
  -3.46234052  -4.44773826
  -3.45417361  -4.45149761
  -3.44919808  -4.45370780
  -3.43622144  -4.45836700
  -3.42352482  -4.46384887
  -3.42261130  -4.46437377
  -3.41047895  -4.46912587
  -3.39761959  -4.47429009
  -3.39114736  -4.47730642
  -3.38457696  -4.48036333
  -3.37169265  -4.48525239
  -3.36036463  -4.49012394
  -3.35871522  -4.49084172
  -3.34578409  -4.49567672
  -3.33281525  -4.50120100
  -3.32877451  -4.50281300
  -3.31981962  -4.50667278
  -3.30703130  -4.51184099
  -3.29812099  -4.51580889
  -3.29406342  -4.51744238
  -3.28119688  -4.52234291
  -3.26820333  -4.52792113
  -3.26655402  -4.52863893
  -3.25531968  -4.53280477
  -3.24269766  -4.53819735
  -3.23438670  -4.54188000
  -3.22941449  -4.54404370
  -3.21658452  -4.54897081
  -3.20374433  -4.55422052
  -3.20280338  -4.55467201
  -3.19052724  -4.55987495
  -3.17776395  -4.56510096
  -3.17210858  -4.56752147
  -3.16476832  -4.57064573
  -3.15189528  -4.57553400
  -3.14064448  -4.58043443
  -3.13902897  -4.58124155
  -3.12592745  -4.58815031
  -3.11802677  -4.59377398
  -3.11432661  -4.60034671
  -3.11155542  -4.60459575
         
