# shadow point cont 3D ind 23  size 1391
# norm  0.9837286 -0.1796607  0.0000000
# angle  0.1806416
   0.50588014708590    2.76993604558798   -4.60417901290442
   0.50616616097900    2.77150210861019   -4.60174517411460
   0.50775437737496    2.78019835389419   -4.59118578395968
   0.50846930760559    2.78411293925068   -4.58943182458070
   0.51079287569506    2.79683558717918   -4.58380251941789
   0.51308735604553    2.80939896580805   -4.57935790131399
   0.51367067854511    2.81259293581676   -4.57779074495953
   0.51541585502288    2.82214861270887   -4.57382235941181
   0.51773718373745    2.83485899898745   -4.56898429246786
   0.51962464124790    2.84519373266466   -4.56497312281624
   0.52005853470687    2.84756950712205   -4.56414627957533
   0.52240191921934    2.86040065945554   -4.55883173865812
   0.52468882380451    2.87292255714176   -4.55388211701097
   0.52556072928742    2.87769665717190   -4.55200989108241
   0.52702741503197    2.88572746394457   -4.54801709507602
   0.52933837292298    2.89838106499817   -4.54398808390756
   0.53136907189730    2.90950011428110   -4.53912652306421
   0.53166511544571    2.91112109446881   -4.53834028755028
   0.53398660355772    2.92383235352476   -4.53350262518180
   0.53631178187442    2.93656381821842   -4.52867072781708
   0.53745855571240    2.94284295411308   -4.52620462558286
   0.53862951097434    2.94925449488318   -4.52302081873417
   0.54095229703405    2.96197286082427   -4.51818851490342
   0.54325843145399    2.97460005106399   -4.51403146924525
   0.54340794372091    2.97541870231924   -4.51328221423180
   0.54560004248021    2.98742149271109   -4.50772205232016
   0.54790644679178    3.00005016073675   -4.50367241414964
   0.54921727080247    3.00722754988227   -4.50042861631757
   0.55023839322566    3.01281868411288   -4.49804196032551
   0.55255686089129    3.02551340477851   -4.49320197564963
   0.55487119188801    3.03818547520104   -4.48820979633907
   0.55516311070405    3.03978387050394   -4.48742940900887
   0.55720389327292    3.05095813229556   -4.48273164412528
   0.55952388774054    3.06366121293327   -4.47789388149089
   0.56096532019443    3.07155374584702   -4.47459601405548
   0.56184759336635    3.07638461393909   -4.47225547749667
   0.56416886707022    3.08909469900776   -4.46742000334536
   0.56648695753431    3.10178735431438   -4.46257905353570
   0.56691557309551    3.10413422975416   -4.46168673837672
   0.56881801720827    3.11455102225534   -4.45695726076105
   0.57115786132032    3.12736278920124   -4.45244583308210
   0.57273300075895    3.13598743188197   -4.44895498404091
   0.57345761576644    3.13995504602927   -4.44727770742364
   0.57580197604800    3.15279154116579   -4.44196984558927
   0.57808755880687    3.16530620122006   -4.43739639144456
   0.57881407542944    3.16928422762052   -4.43579777676107
   0.58042381931124    3.17809834619788   -4.43196800631301
   0.58274246904513    3.19079406377445   -4.42712646500607
   0.58461492695931    3.20104666747953   -4.42292842164435
   0.58505292883211    3.20344493746996   -4.42207218195578
   0.58738865088919    3.21623413419102   -4.41665456916622
   0.58969655194510    3.22887099760864   -4.41158673183210
   0.59056551112526    3.23362896522045   -4.40994691730065
   0.59203834623643    3.24169344271997   -4.40619458086168
   0.59437960509651    3.25451295608881   -4.40167708437748
   0.59638210264545    3.26547758906355   -4.39726486715713
   0.59667556623966    3.26708444276665   -4.39650628754188
   0.59900490376956    3.27983868114423   -4.39088532778570
   0.60133012519515    3.29257038187968   -4.38623112423028
   0.60203666972953    3.29643905153370   -4.38436749719019
   0.60363704560035    3.30520187576511   -4.37957082957618
   0.60591447082031    3.31767186938756   -4.37298899026395
   0.60636227675440    3.32012382130822   -4.37130169232932
   0.60826064114973    3.33051827540289   -4.36344019472623
   0.60925056427896    3.33593857855930   -4.35845360813871
   0.61058159308848    3.34322659865344   -4.35052219753892
   0.61145195797811    3.34799226319770   -4.34567795533386
   0.61290257448097    3.35593508317739   -4.33760422072137
   0.61376450104426    3.36065454384420   -4.33273335179358
   0.61519294631767    3.36847596572600   -4.32454504185403
   0.61594870184735    3.37261408914390   -4.31984114123939
   0.61753370850284    3.38129275956185   -4.31098819280112
   0.61824016005563    3.38516092009709   -4.30675825555009
   0.61983524883334    3.39389479496199   -4.29787356556299
   0.62056029735788    3.39786478282276   -4.29383508794089
   0.62217082828767    3.40668321086477   -4.28436533305344
   0.62273523051620    3.40977358332954   -4.28091127803304
   0.62447540010082    3.41930184508410   -4.27121907494953
   0.62504563871547    3.42242417455757   -4.26798480211264
   0.62678269253029    3.43193537598051   -4.25741678631206
   0.62722603068160    3.43436286465105   -4.25498622685622
   0.62914967230763    3.44489572368778   -4.24475419773187
   0.62957126662894    3.44720415447705   -4.24228517452464
   0.63142279186030    3.45734214172011   -4.23156821562711
   0.63185780999421    3.45972407431131   -4.22914492822561
   0.63375632073526    3.47011932971887   -4.21791173557190
   0.63404211474836    3.47168418879284   -4.21629682204656
   0.63606281436510    3.48274848680483   -4.20491149385437
   0.63634910147830    3.48431604583793   -4.20330610507405
   0.63838276915334    3.49545135017887   -4.19117903377313
   0.63852778326424    3.49624537187595   -4.19037128614401
   0.64061021419159    3.50764767837350   -4.17773978274671
   0.64075529965511    3.50844209076038   -4.17693242573977
   0.64293159498755    3.52035834982270   -4.16482208125800
   0.64307499891301    3.52114355498345   -4.16401399860203
   0.64521668536891    3.53287031387427   -4.15170189573010
   0.64536177466398    3.53366474724070   -4.15089454096650
   0.64751849913579    3.54547384646956   -4.13867478256479
   0.64766352397240    3.54626792689504   -4.13786705842218
   0.64971431342579    3.55749698117122   -4.12586571914051
   0.65000449996693    3.55908589143955   -4.12425101457991
   0.65203582083795    3.57020834590471   -4.11294809241647
   0.65232601142144    3.57179727830682   -4.11133339015431
   0.65408837219011    3.58144704742030   -4.10016956414456
   0.65464484803711    3.58449401915060   -4.09682561356574
   0.65638833655677    3.59404045366381   -4.08711118092109
   0.65696873367576    3.59721840581299   -4.08388178688690
   0.65860095982628    3.60615562557720   -4.07439527264016
   0.65932455271860    3.61011764315451   -4.07035350649961
   0.66088627132281    3.61866880034026   -4.06127521226713
   0.66161178803165    3.62264135173420   -4.05723848189716
   0.66309895509361    3.63078430352717   -4.04855935059664
   0.66396758897555    3.63554048997542   -4.04370831440159
   0.66538433118033    3.64329783195241   -4.03543932493379
   0.66625497580037    3.64806502815462   -4.03059526299208
   0.66759707592335    3.65541366899145   -4.02272350965548
   0.66861072386569    3.66096387686025   -4.01706263090391
   0.66988251709884    3.66792755380893   -4.00960351842043
   0.67089829804277    3.67348944088281   -4.00395212962660
   0.67208690525475    3.67999763453195   -3.99684427940269
   0.67321891382016    3.68619592348897   -3.99023869908133
   0.67438083001634    3.69255797104569   -3.98376779226002
   0.67554175578393    3.69891459553154   -3.97730908129362
   0.67669198710054    3.70521266277735   -3.97081040802204
   0.67786263580151    3.71162252497930   -3.96359374902527
   0.67887927083933    3.71718908862620   -3.95793214601809
   0.68018535001325    3.72434049751839   -3.95066611752278
   0.68120119765752    3.72990274980858   -3.94501476844676
   0.68254342120572    3.73725206645762   -3.93714311749004
   0.68340740001514    3.74198276415472   -3.93226035190368
   0.68482849815372    3.74976395695513   -3.92403146688039
   0.68569983368141    3.75453493620752   -3.91917923902155
   0.68715109633180    3.76248129415436   -3.91110590848640
   0.68790671495947    3.76661866796819   -3.90642692342362
   0.68947250688230    3.77519212852385   -3.89738732344373
   0.69008959580030    3.77857098584243   -3.89354550566047
   0.69182351193746    3.78806500697770   -3.88379464197873
   0.69233949165959    3.79089024303284   -3.88030511829206
   0.69404649520357    3.80023690483335   -3.86812382582407
   0.69418588804471    3.80100014738677   -3.86729709894449
   0.69495913089492    3.80523402225837   -3.85463703653917
   0.69537966287018    3.80753663619429   -3.84171145640530
   0.69565486361854    3.80904349207123   -3.82879333725736
   0.69579728470324    3.80982331570816   -3.81585958301272
   0.69593971888230    3.81060321104300   -3.80292596200152
   0.69618712959053    3.81195790314300   -3.78997917681092
   0.69623903906635    3.81224213237991   -3.77704479601162
   0.69633732023797    3.81278026885640   -3.77620242537053
   0.69658480817746    3.81413538383449   -3.76415134913600
   0.69680020939163    3.81531480862677   -3.75119392314410
   0.69694270809646    3.81609505727110   -3.73826095475398
   0.69708521976723    3.81687537691016   -3.72532811755055
   0.69722774438252    3.81765576742668   -3.71239541118737
   0.69729736647153    3.81803698170249   -3.69948719410993
   0.69742746082171    3.81874931056530   -3.68654908313566
   0.69751008584145    3.81920172211327   -3.67359753861207
   0.69765266233170    3.81998239667003   -3.66066535624130
   0.69777005645454    3.82062518570668   -3.64777900930395
   0.69751347944513    3.81922030371845   -3.63487403908916
   0.69679744884762    3.81529969332641   -3.62196617233562
   0.69633240323744    3.81275334592400   -3.61723224851244
   0.69543874202513    3.80786012285766   -3.60915115906909
   0.69413067602645    3.80069783514856   -3.59626180940033
   0.69400353123614    3.80000165653844   -3.59538723979839
   0.69257938576135    3.79220377811303   -3.58313179761495
   0.69170637816520    3.78742364348516   -3.57424826372351
   0.69125754893871    3.78496608854865   -3.57024251411882
   0.68980844032156    3.77703152496525   -3.55727354466592
   0.68937687383467    3.77466849179430   -3.55322350702248
   0.68835384294274    3.76906690778344   -3.54433052837661
   0.68704926671085    3.76192372821860   -3.53218678229723
   0.68692514180880    3.76124408494276   -3.53130661662468
   0.68557819836274    3.75386892459283   -3.51849751552884
   0.68467975435028    3.74894951340542   -3.51055006597088
   0.68407757942625    3.74565231734539   -3.50568854289762
   0.68267126924946    3.73795209571700   -3.49260173319236
   0.68235671013557    3.73622973394210   -3.48945524733259
   0.68122985762431    3.73005967685052   -3.47961150217843
   0.68009264549168    3.72383289587129   -3.46819390619145
   0.67993069671627    3.72294614877687   -3.46664268370921
   0.67844971191283    3.71483704780968   -3.45379168819340
   0.67773056686894    3.71089938433237   -3.44729991088860
   0.67699926472589    3.70689515491575   -3.44083458519009
   0.67568393087871    3.69969307225592   -3.42791951836864
   0.67540235112668    3.69815128827931   -3.42546478307865
   0.67422846906084    3.69172372185637   -3.41498350989215
   0.67306608491692    3.68535911206174   -3.40450918407673
   0.67276981791910    3.68373690838147   -3.40206187707171
   0.67141363525880    3.67631115890937   -3.38926007338048
   0.67074245490726    3.67263612509050   -3.38343783098570
   0.66986748856352    3.66784526538164   -3.37615629371963
   0.66854387008500    3.66059782039809   -3.36328022804766
   0.66841690836476    3.65990264418429   -3.36240037150081
   0.66709489741233    3.65266400117585   -3.35031562808786
   0.66608661934253    3.64714319593061   -3.34139021322184
   0.66563839317884    3.64468894305166   -3.33738627263202
   0.66428858065273    3.63729807311461   -3.32454846445437
   0.66375542589541    3.63437879551754   -3.31957832429645
   0.66282672728388    3.62929372591282   -3.31165632386535
   0.66152434393578    3.62216255343683   -3.29872542776349
   0.66139726380310    3.62146672885819   -3.29785121905997
   0.65996860845880    3.61364415673767   -3.28562654947208
   0.65909862173602    3.60888056283802   -3.27754239194367
   0.65851657082396    3.60569355537992   -3.27268179991693
   0.65719275555361    3.59844503286686   -3.25980634166046
   0.65674353095510    3.59598531307919   -3.25579837180859
   0.65566167791877    3.59006164966086   -3.24664220721375
   0.65444484490213    3.58339890621525   -3.23468594400908
   0.65431618642387    3.58269443943877   -3.23381529187358
   0.65284454874119    3.57463651843361   -3.22094070120569
   0.65211242889556    3.57062781170382   -3.21369323220938
   0.65138707512906    3.56665615249716   -3.20801662446751
   0.65007196727202    3.55945530724158   -3.19510419833839
   0.64978671022640    3.55789338832168   -3.19266475648851
   0.64856662667712    3.55121284665338   -3.18233088761928
   0.64741042550647    3.54488209159808   -3.17098795778858
   0.64716788172087    3.54355404823002   -3.16922001522834
   0.64584386341285    3.53630441398855   -3.15634504210910
   0.64509706306036    3.53221532445393   -3.14996137439608
   0.64425844887954    3.52762351024426   -3.14335633558853
   0.64293438103485    3.52037360476577   -3.13048145960075
   0.64277544995253    3.51950338098606   -3.12890589052124
   0.64148655506679    3.51244606430037   -3.11752141070517
   0.64044456623218    3.50674067647535   -3.10791380384504
   0.64012987957146    3.50501761632047   -3.10473569079510
   0.63872119400722    3.49730438830835   -3.09166466027891
   0.63811971278658    3.49401099060654   -3.08607562089968
   0.63726663240166    3.48933996700226   -3.07873377355052
   0.63591818815407    3.48195658904527   -3.06594450902258
   0.63579115786239    3.48126103736999   -3.06507056445843
   0.63436371514745    3.47344510497593   -3.05285062483923
   0.63347546035240    3.46858148463297   -3.04400299875112
   0.63295530873230    3.46573340543875   -3.03976061087854
   0.63158824243930    3.45824806286599   -3.02703539874150
   0.63113305464802    3.45575569174239   -3.02307071937090
   0.62999184281813    3.44950701050543   -3.01409186264570
   0.62879403193311    3.44294842233916   -3.00379589155883
   0.62835797354330    3.44056079384876   -3.00137111582311
   0.62650482722427    3.43041393037448   -2.99146985362281
   0.62577695534181    3.42642848327717   -2.98826146034965
   0.62413933816672    3.41746174507194   -2.98127340892665
   0.62270373390975    3.40960112432708   -2.97548538009112
   0.62184871122363    3.40491946569368   -2.97213196355340
   0.61952350816474    3.39218786552467   -2.96324687243208
   0.61936758037546    3.39133408621247   -2.96252429491887
   0.61716549197598    3.37927659775709   -2.95376372380827
   0.61628738950833    3.37446856626805   -2.94975772098177
   0.61487404152136    3.36672980925888   -2.94384323094928
   0.61310755557690    3.35705745283263   -2.93676396278845
   0.61251519027032    3.35381396912548   -2.93442089767675
   0.61023196059690    3.34131219334082   -2.92599448399080
   0.60964310290765    3.33808791551819   -2.92364369766191
   0.60786643994434    3.32835983504044   -2.91660496419898
   0.60643103960549    3.32050033084497   -2.91081760739957
   0.60557604106815    3.31581880443768   -2.90746433197671
   0.60337280824148    3.30375504969544   -2.89796113748828
   0.60321690297288    3.30290139369476   -2.89723863840779
   0.60092789104219    3.29036795728273   -2.88886470008780
   0.60003872790222    3.28549936331637   -2.88495287892629
   0.59860231430821    3.27763431106368   -2.87917874324221
   0.59683597683398    3.26796276758301   -2.87210007048559
   0.59624485398197    3.26472608690960   -2.86970139906989
   0.59398472173064    3.25235078057106   -2.86032010355168
   0.59354486330919    3.24994234508777   -2.85873982310084
   0.59162977908320    3.23945634191402   -2.85169467396342
   0.59029894666943    3.23216939718062   -2.84623649437950
   0.58927178493485    3.22654519482820   -2.84223637144363
   0.58713426211265    3.21484123382564   -2.83304864932033
   0.58698061049269    3.21399991763041   -2.83230532454392
   0.58468970669124    3.20145612232004   -2.82394902377187
   0.58378778665601    3.19651767824352   -2.82015990118284
   0.58233283948644    3.18855114578983   -2.81452157290074
   0.58056664369936    3.17888037811418   -2.80744346895559
   0.57997456631836    3.17563847093747   -2.80510119548617
   0.57766029924576    3.16296675053009   -2.79611805974097
   0.57735127766933    3.16127470942436   -2.79464200002312
   0.57532877196040    3.15020052219280   -2.78644407860159
   0.57417834163356    3.14390136527074   -2.78155049626119
   0.57300332829213    3.13746760457223   -2.77678532368651
   0.57098737758387    3.12642930910819   -2.76857509942682
   0.57071268613476    3.12492524188852   -2.76765320834570
   0.56838840267963    3.11219867699046   -2.75876943409502
   0.56764193791122    3.10811142493936   -2.75569833308138
   0.56603248997630    3.09929892681287   -2.74929681442419
   0.56444864140999    3.09062659748772   -2.74274841079515
   0.56370798334487    3.08657113991767   -2.73962140979362
   0.56141766647357    3.07403055833100   -2.73048152520804
   0.56126181752228    3.07317721069453   -2.72975921780689
   0.55909352020757    3.06130474460907   -2.72159822377323
   0.55791216873880    3.05483627962842   -2.71690394314719
   0.55673745722715    3.04840417159246   -2.71213964089320
   0.55484079114127    3.03801901655529   -2.70412426490094
   0.55441294031231    3.03567632839070   -2.70247443728642
   0.55209706617027    3.02299580850859   -2.69345477196827
   0.55152366419542    3.01985615812327   -2.69103415701495
   0.54980186928199    3.01042850649214   -2.68440892267710
   0.54819669654625    3.00163941712833   -2.67801294904244
   0.54744432783384    2.99751983815671   -2.67495509343192
   0.54515313840576    2.98497447890383   -2.66584024549229
   0.54499731041918    2.98412124605919   -2.66511800815469
   0.54279801758650    2.97207906467072   -2.65636562005963
   0.54179573965366    2.96659111304843   -2.65223943592272
   0.54050777631490    2.95953889702852   -2.64724761928908
   0.53859050882470    2.94904093943773   -2.63943891477184
   0.53815042438437    2.94663126639284   -2.63780568525313
   0.53583690867837    2.93396366007740   -2.62805856060877
   0.53540133069610    2.93157866204831   -2.62644264984661
   0.53350409423207    2.92119038391762   -2.61922355419264
   0.53218857304943    2.91398727550646   -2.61363297627706
   0.53118136215735    2.90847231357019   -2.60952010722148
   0.52901239496068    2.89659617956028   -2.60058667498306
   0.52885658738183    2.89574305845774   -2.59986450564574
   0.52656978307266    2.88322170983066   -2.59149688212891
   0.52567334625130    2.87831328897571   -2.58766338943760
   0.52421319157975    2.87031824295510   -2.58203863463174
   0.52247921042136    2.86082386579744   -2.57473756395173
   0.52188764463197    2.85758475982975   -2.57239665993899
   0.51957494425032    2.84492161780555   -2.56341808441654
   0.51914634059637    2.84257480756365   -2.56174987700611
   0.51727680186466    2.83233818778047   -2.55434353794608
   0.51594608927788    2.82505189915720   -2.54888641190487
   0.51491961719521    2.81943147297930   -2.54491696321154
   0.51275199717132    2.80756271538539   -2.53595843137353
   0.51259620950300    2.80670970330254   -2.53523632768275
   0.51027494873225    2.79399968904891   -2.52632079815801
   0.50953605831205    2.78995391018121   -2.52322270713855
   0.50795371511675    2.78128982348324   -2.51741316779127
   0.50621954777164    2.77179442686416   -2.51011167258684
   0.50562812275425    2.76855609169057   -2.50777115064238
   0.50328391811606    2.75572044877600   -2.49826428718547
   0.50300357132996    2.75418541587828   -2.49737353179177
   0.50095297157018    2.74295740026544   -2.48934461195273
   0.49980998190800    2.73669898454537   -2.48444942166392
   0.49863111799844    2.73024414014251   -2.47968829384958
   0.49661646801069    2.71921296674610   -2.47152554899784
   0.49633584367446    2.71767641412848   -2.47067964850542
   0.49398697568287    2.70481523712105   -2.46275136020266
   0.49284276134257    2.69855011570180   -2.45860106368387
   0.49169116744756    2.69224458768683   -2.45452395423224
   0.48938224765374    2.67960214619131   -2.44711458768391
   0.48894041330338    2.67718289155105   -2.44555843996481
   0.48704784190257    2.66682015687539   -2.43913672605507
   0.48516685047851    2.65652082811746   -2.43263435649002
   0.48472419714654    2.65409708916073   -2.43113417324804
   0.48237510414348    2.64123468010772   -2.42398870716197
   0.48123209779839    2.63497617304072   -2.41982883567093
   0.48008034909492    2.62866979737531   -2.41575127551366
   0.47777169619408    2.61602881724662   -2.40834262341635
   0.47732989567234    2.61360974783431   -2.40678657132265
   0.47547051252902    2.60342873476054   -2.40088575095022
   0.47355661938820    2.59294925334841   -2.39386328962050
   0.47311425537386    2.59052709854422   -2.39232736235904
   0.47079443022177    2.57782494499020   -2.38500430131228
   0.46963838519263    2.57149504488440   -2.38094007000325
   0.46847040439788    2.56509979074650   -2.37698101881239
   0.46612990934443    2.55228445958477   -2.36906234488035
   0.46584609969236    2.55073046583765   -2.36819528281958
   0.46382984147742    2.53969048662726   -2.36156643827125
   0.46209863715579    2.53021131398056   -2.35502790336264
   0.46150471315863    2.52695929569609   -2.35275120194456
   0.45921579022965    2.51442634661108   -2.34597304645987
   0.45816976435634    2.50869885406606   -2.34223247128954
   0.45686367348274    2.50154738111258   -2.33816048629390
   0.45456777449182    2.48897623474791   -2.32984886102222
   0.45440811471287    2.48810202100523   -2.32920271131790
   0.45218851722366    2.47594866189937   -2.32225372218359
   0.45049026025726    2.46664989179939   -2.31626205858598
   0.44989612877827    2.46339673745255   -2.31398473218873
   0.44757990390256    2.45071429713567   -2.30662752925144
   0.44670961446091    2.44594904570522   -2.30342469713962
   0.44525375256252    2.43797750467327   -2.29862075418250
   0.44296244726322    2.42543151096995   -2.29106535283619
   0.44280375110364    2.42456257350473   -2.29039194748789
   0.44061073898670    2.41255478204241   -2.28327672892334
   0.43900542478817    2.40376491810209   -2.27768483878539
   0.43828836483087    2.39983867147228   -2.27522053596125
   0.43597272605732    2.38715944034538   -2.26786524754219
   0.43510212628099    2.38239248968400   -2.26466125648618
   0.43364762494296    2.37442839837151   -2.25983686951367
   0.43145034811029    2.36239725554841   -2.25195163035768
   0.43129463841365    2.36154467039788   -2.25123841447900
   0.42903340312705    2.34916332441306   -2.24422908595732
   0.42741148801737    2.34028256253488   -2.23883305083632
   0.42668140033857    2.33628498289157   -2.23645855714278
   0.42433145065038    2.32341788307724   -2.22855609366529
   0.42362203966544    2.31953351823381   -2.22607573002140
   0.42200830223426    2.31069753306128   -2.22055272659503
   0.41984400683341    2.29884697937053   -2.21319141170822
   0.41968721979628    2.29798849526490   -2.21248791841026
   0.41739814742494    2.28545472791140   -2.20493530396955
   0.41595557703348    2.27755596424451   -2.20001796905703
   0.41507511601369    2.27273501855315   -2.19689150360979
   0.41277196193886    2.26012414713000   -2.18946330252639
   0.41205123619231    2.25617782854868   -2.18698000998512
   0.41043446968256    2.24732525772053   -2.18152355988115
   0.40827041446230    2.23547601913354   -2.17414850125895
   0.40811175175877    2.23460726485616   -2.17347519733530
   0.40579273289058    2.22190952609258   -2.16617767499632
   0.40435025630292    2.21401127604637   -2.16126060415694
   0.40347170261585    2.20920077391500   -2.15810350968553
   0.40117615797520    2.19663156778775   -2.15057701586003
   0.40057318077463    2.19332997887947   -2.14839680099091
   0.39882947897622    2.18378237656304   -2.14276710816627
   0.39666542205889    2.17193312868379   -2.13539202310064
   0.39650676990262    2.17106443215775   -2.13471875122166
   0.39419167238689    2.15838816467655   -2.12738418308943
   0.39288356714293    2.15122566208075   -2.12257701723550
   0.39186717594949    2.14566043359860   -2.11934837439372
   0.38955727033801    2.13301259427932   -2.11117267488455
   0.38898110949143    2.12985783775019   -2.10951595659377
   0.38722726317514    2.12025468934063   -2.10399014154570
   0.38533656594885    2.10990221666789   -2.09675613666142
   0.38493349805510    2.10769522694086   -2.09565792580566
   0.38258201435663    2.09481972768570   -2.08788643480920
   0.38129153913278    2.08775375789213   -2.08371355829468
   0.38029200873011    2.08228085031319   -2.08031814344326
   0.37795445509709    2.06948162483678   -2.07241469837423
   0.37751291291501    2.06706396995775   -2.07085938122566
   0.37562031903043    2.05670111217266   -2.06446789042749
   0.37385231613701    2.04702044972446   -2.05819898356398
   0.37329886343671    2.04399003116993   -2.05640470282591
   0.37098258617750    2.03130730402830   -2.04909220378116
   0.36982581892751    2.02497344941758   -2.04502525412608
   0.36865764841276    2.01857715647184   -2.04106569265724
   0.36635140749584    2.00594938311012   -2.03366370599880
   0.36603567967679    2.00422062211483   -2.03228648927578
   0.36401962267372    1.99318174463573   -2.02569355021303
   0.36226480693690    1.98357328818458   -2.01936998831737
   0.36169859870309    1.98047302697613   -2.01762572280387
   0.35940907893378    1.96793680990453   -2.01007465341694
   0.35836236712403    1.96220556152906   -2.00633227343172
   0.35705966137974    1.95507262377948   -2.00227048515946
   0.35476121888482    1.94248755051247   -1.99395169281304
   0.35460165046522    1.94161383700598   -1.99330581728270
   0.35242057905917    1.92967142665359   -1.98692019343466
   0.35068975980606    1.92019436244144   -1.98038205878740
   0.35009367905319    1.91693053488671   -1.97809837699309
   0.34780708519174    1.90441033856167   -1.97132666095218
   0.34676027724391    1.89867856378415   -1.96758398187518
   0.34545796626109    1.89154778754270   -1.96352349216267
   0.34316370144080    1.87898558904476   -1.95518935488826
   0.34300509392655    1.87811713695521   -1.95451622060024
   0.34081410835302    1.86612044178848   -1.94740676280422
   0.33921107146930    1.85734304723721   -1.94182227116042
   0.33849208963219    1.85340627739519   -1.93935152127272
   0.33617365286381    1.84071172590676   -1.93206992584057
   0.33529341375939    1.83589199530827   -1.92893046218216
   0.33385558171881    1.82801917638143   -1.92398040432436
   0.33156247823548    1.81546333675946   -1.91644354447531
   0.33140387947971    1.81459493262671   -1.91577043756202
   0.32921658255376    1.80261843457181   -1.90863504913581
   0.32762104497127    1.79388210228582   -1.90298048568201
   0.32689110993149    1.78988535841421   -1.90060641470142
   0.32458110606757    1.77723698111584   -1.89327099123094
   0.32370724928268    1.77245219677297   -1.89005386698683
   0.32225505921967    1.76450076079793   -1.88523674817902
   0.32005832087886    1.75247256647569   -1.87737114031736
   0.31989973053913    1.75160420842478   -1.87669806004371
   0.31761635350819    1.73910162578715   -1.86989231905802
   0.31614775026383    1.73106031978483   -1.86441083124552
   0.31526136528304    1.72620693757031   -1.86131980320691
   0.31300990275236    1.71387910210384   -1.85427790947737
   0.31224679258875    1.70970070854344   -1.85135710365962
   0.31065511648457    1.70098551970022   -1.84649478756688
   0.30845873907637    1.68895930165683   -1.83861184557989
   0.30830149568992    1.68809831882016   -1.83791351467981
   0.30601421880424    1.67557438261039   -1.83035957629288
   0.30457243513472    1.66767992662283   -1.82544450580071
   0.30369081995130    1.66285266133290   -1.82231420273201
   0.30137693538966    1.65018303535623   -1.81500966928596
   0.30065644056645    1.64623798119077   -1.81253979852056
   0.29905405165399    1.63746413459244   -1.80695775061417
   0.29688974658851    1.62561352798322   -1.79958154667041
   0.29673117214154    1.62474525695281   -1.79890851719041
   0.29441500421322    1.61206312845019   -1.79161972807800
   0.29309786586841    1.60485116530174   -1.78688612672642
   0.29209519935009    1.59936108598791   -1.78354913630377
   0.28979735308969    1.58677927739039   -1.77601585541585
   0.28919677488620    1.58349082413991   -1.77384208513763
   0.28745829945857    1.57397183870609   -1.76820052346230
   0.28541864081824    1.56280373096146   -1.76100422836889
   0.28513597359339    1.56125599255042   -1.76014476885807
   0.28284427704267    1.54870785655822   -1.75259813925077
   0.28151063619231    1.54140553428968   -1.74803227056486
   0.28049661209234    1.53585326677775   -1.74481116918539
   0.27818536737881    1.52319809523352   -1.73663098578364
   0.27773836548497    1.52075054581824   -1.73514250887626
   0.27586002177717    1.51046571457470   -1.72946362290907
   0.27381996150018    1.49929540767699   -1.72226589872486
   0.27353768753831    1.49774982256913   -1.72140771451164
   0.27121463395132    1.48502999178806   -1.71335782972954
   0.27004985394502    1.47865226349961   -1.70938179691344
   0.26892635246592    1.47250055491377   -1.70578338587027
   0.26659008982389    1.45970839823119   -1.69789517137704
   0.26627450290035    1.45798040870627   -1.69651840796648
   0.26425662092097    1.44693153860806   -1.68995012861894
   0.26225573102450    1.43597570830037   -1.68331331655857
   0.26196834084719    1.43440210946306   -1.68237314529937
   0.25962320310030    1.42156135733155   -1.67458887329361
   0.25846530397220    1.41522130514620   -1.67051704235363
   0.25729663815140    1.40882230016265   -1.66655566217533
   0.25499249503957    1.39620601328831   -1.65916017937243
   0.25467692132710    1.39447809610033   -1.65778346084784
   0.25266273136923    1.38344944158781   -1.65119676156418
   0.25078204560863    1.37315178648369   -1.64469421449525
   0.25033816521085    1.37072132875407   -1.64315354066515
   0.24802606010886    1.35806144617103   -1.63585548871646
   0.24699375861620    1.35240910118201   -1.63196093329729
   0.24570666275085    1.34536163499441   -1.62778619131013
   0.24341453223332    1.33281112282611   -1.61940904359468
   0.24313081456617    1.33125763274052   -1.61854083792286
   0.24110003178811    1.32013812459196   -1.61213399127305
   0.23918614643187    1.30965868580412   -1.60589808807395
   0.23874557999474    1.30724637359596   -1.60439824639617
   0.23646192674646    1.29474227853613   -1.59679694998365
   0.23540853049723    1.28897442965369   -1.59310132785806
   0.23411003716483    1.28186455687633   -1.58905445523646
   0.23181908721032    1.26932050885590   -1.58066259629827
   0.23165546095609    1.26842457676170   -1.58004000648899
   0.22946645055834    1.25643869662816   -1.57293690568807
   0.22786580373543    1.24767438880430   -1.56736141822003
   0.22714434438298    1.24372405337942   -1.56488099341359
   0.22483932768902    1.23110298322465   -1.55756603656655
   0.22396216964046    1.22630012288238   -1.55433374219809
   0.22254801577731    1.21855695331521   -1.54997946303015
   0.22022410689128    1.20583243936233   -1.54191677291268
   0.22005902575533    1.20492854109406   -1.54130864059795
   0.21787539754294    1.19297213100266   -1.53418667615786
   0.21627796786568    1.18422543859174   -1.52852418641991
   0.21555293788433    1.18025555226387   -1.52612971561252
   0.21325867405163    1.16769335917345   -1.51852750765198
   0.21236605099055    1.16280582048226   -1.51560343537593
   0.21091603496810    1.15486628842035   -1.51079429819081
   0.20871999478468    1.14284191684408   -1.50291202646442
   0.20856280784534    1.14198124308237   -1.50221389004930
   0.20631934322959    1.12969720002992   -1.49508665101423
   0.20468642204233    1.12075617460673   -1.48970321540541
   0.20395720650252    1.11676337034198   -1.48740078793766
   0.20164149279540    1.10408372891791   -1.47932136790493
   0.20092004535204    1.10013345870102   -1.47684714012190
   0.19936172641566    1.09160091632460   -1.47168059397658
   0.19715321339524    1.07950824999316   -1.46388778101974
   0.19699469251516    1.07864027226713   -1.46321493541808
   0.19468084232558    1.06597083449392   -1.45593435672319
   0.19323958149947    1.05807924132440   -1.45102094915417
   0.19235651199648    1.05324401293843   -1.44788505297409
   0.19004628719843    1.04059442591983   -1.44059438224172
   0.18944971202809    1.03732789119270   -1.43829951330442
   0.18772289804340    1.02787275774304   -1.43253936209873
   0.18555865238788    1.01602247643181   -1.42515180460902
   0.18539931242881    1.01515001385612   -1.42448711965743
   0.18308571576503    1.00248196425808   -1.41720751863947
   0.18176903516497    0.99527250748128   -1.41247542527636
   0.18076125702399    0.98975443958570   -1.40915767439013
   0.17848123915472    0.97727024996680   -1.40181476942199
   0.17786773855834    0.97391104042732   -1.39942977271096
   0.17613244086127    0.96440945459001   -1.39380072935442
   0.17408857870790    0.95321833059861   -1.38658885284195
   0.17377717377975    0.95151323950095   -1.38522579799944
   0.17153105062634    0.93921463968183   -1.37805901481194
   0.17031143788188    0.93253667589537   -1.37379758593406
   0.16913931193297    0.92611872505349   -1.36989708966974
   0.16684166365796    0.91353800052087   -1.36238471408319
   0.16640804141747    0.91116371111449   -1.36083040070870
   0.16453026968785    0.90088201172540   -1.35428952287329
   0.16265247607324    0.89060019250549   -1.34786587471463
   0.16220940451681    0.88817416356958   -1.34622784359549
   0.15990013422915    0.87552980295245   -1.33894113348235
   0.15874183484904    0.86918755919567   -1.33485497232660
   0.15757157271774    0.86277981364772   -1.33089922067863
   0.15527392316846    0.85019908213779   -1.32346407651867
   0.15482920233877    0.84776402264108   -1.32194251781359
   0.15294076842921    0.83742394271117   -1.31555195105095
   0.15118536190486    0.82781225141542   -1.30922506459386
   0.15058384765750    0.82451867287650   -1.30700262132954
   0.14832165611938    0.81213209095674   -1.30017539138194
   0.14716314288398    0.80578867623984   -1.29592616194012
   0.14597714417651    0.79929476540193   -1.29217491047596
   0.14364273057403    0.78651273309631   -1.28427547161372
   0.14348499069049    0.78564903170030   -1.28358729051924
   0.14131863295865    0.77378718575986   -1.27628155107300
   0.13962955593184    0.76453868022494   -1.27021014263175
   0.13902054743177    0.76120406706382   -1.26797257630585
   0.13670572738833    0.74852931887630   -1.26070009808163
   0.13582755209725    0.74372088864415   -1.25757204414164
   0.13438719287933    0.73583423221120   -1.25263026465606
   0.13211470573172    0.72339127689942   -1.24488412007076
   0.13194676940294    0.72247174508316   -1.24430465678481
   0.12975857952891    0.71049035770997   -1.23727104100390
   0.12815947558638    0.70173449789501   -1.23159494262135
   0.12742694976797    0.69772356826982   -1.22924506790202
   0.12509152321023    0.68493598954907   -1.22140876497134
   0.12437204870933    0.68099652213689   -1.21888254954568
   0.12280031244248    0.67239051345128   -1.21387747731454
   0.12059759097540    0.66032955864763   -1.20602731247399
   0.12043909498863    0.65946171722442   -1.20535457108800
   0.11816664914130    0.64701898805142   -1.19853639923447
   0.11668966623578    0.63893179939168   -1.19307583747188
   0.11583445815723    0.63424912564593   -1.19050939775573
   0.11354085888966    0.62169057136788   -1.18318039674471
   0.11277829018568    0.61751514255818   -1.18016104961484
   0.11120841320922    0.60891931437775   -1.17514259607031
   0.10891865238118    0.59638177739412   -1.16741268809316
   0.10874895381520    0.59545259648539   -1.16688125251133
   0.10652475686885    0.58327405314923   -1.16019217372737
   0.10452911946640    0.57234698276148   -1.15429800706958
   0.10421857594771    0.57064660829317   -1.15348637997849
   0.10189986835836    0.55795057393023   -1.14864618539068
   0.09958385621788    0.54526929844058   -1.14379467951576
   0.09869558006922    0.54040556117640   -1.14161793648611
   0.09723857105444    0.53242773913289   -1.13851261516874
   0.09495034091542    0.51989858340466   -1.13409399915079
   0.09266383409138    0.50737886365112   -1.12871120497905
   0.09249379382942    0.50644781179321   -1.12827643080119
   0.09029964913624    0.49443381893367   -1.12367022664106
   0.08797285821116    0.48169352443697   -1.11907441865429
   0.08653252516683    0.47380701131694   -1.11566026625779
   0.08566218352328    0.46904147405614   -1.11398980550201
   0.08333082525596    0.45627617117355   -1.10943124725541
   0.08105000823294    0.44378760580516   -1.10391486224693
   0.08044729988672    0.44048748900324   -1.10268510163535
   0.07868909129163    0.43086045502834   -1.09898519505183
   0.07640683516405    0.41836400987341   -1.09452788025784
   0.07450827014724    0.40796845728008   -1.08981713742731
   0.07406853575913    0.40556070093868   -1.08898229507780
   0.07173311303330    0.39277314319952   -1.08446521208528
   0.06942424443362    0.38013098201646   -1.07955011319618
   0.06841183936059    0.37458757945226   -1.07704973134387
   0.06712149318022    0.36752231623354   -1.07440459437048
   0.06480676072679    0.35484804764331   -1.06954311850249
   0.06251000090679    0.34227218782725   -1.06415966901300
   0.06234095387705    0.34134657439139   -1.06378152813125
   0.06013982913848    0.32929436244091   -1.05945879605117
   0.05785854363099    0.31680323189575   -1.05498427064177
   0.05638747937894    0.30874845069783   -1.05121258107578
   0.05549817471091    0.30387908179759   -1.04901576944778
   0.05318891431518    0.29123477534349   -1.04490037693419
   0.05091268108115    0.27877130841481   -1.03961691177732
   0.05030067072354    0.27542025864621   -1.03824242569361
   0.04854660300314    0.26581589794316   -1.03445274473281
   0.04625716469633    0.25328012691770   -1.03000313212209
   0.04434093878761    0.24278787248425   -1.02560781518472
   0.04390934249427    0.24042467610868   -1.02477311526902
   0.04159596668856    0.22775783581432   -1.01989529026835
   0.03930450940827    0.21521100994233   -1.01465586537258
   0.03827426989538    0.20956995527987   -1.01241337252489
   0.03698198936390    0.20249410056258   -1.00983090255600
   0.03466779603111    0.18982278391597   -1.00496956146891
   0.03237017331296    0.17724219931935   -0.99957001969913
   0.03220062894221    0.17631386270329   -0.99920077528282
   0.02999754499429    0.16425092314352   -0.99492779888645
   0.02772055118573    0.15178329170502   -0.99041124546689
   0.02624578984354    0.14370826716830   -0.98668354464745
   0.02537950443378    0.13896493972981   -0.98485884299581
   0.02304733538769    0.12619519744521   -0.98037186367115
   0.02077578210622    0.11375735549776   -0.97504547641947
   0.02016001700399    0.11038574670443   -0.97368410606001
   0.01840438927269    0.10077284419467   -0.96992258032545
   0.01612403362588    0.08828680508197   -0.96540591215609
   0.01423202449272    0.07792714909087   -0.96078144518035
   0.01379807706764    0.07555107914319   -0.95978474916274
   0.01147970309895    0.06285687151313   -0.95494141471461
   0.00916595343199    0.05018798414941   -0.95008036793986
   0.00813461262981    0.04454089940076   -0.94784292210534
   0.00681123035792    0.03729474776169   -0.94491764042200
   0.00452928747193    0.02480001775438   -0.94039373019875
   0.00223059015924    0.01221354923812   -0.93497993295897
   0.00206062478039    0.01128290740114   -0.93461819711505
  -0.00014464728948   -0.00079201317412   -0.93039883125127
  -0.00245633724561   -0.01344962263479   -0.92552053606464
  -0.00389364387699   -0.02131956469470   -0.92212805253263
  -0.00476076096098   -0.02606744594783   -0.92028100941074
  -0.00709420895521   -0.03884419108589   -0.91584528231350
  -0.00939375590049   -0.05143531174750   -0.91057626071375
  -0.00985299374932   -0.05394985887548   -0.90942157977140
  -0.01173784592225   -0.06427032708220   -0.90539428573602
  -0.01401403578561   -0.07673355653575   -0.90082931341049
  -0.01590517575364   -0.08708845343150   -0.89621549331099
  -0.01635316942900   -0.08954143332550   -0.89525651919826
  -0.01868717307810   -0.10232122094007   -0.89084162522968
  -0.02097243555425   -0.11483412729307   -0.88550279848124
  -0.02200483358946   -0.12048700089875   -0.88326909338309
  -0.02333109081018   -0.12774889425938   -0.88038995795454
  -0.02560910546292   -0.14022211530857   -0.87581585578364
  -0.02790905778996   -0.15281545562940   -0.87038930320521
  -0.02807938240566   -0.15374806446017   -0.87003394783588
  -0.03028704045745   -0.16583604942900   -0.86587148112438
  -0.03260297693081   -0.17851691060490   -0.86101807141883
  -0.03419586276578   -0.18723872330345   -0.85769239960481
  -0.03494186229655   -0.19132342795566   -0.85632407322777
  -0.03726940492625   -0.20406783839512   -0.85407239813968
  -0.03958239890137   -0.21673258798419   -0.85430090068383
  -0.04188097656241   -0.22931840135041   -0.85783510689838
  -0.04245681227626   -0.23247137762216   -0.85870678809204
  -0.04419778917407   -0.24200405980305   -0.86193298373611
  -0.04652761061912   -0.25476094784781   -0.86651311370534
  -0.04882860828301   -0.26736001188842   -0.87092719994880
  -0.04926363547434   -0.26974199407335   -0.87172940142525
  -0.05115361724428   -0.28009054928003   -0.87565600250927
  -0.05347027227053   -0.29277534487706   -0.87969594163984
  -0.05578431276054   -0.30544582463626   -0.88384703982529
  -0.05607611899698   -0.30704360351194   -0.88461853427058
  -0.05812402394221   -0.31825686372467   -0.88908358360441
  -0.06042860521735   -0.33087554975293   -0.89341443986609
  -0.06260198863694   -0.34277586469808   -0.89737174087343
  -0.06276176098005   -0.34365069478343   -0.89795729469537
  -0.06506543958947   -0.35626443828464   -0.90229491864064
  -0.06737929094480   -0.36893388244087   -0.90634003010383
  -0.06940277270652   -0.38001341402884   -0.91040785624243
  -0.06969687182947   -0.38162374755616   -0.91118481274106
  -0.07202139238463   -0.39435161069039   -0.91601738146094
  -0.07434126404814   -0.40705401891674   -0.92005091942135
  -0.07622207653971   -0.41735236793363   -0.92328724105214
  -0.07667017338351   -0.41980591272424   -0.92462147984858
  -0.07897743104149   -0.43243925323009   -0.92973898769954
  -0.08129153520418   -0.44511008162769   -0.93310155310614
  -0.08272976004365   -0.45298505131658   -0.93626033818224
  -0.08361512083450   -0.45783282560075   -0.93861266451077
  -0.08593399568577   -0.47052977580282   -0.94264624698752
  -0.08825055544915   -0.48321404979005   -0.94669188344625
  -0.08939459711652   -0.48947822574233   -0.94913777481493
  -0.09056317565557   -0.49587675281648   -0.95167224238923
  -0.09289054992190   -0.50862024138589   -0.95636018920201
  -0.09520717803235   -0.52130488960606   -0.96040599585516
  -0.09606951695431   -0.52602660813407   -0.96206831433561
  -0.09752829110385   -0.53401409513563   -0.96523403931235
  -0.09984719290582   -0.54671119290562   -0.96926770700043
  -0.10214774964403   -0.55930784266701   -0.97335801639021
  -0.10287538800606   -0.56329201112817   -0.97500804477603
  -0.10448491464803   -0.57210494021348   -0.97894820810555
  -0.10680165834715   -0.58479022133696   -0.98299430282501
  -0.10911241176389   -0.59744270279597   -0.98720011545432
  -0.10954753989253   -0.59982523766106   -0.98800091768009
  -0.11144163260335   -0.61019630223753   -0.99185595419078
  -0.11375300836247   -0.62285219131906   -0.99593046205793
  -0.11606227686714   -0.63549654217347   -1.00011930409135
  -0.11621218986485   -0.63631738762168   -1.00085150217311
  -0.11839835127181   -0.64828766816635   -1.00557040740957
  -0.12071523658170   -0.66097372467665   -1.00961685433246
  -0.12288181563282   -0.67283678244610   -1.01380727459201
  -0.12303620887765   -0.67368215939265   -1.01444460260219
  -0.12537266836490   -0.68647539389702   -1.01896775157533
  -0.12767526629520   -0.69908322016254   -1.02331092668242
  -0.12941854941977   -0.70862853003929   -1.02643769060133
  -0.13001066710481   -0.71187065789994   -1.02784232477816
  -0.13231199799348   -0.72447154650580   -1.03219319302497
  -0.13462493964263   -0.73713600958509   -1.03626407581435
  -0.13621628123246   -0.74584936680203   -1.03953539371344
  -0.13694393781510   -0.74983363502972   -1.04110470301198
  -0.13926888380752   -0.76256382763674   -1.04590810394512
  -0.14157728087034   -0.77520340692970   -1.04937169024077
  -0.14301758963868   -0.78308978712704   -1.05252104545780
  -0.14390685846131   -0.78795895975657   -1.05478260772112
  -0.14622588106439   -0.80065671897051   -1.05881659618411
  -0.14853674422158   -0.81330980131106   -1.06290211949956
  -0.14982332617963   -0.82035445361006   -1.06550211253808
  -0.15084974812012   -0.82597460523556   -1.06794360478444
  -0.15318289490805   -0.83874970112493   -1.07253183114234
  -0.15548397914895   -0.85134923921613   -1.07666550127289
  -0.15622107378116   -0.85538518528461   -1.07823280841758
  -0.15782095868053   -0.86414532121226   -1.08140655315533
  -0.16014002701917   -0.87684333085026   -1.08544064855456
  -0.16246129699687   -0.88955339551639   -1.09019494520553
  -0.16289114178079   -0.89190700153919   -1.09107134852713
  -0.16477808943028   -0.90223894348347   -1.09512207235412
  -0.16709547209433   -0.91492772324595   -1.09916972522710
  -0.16939456221856   -0.92751634259351   -1.10347382250951
  -0.16968662504774   -0.92911552643730   -1.10424809248758
  -0.17173529483570   -0.94033297453022   -1.10883776838990
  -0.17405275562522   -0.95302218206706   -1.11288560535492
  -0.17621504091621   -0.96486172944377   -1.11714759280232
  -0.17637349137138   -0.96572932155967   -1.11771280064596
  -0.17869262762534   -0.97842770306660   -1.12174704793143
  -0.18100458600153   -0.99108678225563   -1.12583561829129
  -0.18273472557865   -1.00056012491627   -1.12992045500084
  -0.18332036496843   -1.00376678100826   -1.13150376942781
  -0.18561576029823   -1.01633516958705   -1.13657609213324
  -0.18776872518243   -1.02812368327354   -1.14302145220316
  -0.18793457916569   -1.02903181325092   -1.14384064034582
  -0.19026007864632   -1.04176503647091   -1.15094539724542
  -0.19183889742508   -1.05040982530070   -1.15592597445359
  -0.19256708765797   -1.05439701551907   -1.15836533520340
  -0.19491029958197   -1.06722722284803   -1.16622654448075
  -0.19576694164533   -1.07191774834729   -1.16873148754622
  -0.19725202893989   -1.08004931241784   -1.17403801372799
  -0.19952365379925   -1.09248754628854   -1.18096611874321
  -0.19967366499866   -1.09330892943806   -1.18172253877374
  -0.20185857223246   -1.10527234278412   -1.18885770642041
  -0.20371879294575   -1.11545794195454   -1.19467727756050
  -0.20416141012340   -1.11788148294908   -1.19630224135992
  -0.20648546009895   -1.13060676943462   -1.20357060387816
  -0.20765033838920   -1.13698503587474   -1.20747429356846
  -0.20881977880467   -1.14338828213501   -1.21143477813774
  -0.21112304705590   -1.15599977872860   -1.21882770863971
  -0.21169727290176   -1.15914394020225   -1.22049356998490
  -0.21346043640692   -1.16879810468243   -1.22675442516571
  -0.21561911044614   -1.18061787872642   -1.23335350769760
  -0.21577758748953   -1.18148561642558   -1.23402615288607
  -0.21809131612242   -1.19415438861771   -1.24131144118154
  -0.21953275789363   -1.20204697254833   -1.24622510146850
  -0.22041616914249   -1.20688407215659   -1.24935610504806
  -0.22271814420420   -1.21948848791829   -1.25603648321042
  -0.22358494002268   -1.22423461008894   -1.25916940952100
  -0.22505730069966   -1.23229648983409   -1.26467351822494
  -0.22735108329448   -1.24485604791665   -1.27137027693365
  -0.22750180467913   -1.24568131967044   -1.27211978598507
  -0.22969496157588   -1.25768990387154   -1.27920247362232
  -0.23154306777500   -1.26780917027583   -1.28503238523302
  -0.23198916791257   -1.27025178214370   -1.28670669036745
  -0.23431331330674   -1.28297759109189   -1.29397336617859
  -0.23548240216271   -1.28937891239556   -1.29784263459124
  -0.23665164239475   -1.29578106255571   -1.30180220331757
  -0.23891981671185   -1.30820040305524   -1.30844817190135
  -0.23952591222668   -1.31151906622730   -1.31089675230661
  -0.24129240371040   -1.32119145298367   -1.31712203314943
  -0.24345139777422   -1.33301297931561   -1.32372221070519
  -0.24360988500860   -1.33388077281529   -1.32439489045510
  -0.24592420001272   -1.34655275567070   -1.33168250979421
  -0.24749516845608   -1.35515456015507   -1.33673529507952
  -0.24822803636740   -1.35916736290270   -1.33917532955656
  -0.25056526417485   -1.37196480432813   -1.34619729758557
  -0.25156812983703   -1.37745597404993   -1.34951744911545
  -0.25289255753776   -1.38470784991257   -1.35422007248513
  -0.25518775241470   -1.39727514091600   -1.36084030085144
  -0.25562266095285   -1.39965647341798   -1.36245409067552
  -0.25750119372539   -1.40994233988148   -1.36904155305107
  -0.25952916318689   -1.42104644377473   -1.37547165997472
  -0.25984627051215   -1.42278275822708   -1.37684366258743
  -0.26216513511495   -1.43547965231382   -1.38411008555439
  -0.26345124699840   -1.44252173072937   -1.38827615056347
  -0.26445765599010   -1.44803230187702   -1.39164310289633
  -0.26678194700945   -1.46075890819279   -1.39890747791341
  -0.26750687277635   -1.46472822389670   -1.40127304037481
  -0.26912385417493   -1.47358197134413   -1.40670415595350
  -0.27141096809824   -1.48610501525690   -1.41343681594624
  -0.27156404296880   -1.48694317347296   -1.41417132513857
  -0.27373993962419   -1.49885724958757   -1.42150889919391
  -0.27536173041271   -1.50773733074788   -1.42682410927522
  -0.27608336400062   -1.51168862019532   -1.42929444059347
  -0.27840026169466   -1.52437474451478   -1.43657416214983
  -0.27940344206717   -1.52986763742636   -1.43989560868701
  -0.28072698855686   -1.53711468823654   -1.44459473447980
  -0.28302352767244   -1.54968933959024   -1.45122014129464
  -0.28345847057142   -1.55207086023421   -1.45283403132609
  -0.28533333964312   -1.56233666618125   -1.45944907935050
  -0.28736355940382   -1.57345309154015   -1.46586257426218
  -0.28765150205658   -1.57502971544512   -1.46671462076830
  -0.28997032124586   -1.58772636087108   -1.47397999275401
  -0.29143131621931   -1.59572600794695   -1.47872172456087
  -0.29232122373349   -1.60059867771859   -1.48174733998937
  -0.29463356656661   -1.61325986199339   -1.48905599211598
  -0.29535476542314   -1.61720877107838   -1.49152333083227
  -0.29696268344335   -1.62601289218927   -1.49706524036824
  -0.29924963735882   -1.63853505998243   -1.50384291847226
  -0.29940815018559   -1.63940299361277   -1.50451567801289
  -0.30159782924916   -1.65139253501182   -1.51162409526575
  -0.30344585567263   -1.66151136460627   -1.51757091181348
  -0.30388926234030   -1.66393922843667   -1.51917585662747
  -0.30624393441351   -1.67683218557028   -1.52690603799012
  -0.30737687109496   -1.68303555640703   -1.53033574606022
  -0.30853480003436   -1.68937577182357   -1.53449194838448
  -0.31086456118909   -1.70213232974990   -1.54160270428293
  -0.31143176859841   -1.70523806192274   -1.54333556881168
  -0.31316684662139   -1.71473844493921   -1.54904053995038
  -0.31523336149354   -1.72605360341322   -1.55595843564889
  -0.31551960777336   -1.72762093886399   -1.55679920946070
  -0.31783551051108   -1.74030161532117   -1.56409273130450
  -0.31927735751909   -1.74819641811726   -1.56900754148506
  -0.32015948821140   -1.75302650606519   -1.57213283665264
  -0.32247271292553   -1.76569251906086   -1.57944492323625
  -0.32331879246670   -1.77032520969324   -1.58209133206497
  -0.32477113104708   -1.77827745887194   -1.58695862299851
  -0.32708855243801   -1.79096645068261   -1.59423014537264
  -0.32724708073128   -1.79183446899943   -1.59490295063800
  -0.32944051241834   -1.80384455780902   -1.60198498915465
  -0.33131591001672   -1.81411325769275   -1.60772201865309
  -0.33175573690577   -1.81652152052103   -1.60928865764115
  -0.33405412609863   -1.82910630193374   -1.61680966116721
  -0.33523106383215   -1.83555059960043   -1.62063526728456
  -0.33639972923416   -1.84194960229092   -1.62459211559156
  -0.33869427676492   -1.85451334876399   -1.63133716405473
  -0.33940947849352   -1.85842942070184   -1.63377531709108
  -0.34101108999207   -1.86719901058674   -1.63941972524558
  -0.34320158931113   -1.87919304327740   -1.64651785709445
  -0.34336012739733   -1.88006111521521   -1.64719069069310
  -0.34568069443705   -1.89276733095927   -1.65445100893571
  -0.34725154905716   -1.90136851220680   -1.65948312896644
  -0.34796956562899   -1.90529999675923   -1.66202539190096
  -0.35029494461305   -1.91803256020280   -1.66927029450713
  -0.35131105559553   -1.92359625439576   -1.67244841796251
  -0.35263887996551   -1.93086672864902   -1.67707365506552
  -0.35493027723905   -1.94341322595537   -1.68462478174917
  -0.35521644721073   -1.94498014358253   -1.68547029586922
  -0.35725194964953   -1.95612549413367   -1.69188413472373
  -0.35928419967364   -1.96725303615691   -1.69829703180940
  -0.35957088002965   -1.96882274838272   -1.69915350238020
  -0.36191629617872   -1.98166502489948   -1.70697052323146
  -0.36319978229578   -1.98869272598664   -1.71121139545212
  -0.36421154037332   -1.99423258594069   -1.71448917719364
  -0.36653680965469   -2.00696454870950   -1.72173365161524
  -0.36725305532547   -2.01088633673065   -1.72417544243568
  -0.36885714291148   -2.01966948438009   -1.72980489923366
  -0.37115128276137   -2.03223099860519   -1.73649554479147
  -0.37130176000490   -2.03305493356946   -1.73724844146351
  -0.37349369707863   -2.04505683865540   -1.74435239759717
  -0.37521697068744   -2.05449258685175   -1.75007857552575
  -0.37581834347529   -2.05778539083211   -1.75240549868219
  -0.37816319302314   -2.07062456493586   -1.75940483828621
  -0.37916755514034   -2.07612392846549   -1.76273073913737
  -0.38048822560587   -2.08335523166626   -1.76741897563649
  -0.38278959475884   -2.09595632978749   -1.77406163658005
  -0.38322470089453   -2.09833874423060   -1.77567597095698
  -0.38509695325827   -2.10859022244859   -1.78228715814469
  -0.38712980615632   -2.11972106549538   -1.78870193575557
  -0.38741627591076   -2.12128962457673   -1.78955760881349
  -0.38973623214292   -2.13399249585694   -1.79682549466479
  -0.39105685121724   -2.14122351766620   -1.80150739109645
  -0.39205749763307   -2.14670253595156   -1.80489473028176
  -0.39438260675685   -2.15943362178089   -1.81213858919831
  -0.39511163687888   -2.16342541079443   -1.81449754093955
  -0.39673097406515   -2.17229205730758   -1.81990833797736
  -0.39901955342508   -2.18482312518753   -1.82669071775411
  -0.39917813029476   -2.18569140948346   -1.82736366053325
  -0.40136956304678   -2.19769055316652   -1.83447762649450
  -0.40309572903881   -2.20714213854603   -1.84025646129949
  -0.40366102441945   -2.21023740144627   -1.84202847346602
  -0.40601112601726   -2.22310533303851   -1.84981565099951
  -0.40701583467284   -2.22860659403169   -1.85314274261346
  -0.40830682944343   -2.23567540859251   -1.85734445036270
  -0.41064002980315   -2.24845079781300   -1.86446583879400
  -0.41120746923868   -2.25155780044044   -1.86619928732387
  -0.41297438733331   -2.26123252309581   -1.87241035138758
  -0.41510657643993   -2.27290727945159   -1.87929764361673
  -0.41526516595601   -2.27377563299260   -1.87997062155589
  -0.41759017030201   -2.28650614511337   -1.88721406929070
  -0.41905687843664   -2.29453707448246   -1.89188187523415
  -0.41994003130457   -2.29937275933140   -1.89496393017767
  -0.42225020536665   -2.31202206854621   -1.90155934918966
  -0.42311369747374   -2.31675010131503   -1.90484195188703
  -0.42457957245173   -2.32477646875252   -1.91034704108065
  -0.42686999163156   -2.33731761052747   -1.91710763234934
  -0.42702859077507   -2.33818601678324   -1.91778063679610
  -0.42922256209040   -2.35019906031605   -1.92486374792381
  -0.43107556759257   -2.36034515275060   -1.93079373465228
  -0.43151210056447   -2.36273537980520   -1.93244701098680
  -0.43383704708021   -2.37546557527757   -1.93969022705440
  -0.43501695314117   -2.38192612595837   -1.94352500018803
  -0.43618527725978   -2.38832325995882   -1.94748011172985
  -0.43849231296367   -2.40095538515977   -1.95488761570931
  -0.43905983205271   -2.40406282392834   -1.95662126094775
  -0.44079813504968   -2.41358086522168   -1.96231114411882
  -0.44299021761725   -2.42558356695607   -1.96941368053700
  -0.44314883055070   -2.42645204871840   -1.97008672293020
  -0.44546784137636   -2.43914974344532   -1.97739028448916
  -0.44703524867091   -2.44773204893468   -1.98248893593849
  -0.44779298860410   -2.45188103791202   -1.98538710763483
  -0.45013969442354   -2.46473037599160   -1.99253722515992
  -0.45096814488192   -2.46926653895403   -1.99526969302438
  -0.45240471147103   -2.47713242892816   -2.00025673398326
  -0.45472438418774   -2.48983374782554   -2.00753452413549
  -0.45501068891931   -2.49140140332767   -2.00838036929882
  -0.45707719377286   -2.50271650694501   -2.01529119249718
  -0.45895531265375   -2.51300010715356   -2.02103652958772
  -0.45939814281736   -2.51542481434819   -2.02256908230066
  -0.46171597090238   -2.52811603300371   -2.02989720501718
  -0.46287279394558   -2.53445019310904   -2.03395570996373
  -0.46404106600979   -2.54084704208670   -2.03791052243794
  -0.46633499061487   -2.55340737774342   -2.04465310879439
  -0.46693095331979   -2.55667055892907   -2.04692268636213
  -0.46865447351707   -2.56610765731543   -2.05274287258826
  -0.47084704860362   -2.57811305582707   -2.05984670832906
  -0.47100568693740   -2.57898167666835   -2.06051982045508
  -0.47332746564808   -2.59169452689114   -2.06778302365022
  -0.47491872805846   -2.60040745056269   -2.07268178024278
  -0.47564892939542   -2.60440565253885   -2.07505513810730
  -0.47796385783614   -2.61708099425335   -2.08242849987407
  -0.47896215013365   -2.62254712261369   -2.08579198161373
  -0.48029128796961   -2.62982478872211   -2.09042107322381
  -0.48255211137820   -2.64220387947757   -2.09747186712088
  -0.48299711109712   -2.64464046602645   -2.09899096598760
  -0.48490569181515   -2.65509085937995   -2.10523363044410
  -0.48694083158357   -2.66623422413704   -2.11165504518808
  -0.48722661826525   -2.66779904306797   -2.11250829830985
  -0.48954799208512   -2.68050967631972   -2.11977985265058
  -0.49087128342258   -2.68775533004929   -2.12447096479896
  -0.49187029777328   -2.69322541199656   -2.12785165105808
  -0.49419514049326   -2.70595503913746   -2.13509442842186
  -0.49491600952149   -2.70990214225454   -2.13755088084399
  -0.49651526564489   -2.71865883533268   -2.14318582702419
  -0.49870835564588   -2.73066705324742   -2.15029100218486
  -0.49886702138434   -2.73153582414246   -2.15096418951186
  -0.50115838972328   -2.74408216301797   -2.15772969123804
  -0.50288690913244   -2.75354663448325   -2.16347487839363
  -0.50348289594918   -2.75680994769272   -2.16578215168284
  -0.50583229953637   -2.76967405734253   -2.17279421359065
  -0.50683830853286   -2.77518243832488   -2.17612545416515
  -0.50815595863044   -2.78239720356481   -2.18080365423590
  -0.51046376733269   -2.79503356130194   -2.18745078509471
  -0.51090556580533   -2.79745261949446   -2.18900654567160
  -0.51279908772490   -2.80782055871552   -2.19539746439685
  -0.51480854060207   -2.81882327544290   -2.20208497141032
  -0.51512166721215   -2.82053779357351   -2.20345996037780
  -0.51741253798386   -2.83308140803018   -2.21023230074221
  -0.51873658532828   -2.84033120125987   -2.21492583344134
  -0.51973778871938   -2.84581326925160   -2.21827853807440
  -0.52208609224881   -2.85867135555843   -2.22533301353995
  -0.52280572229400   -2.86261167465010   -2.22779247165172
  -0.52441113907884   -2.87140210029959   -2.23332446519471
  -0.52669941972326   -2.88393153256912   -2.24013728312490
  -0.52685678404399   -2.88479317757890   -2.24083584647248
  -0.52902489922076   -2.89666464637186   -2.24818708098681
  -0.53077498102957   -2.90624718230031   -2.25376062074795
  -0.53134705014268   -2.90937953462944   -2.25545962364995
  -0.53369990983957   -2.92226256813484   -2.26325450059104
  -0.53470629921138   -2.92777303185420   -2.26658688288921
  -0.53602339041534   -2.93498473688397   -2.27126342331860
  -0.53833221966436   -2.94762668260333   -2.27791318522383
  -0.53877410011556   -2.95004618966775   -2.27946915862094
  -0.54066787864025   -2.96041553392469   -2.28586068326830
  -0.54270072813785   -2.97154635835239   -2.29226548819031
  -0.54298979044149   -2.97312911288206   -2.29315786838211
  -0.54528469752261   -2.98569482806555   -2.30066643952043
  -0.54675603784757   -2.99375112089483   -2.30534742689686
  -0.54763612745726   -2.99857003293804   -2.30846455044090
  -0.54992359952979   -3.01109503788927   -2.31527457339073
  -0.55080182348700   -3.01590373459179   -2.31844161542839
  -0.55225171466966   -3.02384258309609   -2.32329959914577
  -0.55457347801212   -3.03655534917050   -2.33058277262683
  -0.55473220467519   -3.03742445365696   -2.33125612781618
  -0.55692689053497   -3.04944140966276   -2.33837913895066
  -0.55865667460188   -3.05891280573477   -2.34416966784190
  -0.55921921802838   -3.06199300036832   -2.34593137746214
  -0.56154076393310   -3.07470457586699   -2.35321779313994
  -0.56282810892128   -3.08175340612141   -2.35742820977393
  -0.56386709423560   -3.08744234823453   -2.36125242433714
  -0.56617396959527   -3.10007359547413   -2.36787874135207
  -0.56677392064077   -3.10335861473430   -2.37012376403407
  -0.56854197916878   -3.11303958180852   -2.37633741246335
  -0.57070645684176   -3.12489113352644   -2.38292104674758
  -0.57086520262259   -3.12576034269178   -2.38359445514311
  -0.57318771305454   -3.13847719943891   -2.39090795689426
  -0.57475639866315   -3.14706650430987   -2.39600984758936
  -0.57548051192748   -3.15103137117312   -2.39844401130904
  -0.57783450376202   -3.16392060367428   -2.40617139691790
  -0.57869349310405   -3.16862398164822   -2.40880246006959
  -0.58012517949585   -3.17646315020519   -2.41381660793402
  -0.58232384284369   -3.18850188486275   -2.42173404014425
  -0.58247963265672   -3.18935490868890   -2.42245597799577
  -0.58480145977052   -3.20206802394200   -2.43137921930539
  -0.58565536716441   -3.20674357581640   -2.43473997013577
  -0.58712625194321   -3.21479737431226   -2.44104349363447
  -0.58895668039074   -3.22481984656168   -2.44793895859256
  -0.58941848195948   -3.22734843128383   -2.45017283305120
  -0.59176329437585   -3.24018740207492   -2.45890668779404
  -0.59219205472496   -3.24253507029788   -2.46057503685929
  -0.59406230791325   -3.25277560207295   -2.46797963558057
  -0.59538245110590   -3.26000401820221   -2.47354334635084
  -0.59638680993702   -3.26550336373898   -2.47766597458873
  -0.59858870906119   -3.27755981582140   -2.48636229984446
  -0.59874452006478   -3.27841295567600   -2.48708430332745
  -0.60105790329500   -3.29107983662311   -2.49613051374212
  -0.60190303419305   -3.29570733298017   -2.49950029464470
  -0.60335772770235   -3.30367247652242   -2.50513759632773
  -0.60522283433288   -3.31388482842932   -2.51257115584835
  -0.60568409969038   -3.31641047713820   -2.51480346711677
  -0.60802956210158   -3.32925300696224   -2.52353907940250
  -0.60845838056294   -3.33160099337753   -2.52520760088013
  -0.61036313867209   -3.34203045611702   -2.53315260473322
  -0.61164933514614   -3.34907299770655   -2.53817761528248
  -0.61268753588644   -3.35475764390127   -2.54283416677608
  -0.61485640356498   -3.36663323300176   -2.55101393611637
  -0.61501036273975   -3.36747623320688   -2.55175708192449
  -0.61730249598761   -3.38002676032505   -2.56087361019121
  -0.61804882119334   -3.38411324820363   -2.56394698864983
  -0.61965789553311   -3.39292370071776   -2.57035690053456
  -0.62136324201701   -3.40226128932088   -2.57708962284672
  -0.62195195430376   -3.40548477099525   -2.57944080019529
  -0.62429807209439   -3.41833088933554   -2.58817819268085
  -0.62472695061706   -3.42067920461526   -2.58984689450369
  -0.62663192453337   -3.43110984900224   -2.59779256780412
  -0.62791847616239   -3.43815433523535   -2.60281866657304
  -0.62895658877522   -3.44383849888994   -2.60747497253233
  -0.63112592500756   -3.45571665354685   -2.61565612266225
  -0.63127990675289   -3.45655977733661   -2.61639934096537
  -0.63357212589354   -3.46911077475892   -2.62551619768228
  -0.63444040454512   -3.47386501615081   -2.62877967316380
  -0.63592817670680   -3.48201128115450   -2.63500142239562
  -0.63763359659727   -3.49134927169374   -2.64173435652391
  -0.63821902730088   -3.49455478512904   -2.64412727083121
  -0.64051111469737   -3.50710506118895   -2.65327405818665
  -0.64094484885718   -3.50947996340718   -2.65490755452528
  -0.64287012530399   -3.52002177387047   -2.66268868958722
  -0.64404247506990   -3.52644095021755   -2.66748683524772
  -0.64519476992279   -3.53275031631258   -2.67238583266013
  -0.64736298115468   -3.54462231105336   -2.68056184101033
  -0.64751886016818   -3.54547582329479   -2.68128406017938
  -0.64984411714327   -3.55820771868083   -2.69016600143786
  -0.65070214761470   -3.56290584637908   -2.69351524968526
  -0.65216891145595   -3.57093708076859   -2.69986361325337
  -0.65388622074161   -3.58034017143969   -2.70652937637701
  -0.65446026170677   -3.58348332060298   -2.70903363425071
  -0.65678419921450   -3.59620799127341   -2.71792720793651
  -0.65721799744432   -3.59858324430559   -2.71956089929015
  -0.65913972800708   -3.60910563935579   -2.72739189851210
  -0.66041835940180   -3.61610675851346   -2.73245624786055
  -0.66146694008263   -3.62184823985301   -2.73706464530277
  -0.66363709417051   -3.63373087266066   -2.74521818374779
  -0.66379299730933   -3.63458451699979   -2.74594048135349
  -0.66610816945606   -3.64726119312139   -2.75492992044210
  -0.66695990382705   -3.65192484665491   -2.75830474881950
  -0.66844369385390   -3.66004930756352   -2.76452208537831
  -0.67018150916841   -3.66956467856193   -2.77104602625586
  -0.67076574922017   -3.67276367260817   -2.77345866070929
  -0.67305974702764   -3.68532440908304   -2.78258803359520
  -0.67337158211339   -3.68703185549951   -2.78403272370956
  -0.67541593155887   -3.69822564764852   -2.79205480423861
  -0.67657435605394   -3.70456857646965   -2.79692635541524
  -0.67774332317574   -3.71096923122047   -2.80172808816757
  -0.67987896751702   -3.72266290664051   -2.81013420294722
  -0.68003825579935   -3.72353508626135   -2.81086881922275
  -0.68239547250306   -3.73644197646541   -2.81948854484426
  -0.68313596642453   -3.74049653527035   -2.82264436585971
  -0.68471911405197   -3.74916502661956   -2.82922137163540
  -0.68642846398154   -3.75852453600477   -2.83594759379468
  -0.68701305397640   -3.76172544615707   -2.83836074466598
  -0.68933546443792   -3.77444175551822   -2.84726560861668
  -0.68964360139872   -3.77612895292974   -2.84875262140336
  -0.69166676531044   -3.78720674413676   -2.85694218876164
  -0.69285310432593   -3.79370251832407   -2.86159730960104
  -0.69402225817353   -3.80010419548803   -2.86639964652965
  -0.69604138902418   -3.81115990375445   -2.87460969261454
  -0.69631498995020   -3.81265799983803   -2.87555137292045
  -0.69866452158984   -3.82552281063634   -2.88506653107742
  -0.69936827488760   -3.82937619693327   -2.88766766529604
  -0.70096890387043   -3.83814040707413   -2.89413537272640
  -0.70270884487776   -3.84766741725857   -2.90062380507329
  -0.70329330753217   -3.85086763016090   -2.90303658460932
  -0.70565117202801   -3.86377806733714   -2.91249227677128
  -0.70592450107757   -3.86527467476684   -2.91343051416690
  -0.70794757484573   -3.87635197239475   -2.92161999549947
  -0.70913446827084   -3.88285078224015   -2.92627670519395
  -0.71030381376135   -3.88925350874084   -2.93107967237995
  -0.71244050006764   -3.90095288941824   -2.93948929632391
  -0.71259891473837   -3.90182028559725   -2.94022122074736
  -0.71498523967020   -3.91488655728872   -2.94956489750297
  -0.71566928693282   -3.91863204360707   -2.95221476581357
  -0.71727538988662   -3.92742622636019   -2.95946984242622
  -0.71829335348323   -3.93300006450268   -2.96512800786234
  -0.71959435615005   -3.94012367708754   -2.97245769489961
  -0.72032444757348   -3.94412127723454   -2.97811480185824
  -0.72184747530997   -3.95246058339235   -2.99052091921469
  -0.72197837399812   -3.95317731639071   -2.99136108960203
  -0.72323290904973   -3.96004649653137   -3.00397838163623
  -0.72420911543306   -3.96539169393572   -3.01221303436962
  -0.72478273378609   -3.96853252909522   -3.01708409849161
  -0.72624618016657   -3.97654559879847   -3.02999081981616
  -0.72653423472286   -3.97812283542886   -3.03241452527463
  -0.72770129955875   -3.98451307425336   -3.04292019064990
  -0.72891596742415   -3.99116396245914   -3.05325878164275
  -0.72917798276611   -3.99259862192220   -3.05576428500867
  -0.73056921444981   -4.00021628158060   -3.06895026139052
  -0.73119379846836   -4.00363617816374   -3.07443602934972
  -0.73205861504800   -4.00837146305398   -3.08173225173556
  -0.73342725609735   -4.01586542817182   -3.09445805003140
  -0.73355249063517   -4.01655114723479   -3.09533604608401
  -0.73487448987694   -4.02378972612174   -3.10741629596402
  -0.73585068550497   -4.02913486463570   -3.11565144726890
  -0.73642458197191   -4.03227722260206   -3.12052358518332
  -0.73788815644938   -4.04029099369764   -3.13343148654398
  -0.73820864038975   -4.04204579673462   -3.13655667000846
  -0.73932213567629   -4.04814271662472   -3.14641618875381
  -0.74048143492139   -4.05449043512117   -3.15705139110442
  -0.74075373766359   -4.05598142302666   -3.15943687668434
  -0.74211523678268   -4.06343628265639   -3.17220452180287
  -0.74283677914789   -4.06738707261588   -3.17788236030826
  -0.74359847514061   -4.07155772291352   -3.18503690465574
  -0.74503473606500   -4.07942193922695   -3.19803684289316
  -0.74516252827639   -4.08012166277749   -3.19889674960504
  -0.74648050028939   -4.08733819065846   -3.21100462342901
  -0.74752819717201   -4.09307483277959   -3.21978627227443
  -0.74796541379497   -4.09546880315114   -3.22383356661242
  -0.74939561097680   -4.10329981757040   -3.23685594477461
  -0.74985052627278   -4.10579069665171   -3.24083097045940
  -0.75083482951269   -4.11118022822302   -3.24984070597146
  -0.75215057735477   -4.11838457770314   -3.26113480213026
  -0.75230687218831   -4.11924036675846   -3.26271545691145
  -0.75376032809026   -4.12719873380777   -3.27566344425670
  -0.75451572880367   -4.13133491443671   -3.28202552507122
  -0.75524438953147   -4.13532468083999   -3.28849903594971
  -0.75668024421478   -4.14318667278900   -3.30149892215740
  -0.75684038037860   -4.14406349496696   -3.30306539577243
  -0.75802340828790   -4.15054113926232   -3.31431279396079
  -0.75916438621173   -4.15678853975162   -3.32410428251941
  -0.75956998396578   -4.15900938167519   -3.32744205895558
  -0.76093273292900   -4.16647108480003   -3.34019337202054
  -0.76146932427092   -4.16940917934337   -3.34439556137565
  -0.76248200363275   -4.17495408377006   -3.35331098908240
  -0.76379729268576   -4.18215592116038   -3.36541507146108
  -0.76391938967309   -4.18282446063206   -3.36629869444411
  -0.76526696252803   -4.19020306729703   -3.37911846859641
  -0.76616009675441   -4.19509340486306   -3.38632682643844
  -0.76683760444808   -4.19880308390987   -3.39214857836000
  -0.76816886329270   -4.20609236355639   -3.40502648104483
  -0.76842646893061   -4.20750287777818   -3.40676880845280
  -0.76962506138165   -4.21406574539266   -3.41796217198872
  -0.77079747200465   -4.22048525496144   -3.42764557714048
  -0.77120634411983   -4.22272402558013   -3.43095609048404
  -0.77253757178330   -4.23001313449491   -3.44383427023505
  -0.77311723872078   -4.23318708855065   -3.44868846979034
  -0.77398619119343   -4.23794501943559   -3.45679490739655
  -0.77541662544916   -4.24577733194795   -3.46902405175751
  -0.77554161121358   -4.24646168885750   -3.46989106199781
  -0.77689712254432   -4.25388376247880   -3.48267392534597
  -0.77774662221320   -4.25853517994812   -3.49003492751300
  -0.77835541335994   -4.26186860299564   -3.49560573481811
  -0.77981951887295   -4.26988528176509   -3.50851874911335
  -0.78010900062928   -4.27147033299913   -3.51094722149874
  -0.78125598340386   -4.27775061292169   -3.52151416764986
  -0.78241151963321   -4.28407772710496   -3.53215006450169
  -0.78269909619430   -4.28565234648273   -3.53451882065803
  -0.78417677476317   -4.29374334423244   -3.54737088575414
  -0.78473803696644   -4.29681652355529   -3.55229455180844
  -0.78553553755888   -4.30118322118141   -3.56015462835016
  -0.78692358384805   -4.30878343927945   -3.57329497514450
  -0.78709548680228   -4.30972469026944   -3.57563927568241
  -0.78769749695670   -4.31302098413699   -3.58611306746792
  -0.78796100031278   -4.31446379118988   -3.59904693177181
  -0.78787605253466   -4.31399866142747   -3.61198490142879
  -0.78779226071287   -4.31353986107952   -3.62486576695575
  -0.78760596945682   -4.31251982724723   -3.63779665196507
  -0.78737654118338   -4.31126359758861   -3.65074266710594
  -0.78724898657466   -4.31056517502649   -3.66368246631083
  -0.78717854786482   -4.31017948936056   -3.67337698906596
  -0.78701136335268   -4.30926407410046   -3.67663071701270
  -0.78680417420001   -4.30812961427724   -3.68952451079494
  -0.78666187567819   -4.30735046173073   -3.70245240464505
  -0.78650543290206   -4.30649386261894   -3.71535967596048
  -0.78624649825990   -4.30507607146247   -3.72831767012899
  -0.78614717961284   -4.30453225431115   -3.74126450239311
  -0.78594741909446   -4.30343846981784   -3.75416358825044
  -0.78580518636553   -4.30265967751896   -3.76709194510889
  -0.78566296690383   -4.30188095786447   -3.78002039648633
  -0.78541845126419   -4.30054211765131   -3.79297417491659
  -0.78495401908640   -4.29799912908493   -3.80585750979281
  -0.78480906640364   -4.29720544373638   -3.80826829810783
  -0.78378517375953   -4.29159914121971   -3.81871526103468
  -0.78252316816459   -4.28468905627710   -3.82777658206857
  -0.78179998581794   -4.28072928663391   -3.83186423553031
  -0.78013059767244   -4.27158858715215   -3.84195609153453
  -0.77981537390442   -4.26986258607757   -3.84428770989505
  -0.77784428390582   -4.25906992448043   -3.85588325744846
  -0.77755392634026   -4.25748007777149   -3.85749780331767
  -0.77552163195252   -4.24635229283613   -3.86960798479680
  -0.77537645574334   -4.24555738357334   -3.87041525785704
  -0.77319871379266   -4.23363320358345   -3.88252498564520
  -0.77305633438206   -4.23285360813217   -3.88334665417194
  -0.77098524549921   -4.22151340475932   -3.89604774938949
  -0.77084011909308   -4.22071876819210   -3.89687150612853
  -0.76869890533526   -4.20899459754962   -3.90916653136793
  -0.76855373642203   -4.20819972823563   -3.90997380280982
  -0.76637622314115   -4.19627680032239   -3.92208288234391
  -0.76623105679170   -4.19548194504638   -3.92289015399204
  -0.76419894452898   -4.18435515733266   -3.93500036442944
  -0.76390861685025   -4.18276547426848   -3.93661490847213
  -0.76198531821532   -4.17223449327223   -3.94771542940747
  -0.76155015723484   -4.16985177852765   -3.95015490990205
  -0.75969913910335   -4.15971656789922   -3.96083422193589
  -0.75922747768329   -4.15713399576972   -3.96386202384370
  -0.75748558726294   -4.14759631161549   -3.97354930741811
  -0.75690547034225   -4.14441989368621   -3.97679681546076
  -0.75531952409598   -4.13573607855882   -3.98653972882430
  -0.75461954361760   -4.13190335025464   -3.99070124617504
  -0.75313136301921   -4.12375484886438   -3.99938435535288
  -0.75226132679373   -4.11899098391376   -4.00424983270797
  -0.75084533976575   -4.11123777689131   -4.01250317277599
  -0.74997444585764   -4.10646921571760   -4.01734682317364
  -0.74864072700604   -4.09916646635494   -4.02527499492997
  -0.74765287782335   -4.09375751904892   -4.03106656765905
  -0.74634598697088   -4.08660166582802   -4.03833714323453
  -0.74529379472209   -4.08084040942449   -4.04459408824147
  -0.74414068451571   -4.07452657887873   -4.05110285967823
  -0.74297172282651   -4.06812595387397   -4.05831895055301
  -0.74196309553501   -4.06260323647266   -4.06401579698805
  -0.74068653517773   -4.05561345723667   -4.07143225577123
  -0.73966990763781   -4.05004693464437   -4.07708876540181
  -0.73832749224906   -4.04269656757643   -4.08496029909995
  -0.73746352296926   -4.03796592205858   -4.08984552609203
  -0.73600553859027   -4.02998275942901   -4.09868521138910
  -0.73527987195609   -4.02600938712198   -4.10272161931460
  -0.73364723446457   -4.01706991506879   -4.11220774400627
  -0.73307432073639   -4.01393293806775   -4.11550940446008
  -0.73136174841599   -4.00455578454967   -4.12613509482412
  -0.73093832775604   -4.00223735368180   -4.12862232197914
  -0.72911442280262   -3.99225060068649   -4.13946720743549
  -0.72867920491630   -3.98986757435513   -4.14188995442799
  -0.72675429403181   -3.97932776552057   -4.15297901601521
  -0.72646404634282   -3.97773852043849   -4.15459358896248
  -0.72439708787562   -3.96642093306922   -4.16650864550187
  -0.72425456248256   -3.96564053829400   -4.16732936990982
  -0.72211059930024   -3.95390131323582   -4.17962062072311
  -0.72196548006152   -3.95310671591360   -4.18042790906806
  -0.71978870169199   -3.94118781199186   -4.19253723162255
  -0.71964740037420   -3.94041411961495   -4.19335064343447
  -0.71757598705231   -3.92907213978305   -4.20606108783114
  -0.71743214081529   -3.92828451275470   -4.20687517819653
  -0.71539948567738   -3.91715475253943   -4.21897890764058
  -0.71510925959440   -3.91556562576058   -4.22059349165356
  -0.71307769226700   -3.90444182182872   -4.23189558855838
  -0.71278897256387   -3.90286094320089   -4.23351659880426
  -0.71090125689429   -3.89252479597885   -4.24481345657874
  -0.71046593080654   -3.89014117719287   -4.24723534102980
  -0.70868845925871   -3.88040866932773   -4.25752897131957
  -0.70810997718710   -3.87724120297999   -4.26078337134248
  -0.70641814827269   -3.86797762954272   -4.27071371037473
  -0.70586173505934   -3.86493100076160   -4.27405693520984
  -0.70423980065437   -3.85605013323245   -4.28362298660230
  -0.70354008479399   -3.85221885383849   -4.28778458561494
  -0.70205051497519   -3.84406274580127   -4.29648402653959
  -0.70117991365878   -3.83929578670721   -4.30132783484755
  -0.69974046282267   -3.83141410409966   -4.30945036363559
  -0.69885855108844   -3.82658521505204   -4.31505315321844
  -0.69755267781555   -3.81943493356662   -4.32231889386588
  -0.69654043625189   -3.81389242629451   -4.32797484849404
  -0.69537646346521   -3.80751911792005   -4.33523695747374
  -0.69421571127192   -3.80116344383656   -4.34169541289968
  -0.69305496800475   -3.79480781862786   -4.34815387975020
  -0.69189072482321   -3.78843302971202   -4.35460618511748
  -0.69056683219715   -3.78118408363947   -4.36094669369957
  -0.68955865715164   -3.77566384250146   -4.36506178234705
  -0.68724895422896   -3.76301711300048   -4.37155298319752
  -0.68650438742380   -3.75894025320699   -4.37388310678343
  -0.68490970693602   -3.75020861392498   -4.37795314720306
  -0.68258770767184   -3.73749455606615   -4.38360608621126
  -0.68128028798070   -3.73033580720033   -4.38684512693935
  -0.68026027407624   -3.72475074264056   -4.38922639787177
  -0.67791124577936   -3.71188868788491   -4.39458923516599
  -0.67590844685237   -3.70092240472099   -4.39976433431417
  -0.67561453235263   -3.69931308209420   -4.40052343262296
  -0.67329162625798   -3.68659405890431   -4.40617005562131
  -0.67099471496010   -3.67401736967433   -4.41135420782851
  -0.67053969311600   -3.67152590719104   -4.41272020547322
  -0.66864343076634   -3.66114296280301   -4.41745132792985
  -0.66633862526115   -3.64852304900785   -4.42264684547334
  -0.66529985841366   -3.64283530310519   -4.42546465206302
  -0.66399376201148   -3.63568379988010   -4.42872536424566
  -0.66167493201052   -3.62298709525496   -4.43358015360283
  -0.65993245695797   -3.61344620995950   -4.43841850699309
  -0.65934642107497   -3.61023738287731   -4.44001094041599
  -0.65699909054557   -3.59738462421156   -4.44535001032392
  -0.65472574522188   -3.58493696997482   -4.45088566734587
  -0.65456283001352   -3.58404493119723   -4.45142863479078
  -0.65237823909093   -3.57208324980644   -4.45614187553664
  -0.65005772850554   -3.55937734317684   -4.46179340381530
  -0.64930962447286   -3.55528111536894   -4.46395926264725
  -0.64770482440945   -3.54649406656459   -4.46789621444918
  -0.64541101945612   -3.53393438605849   -4.47307885359985
  -0.64394397687942   -3.52590162545890   -4.47695672518002
  -0.64305800234394   -3.52105049062899   -4.47918193092631
  -0.64076440659139   -3.50849195559733   -4.48436439264235
  -0.63860096338859   -3.49664606809899   -4.49017019726189
  -0.63843461830088   -3.49573524908956   -4.49079698651635
  -0.63611605462983   -3.48304000274826   -4.49564601631046
  -0.63381735434873   -3.47045351797854   -4.50171622959600
  -0.63321877489188   -3.46717600882296   -4.50306482899668
  -0.63146786168722   -3.45758892060413   -4.50692789725622
  -0.62917259027538   -3.44502121053549   -4.51257694776446
  -0.62827736171740   -3.44011940550107   -4.51580645214773
  -0.62682551112120   -3.43216982826941   -4.51983860160157
  -0.62450256809029   -3.41945060283581   -4.52629006276198
  -0.62347236898817   -3.41380976944169   -4.52861030349300
  -0.62216751900636   -3.40666509096493   -4.53109393172833
  -0.61984938451598   -3.39397219459333   -4.53513744198438
  -0.61752454955261   -3.38124260992355   -4.54077624458891
  -0.61709187509826   -3.37887351010019   -4.54162604841025
  -0.61518060492534   -3.36840839069328   -4.54611268567196
  -0.61290471278384   -3.35594679140949   -4.55174027367933
  -0.61186346097452   -3.35024543915094   -4.55444264275931
  -0.61055498923621   -3.34308092982305   -4.55770592539716
  -0.60821422727523   -3.33026413721474   -4.56306524277491
  -0.60650045181648   -3.32088039593812   -4.56746535685833
  -0.60590872288826   -3.31764039670718   -4.56899250347403
  -0.60359180689624   -3.30495417219759   -4.57383996197105
  -0.60129704721968   -3.29238926412460   -4.57998613073972
  -0.60112764424304   -3.29146170170904   -4.58043233378459
  -0.59894407371165   -3.27950560744870   -4.58512369091689
  -0.59665817675273   -3.26698922699878   -4.59076221301033
  -0.59574715330894   -3.26200093740117   -4.59318117120573
  -0.59427167551893   -3.25392198996956   -4.59687915886658
  -0.59197455185493   -3.24134413793336   -4.60205271085670
  -0.59050614454279   -3.23330390475380   -4.60586180323593
  -0.58962817447513   -3.22849659821810   -4.60761357728032
      
      
