# shadow point cont 2D ind 198  size 1284
# norm  0.0392598 -0.9992290  0.0000000
# angle  1.5315264
   2.14797389  -4.59071390
   2.15894016  -4.57884863
   2.16058457  -4.57729262
   2.17204546  -4.57033559
   2.18480018  -4.56509316
   2.18641697  -4.56429218
   2.19789688  -4.55820084
   2.21087094  -4.55354599
   2.21568386  -4.55184293
   2.22384463  -4.54889593
   2.23676251  -4.54486735
   2.24942446  -4.54105209
   2.25504398  -4.53856982
   2.26233829  -4.53459630
   2.27531075  -4.52821438
   2.28020707  -4.52592539
   2.28836664  -4.52209052
   2.30117836  -4.51698283
   2.31169733  -4.51300970
   2.31410295  -4.51215960
   2.32711893  -4.50677382
   2.33996487  -4.50173791
   2.34325852  -4.50031163
   2.35295378  -4.49629355
   2.36576431  -4.49118602
   2.37626601  -4.48719379
   2.37864206  -4.48628197
   2.39160571  -4.48071896
   2.40450607  -4.47584952
   2.40850079  -4.47416911
   2.41744060  -4.47023901
   2.43032927  -4.46534812
   2.43995083  -4.46121868
   2.44327583  -4.45975918
   2.45632545  -4.45446979
   2.46901827  -4.44993384
   2.47231297  -4.44841956
   2.48216119  -4.44399016
   2.49504289  -4.43903333
   2.50381264  -4.43554291
   2.50786602  -4.43396415
   2.52091608  -4.42867492
   2.53377049  -4.42365948
   2.53615721  -4.42276765
   2.54675271  -4.41819559
   2.55966842  -4.41334470
   2.56852516  -4.41008290
   2.57253164  -4.40833926
   2.58537650  -4.40252632
   2.59831091  -4.39773196
   2.59995669  -4.39700681
   2.61132230  -4.39230548
   2.62414002  -4.38722736
   2.63300122  -4.38395496
   2.63716107  -4.38182651
   2.64997181  -4.37673290
   2.66290702  -4.37193867
   2.66455287  -4.37121354
   2.67592059  -4.36651222
   2.68864927  -4.36126385
   2.69583586  -4.35787717
   2.70156783  -4.35481250
   2.71443471  -4.34755426
   2.71761317  -4.34507515
   2.72728982  -4.33700770
   2.73223526  -4.33229426
   2.74010485  -4.32482707
   2.74582739  -4.31922016
   2.75322004  -4.31211276
   2.75886956  -4.30646175
   2.76600976  -4.29985893
   2.77259093  -4.29354590
   2.77904762  -4.28708763
   2.78550433  -4.28062936
   2.79176002  -4.27477680
   2.79902389  -4.26751127
   2.80467359  -4.26186030
   2.81193753  -4.25459479
   2.81765595  -4.24899670
   2.82505335  -4.24188065
   2.83050210  -4.23683539
   2.83857330  -4.22876263
   2.84347816  -4.22396772
   2.85168937  -4.21604855
   2.85653215  -4.21120491
   2.86460350  -4.20313219
   2.86938020  -4.19822705
   2.87797704  -4.18986728
   2.88204356  -4.18583444
   2.89043213  -4.17729956
   2.89533022  -4.17251812
   2.90415479  -4.16438398
   2.90819061  -4.16034766
   2.91706943  -4.15146774
   2.92115589  -4.14748946
   2.93079238  -4.13855221
   2.93396663  -4.13526870
   2.94350522  -4.12543371
   2.94678450  -4.12224837
   2.95722845  -4.11251823
   2.95965004  -4.11009646
   2.97078275  -4.09941249
   2.97261178  -4.09722148
   2.98386714  -4.08668667
   2.98548156  -4.08507216
   2.99678259  -4.07377058
   2.99839703  -4.07215607
   3.00969818  -4.06085452
   3.01131264  -4.05924002
   3.02328178  -4.04776581
   3.02411401  -4.04698724
   3.03595093  -4.03544422
   3.03756603  -4.03383033
   3.04945606  -4.02230951
   3.05026331  -4.02150226
   3.06237220  -4.00939355
   3.06317947  -4.00858630
   3.07572485  -3.99689673
   3.07654554  -3.99610392
   3.08881211  -3.98416797
   3.08961939  -3.98336073
   3.10174656  -3.97126856
   3.10256822  -3.97047686
   3.11484746  -3.95853856
   3.11565476  -3.95773132
   3.12756325  -3.94622830
   3.12917787  -3.94461382
   3.14048299  -3.93331455
   3.14212856  -3.93173374
   3.15359948  -3.92059903
   3.15521413  -3.91898456
   3.16651678  -3.90768327
   3.16813146  -3.90606880
   3.17923316  -3.89537308
   3.18165520  -3.89295138
   3.19215076  -3.88245736
   3.19460776  -3.88007614
   3.20506949  -3.87034955
   3.20829895  -3.86712063
   3.21798739  -3.85743387
   3.22121689  -3.85420496
   3.23075478  -3.84438765
   3.23383390  -3.84102353
   3.24333551  -3.82893338
   3.24408301  -3.82809964
   3.24837151  -3.81534234
   3.25019494  -3.80245261
   3.25064522  -3.78950165
   3.25143969  -3.77657148
   3.25182863  -3.76366595
   3.25256369  -3.75073009
   3.25260965  -3.73780580
   3.25334437  -3.72486935
   3.25373476  -3.71193961
   3.25384643  -3.69898206
   3.25492005  -3.68607939
   3.25490659  -3.67314938
   3.25536001  -3.66020376
   3.25568814  -3.64729014
   3.25567490  -3.63436050
   3.25559910  -3.62142873
   3.25408436  -3.60844826
   3.24906896  -3.59556430
   3.24338310  -3.58425510
   3.24251367  -3.58267399
   3.23441711  -3.56973925
   3.23042826  -3.56323630
   3.22573112  -3.55665876
   3.21794071  -3.54403131
   3.21709714  -3.54243385
   3.20984914  -3.53109185
   3.20443151  -3.52205945
   3.20189566  -3.51809673
   3.19362400  -3.50528024
   3.19127879  -3.50199145
   3.18475485  -3.49229046
   3.17848942  -3.48166351
   3.17689398  -3.47923339
   3.16855474  -3.46643651
   3.16546779  -3.46149864
   3.15992338  -3.45334662
   3.15253660  -3.44128196
   3.15184643  -3.44040224
   3.14372200  -3.42748982
   3.13944947  -3.42035992
   3.13537963  -3.41469351
   3.12754585  -3.40161679
   3.12666352  -3.40004576
   3.11919210  -3.38882957
   3.11394934  -3.38050963
   3.11070815  -3.37564833
   3.10247512  -3.36280973
   3.10073703  -3.35964832
   3.09432120  -3.34991975
   3.08749440  -3.33884660
   3.08605375  -3.33709813
   3.07790771  -3.32418479
   3.07482158  -3.31924776
   3.06979452  -3.31127828
   3.06236148  -3.29842980
   3.06159219  -3.29759786
   3.05307908  -3.28524363
   3.04899215  -3.27880472
   3.04474205  -3.27245082
   3.03684671  -3.25941774
   3.03592261  -3.25788341
   3.02850670  -3.24665096
   3.02293663  -3.23850751
   3.01965958  -3.23366126
   3.01232340  -3.22079168
   3.00998979  -3.21749705
   3.00347742  -3.20780269
   2.99721541  -3.19717923
   2.99561250  -3.19474647
   2.98789923  -3.18209169
   2.98391101  -3.17639930
   2.97920559  -3.16901621
   2.97145347  -3.15667627
   2.97069411  -3.15582873
   2.96281052  -3.14328415
   2.95829770  -3.13662546
   2.95412767  -3.13023114
   2.94622845  -3.11719756
   2.94530459  -3.11566346
   2.93794849  -3.10437549
   2.93253522  -3.09534753
   2.92946063  -3.09119482
   2.92123700  -3.07836250
   2.91967868  -3.07590296
   2.91312759  -3.06544568
   2.90661995  -3.05496509
   2.90500640  -3.05253693
   2.89665347  -3.03977936
   2.89347051  -3.03489848
   2.88805349  -3.02666459
   2.88067541  -3.01460696
   2.87998573  -3.01372772
   2.87238452  -3.00100303
   2.86759324  -2.99369254
   2.86353581  -2.98803349
   2.85570079  -2.97495920
   2.85481916  -2.97338887
   2.84736062  -2.96218173
   2.84194872  -2.95315513
   2.83887080  -2.94900094
   2.83112521  -2.93638605
   2.82879269  -2.93309245
   2.82225309  -2.92343783
   2.81592912  -2.91365306
   2.81365514  -2.91029795
   2.80311360  -2.89819332
   2.80230527  -2.89738539
   2.79027374  -2.88591785
   2.78789793  -2.88423718
   2.77734342  -2.87622175
   2.77146430  -2.87166780
   2.76420502  -2.86599414
   2.75514440  -2.85894218
   2.75108194  -2.85573829
   2.73835933  -2.84658493
   2.73750260  -2.84584161
   2.72542994  -2.83688942
   2.72056218  -2.83287454
   2.71248118  -2.82641118
   2.70368965  -2.81981485
   2.69957935  -2.81667916
   2.68727380  -2.80721805
   2.68642620  -2.80645941
   2.67385302  -2.79712931
   2.66977793  -2.79391527
   2.66061821  -2.78703819
   2.65331133  -2.78141939
   2.64767298  -2.77735589
   2.63638206  -2.76841695
   2.63469960  -2.76688074
   2.62210098  -2.75759096
   2.61961009  -2.75524003
   2.60890612  -2.74745260
   2.60241629  -2.74262464
   2.59595277  -2.73777761
   2.58559479  -2.72950573
   2.58302517  -2.72727612
   2.57031979  -2.71808404
   2.56858096  -2.71663867
   2.55734422  -2.70766188
   2.55168459  -2.70362761
   2.54442751  -2.69795534
   2.53536927  -2.69090493
   2.53130804  -2.68770181
   2.51858788  -2.67855019
   2.51773142  -2.67780703
   2.50579485  -2.66790639
   2.50168169  -2.66470775
   2.49259136  -2.65857193
   2.48448379  -2.65211732
   2.47959724  -2.64812799
   2.46817294  -2.63938657
   2.46667248  -2.63843531
   2.45390543  -2.62854598
   2.45070135  -2.62608045
   2.44086655  -2.61901649
   2.43424605  -2.61353312
   2.42789193  -2.60855520
   2.41740299  -2.60048692
   2.41500717  -2.59883333
   2.40218047  -2.58900449
   2.40054800  -2.58741418
   2.38916934  -2.57944008
   2.38346939  -2.57465888
   2.37607545  -2.56918473
   2.36652974  -2.56169234
   2.36329896  -2.55926942
   2.35048890  -2.54943148
   2.34968111  -2.54862392
   2.33764686  -2.53962821
   2.33269846  -2.53572705
   2.32455992  -2.53016670
   2.31565774  -2.52290711
   2.31159765  -2.51970470
   2.29934716  -2.51019908
   2.29850934  -2.50943156
   2.28576328  -2.50031435
   2.28171798  -2.49709628
   2.27284721  -2.49061817
   2.26543694  -2.48432559
   2.25990209  -2.48014022
   2.24847755  -2.47140488
   2.24698082  -2.47044969
   2.23421723  -2.46056251
   2.23168599  -2.45828339
   2.22098938  -2.45049586
   2.21469457  -2.44540144
   2.20823418  -2.44055633
   2.19772037  -2.43250746
   2.19513550  -2.43031143
   2.18246615  -2.42107102
   2.18068090  -2.41969035
   2.16947283  -2.41148629
   2.16379450  -2.40668441
   2.15638143  -2.40124179
   2.14752405  -2.39391565
   2.14363232  -2.39129952
   2.13073809  -2.38157995
   2.12986835  -2.38086560
   2.11797109  -2.37169692
   2.11293172  -2.36790922
   2.10469319  -2.36167865
   2.09665958  -2.35514103
   2.09194562  -2.35174372
   2.07969686  -2.34223931
   2.07884087  -2.34149645
   2.06592209  -2.33180747
   2.06263345  -2.32944657
   2.05299055  -2.32212152
   2.04579753  -2.31637241
   2.04026406  -2.31218789
   2.02884233  -2.30345431
   2.02714857  -2.30193798
   2.01438815  -2.29205278
   2.01204917  -2.29033244
   2.00135290  -2.28254969
   1.99491445  -2.27766241
   1.98842067  -2.27286620
   1.97717157  -2.26470108
   1.97547791  -2.26318482
   1.96297805  -2.25535869
   1.95787781  -2.25169978
   1.94988381  -2.24673320
   1.93842219  -2.23886625
   1.93692595  -2.23791134
   1.92389553  -2.23004797
   1.91892231  -2.22616974
   1.91094218  -2.22118742
   1.89885340  -2.21306101
   1.89799757  -2.21231826
   1.88530631  -2.20474338
   1.87864602  -2.20021779
   1.87220483  -2.19615508
   1.85946543  -2.18780806
   1.85859594  -2.18709387
   1.84637726  -2.17919945
   1.83908491  -2.17440986
   1.83347026  -2.17112128
   1.82074885  -2.16270055
   1.81897408  -2.16138691
   1.80765210  -2.15496673
   1.79872974  -2.14855875
   1.79458318  -2.14550603
   1.78166669  -2.13743621
   1.77925621  -2.13577990
   1.76887382  -2.12915624
   1.75920040  -2.12266818
   1.75594439  -2.12028466
   1.74305775  -2.11219600
   1.73910100  -2.10965017
   1.73015119  -2.10411811
   1.71963803  -2.09686698
   1.71721663  -2.09525255
   1.70431529  -2.08717192
   1.69946711  -2.08393532
   1.69157065  -2.07884046
   1.68007321  -2.07108139
   1.67834606  -2.06965455
   1.66574449  -2.06188739
   1.66001006  -2.05797543
   1.65266298  -2.05326730
   1.64056715  -2.04515684
   1.63971152  -2.04441421
   1.62701538  -2.03683583
   1.62044696  -2.03217251
   1.61393186  -2.02823692
   1.60176583  -2.01949590
   1.60088953  -2.01882670
   1.58809462  -2.01129671
   1.58083010  -2.00644274
   1.57516176  -2.00243416
   1.56244459  -1.99407690
   1.56157533  -1.99336285
   1.54953825  -1.98598535
   1.54136390  -1.98050066
   1.53645047  -1.97739076
   1.52364585  -1.96914931
   1.52196316  -1.96763907
   1.51061973  -1.96044756
   1.50185675  -1.95462149
   1.49769731  -1.95157924
   1.48490990  -1.94332222
   1.48250783  -1.94165686
   1.47189841  -1.93541063
   1.46298431  -1.92900707
   1.45897220  -1.92654956
   1.44606080  -1.91847877
   1.44284603  -1.91602974
   1.43312380  -1.90881873
   1.42660668  -1.90320776
   1.42015065  -1.89675166
   1.41064291  -1.89008657
   1.40750606  -1.88832746
   1.39459168  -1.88333692
   1.38469312  -1.87739056
   1.38151524  -1.87568958
   1.36876878  -1.86737620
   1.36385321  -1.86424780
   1.35586289  -1.85928335
   1.34442747  -1.85143526
   1.34293192  -1.85048077
   1.32987335  -1.84259816
   1.32420484  -1.83859240
   1.31694274  -1.83375037
   1.30478788  -1.82579140
   1.30390007  -1.82514569
   1.29111825  -1.81680877
   1.28474116  -1.81264461
   1.27822752  -1.80870988
   1.26614124  -1.79981262
   1.26528585  -1.79907016
   1.25241040  -1.79175639
   1.24592626  -1.78696291
   1.23948805  -1.78290195
   1.22671060  -1.77470505
   1.22590370  -1.77389812
   1.21367048  -1.76595231
   1.20641494  -1.76110436
   1.20093795  -1.75763306
   1.18786806  -1.74896482
   1.18697634  -1.74830797
   1.17494205  -1.74093672
   1.16686706  -1.73530034
   1.16202610  -1.73207261
   1.14924134  -1.72381724
   1.14686170  -1.72212337
   1.13621412  -1.71511468
   1.12731651  -1.70950244
   1.12330520  -1.70704543
   1.11052099  -1.69800827
   1.10810184  -1.69632423
   1.09749475  -1.69007941
   1.08782028  -1.68363328
   1.08456577  -1.68125072
   1.07166973  -1.67315507
   1.06840977  -1.67078544
   1.05876410  -1.66507785
   1.04834190  -1.65776302
   1.04602089  -1.65603036
   1.03295039  -1.64811991
   1.02820633  -1.64475659
   1.02003357  -1.63927144
   1.00940745  -1.63223237
   1.00695149  -1.63067790
   0.99421192  -1.62234133
   0.98935159  -1.61913543
   0.98131184  -1.61424925
   0.96998269  -1.60623447
   0.96840488  -1.60536832
   0.95549476  -1.59730844
   0.94984336  -1.59328812
   0.94258269  -1.58844706
   0.93052062  -1.58034013
   0.92966539  -1.57959778
   0.91677092  -1.57148922
   0.91029957  -1.56748511
   0.90386241  -1.56342486
   0.89116517  -1.55504818
   0.89026975  -1.55437409
   0.87804798  -1.54647739
   0.87080027  -1.54163520
   0.86513426  -1.53762818
   0.85223633  -1.52948554
   0.85135808  -1.52883599
   0.83932563  -1.52146599
   0.83193806  -1.51601927
   0.82641551  -1.51260604
   0.81363635  -1.50434652
   0.81194271  -1.50283682
   0.80060357  -1.49564811
   0.79240040  -1.49021794
   0.78751484  -1.48706323
   0.77493123  -1.47854141
   0.77251245  -1.47681511
   0.76188339  -1.47061290
   0.75298585  -1.46421942
   0.74879349  -1.46124592
   0.73606834  -1.45369510
   0.73283998  -1.45129057
   0.72315988  -1.44483643
   0.71350459  -1.43836162
   0.71025060  -1.43597946
   0.69734764  -1.42787833
   0.69330089  -1.42548546
   0.68444072  -1.41981780
   0.67395336  -1.41256620
   0.67153338  -1.41095270
   0.65862766  -1.40286882
   0.65454377  -1.39970638
   0.64554619  -1.39427617
   0.63439186  -1.38678273
   0.63281423  -1.38591672
   0.61990721  -1.37707783
   0.61504009  -1.37386684
   0.60700139  -1.36898146
   0.59560886  -1.36109617
   0.59409254  -1.36016050
   0.58118871  -1.35204404
   0.57549675  -1.34806769
   0.56810506  -1.34345288
   0.55609306  -1.33520845
   0.55520555  -1.33456296
   0.54246993  -1.32703561
   0.53600033  -1.32222615
   0.52956393  -1.31816652
   0.51734059  -1.30949149
   0.51647179  -1.30877778
   0.50357480  -1.30149906
   0.49715424  -1.29660644
   0.49066559  -1.29263220
   0.47793073  -1.28421503
   0.47706432  -1.28358182
   0.46503312  -1.27621290
   0.45765077  -1.27077028
   0.45212878  -1.26735754
   0.43941392  -1.25900479
   0.43767557  -1.25755035
   0.42631505  -1.25039862
   0.41811269  -1.24496920
   0.41322761  -1.24181493
   0.40032183  -1.23374816
   0.39796162  -1.23204982
   0.38760108  -1.22540889
   0.37857014  -1.21917320
   0.37451223  -1.21679658
   0.36179250  -1.20847577
   0.35856753  -1.20604244
   0.34888974  -1.19958694
   0.33914484  -1.19318555
   0.33579406  -1.19098256
   0.32288697  -1.18292773
   0.31971232  -1.18043000
   0.31017939  -1.17455647
   0.29969487  -1.16730931
   0.29727547  -1.16569543
   0.28437199  -1.15759840
   0.28017849  -1.15462494
   0.27126429  -1.14904587
   0.26081402  -1.14172302
   0.25835857  -1.14016899
   0.24545286  -1.13210841
   0.24054667  -1.12898881
   0.23254728  -1.12404469
   0.22051009  -1.11589229
   0.21964134  -1.11517864
   0.20673613  -1.10710254
   0.20113974  -1.10299376
   0.19383049  -1.09823221
   0.18179369  -1.09008015
   0.18092493  -1.08936651
   0.16824109  -1.08174271
   0.16176322  -1.07695140
   0.15533852  -1.07287434
   0.14292756  -1.06447869
   0.14204010  -1.06383328
   0.12930273  -1.05628471
   0.12278861  -1.05154860
   0.11639806  -1.04742255
   0.10366568  -1.03917627
   0.10280935  -1.03834017
   0.09058601  -1.03047275
   0.08339011  -1.02555109
   0.07792216  -1.02205800
   0.06477132  -1.01432311
   0.06310138  -1.01283159
   0.05187132  -1.00547919
   0.04320402  -0.99949071
   0.03896391  -0.99659498
   0.02605849  -0.98852898
   0.02370291  -0.98683441
   0.01340810  -0.98009599
   0.00436648  -0.97392040
   0.00050824  -0.97125655
  -0.01240252  -0.96311598
  -0.01631532  -0.96046856
  -0.02530974  -0.95502520
  -0.03517711  -0.94811689
  -0.03820290  -0.94620349
  -0.05137475  -0.93771310
  -0.05467134  -0.93540281
  -0.06428106  -0.92964430
  -0.07461432  -0.92226015
  -0.07690511  -0.92048608
  -0.09009156  -0.91190204
  -0.09338828  -0.90959169
  -0.10299803  -0.90383321
  -0.11415845  -0.89645266
  -0.11589373  -0.89500194
  -0.12881589  -0.88768445
  -0.13439099  -0.88357775
  -0.14171254  -0.87883581
  -0.15372655  -0.87065690
  -0.15461519  -0.86997310
  -0.16753350  -0.86267991
  -0.17817530  -0.85802707
  -0.18061899  -0.85731534
  -0.19345799  -0.85790320
  -0.19415992  -0.85857829
  -0.20633525  -0.86488063
  -0.21742358  -0.87150856
  -0.21906393  -0.87308796
  -0.23200140  -0.88120571
  -0.23691399  -0.88429831
  -0.24504269  -0.88985188
  -0.25623759  -0.89722536
  -0.25778591  -0.89811906
  -0.27064744  -0.90628546
  -0.27631827  -0.91024863
  -0.28353636  -0.91514512
  -0.29567498  -0.92316122
  -0.29650007  -0.92394323
  -0.30942816  -0.93204765
  -0.31506521  -0.93607110
  -0.32232407  -0.94091311
  -0.33452208  -0.94883314
  -0.33539069  -0.94954666
  -0.34812970  -0.95785454
  -0.35459904  -0.96189245
  -0.36120480  -0.96649253
  -0.37324272  -0.97464737
  -0.37411134  -0.97536090
  -0.38701853  -0.98343500
  -0.39327530  -0.98772343
  -0.39974276  -0.99254428
  -0.41254112  -0.99982171
  -0.41334757  -1.00062863
  -0.42573887  -1.00924915
  -0.43211757  -1.01337944
  -0.43846229  -1.01756881
  -0.45140844  -1.02569405
  -0.45223112  -1.02636895
  -0.46427454  -1.03451906
  -0.47152274  -1.03937054
  -0.47717890  -1.04339071
  -0.49012232  -1.05151774
  -0.49166712  -1.05231829
  -0.50292156  -1.05963623
  -0.51023821  -1.06519446
  -0.51590040  -1.06920607
  -0.52881260  -1.07717471
  -0.53040298  -1.07814717
  -0.54172014  -1.08537008
  -0.54972923  -1.09102576
  -0.55462042  -1.09499359
  -0.56748644  -1.10240456
  -0.56911793  -1.10397185
  -0.58044118  -1.11118519
  -0.58850539  -1.11681636
  -0.59334560  -1.12004332
  -0.60643331  -1.12784435
  -0.60877376  -1.12956042
  -0.61915850  -1.13696114
  -0.62798406  -1.14266742
  -0.63206591  -1.14582978
  -0.64484681  -1.15331291
  -0.64809052  -1.15573717
  -0.65779122  -1.16215862
  -0.66667394  -1.16857168
  -0.67078951  -1.17167522
  -0.68387497  -1.17947468
  -0.68688508  -1.18138630
  -0.69648304  -1.18795355
  -0.70621652  -1.19439174
  -0.70951333  -1.19669976
  -0.72242086  -1.20476747
  -0.72564660  -1.20717311
  -0.73551311  -1.21415449
  -0.74498084  -1.22010382
  -0.74823494  -1.22248593
  -0.76114321  -1.23058386
  -0.76507749  -1.23313839
  -0.77405020  -1.23944411
  -0.78441365  -1.24605799
  -0.78682350  -1.24768613
  -0.79986591  -1.25640055
  -0.80387307  -1.25883011
  -0.81263464  -1.26463575
  -0.82316920  -1.27178578
  -0.82552416  -1.27347794
  -0.83859038  -1.28143223
  -0.84271676  -1.28447665
  -0.85150112  -1.29104807
  -0.86261013  -1.29777570
  -0.86425740  -1.29934167
  -0.87731310  -1.30724906
  -0.88204913  -1.31061211
  -0.89022080  -1.31609734
  -0.90139646  -1.32353087
  -0.90312943  -1.32496478
  -0.91603656  -1.33304596
  -0.92077274  -1.33643076
  -0.92894503  -1.34191524
  -0.94087339  -1.34943121
  -0.94170157  -1.35020569
  -0.95461559  -1.35829044
  -0.96026960  -1.36227658
  -0.96767222  -1.36771914
  -0.97958007  -1.37520610
  -0.98040355  -1.37599193
  -0.99333428  -1.38411857
  -0.99899188  -1.38810029
  -1.00622949  -1.39297534
  -1.01845620  -1.40084960
  -1.01931132  -1.40159182
  -1.03221125  -1.40969440
  -1.03786123  -1.41371673
  -1.04512238  -1.41855785
  -1.05778323  -1.42613940
  -1.05860283  -1.42692903
  -1.07093709  -1.43551346
  -1.07727050  -1.43972258
  -1.08384884  -1.44437736
  -1.09647282  -1.45189463
  -1.09727942  -1.45270166
  -1.10949492  -1.46079658
  -1.11599742  -1.46554241
  -1.12257587  -1.47019726
  -1.13522224  -1.47780228
  -1.13604277  -1.47859072
  -1.14839045  -1.48715273
  -1.15482055  -1.49120982
  -1.16111844  -1.49546036
  -1.17402709  -1.50355940
  -1.17489588  -1.50427308
  -1.18693658  -1.51242478
  -1.19421675  -1.51722306
  -1.19984723  -1.52128153
  -1.21275552  -1.52938021
  -1.21362433  -1.53009391
  -1.22584646  -1.53798700
  -1.23305160  -1.54288856
  -1.23858170  -1.54707080
  -1.25165378  -1.55496614
  -1.25253893  -1.55563856
  -1.26458315  -1.56379345
  -1.27250217  -1.56884917
  -1.27730555  -1.57213107
  -1.29022368  -1.58029661
  -1.29194652  -1.58164896
  -1.30312533  -1.58908278
  -1.31123262  -1.59467131
  -1.31603610  -1.59795327
  -1.32901522  -1.60595260
  -1.33135484  -1.60765981
  -1.34185623  -1.61490517
  -1.34996380  -1.62049389
  -1.35476737  -1.62377591
  -1.36774571  -1.63177466
  -1.37011818  -1.63345864
  -1.38076639  -1.64046725
  -1.38952487  -1.64629337
  -1.39349750  -1.64880750
  -1.40647020  -1.65759099
  -1.40956520  -1.65942826
  -1.41949818  -1.66629011
  -1.42825727  -1.67211663
  -1.43241587  -1.67515811
  -1.44504597  -1.68284374
  -1.44829224  -1.68526002
  -1.45804976  -1.69159693
  -1.46774325  -1.69799813
  -1.47097106  -1.70041907
  -1.48377380  -1.70867627
  -1.48702030  -1.71109195
  -1.49696418  -1.71793727
  -1.50647805  -1.72382297
  -1.50955724  -1.72563593
  -1.52277566  -1.73409123
  -1.52599758  -1.73653230
  -1.53552767  -1.74319853
  -1.54588633  -1.74982803
  -1.54828655  -1.75146987
  -1.56150982  -1.75991550
  -1.56544142  -1.76250236
  -1.57444234  -1.76877222
  -1.58478001  -1.77545025
  -1.58717381  -1.77710254
  -1.60007680  -1.78521119
  -1.60417770  -1.78832788
  -1.61299292  -1.79407052
  -1.62351719  -1.80127636
  -1.62591105  -1.80292868
  -1.63881349  -1.81103690
  -1.64302236  -1.81399876
  -1.65173646  -1.81987751
  -1.66234623  -1.82697980
  -1.66466830  -1.82871311
  -1.67755115  -1.83686317
  -1.68243193  -1.84001680
  -1.69047531  -1.84570455
  -1.70172820  -1.85300659
  -1.70321094  -1.85397179
  -1.71628981  -1.86268999
  -1.72121295  -1.86578848
  -1.72938845  -1.87127493
  -1.74056945  -1.87872174
  -1.74212165  -1.87962211
  -1.75502965  -1.88771067
  -1.76064224  -1.89179987
  -1.76794541  -1.89658143
  -1.77999334  -1.90473627
  -1.78086244  -1.90545015
  -1.79377038  -1.91353865
  -1.79947379  -1.91748460
  -1.80669440  -1.92239046
  -1.81878189  -1.93047433
  -1.81962835  -1.93123215
  -1.83251219  -1.93936723
  -1.83821641  -1.94331368
  -1.84543723  -1.94821965
  -1.85763658  -1.95614975
  -1.85851483  -1.95683809
  -1.87126558  -1.96517231
  -1.87778135  -1.96912302
  -1.88436269  -1.97377959
  -1.89691397  -1.98155341
  -1.89776951  -1.98229590
  -1.91018041  -1.99073607
  -1.91652602  -1.99495319
  -1.92310756  -1.99960987
  -1.93565994  -2.00738441
  -1.93651551  -2.00812691
  -1.94874457  -2.01604994
  -1.95604675  -2.02083232
  -1.96167989  -2.02489233
  -1.97440710  -2.03321605
  -1.97526270  -2.03395857
  -1.98749101  -2.04188105
  -1.99470217  -2.04680202
  -2.00041488  -2.05074497
  -2.01333099  -2.05881778
  -2.01487931  -2.05972064
  -2.02625153  -2.06769018
  -2.03354322  -2.07249665
  -2.03917672  -2.07655687
  -2.05189390  -2.08412283
  -2.05364050  -2.08554544
  -2.06516887  -2.09325512
  -2.07233860  -2.09825418
  -2.07808923  -2.10213377
  -2.09083011  -2.11048341
  -2.09239035  -2.11137840
  -2.10373798  -2.11857165
  -2.11186606  -2.12414245
  -2.11667216  -2.12742588
  -2.12946386  -2.13563050
  -2.13183565  -2.13739376
  -2.14248955  -2.14440553
  -2.15061860  -2.14997688
  -2.15542487  -2.15326041
  -2.16839020  -2.16125016
  -2.17075003  -2.16296999
  -2.18125765  -2.17021884
  -2.19004732  -2.17600199
  -2.19417894  -2.17909566
  -2.20714379  -2.18708513
  -2.20952337  -2.18877311
  -2.22017802  -2.19578529
  -2.22955196  -2.20190449
  -2.23275996  -2.20435444
  -2.24596674  -2.21195027
  -2.24924588  -2.21440138
  -2.25878134  -2.22107058
  -2.26847534  -2.22752530
  -2.27170516  -2.22994736
  -2.28474724  -2.23777683
  -2.28800365  -2.24023862
  -2.29753947  -2.24690801
  -2.30789631  -2.25355714
  -2.31027038  -2.25523660
  -2.32333252  -2.26311362
  -2.32745966  -2.26621333
  -2.33646920  -2.27248163
  -2.34748977  -2.27936462
  -2.34921376  -2.28082645
  -2.36210845  -2.28892898
  -2.36700652  -2.29209320
  -2.37505459  -2.29778351
  -2.38692249  -2.30539505
  -2.38778453  -2.30612598
  -2.40086965  -2.31476800
  -2.40644003  -2.31812404
  -2.41381709  -2.32362324
  -2.42568547  -2.33123503
  -2.42654754  -2.33196598
  -2.43961430  -2.33982296
  -2.44525153  -2.34389372
  -2.45255911  -2.34867763
  -2.46461833  -2.35683873
  -2.46548797  -2.35755292
  -2.47839679  -2.36564162
  -2.48401628  -2.36973462
  -2.49132417  -2.37451869
  -2.50326843  -2.38282546
  -2.50410916  -2.38359312
  -2.51714340  -2.39150473
  -2.52206476  -2.39545647
  -2.53011418  -2.40114751
  -2.53975902  -2.40849658
  -2.54308982  -2.41161182
  -2.55577838  -2.42077777
  -2.55663449  -2.42152058
  -2.56889531  -2.43101690
  -2.57287971  -2.43433210
  -2.58165844  -2.44172269
  -2.58905769  -2.44721923
  -2.59476587  -2.45199826
  -2.60519445  -2.46016696
  -2.60750386  -2.46191528
  -2.62056155  -2.47222196
  -2.62143136  -2.47293625
  -2.63353694  -2.48268645
  -2.63818256  -2.48616565
  -2.64626054  -2.49262621
  -2.65449598  -2.49888991
  -2.65938222  -2.50287847
  -2.67063736  -2.51183560
  -2.67212075  -2.51280239
  -2.68509925  -2.52324452
  -2.68739611  -2.52501702
  -2.69814007  -2.53357738
  -2.70375331  -2.53768859
  -2.71090176  -2.54348686
  -2.71994075  -2.55055998
  -2.72400185  -2.55376255
  -2.73608901  -2.56349927
  -2.73693628  -2.56425756
  -2.74970526  -2.57414677
  -2.75288191  -2.57664096
  -2.76257678  -2.58391023
  -2.76919904  -2.58936946
  -2.77553029  -2.59437461
  -2.78597249  -2.60252195
  -2.78847140  -2.60485889
  -2.80135768  -2.61460215
  -2.80221405  -2.61534513
  -2.81447873  -2.62484373
  -2.81847022  -2.62816276
  -2.82725179  -2.63555508
  -2.83453311  -2.64119171
  -2.84014062  -2.64529530
  -2.85143198  -2.65420358
  -2.85310504  -2.65575230
  -2.86588172  -2.66560342
  -2.86817908  -2.66742778
  -2.87892565  -2.67598971
  -2.88383253  -2.67994843
  -2.89204127  -2.68623553
  -2.90076029  -2.69293206
  -2.90480069  -2.69616319
  -2.91690076  -2.70588346
  -2.91774195  -2.70665140
  -2.93053558  -2.71650134
  -2.93368101  -2.71906144
  -2.94357203  -2.72688090
  -2.94990959  -2.73189120
  -2.95651473  -2.73736727
  -2.96606013  -2.74482938
  -2.96945029  -2.74786324
  -2.98218388  -2.75699703
  -2.98303144  -2.75775551
  -2.99515416  -2.76744983
  -2.99918911  -2.77069886
  -3.00822444  -2.77777576
  -3.01549593  -2.78343749
  -3.02118662  -2.78824482
  -3.03163432  -2.79639540
  -3.03413414  -2.79873291
  -3.04684081  -2.80870159
  -3.04768846  -2.80946012
  -3.06011643  -2.81873330
  -3.06477818  -2.82224338
  -3.07272797  -2.82886063
  -3.08079932  -2.83534343
  -3.08564917  -2.83938303
  -3.09711618  -2.84809068
  -3.09859032  -2.84906538
  -3.11148766  -2.85963534
  -3.11320120  -2.86112179
  -3.12461461  -2.86988052
  -3.12962067  -2.87374662
  -3.13759045  -2.88034366
  -3.14628718  -2.88704188
  -3.15031111  -2.89029592
  -3.16242249  -2.90000280
  -3.16325942  -2.90077741
  -3.17613165  -2.91059994
  -3.17872707  -2.91277023
  -3.18928476  -2.92078639
  -3.19562648  -2.92579890
  -3.20223412  -2.93127653
  -3.21243462  -2.93893879
  -3.21497822  -2.94121481
  -3.22791354  -2.95091252
  -3.22876143  -2.95167120
  -3.24088875  -2.96136841
  -3.24488410  -2.96465772
  -3.25379009  -2.97191540
  -3.25948008  -2.97751481
  -3.26662837  -2.98490750
  -3.27086313  -2.99038343
  -3.27955722  -3.00263634
  -3.28027282  -3.00350656
  -3.28783335  -3.01624307
  -3.29250027  -3.02283023
  -3.29663794  -3.02921992
  -3.30462576  -3.04223914
  -3.30536994  -3.04309569
  -3.31287617  -3.05503847
  -3.31832128  -3.06325323
  -3.32144139  -3.06817925
  -3.32965547  -3.08103786
  -3.33130054  -3.08344237
  -3.33795616  -3.09381356
  -3.34428344  -3.10359865
  -3.34608161  -3.10671637
  -3.35421800  -3.11960730
  -3.35735778  -3.12371707
  -3.36251958  -3.13240761
  -3.37023886  -3.14394886
  -3.37161925  -3.14570795
  -3.37927454  -3.15840466
  -3.38327790  -3.16408933
  -3.38806546  -3.17139979
  -3.39585061  -3.18374602
  -3.39662947  -3.18457572
  -3.40433897  -3.19719811
  -3.40919401  -3.20446953
  -3.41264924  -3.21000618
  -3.42105279  -3.22323862
  -3.42195535  -3.22479204
  -3.42916638  -3.23615573
  -3.43498529  -3.24493693
  -3.43741744  -3.24897158
  -3.44558691  -3.26184977
  -3.44788392  -3.26516530
  -3.45367102  -3.27478332
  -3.46072192  -3.28545850
  -3.46240501  -3.28783402
  -3.47049831  -3.30076165
  -3.47386458  -3.30551277
  -3.47870726  -3.31360007
  -3.48646916  -3.32595996
  -3.48724513  -3.32679200
  -3.49498106  -3.33940062
  -3.49983731  -3.34667320
  -3.50333365  -3.35217069
  -3.51142832  -3.36509939
  -3.51282896  -3.36685252
  -3.52004158  -3.37821100
  -3.52567171  -3.38712256
  -3.52823518  -3.39108232
  -3.53628648  -3.40402630
  -3.53866040  -3.40729709
  -3.54508421  -3.41703315
  -3.55118005  -3.42694546
  -3.55362528  -3.43023340
  -3.56131990  -3.44286468
  -3.56446800  -3.44776924
  -3.56942344  -3.45578941
  -3.57743455  -3.46796580
  -3.57819458  -3.46881373
  -3.58640517  -3.48166500
  -3.59039416  -3.48816602
  -3.59452136  -3.49458181
  -3.60261818  -3.50751269
  -3.60331868  -3.50838942
  -3.61071520  -3.52044377
  -3.61616482  -3.52866291
  -3.61942385  -3.53349716
  -3.62749965  -3.54645359
  -3.62914606  -3.54885938
  -3.63581615  -3.55923927
  -3.64214877  -3.56902961
  -3.64446784  -3.57233048
  -3.65252087  -3.58529039
  -3.65479219  -3.58862122
  -3.66042206  -3.59827611
  -3.66598303  -3.61116266
  -3.66746824  -3.62397440
  -3.66667444  -3.63689742
  -3.66588072  -3.64982053
  -3.66508706  -3.66274372
  -3.66476998  -3.67565605
  -3.66471435  -3.68856806
  -3.66392092  -3.70149151
  -3.66279317  -3.71442455
  -3.66273704  -3.72736319
  -3.66201477  -3.74027222
  -3.66195928  -3.75321182
  -3.66116622  -3.76613570
  -3.66084779  -3.77904563
  -3.66038891  -3.79198486
  -3.65952538  -3.80491680
  -3.65778659  -3.81783113
  -3.65546528  -3.82353456
  -3.65149688  -3.83090189
  -3.64261965  -3.84227092
  -3.64100452  -3.84388531
  -3.62955108  -3.85583280
  -3.62877222  -3.85666500
  -3.61708660  -3.86921686
  -3.61627945  -3.87002444
  -3.60446513  -3.88243137
  -3.60365760  -3.88323857
  -3.59216477  -3.89516684
  -3.59057861  -3.89680810
  -3.57943280  -3.90826276
  -3.57781778  -3.90987717
  -3.56711890  -3.92098473
  -3.56474303  -3.92344950
  -3.55440111  -3.93409428
  -3.55197863  -3.93651591
  -3.54148128  -3.94700961
  -3.53905883  -3.94943124
  -3.52930412  -3.95984648
  -3.52614015  -3.96315478
  -3.51645052  -3.97284132
  -3.51322067  -3.97607018
  -3.50353117  -3.98575675
  -3.50015700  -3.98964902
  -3.49142037  -3.99867317
  -3.48718166  -4.00331521
  -3.47910726  -4.01138740
  -3.47426266  -4.01623073
  -3.46618836  -4.02430294
  -3.46140777  -4.02920749
  -3.45347206  -4.03742074
  -3.44842608  -4.04287005
  -3.44115937  -4.05013508
  -3.43557939  -4.05585188
  -3.42844337  -4.06325296
  -3.42279159  -4.06890357
  -3.41613096  -4.07596739
  -3.40975355  -4.08249750
  -3.40341525  -4.08908534
  -3.39695622  -4.09554322
  -3.39057822  -4.10204871
  -3.38395463  -4.10920253
  -3.37824292  -4.11476414
  -3.37112142  -4.12218305
  -3.36607579  -4.12763249
  -3.35800226  -4.13570493
  -3.35315817  -4.14054840
  -3.34519613  -4.14870928
  -3.34044316  -4.15366656
  -3.33216831  -4.16234505
  -3.32813165  -4.16638130
  -3.31938542  -4.17536169
  -3.31541691  -4.17949955
  -3.30653640  -4.18837936
  -3.30249982  -4.19241564
  -3.29361940  -4.20129548
  -3.28967098  -4.20538818
  -3.28070615  -4.21502249
  -3.27747813  -4.21825271
  -3.26779414  -4.22794344
  -3.26464985  -4.23122639
  -3.25488360  -4.24167301
  -3.25246268  -4.24409575
  -3.24176114  -4.25518154
  -3.24017770  -4.25682484
  -3.22906212  -4.26832431
  -3.22744824  -4.26993952
  -3.21618003  -4.28124811
  -3.21461270  -4.28290656
  -3.20324164  -4.29497635
  -3.20243473  -4.29578398
  -3.19033114  -4.30789841
  -3.18952425  -4.30870605
  -3.17752720  -4.32086135
  -3.17676841  -4.32171088
  -3.16532018  -4.33455233
  -3.16451331  -4.33535999
  -3.15241033  -4.34747488
  -3.15160348  -4.34828255
  -3.13939769  -4.36034612
  -3.13855130  -4.36110879
  -3.12551194  -4.37234539
  -3.12464231  -4.37305941
  -3.11243677  -4.38101280
  -3.10195163  -4.38595020
  -3.09954408  -4.38680022
  -3.08661582  -4.39163608
  -3.07379588  -4.39661947
  -3.06723572  -4.39896119
  -3.06071809  -4.40123146
  -3.04774882  -4.40590925
  -3.03501289  -4.41138866
  -3.03332709  -4.41197105
  -3.02197613  -4.41581583
  -3.00906762  -4.42068022
  -2.99928297  -4.42451160
  -2.99598886  -4.42594152
  -2.98324707  -4.43039988
  -2.97038901  -4.43563239
  -2.96536244  -4.43746887
  -2.95720690  -4.44044991
  -2.94446128  -4.44490443
  -2.93160256  -4.45011639
  -2.93066744  -4.45051493
  -2.91842584  -4.45495860
  -2.90570537  -4.45945096
  -2.89676933  -4.46338452
  -2.89265795  -4.46490944
  -2.87964564  -4.46946758
  -2.86680222  -4.47446211
  -2.86276436  -4.47611627
  -2.85387703  -4.47941858
  -2.84089944  -4.48404848
  -2.82879578  -4.48897715
  -2.82790922  -4.48953121
  -2.81501384  -4.49364988
  -2.80217486  -4.49864407
  -2.79410888  -4.50197741
  -2.78916249  -4.50413133
  -2.77637824  -4.50853963
  -2.76343300  -4.51331412
  -2.75938097  -4.51489322
  -2.75052947  -4.51822048
  -2.73765791  -4.52313830
  -2.72542424  -4.52772906
  -2.72453376  -4.52831485
  -2.71175704  -4.53274226
  -2.69890382  -4.53768272
  -2.69070653  -4.54072873
  -2.68590921  -4.54242378
  -2.67298544  -4.54726464
  -2.66004087  -4.55203738
  -2.65598605  -4.55360880
  -2.64694455  -4.55724555
  -2.63412112  -4.56147715
  -2.62198028  -4.56636550
  -2.62109376  -4.56691961
  -2.60825286  -4.57112184
  -2.59612747  -4.57641419
  -2.58795538  -4.58147788
  -2.58339590  -4.58455298
  -2.57484842  -4.59129783
         
