# shadow point cont 2D ind 158  size 1188
# norm  0.3239174 -0.9460854  0.0000000
# angle  1.2409291
   1.67186439  -4.60344898
   1.67410804  -4.59078093
   1.68074388  -4.58463553
   1.68988210  -4.57770779
   1.69310560  -4.57604126
   1.70558580  -4.57029586
   1.71829514  -4.56512425
   1.72228003  -4.56340917
   1.73123515  -4.55866585
   1.74422590  -4.55220711
   1.74752022  -4.55077083
   1.75738100  -4.54643400
   1.77011110  -4.54124812
   1.77584075  -4.53818244
   1.78320758  -4.53433451
   1.79593862  -4.52914864
   1.80328246  -4.52527631
   1.80901216  -4.52221068
   1.82183572  -4.51626310
   1.83072436  -4.51237036
   1.83483991  -4.51011145
   1.84764795  -4.50415836
   1.85816644  -4.49946459
   1.86050759  -4.49849678
   1.87344522  -4.49204946
   1.88540629  -4.48627154
   1.88636745  -4.48559898
   1.89926917  -4.47994963
   1.91200267  -4.47397574
   1.91288990  -4.47333022
   1.92509592  -4.46704325
   1.93787445  -4.46106255
   1.93950712  -4.46029832
   1.95092148  -4.45494402
   1.96365879  -4.44897091
   1.96688726  -4.44735764
   1.97666126  -4.44250895
   1.98945952  -4.43720879
   1.99364649  -4.43472998
   2.00244388  -4.43041304
   2.01543328  -4.42476698
   2.02180160  -4.42165021
   2.02827227  -4.41831505
   2.04121281  -4.41266815
   2.04923614  -4.40873520
   2.05410089  -4.40621721
   2.06702177  -4.40057165
   2.07595421  -4.39598704
   2.08007664  -4.39365101
   2.09296599  -4.38799637
   2.10337889  -4.38299573
   2.10588046  -4.38154367
   2.11876712  -4.37508326
   2.12816998  -4.36986507
   2.13128524  -4.36808105
   2.14405766  -4.35935453
   2.14647824  -4.35693274
   2.15686553  -4.34714314
   2.16017863  -4.34389617
   2.17011313  -4.33449859
   2.17330764  -4.33130306
   2.18299006  -4.32161596
   2.18621755  -4.31838694
   2.19590002  -4.30869988
   2.19912753  -4.30547086
   2.20881005  -4.29578383
   2.21192573  -4.29251518
   2.22133737  -4.28258998
   2.22461244  -4.27930323
   2.23442742  -4.26894193
   2.23684809  -4.26652020
   2.24719547  -4.25669049
   2.24975835  -4.25360429
   2.26024798  -4.24311015
   2.26266868  -4.24068843
   2.27335941  -4.22958876
   2.27493212  -4.22796373
   2.28606791  -4.21647078
   2.28832869  -4.21469577
   2.29897846  -4.20355504
   2.30059228  -4.20194057
   2.31171943  -4.19127629
   2.31417805  -4.18884084
   2.32500175  -4.17792585
   2.32657591  -4.17629952
   2.33771058  -4.16480803
   2.33928268  -4.16319553
   2.35043502  -4.15170580
   2.35208286  -4.15007045
   2.36353241  -4.13897689
   2.36510528  -4.13736368
   2.37624691  -4.12586460
   2.37786018  -4.12424954
   2.38935367  -4.11233819
   2.39018643  -4.11151792
   2.40224270  -4.09958195
   2.40304553  -4.09863134
   2.41497424  -4.08630515
   2.41578120  -4.08549794
   2.42788565  -4.07338979
   2.42869261  -4.07258258
   2.44079714  -4.06047447
   2.44160411  -4.05966726
   2.45370873  -4.04755918
   2.45451571  -4.04675197
   2.46649657  -4.03451992
   2.46730319  -4.03371236
   2.47892534  -4.02112272
   2.47973233  -4.02031552
   2.49183722  -4.00820754
   2.49264421  -4.00740034
   2.50474919  -3.99529240
   2.50555619  -3.99448520
   2.51812168  -3.98283661
   2.51892835  -3.98202907
   2.53057345  -3.96946222
   2.53138046  -3.96865503
   2.54328378  -3.95634496
   2.54409080  -3.95553777
   2.55559018  -3.94363168
   2.55720423  -3.94201730
   2.56910865  -3.93051498
   2.56991569  -3.92970779
   2.58141525  -3.91780177
   2.58302934  -3.91618740
   2.59352000  -3.90488637
   2.59594115  -3.90246483
   2.60724076  -3.89197199
   2.60885487  -3.89035763
   2.61934572  -3.87905666
   2.62176690  -3.87663513
   2.63125136  -3.86605072
   2.63447903  -3.86201404
   2.63968617  -3.85331704
   2.64344742  -3.84047942
   2.64435315  -3.82763547
   2.64465281  -3.81472697
   2.64590507  -3.80184879
   2.64591909  -3.78885174
   2.64623364  -3.77594452
   2.64678565  -3.77108130
   2.64750205  -3.76299667
   2.64775750  -3.75013714
   2.64824559  -3.73720973
   2.64858956  -3.72423174
   2.64933860  -3.71135479
   2.64939699  -3.69838270
   2.65012372  -3.68550038
   2.65011247  -3.67257325
   2.65010130  -3.65964623
   2.64935970  -3.64698887
   2.64652057  -3.63741480
   2.64568407  -3.63434156
   2.63852254  -3.62134971
   2.63383985  -3.61328140
   2.63068748  -3.60833532
   2.62338900  -3.59548835
   2.62076082  -3.59072535
   2.61586477  -3.58259036
   2.60860145  -3.56973526
   2.60784348  -3.56889543
   2.60049152  -3.55675099
   2.59487065  -3.54704390
   2.59266124  -3.54368119
   2.58593204  -3.53092969
   2.58190704  -3.52448582
   2.57781967  -3.51791820
   2.57068929  -3.50499261
   2.56913102  -3.50253259
   2.56271236  -3.49202008
   2.55592088  -3.48002818
   2.55517095  -3.47918714
   2.54733765  -3.46618401
   2.54306948  -3.45900053
   2.53979586  -3.45333198
   2.53201040  -3.44019409
   2.53032574  -3.43704400
   2.52470706  -3.42732255
   2.51759615  -3.41513030
   2.51689670  -3.41425416
   2.50932617  -3.40150699
   2.50440071  -3.39347201
   2.50123859  -3.38857843
   2.49367403  -3.37571435
   2.49132869  -3.37169308
   2.48589766  -3.36265118
   2.47912248  -3.34996724
   2.47840957  -3.34909962
   2.47052433  -3.33681322
   2.46544823  -3.32725420
   2.46324308  -3.32389123
   2.45595291  -3.31099261
   2.45263035  -3.30541410
   2.44786665  -3.29806535
   2.44029304  -3.28528255
   2.43945084  -3.28368546
   2.43301627  -3.27234021
   2.42660251  -3.26104326
   2.42523570  -3.25925682
   2.41795458  -3.24633718
   2.41379164  -3.23919830
   2.40987242  -3.23340422
   2.40262882  -3.22044920
   2.40087091  -3.21735826
   2.39500872  -3.20774341
   2.38761277  -3.19561540
   2.38693551  -3.19474214
   2.37993446  -3.18174666
   2.37501078  -3.17371349
   2.37187075  -3.16877573
   2.36456122  -3.15592533
   2.36208247  -3.15189119
   2.35650632  -3.14293192
   2.34972836  -3.13022680
   2.34902920  -3.12935094
   2.34165104  -3.11724230
   2.33625127  -3.10822146
   2.33387305  -3.10415136
   2.32658265  -3.09125352
   2.32317175  -3.08486083
   2.31938384  -3.07821610
   2.31313448  -3.06522711
   2.31044769  -3.06059372
   2.30473295  -3.05252718
   2.29730924  -3.04137132
   2.29587925  -3.03953103
   2.28856655  -3.02667910
   2.28448807  -3.02020713
   2.28052136  -3.01368400
   2.27311214  -3.00085757
   2.27137645  -2.99769796
   2.26515518  -2.98785176
   2.25850778  -2.97675218
   2.25759708  -2.97503414
   2.25075671  -2.96184848
   2.24593480  -2.94977997
   2.24526112  -2.94889687
   2.23839389  -2.93641828
   2.23276731  -2.93068843
   2.22629968  -2.92336506
   2.21992732  -2.91519315
   2.21664773  -2.91034325
   2.20846163  -2.89754265
   2.20698601  -2.89582471
   2.19890118  -2.88445361
   2.19400090  -2.87560502
   2.19157468  -2.87161735
   2.18278356  -2.85861419
   2.18100374  -2.85548861
   2.17462366  -2.84574074
   2.16829341  -2.83595512
   2.16603065  -2.83263064
   2.15787625  -2.81977580
   2.15531281  -2.81581709
   2.14958380  -2.80696333
   2.14238039  -2.79561817
   2.14149961  -2.79404837
   2.13340303  -2.78115356
   2.12951000  -2.77538788
   2.12479532  -2.76804651
   2.11696990  -2.75546744
   2.11627109  -2.75459192
   2.10837348  -2.74236571
   2.10363497  -2.73503005
   2.09977721  -2.72926415
   2.09229452  -2.71649786
   2.09064055  -2.71410255
   2.08334030  -2.70359020
   2.07774888  -2.69468595
   2.07528058  -2.69064818
   2.06738144  -2.67764688
   2.06500908  -2.67437457
   2.05854644  -2.66468481
   2.05205204  -2.65419666
   2.05049687  -2.65174544
   2.04231020  -2.63891335
   2.03899635  -2.63410296
   2.03355197  -2.62589586
   2.02633566  -2.61455760
   2.02545511  -2.61298803
   2.01731606  -2.60011146
   2.01330884  -2.59443640
   2.00846236  -2.58716957
   2.00065796  -2.57455040
   1.99998461  -2.57366764
   1.99230679  -2.56133224
   1.98742853  -2.55408813
   1.98350257  -2.54836960
   1.97615177  -2.53549545
   1.97451864  -2.53308516
   1.96728963  -2.52256386
   1.96148556  -2.51296689
   1.95922124  -2.50964106
   1.95050900  -2.49658673
   1.94869054  -2.49351192
   1.94226818  -2.48380176
   1.93576786  -2.47332801
   1.93418404  -2.47088821
   1.92615146  -2.45795019
   1.92296740  -2.45304378
   1.91724437  -2.44504384
   1.90984657  -2.43301182
   1.90914802  -2.43213657
   1.90107193  -2.41921958
   1.89703393  -2.41276114
   1.89247922  -2.40612158
   1.88498754  -2.39334066
   1.88428218  -2.39246789
   1.87625132  -2.38031093
   1.87115929  -2.37241327
   1.86796188  -2.36755304
   1.85999813  -2.35459740
   1.85842476  -2.35210718
   1.85125051  -2.34155069
   1.84562543  -2.33272180
   1.84315402  -2.32864081
   1.83487488  -2.31587968
   1.83242192  -2.31185649
   1.82624287  -2.30279596
   1.81978721  -2.29236155
   1.81812148  -2.28989272
   1.80926106  -2.27697094
   1.80672325  -2.27300151
   1.80045212  -2.26403995
   1.79391517  -2.25355573
   1.79228318  -2.25114584
   1.78403233  -2.23837884
   1.78090746  -2.23344337
   1.77482148  -2.22512343
   1.76790992  -2.21413483
   1.76702983  -2.21256574
   1.75834445  -2.19949293
   1.75525760  -2.19538153
   1.74963102  -2.18654587
   1.74249275  -2.17505266
   1.74156273  -2.17352800
   1.73268553  -2.16071685
   1.72958434  -2.15568736
   1.72401381  -2.14763074
   1.71669078  -2.13633467
   1.71579016  -2.13478237
   1.70760572  -2.12197958
   1.70377339  -2.11615612
   1.69898692  -2.10888842
   1.69137708  -2.09615552
   1.69065389  -2.09529038
   1.68193193  -2.08306882
   1.67775350  -2.07673114
   1.67292833  -2.07017890
   1.66458894  -2.05973622
   1.66204915  -2.05746226
   1.65155917  -2.04932460
   1.64500789  -2.04463428
   1.63863159  -2.04045332
   1.62570794  -2.03238769
   1.62483265  -2.03168927
   1.61284832  -2.02428938
   1.60474925  -2.01865242
   1.59984379  -2.01546122
   1.58687018  -2.00753851
   1.58444903  -2.00592423
   1.57408201  -1.99928103
   1.56428895  -1.99294381
   1.56096206  -1.99070563
   1.54844552  -1.98309336
   1.54411288  -1.98002946
   1.53515878  -1.97453941
   1.52400163  -1.96710560
   1.52240690  -1.96620186
   1.50947895  -1.95813928
   1.50371997  -1.95430031
   1.49641044  -1.94953229
   1.48380329  -1.94170487
   1.48292063  -1.94103178
   1.47081714  -1.93389400
   1.46271681  -1.92825599
   1.45780655  -1.92506198
   1.44483954  -1.91714313
   1.44241864  -1.91552900
   1.43205265  -1.90888643
   1.42296304  -1.90272059
   1.41893200  -1.90031049
   1.40642979  -1.89271187
   1.40208165  -1.88963371
   1.39313324  -1.88414707
   1.38264208  -1.87691023
   1.38019870  -1.87529183
   1.36745257  -1.86774633
   1.36169600  -1.86390881
   1.35438748  -1.85914142
   1.34216001  -1.85126202
   1.34128490  -1.85056371
   1.32860847  -1.84296684
   1.32138052  -1.83805384
   1.31585671  -1.83463977
   1.30304494  -1.82629424
   1.30127983  -1.82494819
   1.29003672  -1.81849991
   1.28108489  -1.81218713
   1.27709667  -1.80963338
   1.26410578  -1.80161370
   1.26077071  -1.79941947
   1.25115778  -1.79373619
   1.24062643  -1.78647503
   1.23818529  -1.78490676
   1.22543893  -1.77736111
   1.21968473  -1.77352508
   1.21240794  -1.76873533
   1.20033126  -1.76058899
   1.19945623  -1.75989074
   1.18675981  -1.75232881
   1.17941245  -1.74756256
   1.17385072  -1.74425945
   1.16103455  -1.73591119
   1.15926960  -1.73456525
   1.14784609  -1.72759301
   1.13908385  -1.72181029
   1.13509172  -1.71925363
   1.12223451  -1.71107215
   1.11890019  -1.70882921
   1.10928280  -1.70311256
   1.09883659  -1.69592854
   1.09631501  -1.69425623
   1.08355173  -1.68695789
   1.07773145  -1.68302820
   1.07041117  -1.67836110
   1.05833214  -1.67021300
   1.05745718  -1.66951479
   1.04476373  -1.66195490
   1.03741352  -1.65718671
   1.03166888  -1.65335828
   1.01886189  -1.64503431
   1.01726999  -1.64418914
   1.00585277  -1.63722093
   0.99776345  -1.63163097
   0.99291540  -1.62836363
   0.98023955  -1.62069894
   0.97690546  -1.61845616
   0.96715225  -1.61219560
   0.95682764  -1.60547445
   0.95437290  -1.60386781
   0.94173873  -1.59624183
   0.93658867  -1.59261877
   0.92859217  -1.58772401
   0.91634269  -1.57984350
   0.91546778  -1.57914534
   0.90277721  -1.57158748
   0.89612365  -1.56699504
   0.88971781  -1.56297469
   0.87700756  -1.55429996
   0.87608881  -1.55371643
   0.86392952  -1.54682836
   0.85581563  -1.54115177
   0.85092992  -1.53799695
   0.83807499  -1.52982141
   0.83491956  -1.52808924
   0.82517192  -1.52183276
   0.81552860  -1.51529676
   0.81238962  -1.51350271
   0.79951929  -1.50542931
   0.79460587  -1.50225404
   0.78642576  -1.49683366
   0.77507755  -1.48966823
   0.77353497  -1.48875884
   0.76073818  -1.48042817
   0.75430137  -1.47641459
   0.74787045  -1.47235381
   0.73488876  -1.46430019
   0.73400646  -1.46362735
   0.72195684  -1.45647166
   0.71398710  -1.45069540
   0.70907425  -1.44735741
   0.69609638  -1.43945996
   0.69364070  -1.43790569
   0.68319897  -1.43147557
   0.67355453  -1.42493864
   0.67023181  -1.42262614
   0.65755083  -1.41506447
   0.65332568  -1.41207461
   0.64445302  -1.40647662
   0.63332384  -1.39906550
   0.63169635  -1.39812959
   0.61876368  -1.39006850
   0.61301857  -1.38624004
   0.60567814  -1.38149163
   0.59298394  -1.37391676
   0.59209988  -1.37323349
   0.57996134  -1.36532086
   0.57258608  -1.36050147
   0.56698041  -1.35728001
   0.55412386  -1.34910356
   0.55166827  -1.34754937
   0.54123202  -1.34112345
   0.53158636  -1.33458553
   0.52826162  -1.33227154
   0.51539174  -1.32419140
   0.51135557  -1.32172020
   0.50248589  -1.31612447
   0.49136254  -1.30871488
   0.48975296  -1.30773556
   0.47681851  -1.29967364
   0.47105095  -1.29588772
   0.46379062  -1.29111062
   0.45165046  -1.28295199
   0.45076823  -1.28227921
   0.43799855  -1.27497269
   0.43061512  -1.27014741
   0.42510952  -1.26690278
   0.41225104  -1.25772049
   0.41067174  -1.25685366
   0.39923964  -1.24997646
   0.39030384  -1.24431692
   0.38629591  -1.24192135
   0.37371206  -1.23380976
   0.37023260  -1.23134779
   0.36073379  -1.22540986
   0.35070989  -1.21865414
   0.34739672  -1.21639738
   0.33478670  -1.20882249
   0.32982259  -1.20558450
   0.32178401  -1.20077610
   0.30968301  -1.19260162
   0.30880079  -1.19192887
   0.29603941  -1.18462867
   0.28948033  -1.17989041
   0.28298894  -1.17579533
   0.27006016  -1.16788390
   0.26850916  -1.16698429
   0.25727900  -1.15963150
   0.24920315  -1.15405308
   0.24459192  -1.15116181
   0.23139253  -1.14277878
   0.22828239  -1.14098529
   0.21853319  -1.13463249
   0.20874649  -1.12830775
   0.20561648  -1.12656899
   0.19284264  -1.11846710
   0.18785851  -1.11523797
   0.17968256  -1.10988869
   0.16842731  -1.10242696
   0.16683573  -1.10158207
   0.15422766  -1.09423950
   0.14756053  -1.08939622
   0.14113589  -1.08541443
   0.12837364  -1.07692950
   0.12744695  -1.07633578
   0.11542912  -1.06924400
   0.10728391  -1.06353662
   0.10237602  -1.06041920
   0.08955083  -1.05218187
   0.08707631  -1.05065963
   0.07666272  -1.04424526
   0.06704120  -1.03765858
   0.06358898  -1.03543716
   0.05091857  -1.02809015
   0.04669866  -1.02501973
   0.03813476  -1.01961019
   0.02650716  -1.01210087
   0.02475770  -1.01070494
   0.01210830  -1.00310330
   0.00562512  -0.99901049
  -0.00101387  -0.99455523
  -0.01346043  -0.98651819
  -0.01437848  -0.98588945
  -0.02665463  -0.97810638
  -0.03401004  -0.97342014
  -0.03955755  -0.97003642
  -0.05238236  -0.96179351
  -0.05420572  -0.96052961
  -0.06526336  -0.95386541
  -0.07449510  -0.94769888
  -0.07848610  -0.94537052
  -0.09127171  -0.93726341
  -0.09457733  -0.93486824
  -0.10401507  -0.92886119
  -0.11482716  -0.92188666
  -0.11720282  -0.92036616
  -0.12982006  -0.91272148
  -0.13550916  -0.90880304
  -0.14281660  -0.90387540
  -0.15510095  -0.89606434
  -0.15598315  -0.89539166
  -0.16870170  -0.88806469
  -0.17595083  -0.88305003
  -0.18173076  -0.87923044
  -0.19459079  -0.87105683
  -0.19615285  -0.87016527
  -0.20753161  -0.86362083
  -0.21932394  -0.85770206
  -0.22093786  -0.85729877
  -0.23353450  -0.85730563
  -0.23752080  -0.85902137
  -0.24627131  -0.86313559
  -0.25904280  -0.87046733
  -0.26146233  -0.87208144
  -0.27197602  -0.87930093
  -0.28077323  -0.88499731
  -0.28492375  -0.88816594
  -0.29782067  -0.89614120
  -0.30093626  -0.89791085
  -0.31066461  -0.90445598
  -0.32018948  -0.91081907
  -0.32360173  -0.91334028
  -0.33650813  -0.92125257
  -0.34047649  -0.92373608
  -0.34944578  -0.93011692
  -0.35973628  -0.93665013
  -0.36225887  -0.93834898
  -0.37527601  -0.94643752
  -0.37994290  -0.94956551
  -0.38810294  -0.95530561
  -0.40018969  -0.96262569
  -0.40102574  -0.96337976
  -0.41382727  -0.97128987
  -0.41948357  -0.97539174
  -0.42678757  -0.98032019
  -0.43893058  -0.98830351
  -0.43980508  -0.98900132
  -0.45267110  -0.99708262
  -0.45902957  -1.00121576
  -0.46551348  -1.00534293
  -0.47834615  -1.01339716
  -0.47917769  -1.01416747
  -0.49126674  -1.02227972
  -0.49925043  -1.02719499
  -0.50415940  -1.03047495
  -0.51704194  -1.03853906
  -0.51870379  -1.04007432
  -0.53001412  -1.04730804
  -0.53965591  -1.05301723
  -0.54291875  -1.05537927
  -0.55576407  -1.06348145
  -0.55901556  -1.06586431
  -0.56874886  -1.07233182
  -0.57845414  -1.07865514
  -0.58178185  -1.08096638
  -0.59428938  -1.08837348
  -0.59856110  -1.09168677
  -0.60758544  -1.09791226
  -0.61875522  -1.10457781
  -0.62050330  -1.10597501
  -0.63329791  -1.11408347
  -0.63804155  -1.11743968
  -0.64619114  -1.12317990
  -0.65747567  -1.13039468
  -0.65906101  -1.13124659
  -0.67198698  -1.13932056
  -0.67771915  -1.14316823
  -0.68497931  -1.14795148
  -0.69765121  -1.15556122
  -0.69847898  -1.15633711
  -0.71080468  -1.16511983
  -0.71787266  -1.16918213
  -0.72357176  -1.17321375
  -0.73644213  -1.18127868
  -0.73729172  -1.18202281
  -0.74945017  -1.19015373
  -0.75731959  -1.19501921
  -0.76224517  -1.19836769
  -0.77512910  -1.20643311
  -0.77755733  -1.20803371
  -0.78811818  -1.21517659
  -0.79701486  -1.22078776
  -0.80102594  -1.22324442
  -0.81393029  -1.23121107
  -0.81718444  -1.23359320
  -0.82686587  -1.24018068
  -0.83728890  -1.24664897
  -0.83968954  -1.24826556
  -0.85269195  -1.25705129
  -0.85668646  -1.25953292
  -0.86573607  -1.26571890
  -0.87667503  -1.27251053
  -0.87847244  -1.27407161
  -0.89134125  -1.28214820
  -0.89614369  -1.28540041
  -0.90427755  -1.29101691
  -0.91632903  -1.29837306
  -0.91719645  -1.29908242
  -0.93012827  -1.30714392
  -0.93576356  -1.31105829
  -0.94302160  -1.31602283
  -0.95580257  -1.32347705
  -0.95663858  -1.32423675
  -0.96879116  -1.33217122
  -0.97532907  -1.33685525
  -0.98172101  -1.34104107
  -0.99458959  -1.34911859
  -0.99613701  -1.35002201
  -1.00760334  -1.35796334
  -1.01558455  -1.36283097
  -1.02042527  -1.36605832
  -1.03323764  -1.37433079
  -1.03566741  -1.37592933
  -1.04627961  -1.38299186
  -1.05573045  -1.38882832
  -1.05910189  -1.39129396
  -1.07199856  -1.39923262
  -1.07598513  -1.40172467
  -1.08496933  -1.40801480
  -1.09529328  -1.41465350
  -1.09782081  -1.41631720
  -1.11086018  -1.42487147
  -1.11485502  -1.42735333
  -1.12385755  -1.43357070
  -1.13487214  -1.44046994
  -1.13664117  -1.44189212
  -1.14965918  -1.44991043
  -1.15447989  -1.45301357
  -1.16261009  -1.45856850
  -1.17449394  -1.46620731
  -1.17536860  -1.46690527
  -1.18829916  -1.47496592
  -1.19461377  -1.47908153
  -1.20119520  -1.48384666
  -1.21393092  -1.49137814
  -1.21479044  -1.49210037
  -1.22697191  -1.50000006
  -1.23418776  -1.50487664
  -1.23990089  -1.50886915
  -1.25265309  -1.51640247
  -1.25439381  -1.51781229
  -1.26585397  -1.52556539
  -1.27376994  -1.53066282
  -1.27861115  -1.53389049
  -1.29137576  -1.54223360
  -1.29381672  -1.54381480
  -1.30446439  -1.55082301
  -1.31319440  -1.55656846
  -1.31725241  -1.55917446
  -1.33018986  -1.56706821
  -1.33347934  -1.56939579
  -1.34316205  -1.57585130
  -1.35345200  -1.58254868
  -1.35592385  -1.58419762
  -1.36895198  -1.59224327
  -1.37373818  -1.59537411
  -1.38186831  -1.60087637
  -1.39306643  -1.60831600
  -1.39483598  -1.60972954
  -1.40771497  -1.61781330
  -1.41319924  -1.62125875
  -1.42046621  -1.62616036
  -1.43269323  -1.63404745
  -1.43356800  -1.63474548
  -1.44649774  -1.64280553
  -1.45282416  -1.64692981
  -1.45939687  -1.65168819
  -1.47211991  -1.65924544
  -1.47299469  -1.65994348
  -1.48518143  -1.66784671
  -1.49240097  -1.67272602
  -1.49810999  -1.67671529
  -1.51098924  -1.68480047
  -1.51253270  -1.68571037
  -1.52381108  -1.69313003
  -1.53198554  -1.69851306
  -1.53682740  -1.70174111
  -1.54958774  -1.71008627
  -1.55203131  -1.71166401
  -1.56268043  -1.71867308
  -1.57142191  -1.72442723
  -1.57546409  -1.72702196
  -1.58841314  -1.73492287
  -1.59238622  -1.73743724
  -1.60138717  -1.74370702
  -1.61168246  -1.75040827
  -1.61414709  -1.75205184
  -1.62700873  -1.76023685
  -1.63192188  -1.76334630
  -1.64014491  -1.76871429
  -1.65125595  -1.77612639
  -1.65288397  -1.77707054
  -1.66594948  -1.78567435
  -1.67143669  -1.78912186
  -1.67888234  -1.79454009
  -1.69092783  -1.80190812
  -1.69180274  -1.80260624
  -1.70463385  -1.81072150
  -1.71033755  -1.81472939
  -1.71763472  -1.81955066
  -1.73036062  -1.82710952
  -1.73123555  -1.82780765
  -1.74342788  -1.83571442
  -1.75065131  -1.84059641
  -1.75638393  -1.84456352
  -1.76910045  -1.85212983
  -1.77085035  -1.85352611
  -1.78213854  -1.86075277
  -1.79023960  -1.86638496
  -1.79508226  -1.86961346
  -1.80784109  -1.87795738
  -1.81028507  -1.87953535
  -1.82075503  -1.88602891
  -1.83035119  -1.89250191
  -1.83371585  -1.89489217
  -1.84667672  -1.90279997
  -1.84996724  -1.90512814
  -1.85965300  -1.91158536
  -1.87015364  -1.91808450
  -1.87259272  -1.91963884
  -1.88529238  -1.92781234
  -1.89013340  -1.93120562
  -1.89825861  -1.93687378
  -1.90957346  -1.94405897
  -1.91115533  -1.94495148
  -1.92422683  -1.95355891
  -1.92904043  -1.95681925
  -1.93718999  -1.96239770
  -1.94920619  -1.96979285
  -1.95008126  -1.97049106
  -1.96292476  -1.97861481
  -1.96930645  -1.98280499
  -1.97591724  -1.98743759
  -1.98860403  -1.99501043
  -1.98947002  -1.99573185
  -2.00157909  -2.00387118
  -2.00890227  -2.00859275
  -2.01464887  -2.01247514
  -2.02754018  -2.02056793
  -2.02908419  -2.02147811
  -2.04028197  -2.02891100
  -2.04850564  -2.03436796
  -2.05338430  -2.03751120
  -2.06614212  -2.04585425
  -2.06858659  -2.04743247
  -2.07923967  -2.05444368
  -2.08866670  -2.06040817
  -2.09201630  -2.06278878
  -2.10498922  -2.07070322
  -2.10828043  -2.07303176
  -2.11796821  -2.07949006
  -2.12827502  -2.08619891
  -2.13072586  -2.08783295
  -2.14372327  -2.09586396
  -2.14845874  -2.09911630
  -2.15657618  -2.10477937
  -2.16789923  -2.11196922
  -2.16947790  -2.11285973
  -2.18255576  -2.12147082
  -2.18804930  -2.12492236
  -2.19530627  -2.12981658
  -2.20753705  -2.13770548
  -2.20841232  -2.13840380
  -2.22134242  -2.14646374
  -2.22770436  -2.15061144
  -2.23425321  -2.15535289
  -2.24694885  -2.16293086
  -2.24781504  -2.16365239
  -2.26002502  -2.17237193
  -2.26482179  -2.17642652
  -2.27282414  -2.18374752
  -2.27819080  -2.18954013
  -2.28549391  -2.19923736
  -2.28790274  -2.20244762
  -2.29759340  -2.21536229
  -2.29833643  -2.21621806
  -2.30731851  -2.22826427
  -2.31123783  -2.23316283
  -2.31701886  -2.24117524
  -2.32450352  -2.25074053
  -2.32685832  -2.25394407
  -2.33655651  -2.26687797
  -2.33730564  -2.26773034
  -2.34685635  -2.27993778
  -2.35021591  -2.28468381
  -2.35657140  -2.29284403
  -2.36289942  -2.30095959
  -2.36623949  -2.30576852
  -2.37584785  -2.31792045
  -2.37657920  -2.31878241
  -2.38562321  -2.33159971
  -2.38878934  -2.33568448
  -2.39533856  -2.34450617
  -2.40182819  -2.35264787
  -2.40526562  -2.35723747
  -2.41477808  -2.36945180
  -2.41549271  -2.37032136
  -2.42393744  -2.38300640
  -2.42788817  -2.38789409
  -2.43350005  -2.39600462
  -2.44051274  -2.40577815
  -2.44289121  -2.40912359
  -2.45135183  -2.42178795
  -2.45389708  -2.42572831
  -2.46019146  -2.43473281
  -2.46671816  -2.44356440
  -2.46928835  -2.44749432
  -2.47869216  -2.46061193
  -2.47960490  -2.46215355
  -2.48760715  -2.47350979
  -2.49251224  -2.48073047
  -2.49648046  -2.48643303
  -2.50525166  -2.49861589
  -2.50596639  -2.49948554
  -2.51431475  -2.51223170
  -2.51833365  -2.51788127
  -2.52318552  -2.52515813
  -2.53118751  -2.53568845
  -2.53276711  -2.53813312
  -2.54094064  -2.55100305
  -2.54428677  -2.55576617
  -2.55011948  -2.56370570
  -2.55758424  -2.57405559
  -2.55971924  -2.57670413
  -2.56789367  -2.58954036
  -2.57025727  -2.59282466
  -2.57730968  -2.60266586
  -2.58307844  -2.61065588
  -2.58643254  -2.61541778
  -2.59520407  -2.62841720
  -2.59591008  -2.62929043
  -2.60401763  -2.64138864
  -2.60888482  -2.64783177
  -2.61312868  -2.65414116
  -2.62204461  -2.66625609
  -2.62274381  -2.66713182
  -2.63089234  -2.67999065
  -2.63489816  -2.68567464
  -2.63978087  -2.69290915
  -2.64801200  -2.70413664
  -2.64941048  -2.70588815
  -2.65761067  -2.71868708
  -2.66079920  -2.72277509
  -2.66726380  -2.73165711
  -2.67381136  -2.74132488
  -2.67607857  -2.74464565
  -2.68496586  -2.75750886
  -2.68663508  -2.75994183
  -2.69391364  -2.77043352
  -2.69954719  -2.77853131
  -2.70279477  -2.78336168
  -2.71176300  -2.79623360
  -2.71247801  -2.79710347
  -2.72061473  -2.80915695
  -2.72546365  -2.81561715
  -2.73029065  -2.82210279
  -2.73844077  -2.83417507
  -2.73916330  -2.83504175
  -2.74803944  -2.84797664
  -2.75129521  -2.85279808
  -2.75694784  -2.86087885
  -2.76420469  -2.87139500
  -2.76583554  -2.87380275
  -2.77476509  -2.88667827
  -2.77713723  -2.88996861
  -2.78364288  -2.89961538
  -2.79019862  -2.90928945
  -2.79250928  -2.91256502
  -2.80157401  -2.92538684
  -2.80298660  -2.92713378
  -2.81034487  -2.93834120
  -2.81615855  -2.94632709
  -2.81947471  -2.95110232
  -2.82861361  -2.96393204
  -2.82931311  -2.96480801
  -2.83725247  -2.97696087
  -2.84199174  -2.98352393
  -2.84614482  -2.98988259
  -2.85511012  -3.00200437
  -2.85580966  -3.00288037
  -2.86391272  -3.01576645
  -2.86798453  -3.02224837
  -2.87194781  -3.02877704
  -2.87936401  -3.04159463
  -2.88092174  -3.04405326
  -2.88732253  -3.05460235
  -2.89379105  -3.06500803
  -2.89539722  -3.06754258
  -2.90272345  -3.08037394
  -2.90679710  -3.08685711
  -2.91025999  -3.09321312
  -2.91800131  -3.10632566
  -2.91953165  -3.10879854
  -2.92589412  -3.11932687
  -2.93239767  -3.12986690
  -2.93390691  -3.13232720
  -2.94128626  -3.14513518
  -2.94539502  -3.15162079
  -2.94931864  -3.15812629
  -2.95698907  -3.17087017
  -2.95864878  -3.17407826
  -2.96418228  -3.18375284
  -2.97137812  -3.19517540
  -2.97272701  -3.19694271
  -2.98005135  -3.20981854
  -2.98427684  -3.21697411
  -2.98762093  -3.22255986
  -2.99564191  -3.23555712
  -2.99717256  -3.23803030
  -3.00298477  -3.24841586
  -3.01037497  -3.26050460
  -3.01104948  -3.26138832
  -3.01835684  -3.27425515
  -3.02310087  -3.28159371
  -3.02692036  -3.28741063
  -3.03426869  -3.30025353
  -3.03585541  -3.30271737
  -3.04181100  -3.31303748
  -3.04903569  -3.32445397
  -3.04984485  -3.32606944
  -3.05695901  -3.33896088
  -3.06211080  -3.34691098
  -3.06527385  -3.35180370
  -3.07281814  -3.36461550
  -3.07500413  -3.36798525
  -3.08064142  -3.37766312
  -3.08803554  -3.38975481
  -3.08871019  -3.39063865
  -3.09601641  -3.40350539
  -3.10081565  -3.41170209
  -3.10329834  -3.41643076
  -3.11140085  -3.42931868
  -3.11363667  -3.43274919
  -3.11919928  -3.44245112
  -3.12656574  -3.45455889
  -3.12724046  -3.45544280
  -3.13458490  -3.46828450
  -3.13955812  -3.47634157
  -3.14265357  -3.48124561
  -3.15023782  -3.49395129
  -3.15271867  -3.49799744
  -3.15829965  -3.50696906
  -3.16540673  -3.51919440
  -3.16608152  -3.52007838
  -3.17289542  -3.53273217
  -3.17840038  -3.54097842
  -3.18097672  -3.54569944
  -3.18860309  -3.55855241
  -3.19153432  -3.56348594
  -3.19630470  -3.57167738
  -3.20216278  -3.58474106
  -3.20450043  -3.59365033
  -3.20520782  -3.59785375
  -3.20594659  -3.61082244
  -3.20546691  -3.62380399
  -3.20507755  -3.63670140
  -3.20445297  -3.64397966
  -3.20399441  -3.64958274
  -3.20370552  -3.66260470
  -3.20322094  -3.67542488
  -3.20216081  -3.68845673
  -3.20150832  -3.70133145
  -3.20071794  -3.71425303
  -3.19992765  -3.72717470
  -3.19913748  -3.74009644
  -3.19834741  -3.75301827
  -3.19755744  -3.76594018
  -3.19676758  -3.77886217
  -3.19610861  -3.79171357
  -3.19586803  -3.80476295
  -3.19396970  -3.81778355
  -3.19173688  -3.82430027
  -3.18822211  -3.83093321
  -3.17903714  -3.84365720
  -3.17826971  -3.84449743
  -3.16769366  -3.85654886
  -3.16535786  -3.85904535
  -3.15498976  -3.86965551
  -3.15244316  -3.87277348
  -3.14366552  -3.88256017
  -3.13973000  -3.88668735
  -3.13154860  -3.89547117
  -3.12681510  -3.90041476
  -3.11951426  -3.90841874
  -3.11411791  -3.91428617
  -3.10752980  -3.92149421
  -3.10098615  -3.92867898
  -3.09533454  -3.93437135
  -3.08786765  -3.94224207
  -3.08316915  -3.94715512
  -3.07518389  -3.95610979
  -3.07178416  -3.96002699
  -3.06221140  -3.97045454
  -3.05987146  -3.97311669
  -3.04932584  -3.98442214
  -3.04775044  -3.98601509
  -3.03641108  -3.99814555
  -3.03560386  -3.99895276
  -3.02427343  -4.01174253
  -3.02349960  -4.01257821
  -3.01214328  -4.02464973
  -3.01058627  -4.02631413
  -3.00001871  -4.03755881
  -2.99747240  -4.04067696
  -2.98789796  -4.05046928
  -2.98475879  -4.05377841
  -2.97588198  -4.06354181
  -2.97163811  -4.06817766
  -2.96425194  -4.07609280
  -2.95873020  -4.08186064
  -2.95194899  -4.08951484
  -2.94632770  -4.09599728
  -2.94038487  -4.10230798
  -2.93289691  -4.11015738
  -2.92820687  -4.11506143
  -2.92024779  -4.12403869
  -2.91628981  -4.12819708
  -2.90730851  -4.13784413
  -2.90470249  -4.14084201
  -2.89415663  -4.15213773
  -2.89258394  -4.15374336
  -2.88124312  -4.16586195
  -2.88046325  -4.16664217
  -2.86911294  -4.17946097
  -2.86834568  -4.18030128
  -2.85697939  -4.19236772
  -2.85543190  -4.19403918
  -2.84492534  -4.20542138
  -2.84250396  -4.20784319
  -2.83295214  -4.21839153
  -2.82986289  -4.22174543
  -2.82083570  -4.23130565
  -2.81695758  -4.23548460
  -2.80872211  -4.24422117
  -2.80377724  -4.24977843
  -2.79718610  -4.25692449
  -2.79086398  -4.26350652
  -2.78461708  -4.27010559
  -2.77823738  -4.27743734
  -2.77309808  -4.28292668
  -2.76482547  -4.29160575
  -2.76092494  -4.29569481
  -2.75216289  -4.30548290
  -2.74920366  -4.30907823
  -2.73923184  -4.31983716
  -2.73759497  -4.32168639
  -2.72608847  -4.33358920
  -2.72534441  -4.33436472
  -2.71371300  -4.34704307
  -2.71290633  -4.34785080
  -2.70080635  -4.35996677
  -2.69999968  -4.36077451
  -2.68734712  -4.37072423
  -2.68311481  -4.37325245
  -2.67422601  -4.37816992
  -2.66151378  -4.38423632
  -2.65725088  -4.38631572
  -2.64829236  -4.39029699
  -2.63546537  -4.39552082
  -2.62886064  -4.39890607
  -2.62249184  -4.40157541
  -2.60961257  -4.40720425
  -2.59901741  -4.41197878
  -2.59664564  -4.41286623
  -2.58376745  -4.41849495
  -2.57107294  -4.42459601
  -2.56999956  -4.42512712
  -2.55792261  -4.42978581
  -2.54495466  -4.43625655
  -2.54168698  -4.43778514
  -2.53205423  -4.44189468
  -2.51966632  -4.44760236
  -2.51259702  -4.45078752
  -2.50603869  -4.45366226
  -2.49323342  -4.45884754
  -2.48505298  -4.46325207
  -2.48015732  -4.46575972
  -2.46730704  -4.47059797
  -2.45600090  -4.47624523
  -2.45431159  -4.47705147
  -2.44131913  -4.48238262
  -2.42850499  -4.48834551
  -2.42761408  -4.48896206
  -2.41560062  -4.49399105
  -2.40311557  -4.49974002
  -2.39856633  -4.50201219
  -2.38961587  -4.50576615
  -2.37674836  -4.51173193
  -2.37017581  -4.51458425
  -2.36377283  -4.51705825
  -2.35101328  -4.52302792
  -2.34117350  -4.52766128
  -2.33790343  -4.52914524
  -2.32500921  -4.53480498
  -2.31280272  -4.54029003
  -2.31191182  -4.54090661
  -2.29916667  -4.54609753
  -2.28632086  -4.55206823
  -2.28226599  -4.55363688
  -2.27329493  -4.55737708
  -2.26040321  -4.56303669
  -2.25301524  -4.56609851
  -2.24728878  -4.56829863
  -2.23439871  -4.57319791
  -2.22327420  -4.57905907
  -2.22180283  -4.57999106
  -2.20989396  -4.59172745
         
