# shadow point cont 2D ind 375  size 1325
# norm -0.9705065 -0.2410751  0.0000000
# angle  2.8981192
   2.91975217  -4.59108573
   2.92146318  -4.58960064
   2.93457317  -4.57936744
   2.93540973  -4.57870965
   2.94735054  -4.57351998
   2.96010180  -4.56982087
   2.97219323  -4.56501536
   2.97302955  -4.56427564
   2.98593503  -4.55862174
   2.99882309  -4.55287488
   3.00044213  -4.55207760
   3.01182865  -4.54656998
   3.02468009  -4.54167497
   3.03030521  -4.53919935
   3.03761430  -4.53593383
   3.05069605  -4.52992152
   3.05860148  -4.52640438
   3.06351708  -4.52400098
   3.07638359  -4.51909946
   3.08857785  -4.51361836
   3.08946806  -4.51300213
   3.10239117  -4.50735994
   3.11515447  -4.50214840
   3.11842514  -4.50062993
   3.12823776  -4.49607562
   3.14116515  -4.49044303
   3.14746783  -4.48773021
   3.15397663  -4.48450601
   3.16700110  -4.47913135
   3.17725480  -4.47468306
   3.17982338  -4.47322190
   3.19284380  -4.46783466
   3.20555575  -4.46251217
   3.20639106  -4.46176984
   3.21859449  -4.45629587
   3.23144195  -4.45135954
   3.23628831  -4.44894068
   3.24444257  -4.44501194
   3.25729205  -4.44007538
   3.26612489  -4.43593854
   3.27029120  -4.43372807
   3.28331920  -4.42834572
   3.29461957  -4.42349299
   3.29625355  -4.42272918
   3.30917881  -4.41708725
   3.32207978  -4.41138077
   3.32442313  -4.41041358
   3.33491521  -4.40551868
   3.34777182  -4.40058124
   3.35423428  -4.39735614
   3.36076581  -4.39423503
   3.37378451  -4.38881288
   3.38331840  -4.38445968
   3.38658533  -4.38289633
   3.39947642  -4.37720521
   3.41149338  -4.37140514
   3.41236438  -4.37071159
   3.42538292  -4.36283059
   3.43093680  -4.35869459
   3.43814115  -4.35219023
   3.44460068  -4.34573119
   3.45098284  -4.33922819
   3.45737753  -4.33267060
   3.46388919  -4.32549521
   3.46882194  -4.31989327
   3.47679127  -4.31176025
   3.48158790  -4.30682148
   3.48968598  -4.29802231
   3.49304382  -4.29405544
   3.50293470  -4.28376118
   3.50532900  -4.28130900
   3.51564225  -4.26983352
   3.51722847  -4.26819180
   3.52852477  -4.25608308
   3.52930368  -4.25525058
   3.54068078  -4.24237918
   3.54148830  -4.24157182
   3.55297577  -4.22963480
   3.55452931  -4.22796652
   3.56552383  -4.21635286
   3.56711348  -4.21473736
   3.57701662  -4.20362291
   3.58020060  -4.20035899
   3.58912889  -4.19070420
   3.59311631  -4.18662936
   3.60124131  -4.17778551
   3.60623128  -4.17227204
   3.61328322  -4.16481390
   3.61900590  -4.15840708
   3.62540506  -4.15190040
   3.63192633  -4.14468109
   3.63693981  -4.13918648
   3.64484694  -4.13095513
   3.64969264  -4.12611098
   3.65787112  -4.11732210
   3.66176185  -4.11315508
   3.67068873  -4.10350328
   3.67387919  -4.10023898
   3.68360990  -4.08977739
   3.68595997  -4.08729472
   3.69632910  -4.07584900
   3.69733782  -4.07443596
   3.70908264  -4.06190232
   3.70984486  -4.06105507
   3.72154680  -4.04858091
   3.72234009  -4.04776007
   3.73367536  -4.03567525
   3.73525976  -4.03403166
   3.74579439  -4.02276217
   3.74837972  -4.01968102
   3.75779680  -4.00974767
   3.76113873  -4.00580620
   3.76936384  -3.99704228
   3.77401113  -3.99203104
   3.78132975  -3.98400621
   3.78698394  -3.97835481
   3.79419014  -3.97102596
   3.79990684  -3.96462916
   3.80573076  -3.95831433
   3.81295557  -3.95019410
   3.81763158  -3.94520467
   3.82575213  -3.93636974
   3.82979104  -3.93233305
   3.83876570  -3.92269869
   3.84187080  -3.91937459
   3.85159930  -3.90891861
   3.85402272  -3.90649661
   3.86473781  -3.89540812
   3.86630439  -3.89370786
   3.87744725  -3.88146758
   3.87825508  -3.88066025
   3.89032194  -3.86848587
   3.89108414  -3.86764130
   3.90227013  -3.85461173
   3.90306249  -3.85378995
   3.91366002  -3.84176788
   3.91598081  -3.83925196
   3.92494322  -3.82882881
   3.92894392  -3.82315105
   3.93297637  -3.81589488
   3.93631775  -3.80298159
   3.93711048  -3.79004778
   3.93790329  -3.77711411
   3.93869617  -3.76418056
   3.93941865  -3.75124058
   3.94025995  -3.73831288
   3.94107524  -3.72538074
   3.94153351  -3.71247645
   3.94206208  -3.70599344
   3.94259020  -3.69950683
   3.94264610  -3.68658155
   3.94343948  -3.67364894
   3.94423294  -3.66071645
   3.94495408  -3.64777465
   3.94501121  -3.63485135
   3.94573204  -3.62190910
   3.94571672  -3.60897626
   3.94548389  -3.59606560
   3.94237636  -3.58309650
   3.94177553  -3.58220383
   3.93611554  -3.57004212
   3.92949548  -3.55715487
   3.92879459  -3.55627784
   3.92152483  -3.54416586
   3.91600731  -3.53353270
   3.91448217  -3.53104934
   3.90693485  -3.51829045
   3.90288102  -3.51020485
   3.89970865  -3.50528424
   3.89230147  -3.49242892
   3.88979701  -3.48761665
   3.88498047  -3.47950109
   3.87769371  -3.46656149
   3.87684872  -3.46496353
   3.87039193  -3.45362755
   3.86392802  -3.44228813
   3.86262398  -3.44048123
   3.85555265  -3.42789483
   3.85101408  -3.41964780
   3.84785060  -3.41472044
   3.84038584  -3.40189090
   3.83780340  -3.39712818
   3.83311525  -3.38894680
   3.82575580  -3.37603810
   3.82487264  -3.37446667
   3.81827881  -3.36321656
   3.81206567  -3.35173758
   3.81119577  -3.35015644
   3.80394404  -3.33720618
   3.79902461  -3.32834606
   3.79649191  -3.32435818
   3.78907403  -3.31149711
   3.78590551  -3.30579937
   3.78125908  -3.29840236
   3.77447511  -3.28563779
   3.77295812  -3.28315532
   3.76674965  -3.27251374
   3.76027355  -3.26032827
   3.75961054  -3.25942200
   3.75209299  -3.24666723
   3.74717443  -3.23780804
   3.74483523  -3.23371244
   3.73745244  -3.22082236
   3.73412204  -3.21521966
   3.72997228  -3.20800957
   3.72281797  -3.19498044
   3.72119834  -3.19255543
   3.71490729  -3.18198193
   3.70876567  -3.16930225
   3.70804952  -3.16843162
   3.70025092  -3.15613776
   3.69515979  -3.14656863
   3.69299422  -3.14318421
   3.68570633  -3.13026412
   3.68238198  -3.12384328
   3.67838205  -3.11734241
   3.67104970  -3.10442542
   3.66931072  -3.10126402
   3.66380370  -3.09147977
   3.65700822  -3.07872647
   3.65632947  -3.07784349
   3.64851282  -3.06558968
   3.64365426  -3.05589125
   3.64183165  -3.05273552
   3.63437028  -3.03991506
   3.63038409  -3.03260820
   3.62655265  -3.02682606
   3.61978244  -3.01406054
   3.61760886  -3.01068873
   3.61197680  -3.00096598
   3.60518232  -2.98821379
   3.60450367  -2.98733091
   3.59709497  -2.97527936
   3.59150408  -2.96553902
   3.58981789  -2.96234035
   3.58112521  -2.94927619
   3.57885736  -2.94594164
   3.57223426  -2.93634153
   3.56571259  -2.92585510
   3.56408817  -2.92342862
   3.55522329  -2.91048774
   3.55274243  -2.90648075
   3.54714124  -2.89755400
   3.54015030  -2.88679272
   3.53842497  -2.88444851
   3.53003654  -2.87174458
   3.52670306  -2.86696619
   3.52100945  -2.85891745
   3.51395682  -2.84741842
   3.51301790  -2.84589942
   3.50419973  -2.83292954
   3.50077545  -2.82739801
   3.49586213  -2.82016525
   3.48797032  -2.80792539
   3.48728019  -2.80704600
   3.47887610  -2.79430485
   3.47503306  -2.78852412
   3.47018757  -2.78122828
   3.46207535  -2.76914318
   3.46139000  -2.76826099
   3.45372382  -2.75556545
   3.44899537  -2.74901449
   3.44488046  -2.74260141
   3.43675179  -2.72969729
   3.43603616  -2.72882714
   3.42787215  -2.71675765
   3.42307862  -2.70944714
   3.41920835  -2.70366708
   3.41085980  -2.69091797
   3.40995719  -2.68936444
   3.40202059  -2.67795703
   3.39734436  -2.67057929
   3.39331737  -2.66488873
   3.38496958  -2.65214023
   3.38406704  -2.65058675
   3.37613156  -2.63918018
   3.37127688  -2.63110199
   3.36801716  -2.62626745
   3.35984946  -2.61339066
   3.35819328  -2.61099448
   3.35046216  -2.60025247
   3.34542141  -2.59229884
   3.34213023  -2.58749251
   3.33396231  -2.57461578
   3.33230624  -2.57221970
   3.32520470  -2.56161427
   3.31982182  -2.55257152
   3.31715179  -2.54863631
   3.30867326  -2.53597683
   3.30639212  -2.53265498
   3.29932119  -2.52284227
   3.29394554  -2.51379601
   3.29126735  -2.50986387
   3.28279031  -2.49720541
   3.28050932  -2.49388369
   3.27394061  -2.48424456
   3.26785374  -2.47433636
   3.26543507  -2.47107365
   3.25709034  -2.45832035
   3.25446991  -2.45442728
   3.24830335  -2.44533087
   3.24197858  -2.43554797
   3.24008299  -2.43249104
   3.23120971  -2.41955125
   3.22878379  -2.41632051
   3.22207578  -2.40679969
   3.21583638  -2.39855919
   3.21185513  -2.39367152
   3.20310172  -2.38144531
   3.20235791  -2.38058916
   3.19294613  -2.36805456
   3.18977663  -2.36396785
   3.18267882  -2.35494913
   3.17684302  -2.34700797
   3.17299138  -2.34201625
   3.16447629  -2.32938439
   3.16371953  -2.32857590
   3.15413636  -2.31636654
   3.15096713  -2.31228003
   3.14386972  -2.30326167
   3.13803441  -2.29532090
   3.13418330  -2.29032956
   3.12512893  -2.27836106
   3.12434668  -2.27751221
   3.11514650  -2.26480538
   3.11196924  -2.26074744
   3.10478509  -2.25180224
   3.09923673  -2.24525172
   3.09259102  -2.23906289
   3.08619808  -2.23420745
   3.07343865  -2.22665754
   3.07256951  -2.22599363
   3.06026216  -2.21895206
   3.04989331  -2.21313382
   3.04742106  -2.21160250
   3.03451278  -2.20515201
   3.02564697  -2.20023019
   3.02156890  -2.19787555
   3.00865764  -2.19142061
   3.00140409  -2.18731949
   2.99571754  -2.18414516
   2.98271065  -2.17680091
   2.97877627  -2.17441236
   2.96986682  -2.16960793
   2.95711132  -2.16282729
   2.95460663  -2.16137339
   2.94402325  -2.15588079
   2.93125893  -2.14909618
   2.93036997  -2.14843128
   2.91832754  -2.14183572
   2.90769992  -2.13559310
   2.90522648  -2.13406480
   2.89231942  -2.12761193
   2.88345720  -2.12269094
   2.87937983  -2.12033660
   2.86641618  -2.11384779
   2.86000604  -2.10984366
   2.85354375  -2.10661298
   2.84053671  -2.09927374
   2.83659370  -2.09687612
   2.82768572  -2.09207232
   2.81510620  -2.08503583
   2.81255693  -2.08356090
   2.80186126  -2.07835201
   2.78967359  -2.07118804
   2.78881842  -2.07042000
   2.77615579  -2.06430423
   2.76553017  -2.05806254
   2.76305714  -2.05653442
   2.75014990  -2.05008118
   2.74134578  -2.04507446
   2.73722636  -2.04281325
   2.72425750  -2.03632365
   2.71784169  -2.03231513
   2.71138041  -2.02908487
   2.69838601  -2.02175679
   2.69371618  -2.01918209
   2.68552758  -2.01454654
   2.67261200  -2.00728204
   2.67099675  -2.00647450
   2.65969010  -2.00082180
   2.64750792  -1.99368899
   2.64667082  -1.99294003
   2.63384629  -1.98709433
   2.62331737  -1.98061872
   2.62108122  -1.97953186
   2.60816464  -1.97304444
   2.59914680  -1.96764209
   2.59507071  -1.96528832
   2.58216023  -1.95883307
   2.57569934  -1.95479601
   2.56923902  -1.95156615
   2.55630692  -1.94429444
   2.55221793  -1.94195838
   2.54338477  -1.93702703
   2.53045470  -1.92975497
   2.52886140  -1.92895839
   2.51755639  -1.92330638
   2.50479800  -1.91652428
   2.50390953  -1.91587834
   2.49171634  -1.90958050
   2.48125684  -1.90302983
   2.47878456  -1.90150205
   2.46587645  -1.89504775
   2.45773574  -1.89030284
   2.45294823  -1.88777797
   2.44020082  -1.88101214
   2.43357777  -1.87728580
   2.42711835  -1.87405632
   2.41414948  -1.86675165
   2.41014628  -1.86441410
   2.40111841  -1.85973736
   2.38836121  -1.85225837
   2.38674642  -1.85145103
   2.37544295  -1.84579965
   2.36268631  -1.83901831
   2.36180606  -1.83835821
   2.34977089  -1.83176577
   2.33915079  -1.82552669
   2.33685316  -1.82450211
   2.32377008  -1.81754408
   2.31563236  -1.81280074
   2.31084550  -1.81027614
   2.29793479  -1.80382024
   2.29140878  -1.79989521
   2.28501197  -1.79655308
   2.27206115  -1.78926250
   2.26736385  -1.78665720
   2.25934674  -1.78251623
   2.24643083  -1.77533966
   2.24392420  -1.77379047
   2.23334852  -1.76830113
   2.22115795  -1.76119751
   2.22029105  -1.76050908
   2.20751531  -1.75457819
   2.19706348  -1.74803169
   2.19459187  -1.74650421
   2.18148766  -1.74029026
   2.17283568  -1.73513539
   2.16876125  -1.73278235
   2.15585018  -1.72632597
   2.14939194  -1.72229011
   2.14293415  -1.71906131
   2.13018647  -1.71229628
   2.12528424  -1.70916529
   2.11726810  -1.70502474
   2.10434877  -1.69775208
   2.10184625  -1.69629913
   2.09127184  -1.69081033
   2.07853348  -1.68407151
   2.07764269  -1.68337297
   2.06561051  -1.67678185
   2.05428603  -1.67037057
   2.05269657  -1.66952000
   2.03961170  -1.66256031
   2.03147990  -1.65782020
   2.02669420  -1.65529611
   2.01395225  -1.64853280
   2.00732515  -1.64480365
   2.00086809  -1.64157517
   1.98795126  -1.63431150
   1.98389855  -1.63193384
   1.97485784  -1.62734443
   1.96231383  -1.62038865
   1.95978486  -1.61881506
   1.94921161  -1.61332677
   1.93645955  -1.60654740
   1.93557154  -1.60590169
   1.92338432  -1.59960640
   1.91281098  -1.59331124
   1.91047067  -1.59234280
   1.89755616  -1.58508044
   1.88942825  -1.58034081
   1.88464306  -1.57781695
   1.87173082  -1.57135933
   1.86527405  -1.56732414
   1.85881766  -1.56409595
   1.84607728  -1.55733495
   1.84106240  -1.55441151
   1.83281366  -1.54986880
   1.82027917  -1.54292429
   1.81773873  -1.54133778
   1.80716656  -1.53584996
   1.79498009  -1.52874820
   1.79409218  -1.52810253
   1.78134187  -1.52213076
   1.77016995  -1.51549518
   1.76861810  -1.51459516
   1.75551729  -1.50760480
   1.74667965  -1.50269682
   1.74260655  -1.50034438
   1.72969349  -1.49388600
   1.72317704  -1.48996633
   1.71678305  -1.48662543
   1.70387196  -1.47936366
   1.69902802  -1.47693954
   1.69095844  -1.47290470
   1.67825868  -1.46546674
   1.67570658  -1.46386682
   1.66513538  -1.45837945
   1.65242333  -1.45164608
   1.65149797  -1.45095557
   1.63931307  -1.44466133
   1.62874179  -1.43836713
   1.62623258  -1.43690234
   1.61349451  -1.43014066
   1.60465610  -1.42523022
   1.60058336  -1.42287796
   1.58766933  -1.41641872
   1.58115521  -1.41250044
   1.57476177  -1.40915980
   1.56204564  -1.40236325
   1.55700654  -1.39947351
   1.54893764  -1.39543898
   1.53625221  -1.38801439
   1.53368710  -1.38640174
   1.52311679  -1.38091477
   1.51042927  -1.37415979
   1.50948051  -1.37349144
   1.49729661  -1.36719765
   1.48672622  -1.36090389
   1.48422476  -1.35945143
   1.47147680  -1.35348069
   1.46328318  -1.34806203
   1.45857826  -1.34542405
   1.44565705  -1.33895702
   1.43914523  -1.33504016
   1.43275229  -1.33169976
   1.41983794  -1.32524041
   1.41493630  -1.32213714
   1.40693289  -1.31798271
   1.39427705  -1.31054820
   1.39167901  -1.30894207
   1.38110949  -1.30345548
   1.36840640  -1.29658929
   1.36747423  -1.29603264
   1.35529122  -1.28973927
   1.34467253  -1.28353360
   1.34222033  -1.28199354
   1.32930746  -1.27552158
   1.32059157  -1.27042714
   1.31658028  -1.26797052
   1.30365536  -1.26150047
   1.29643171  -1.25741555
   1.29075331  -1.25424486
   1.27807744  -1.24738422
   1.27299710  -1.24455748
   1.26492935  -1.24052349
   1.25231484  -1.23308476
   1.24892571  -1.23131380
   1.23894960  -1.22630969
   1.22616990  -1.21952773
   1.22533196  -1.21888275
   1.21330612  -1.21229460
   1.20198164  -1.20590539
   1.20040379  -1.20503934
   1.18747928  -1.19857053
   1.17779808  -1.19292308
   1.17457110  -1.19130955
   1.16167441  -1.18405809
   1.15444162  -1.17996517
   1.14876357  -1.17679465
   1.13584720  -1.17033366
   1.13094932  -1.16723280
   1.12294693  -1.16307888
   1.10988914  -1.15609844
   1.10674432  -1.15432945
   1.09713079  -1.14936348
   1.08421616  -1.14209736
   1.08256968  -1.14132333
   1.07129426  -1.13644055
   1.05837050  -1.13159146
   1.05027654  -1.12842774
   1.04545993  -1.12674947
   1.03242241  -1.12307719
   1.01951554  -1.11904117
   1.00981903  -1.11587228
   1.00660800  -1.11500947
   0.99379500  -1.11140927
   0.98079551  -1.10774434
   0.96805706  -1.10337660
   0.96553636  -1.10262953
   0.95498001  -1.09968101
   0.94207306  -1.09564725
   0.92920893  -1.09158468
   0.92435743  -1.08987870
   0.91625626  -1.08758548
   0.90335654  -1.08434783
   0.89058637  -1.07995122
   0.88162719  -1.07690820
   0.87753499  -1.07548404
   0.86463251  -1.07225177
   0.85172987  -1.06821447
   0.83920893  -1.06403151
   0.83814648  -1.06363563
   0.82590746  -1.06015574
   0.81300636  -1.05692402
   0.79995686  -1.05227735
   0.79687505  -1.05127563
   0.78718700  -1.04805463
   0.77428693  -1.04482330
   0.76139023  -1.04078532
   0.75412553  -1.03833808
   0.74847415  -1.03675623
   0.73556045  -1.03272675
   0.72267810  -1.02949095
   0.71218699  -1.02541069
   0.70974724  -1.02465954
   0.69684923  -1.02142901
   0.68394590  -1.01739462
   0.67133158  -1.01315617
   0.66946204  -1.01236906
   0.65812144  -1.00933200
   0.64523428  -1.00610000
   0.63248795  -1.00164204
   0.62669749  -0.99956371
   0.61940217  -0.99723145
   0.60650655  -0.99400184
   0.59361118  -0.98996707
   0.58390991  -0.98674441
   0.58069452  -0.98593513
   0.56778853  -0.98190180
   0.55502770  -0.97821234
   0.54274677  -0.97395569
   0.54186140  -0.97339581
   0.52905832  -0.96980399
   0.51616507  -0.96657530
   0.50334148  -0.96256778
   0.49922310  -0.96090480
   0.49035334  -0.95850877
   0.47744750  -0.95447552
   0.46469502  -0.95075987
   0.45726819  -0.94805948
   0.45162156  -0.94641047
   0.43873033  -0.94318255
   0.42583644  -0.93914965
   0.41384546  -0.93486856
   0.41290327  -0.93431050
   0.40001306  -0.93108297
   0.38711252  -0.92704992
   0.37458348  -0.92281166
   0.37109245  -0.92167757
   0.36127933  -0.91898407
   0.34839045  -0.91575705
   0.33553143  -0.91173330
   0.32908061  -0.90917505
   0.32256130  -0.90688433
   0.30967342  -0.90365768
   0.29693733  -0.89989031
   0.28628934  -0.89634455
   0.28384360  -0.89559138
   0.27084148  -0.89192577
   0.25805729  -0.88833263
   0.24556825  -0.88409197
   0.24357637  -0.88323731
   0.23223981  -0.88026591
   0.21933419  -0.87623287
   0.20660733  -0.87243616
   0.20081256  -0.87048357
   0.19350215  -0.86816588
   0.18061758  -0.86494047
   0.16773240  -0.86091093
   0.15879377  -0.85777465
   0.15468866  -0.85645741
   0.14178856  -0.85407208
   0.12893637  -0.85364086
   0.11601069  -0.85573323
   0.10801938  -0.85830748
   0.10320297  -0.86008967
   0.09019522  -0.86460394
   0.07739999  -0.86816045
   0.07004278  -0.87106822
   0.06438971  -0.87348338
   0.05155762  -0.87785436
   0.03857173  -0.88154561
   0.03057773  -0.88412128
   0.02566963  -0.88638993
   0.01284193  -0.89076998
  -0.00014391  -0.89445666
  -0.00659717  -0.89687662
  -0.01305044  -0.89929657
  -0.02587386  -0.90368531
  -0.03885949  -0.90736925
  -0.04598535  -0.91009043
  -0.05166141  -0.91255926
  -0.06456698  -0.91659545
  -0.07748284  -0.92063138
  -0.08470638  -0.92299780
  -0.09037941  -0.92546946
  -0.10328590  -0.92950277
  -0.11620163  -0.93353772
  -0.12342744  -0.93590527
  -0.12909863  -0.93837599
  -0.14200514  -0.94240934
  -0.15490494  -0.94644127
  -0.16136559  -0.94878574
  -0.16781792  -0.95128262
  -0.18083886  -0.95575507
  -0.19362460  -0.95934811
  -0.20008620  -0.96169306
  -0.20653729  -0.96418937
  -0.21955826  -0.96866185
  -0.23246443  -0.97270874
  -0.23801753  -0.97457582
  -0.24525675  -0.97709623
  -0.25827776  -0.98156875
  -0.27118522  -0.98561628
  -0.27673784  -0.98748311
  -0.28409074  -0.99044227
  -0.29699738  -0.99447577
  -0.30990584  -0.99853980
  -0.31462721  -1.00042659
  -0.32269577  -1.00371686
  -0.33560246  -1.00775040
  -0.34852510  -1.01178515
  -0.35334850  -1.01333452
  -0.36141563  -1.01662409
  -0.37432238  -1.02065767
  -0.38724409  -1.02469214
  -0.39206994  -1.02624258
  -0.40013566  -1.02953144
  -0.41304246  -1.03356506
  -0.42594476  -1.03759817
  -0.42999850  -1.03912854
  -0.43885587  -1.04243892
  -0.45176274  -1.04647259
  -0.46466541  -1.05050587
  -0.46871989  -1.05203661
  -0.47757628  -1.05534654
  -0.49048322  -1.05938025
  -0.50335764  -1.06340702
  -0.50740615  -1.06505223
  -0.51629691  -1.06825429
  -0.52931834  -1.07272712
  -0.54206002  -1.07630592
  -0.54529509  -1.07800335
  -0.55501751  -1.08196877
  -0.56783711  -1.08547728
  -0.58077968  -1.08921349
  -0.58401736  -1.09091196
  -0.59374842  -1.09487598
  -0.60664610  -1.09810409
  -0.61968893  -1.10261916
  -0.62281006  -1.10364928
  -0.63258391  -1.10743148
  -0.64537584  -1.11181765
  -0.65841417  -1.11562678
  -0.66071149  -1.11659045
  -0.67118173  -1.12069336
  -0.68409668  -1.12472572
  -0.69714124  -1.12854138
  -0.70018584  -1.12963871
  -0.70991066  -1.13360006
  -0.72292592  -1.13726837
  -0.73586860  -1.14145613
  -0.73815804  -1.14240875
  -0.74862606  -1.14651054
  -0.76152960  -1.15054577
  -0.77427553  -1.15488189
  -0.77517243  -1.15553620
  -0.78733805  -1.16103551
  -0.80021262  -1.16667773
  -0.80261868  -1.16835692
  -0.81296926  -1.17423338
  -0.82590104  -1.18071039
  -0.82676230  -1.18137874
  -0.83896121  -1.18846714
  -0.84941030  -1.19417460
  -0.85187165  -1.19572752
  -0.86477312  -1.20218374
  -0.87279538  -1.20709707
  -0.87768715  -1.21024953
  -0.89059072  -1.21670608
  -0.89618670  -1.22001223
  -0.90331487  -1.22425523
  -0.91625001  -1.23074237
  -0.91961062  -1.23288526
  -0.92931654  -1.23848945
  -0.94206597  -1.24526469
  -0.94364730  -1.24609171
  -0.95513384  -1.25301132
  -0.96628519  -1.25889845
  -0.96786321  -1.25976464
  -0.98094903  -1.26673038
  -0.99039097  -1.27195552
  -0.99367651  -1.27428212
  -1.00660700  -1.28076443
  -1.01318565  -1.28453949
  -1.01967630  -1.28850963
  -1.03258373  -1.29497230
  -1.03727291  -1.29763833
  -1.04531317  -1.30252439
  -1.05805597  -1.30904434
  -1.06060522  -1.31072892
  -1.07131069  -1.31675104
  -1.08335127  -1.32330629
  -1.08421965  -1.32401407
  -1.09695652  -1.33077568
  -1.10739421  -1.33650891
  -1.10986419  -1.33803566
  -1.12294807  -1.34499943
  -1.13077114  -1.34943772
  -1.13567868  -1.35255376
  -1.14860205  -1.35902807
  -1.15415798  -1.36235766
  -1.16149551  -1.36707479
  -1.17458737  -1.37326278
  -1.17696958  -1.37490948
  -1.18731629  -1.38079517
  -1.20004126  -1.38734965
  -1.20097357  -1.38821883
  -1.21331098  -1.39501817
  -1.22376681  -1.40073050
  -1.22622125  -1.40228167
  -1.23895880  -1.40904365
  -1.24715710  -1.41365663
  -1.25186249  -1.41629512
  -1.26477818  -1.42356797
  -1.27046802  -1.42671686
  -1.27768598  -1.43082673
  -1.29078237  -1.43782565
  -1.29389523  -1.43958546
  -1.30368062  -1.44504916
  -1.31642421  -1.45182033
  -1.31801026  -1.45265574
  -1.32932809  -1.45907283
  -1.34137246  -1.46556490
  -1.34222768  -1.46630716
  -1.35532532  -1.47329814
  -1.36404278  -1.47839384
  -1.36805464  -1.48085093
  -1.38097449  -1.48732525
  -1.38756437  -1.49110792
  -1.39404575  -1.49507156
  -1.40697109  -1.50154739
  -1.41096034  -1.50402957
  -1.41969814  -1.50909661
  -1.43260487  -1.51631415
  -1.43422979  -1.51718224
  -1.44569225  -1.52331985
  -1.45774648  -1.52988556
  -1.45860571  -1.53058567
  -1.47134461  -1.53734835
  -1.48107706  -1.54290911
  -1.48442772  -1.54511137
  -1.49716679  -1.55187413
  -1.50446358  -1.55584516
  -1.51007672  -1.55913250
  -1.52299218  -1.56560106
  -1.52789677  -1.56870382
  -1.53606439  -1.57334786
  -1.54901535  -1.57987527
  -1.55137465  -1.58149183
  -1.56172317  -1.58737846
  -1.57443732  -1.59400067
  -1.57534586  -1.59481848
  -1.58754743  -1.60190910
  -1.59872063  -1.60773407
  -1.60045856  -1.60916160
  -1.61337256  -1.61563571
  -1.62149851  -1.62036907
  -1.62628355  -1.62289310
  -1.63937340  -1.62985539
  -1.64497761  -1.63316796
  -1.65210808  -1.63741221
  -1.66502066  -1.64388224
  -1.66898451  -1.64641234
  -1.67793290  -1.65194285
  -1.69066070  -1.65867353
  -1.69157151  -1.65937743
  -1.70392716  -1.66616415
  -1.71509281  -1.67206089
  -1.71667137  -1.67292737
  -1.72976610  -1.67989904
  -1.73848535  -1.68499562
  -1.74249803  -1.68745314
  -1.75540857  -1.69392055
  -1.76188499  -1.69791886
  -1.76832501  -1.70198035
  -1.78123458  -1.70844816
  -1.78532153  -1.71077681
  -1.79414992  -1.71570648
  -1.80688092  -1.72234495
  -1.80865579  -1.72381669
  -1.81997671  -1.73023531
  -1.83204377  -1.73674634
  -1.83289924  -1.73748874
  -1.84580170  -1.74396136
  -1.85547034  -1.74963661
  -1.85853550  -1.75148012
  -1.87162926  -1.75848971
  -1.87823373  -1.76228153
  -1.88454866  -1.76574776
  -1.89765317  -1.77272966
  -1.90233467  -1.77538814
  -1.91037853  -1.78027606
  -1.92311553  -1.78692615
  -1.92562670  -1.78851590
  -1.93620038  -1.79400478
  -1.94894075  -1.80073409
  -1.94982966  -1.80143856
  -1.96203418  -1.80853059
  -1.97253560  -1.81417707
  -1.97495718  -1.81579136
  -1.98785946  -1.82225649
  -1.99599289  -1.82699401
  -2.00095646  -1.83001030
  -2.01369506  -1.83678323
  -2.01939127  -1.83993603
  -2.02677356  -1.84451991
  -2.03976296  -1.85110793
  -2.04279420  -1.85286729
  -2.05244550  -1.85857722
  -2.06535173  -1.86503916
  -2.06624052  -1.86570971
  -2.07845384  -1.87277585
  -2.08961502  -1.87869969
  -2.09119400  -1.87956636
  -2.10410637  -1.88683265
  -2.11232173  -1.89145719
  -2.11721107  -1.89456959
  -2.12993931  -1.90136353
  -2.13634159  -1.90469284
  -2.14285841  -1.90862867
  -2.15576529  -1.91508946
  -2.15986014  -1.91742258
  -2.16887471  -1.92280703
  -2.18165155  -1.92962608
  -2.18320008  -1.93046493
  -2.19452418  -1.93688503
  -2.20656798  -1.94346218
  -2.20744643  -1.94415058
  -2.22057595  -1.95108247
  -2.22927096  -1.95622445
  -2.23328512  -1.95868267
  -2.24640776  -1.96560170
  -2.25271268  -1.96906548
  -2.25931574  -1.97285319
  -2.27203061  -1.97967428
  -2.27611847  -1.98200932
  -2.28495017  -1.98694052
  -2.29771787  -1.99361685
  -2.30019900  -1.99517637
  -2.31100154  -2.00110859
  -2.32296748  -2.00777130
  -2.32391470  -2.00836549
  -2.33662333  -2.01519931
  -2.34636361  -2.02076411
  -2.34954376  -2.02246597
  -2.36246142  -2.02973254
  -2.36977032  -2.03371085
  -2.37538699  -2.03699985
  -2.38855108  -2.04391764
  -2.39320548  -2.04656795
  -2.40141332  -2.05112225
  -2.41444825  -2.05776668
  -2.41741174  -2.05954946
  -2.42706616  -2.06526083
  -2.43980636  -2.07204228
  -2.44069014  -2.07269980
  -2.45289973  -2.07979417
  -2.46275131  -2.08523591
  -2.46583890  -2.08706514
  -2.47872821  -2.09352078
  -2.48683534  -2.09837053
  -2.49168070  -2.10160016
  -2.50456940  -2.10805538
  -2.51028324  -2.11121192
  -2.51750750  -2.11532477
  -2.53075778  -2.12235588
  -2.53369802  -2.12414890
  -2.54335354  -2.12986077
  -2.55625384  -2.13631856
  -2.55715485  -2.13698544
  -2.56918917  -2.14358796
  -2.58053933  -2.14999050
  -2.58211900  -2.15085748
  -2.59503309  -2.15812381
  -2.60395311  -2.16293611
  -2.60796871  -2.16539499
  -2.62086316  -2.17185097
  -2.62672302  -2.17561787
  -2.63381638  -2.17993223
  -2.64670808  -2.18638726
  -2.65014666  -2.18854366
  -2.65966380  -2.19446956
  -2.67264519  -2.20096582
  -2.67346674  -2.20157343
  -2.68549229  -2.20819481
  -2.69754573  -2.21477696
  -2.69842462  -2.21546559
  -2.71158975  -2.22227758
  -2.72044129  -2.22720265
  -2.72451845  -2.22954666
  -2.73718718  -2.23646272
  -2.74386402  -2.24016019
  -2.75036958  -2.24407916
  -2.76303571  -2.25100065
  -2.76645352  -2.25322338
  -2.77599583  -2.25989628
  -2.78358552  -2.26617507
  -2.78928353  -2.27269486
  -2.79401904  -2.27922507
  -2.80190071  -2.28980603
  -2.80364616  -2.29223495
  -2.81228302  -2.30529659
  -2.81466890  -2.30855322
  -2.82147378  -2.31800699
  -2.82760192  -2.32631369
  -2.83112664  -2.33098230
  -2.83977562  -2.34402808
  -2.84072287  -2.34556414
  -2.84868844  -2.35691708
  -2.85365218  -2.36332593
  -2.85832701  -2.36989784
  -2.86633334  -2.38122870
  -2.86782551  -2.38295166
  -2.87613950  -2.39569790
  -2.87930731  -2.39978343
  -2.88581816  -2.40863626
  -2.89224508  -2.41754479
  -2.89469289  -2.42156910
  -2.90420124  -2.43462077
  -2.90515706  -2.43611707
  -2.91279818  -2.44719151
  -2.91811791  -2.45468385
  -2.92217100  -2.46032404
  -2.93086297  -2.47257148
  -2.93157801  -2.47344123
  -2.93945655  -2.48597038
  -2.94398914  -2.49263197
  -2.94799734  -2.49911396
  -2.95614988  -2.51196122
  -2.95689349  -2.51281730
  -2.96499696  -2.52492793
  -2.96984678  -2.53219478
  -2.97382090  -2.53790412
  -2.98179095  -2.55088538
  -2.98254994  -2.55173242
  -2.99060476  -2.56385930
  -2.99551775  -2.57108271
  -2.99944017  -2.57680971
  -3.00755970  -2.58970992
  -3.00846130  -2.59126248
  -3.01593703  -2.60242767
  -3.02157464  -2.61051718
  -3.02474989  -2.61542079
  -3.03265758  -2.62844508
  -3.03431255  -2.63084025
  -3.04098432  -2.64120133
  -3.04726539  -2.65020865
  -3.04985306  -2.65414572
  -3.05793808  -2.66706559
  -3.06021832  -2.67038673
  -3.06685506  -2.67996202
  -3.07332298  -2.68965239
  -3.07568479  -2.69294233
  -3.08355442  -2.70598950
  -3.08607322  -2.70996484
  -3.09189588  -2.71874776
  -3.09891883  -2.72940526
  -3.10062684  -2.73176884
  -3.10889891  -2.74456513
  -3.11213318  -2.74941057
  -3.11747994  -2.75769291
  -3.12469810  -2.76904128
  -3.12611865  -2.77077168
  -3.13427508  -2.78367720
  -3.13760542  -2.78845289
  -3.14259678  -2.79642663
  -3.15057391  -2.80780628
  -3.15147582  -2.80935910
  -3.15960663  -2.82224956
  -3.16367369  -2.82788569
  -3.16842487  -2.83522319
  -3.17640977  -2.84741977
  -3.17715373  -2.84827613
  -3.18488447  -2.86089116
  -3.18942133  -2.86754730
  -3.19349561  -2.87399000
  -3.20170414  -2.88682098
  -3.20246349  -2.88766830
  -3.21053081  -2.89980192
  -3.21544630  -2.90702746
  -3.21932315  -2.91278736
  -3.22726327  -2.92582750
  -3.22799554  -2.92669007
  -3.23615979  -2.93875108
  -3.24112710  -2.94593861
  -3.24445006  -2.95152856
  -3.25314514  -2.96459799
  -3.25406865  -2.96613129
  -3.26146792  -2.97735515
  -3.26722332  -2.98617797
  -3.27022478  -2.99035485
  -3.27739895  -3.00337482
  -3.27996121  -3.00731845
  -3.28559643  -3.01620220
  -3.29220895  -3.02904873
  -3.29292456  -3.02991897
  -3.29971515  -3.04184990
  -3.30580388  -3.05175967
  -3.30762001  -3.05488145
  -3.31478872  -3.06786701
  -3.31870366  -3.07440406
  -3.32256533  -3.08096870
  -3.32995552  -3.09385545
  -3.33176022  -3.09696189
  -3.33738170  -3.10667079
  -3.34437174  -3.11899564
  -3.34514649  -3.11982652
  -3.35200295  -3.13249347
  -3.35741786  -3.14152035
  -3.35994669  -3.14550837
  -3.36688749  -3.15815742
  -3.37083302  -3.16467904
  -3.37460707  -3.17129618
  -3.38174372  -3.18432897
  -3.38336198  -3.18675272
  -3.38922890  -3.19711991
  -3.39644729  -3.20928581
  -3.39719165  -3.21014252
  -3.40379709  -3.22297129
  -3.40921284  -3.23199901
  -3.41169814  -3.23600102
  -3.41844215  -3.24877065
  -3.42239489  -3.25448894
  -3.42645907  -3.26175050
  -3.43379103  -3.27464595
  -3.43537329  -3.27709265
  -3.44102894  -3.28760357
  -3.44816422  -3.29981161
  -3.44885457  -3.30069130
  -3.45593236  -3.31325585
  -3.46147163  -3.32221991
  -3.46392354  -3.32628907
  -3.47077363  -3.33944578
  -3.47419778  -3.34497714
  -3.47853669  -3.35210673
  -3.48559675  -3.36513630
  -3.48717926  -3.36758325
  -3.49314757  -3.37792073
  -3.50028862  -3.39010007
  -3.50100463  -3.39097068
  -3.50824650  -3.40393407
  -3.51310382  -3.41201461
  -3.51577830  -3.41674825
  -3.52231794  -3.42961219
  -3.52607165  -3.43544110
  -3.53058165  -3.44291237
  -3.53792943  -3.45581817
  -3.53881179  -3.45738873
  -3.54546292  -3.46859754
  -3.55191746  -3.47991836
  -3.55282041  -3.48147219
  -3.56006507  -3.49443726
  -3.56492318  -3.50251863
  -3.56760053  -3.50725366
  -3.57466477  -3.52027743
  -3.57785095  -3.52516008
  -3.58266320  -3.53327668
  -3.58975239  -3.54632649
  -3.59045289  -3.54720324
  -3.59728862  -3.55910761
  -3.60374180  -3.57042897
  -3.60464490  -3.57198296
  -3.61189236  -3.58494973
  -3.61657257  -3.59233143
  -3.61996444  -3.59790112
  -3.62724158  -3.61084088
  -3.62958638  -3.61492853
  -3.63404565  -3.62397192
  -3.63776876  -3.63674227
  -3.63886619  -3.64967814
  -3.63922025  -3.66259802
  -3.63808690  -3.67552466
  -3.63850599  -3.68845034
  -3.63805083  -3.70139332
  -3.63725741  -3.71431672
  -3.63646407  -3.72724019
  -3.63574103  -3.74014192
  -3.63568616  -3.75308851
  -3.63489304  -3.76601225
  -3.63456848  -3.77891491
  -3.63411558  -3.79186110
  -3.63332268  -3.80478509
  -3.63293568  -3.81768579
  -3.63210634  -3.83060586
  -3.63036855  -3.84348870
  -3.62965830  -3.84593500
  -3.62589312  -3.85656794
  -3.61780327  -3.86952627
  -3.61701127  -3.87034785
  -3.60642258  -3.88235263
  -3.60405929  -3.88485966
  -3.59416744  -3.89515196
  -3.59097795  -3.89842030
  -3.58205558  -3.90806814
  -3.57806302  -3.91214679
  -3.56994386  -3.92098435
  -3.56514922  -3.92587392
  -3.55783230  -3.93390060
  -3.55223690  -3.93960188
  -3.54572088  -3.94681688
  -3.53932660  -3.95333095
  -3.53360962  -3.95973319
  -3.52641920  -3.96706156
  -3.52089250  -3.97285082
  -3.51342385  -3.98072167
  -3.50921282  -3.98540473
  -3.50050551  -3.99444529
  -3.49651135  -3.99851776
  -3.48754595  -4.00893456
  -3.48520278  -4.01142968
  -3.47467585  -4.02270251
  -3.47308988  -4.02434381
  -3.46199212  -4.03581903
  -3.46046597  -4.03751084
  -3.44935796  -4.04986378
  -3.44855094  -4.05067140
  -3.43674541  -4.06307909
  -3.43595245  -4.06389975
  -3.42462173  -4.07598198
  -3.42303805  -4.07762520
  -3.41250473  -4.08889830
  -3.41012428  -4.09135094
  -3.40039499  -4.10181503
  -3.39721127  -4.10507700
  -3.38828539  -4.11473180
  -3.38429922  -4.11880348
  -3.37617591  -4.12764861
  -3.37138836  -4.13253046
  -3.36406656  -4.14056547
  -3.35827902  -4.14688782
  -3.35195733  -4.15348238
  -3.34549859  -4.15994037
  -3.33910457  -4.16643939
  -3.33258223  -4.17366460
  -3.32698898  -4.17935194
  -3.31976875  -4.18744746
  -3.31507116  -4.19248119
  -3.30674990  -4.20111321
  -3.30276172  -4.20517935
  -3.29383395  -4.21483761
  -3.29064946  -4.21809389
  -3.28091812  -4.22856205
  -3.27853788  -4.23100884
  -3.26801253  -4.24228275
  -3.26642684  -4.24392414
  -3.25513532  -4.25602752
  -3.25435674  -4.25685979
  -3.24300483  -4.26974566
  -3.24221201  -4.27056637
  -3.23088343  -4.28264891
  -3.22930000  -4.28429223
  -3.21824998  -4.29586472
  -3.21663624  -4.29748005
  -3.20607536  -4.30859785
  -3.20342690  -4.31171822
  -3.19391480  -4.32149502
  -3.19051196  -4.32544310
  -3.18231196  -4.33417396
  -3.17759714  -4.33916804
  -3.16952478  -4.34724100
  -3.16476440  -4.35213213
  -3.15752912  -4.36022162
  -3.15199051  -4.36609644
  -3.14366059  -4.37314333
  -3.13861857  -4.37691537
  -3.12569560  -4.38501980
  -3.12406949  -4.38580419
  -3.11267446  -4.39126473
  -3.09986927  -4.39711035
  -3.09659706  -4.39870085
  -3.08696882  -4.40289260
  -3.07408415  -4.40858373
  -3.06677454  -4.41180054
  -3.06107580  -4.41412741
  -3.04809405  -4.41959000
  -3.03763330  -4.42456263
  -3.03522158  -4.42541593
  -3.02233435  -4.43030533
  -3.00932791  -4.43658719
  -3.00693180  -4.43746267
  -2.99636530  -4.44212508
  -2.98374448  -4.44774424
  -2.97789918  -4.45044838
  -2.97058777  -4.45363774
  -2.95776240  -4.45860009
  -2.94807044  -4.46344274
  -2.94473491  -4.46492667
  -2.93191535  -4.46989680
  -2.91908940  -4.47596191
  -2.91814232  -4.47639671
  -2.90600508  -4.48111692
  -2.89333762  -4.48700735
  -2.88821718  -4.48919780
  -2.88015724  -4.49241357
  -2.86729963  -4.49813985
  -2.85831419  -4.50207896
  -2.85415036  -4.50415237
  -2.84145407  -4.50943756
  -2.82934372  -4.51528069
  -2.82840216  -4.51573016
  -2.81553948  -4.52065654
  -2.80271501  -4.52659837
  -2.79939095  -4.52797914
  -2.78969307  -4.53195424
  -2.77684184  -4.53768295
  -2.76950544  -4.54089123
  -2.76384704  -4.54325222
  -2.75099759  -4.54898155
  -2.73983452  -4.55441520
  -2.73815932  -4.55506264
  -2.72511297  -4.56023853
  -2.71231346  -4.56636333
  -2.71063916  -4.56701313
  -2.69916362  -4.57140794
  -2.68629960  -4.57632670
  -2.67832640  -4.57976699
  -2.67331632  -4.58189751
  -2.66035273  -4.58731106
  -2.65248230  -4.59259542
  -2.64867782  -4.59902265
  -2.64619594  -4.60415890
         
