# shadow point cont 3D ind 204  size 1299
# norm -0.0078539 -0.9999692 -0.0000000
# angle  1.5786503
   2.24831352322359   -0.01765857621023   -4.59106083702907
   2.25772110150163   -0.01773246467652   -4.57947084913117
   2.25962392412685   -0.01774740971777   -4.57743418099191
   2.27206980856100   -0.01784516147548   -4.57061455126453
   2.28183138103311   -0.01792183026284   -4.56601869003513
   2.28513931920433   -0.01794781128270   -4.56460702132432
   2.29797226425111   -0.01804860306986   -4.55868933627379
   2.31084654084201   -0.01814971948089   -4.55377223104039
   2.31249492818488   -0.01816266615101   -4.55305406236335
   2.32366263854206   -0.01825037894658   -4.54866058716802
   2.33662179583665   -0.01835216202280   -4.54472281560808
   2.34957574331635   -0.01845390418039   -4.54078733554153
   2.35123411931545   -0.01846692930285   -4.54011871672208
   2.36252399713305   -0.01855560161914   -4.53433423217434
   2.37550361725159   -0.01865754541331   -4.52804458255537
   2.37713731417609   -0.01867037670279   -4.52728022600214
   2.38831445721126   -0.01875816358396   -4.52214533006272
   2.40116973035935   -0.01885913073923   -4.51712705604025
   2.40852150647764   -0.01891687264111   -4.51412227651759
   2.41415786056203   -0.01896114137282   -4.51166151852764
   2.42714711687035   -0.01906316085100   -4.50618964648232
   2.43927884619232   -0.01915844518950   -4.50138373567643
   2.44016980720751   -0.01916544292483   -4.50078546511816
   2.45288725590738   -0.01926532758716   -4.49544543665473
   2.46587993359991   -0.01936737393738   -4.49078165985330
   2.47160538851805   -0.01941234247979   -4.48851696487755
   2.47888566370225   -0.01946952280310   -4.48530973938992
   2.49176112772535   -0.01957064854039   -4.48038491096109
   2.50384914379118   -0.01966558954872   -4.47546837465025
   2.50474010811644   -0.01967258731005   -4.47485617236057
   2.51764783531802   -0.01977396644696   -4.46917244490281
   2.53039752805723   -0.01987410435859   -4.46470955636309
   2.53533602983831   -0.01991289205842   -4.46253704822001
   2.54335368821234   -0.01997586389485   -4.45918251547538
   2.55624388976310   -0.02007710538279   -4.45422652256515
   2.56763806532602   -0.02016659686850   -4.44961943912830
   2.56928461609867   -0.02017952911393   -4.44889403614451
   2.58211435980423   -0.02028029575731   -4.44383783282004
   2.59514657620630   -0.02038265265022   -4.43845277956491
   2.59919991055937   -0.02041448811838   -4.43687266436691
   2.60801811048561   -0.02048374752274   -4.43269279842385
   2.62096314305030   -0.02058541966131   -4.42788381503058
   2.63071082165178   -0.02066197932422   -4.42399174129925
   2.63399859192529   -0.02068780194252   -4.42247532118771
   2.64672990875841   -0.02078779552715   -4.41722725753180
   2.65963226899448   -0.02088913251115   -4.41229586105607
   2.66293510569028   -0.02091507346329   -4.41085901057095
   2.67258718879499   -0.02099088230548   -4.40677944310762
   2.68561239538886   -0.02109318414236   -4.40135998338506
   2.69449224869540   -0.02116292778119   -4.39812038840469
   2.69855023369665   -0.02119479977621   -4.39655557238752
   2.71149589964445   -0.02129647688946   -4.39095712737686
   2.72438513097036   -0.02139771075712   -4.38604088590090
   2.72603376789879   -0.02141065938752   -4.38532287997808
   2.73733824372167   -0.02149944635863   -4.38046425611165
   2.75023381874449   -0.02160073005059   -4.37555891951839
   2.75757205112127   -0.02165836557799   -4.37250517562321
   2.76323156663551   -0.02170281622288   -4.37006540903835
   2.77608285023105   -0.02180375204363   -4.36507708509794
   2.78824952605605   -0.02189931085697   -4.35954546541159
   2.78913952389989   -0.02190630102742   -4.35891520574788
   2.80196323475130   -0.02200702028789   -4.35305848158031
   2.81181478987738   -0.02208439581189   -4.34683088494003
   2.81511060675034   -0.02211028162934   -4.34446855154942
   2.82731396912198   -0.02220612858406   -4.33404064765240
   2.82816156080602   -0.02221278569046   -4.33327992835856
   2.84073111417536   -0.02231150876169   -4.32157757838847
   2.84153820650114   -0.02231784778034   -4.32077027401519
   2.85364464179612   -0.02241293345592   -4.30866075552171
   2.85445173905823   -0.02241927251334   -4.30785345559991
   2.86687008760657   -0.02251680800026   -4.29609934209224
   2.86770628704164   -0.02252337563031   -4.29532517790234
   2.87967528625322   -0.02261738186323   -4.28383760391934
   2.88128950140896   -0.02263006014010   -4.28222302127897
   2.89258905724556   -0.02271880846894   -4.27092098787394
   2.89420328300732   -0.02273148682911   -4.26930641377359
   2.90565730091693   -0.02282144832518   -4.25818189701624
   2.90730656914162   -0.02283440191387   -4.25660473323715
   2.91841775979858   -0.02292167079563   -4.24589610348877
   2.92083913165913   -0.02294068859679   -4.24347426713106
   2.93133179298285   -0.02302309946063   -4.23297968487229
   2.93375318183465   -0.02304211739524   -4.23055786078345
   2.94424591772007   -0.02312452884470   -4.22006333136125
   2.94666732391872   -0.02314354691556   -4.21764151936208
   2.95716103383336   -0.02322596601518   -4.20795517656270
   2.96038960026478   -0.02325132363803   -4.20472611107669
   2.97007534611097   -0.02332739687222   -4.19503894690199
   2.97330393665341   -0.02335275468445   -4.19180989704097
   2.98313879294118   -0.02342999905338   -4.18229391625466
   2.98642079974056   -0.02345577640454   -4.17909588079349
   2.99590515847770   -0.02353026791554   -4.17001479802602
   2.99994096040502   -0.02356196568152   -4.16597852435537
   3.00881976648861   -0.02363170109532   -4.15709874891746
   3.01285560030398   -0.02366339911175   -4.15306249390360
   3.02173447718645   -0.02373313508161   -4.14418275926747
   3.02577034346375   -0.02376483335300   -4.14014652261610
   3.03444776056547   -0.02383298702891   -4.13187280405647
   3.03940122218968   -0.02387189222549   -4.12713658047624
   3.04756510319384   -0.02393601251538   -4.11915906607940
   3.05240822433182   -0.02397405108199   -4.11431562534859
   3.06048013143218   -0.02403744899568   -4.10624324585937
   3.06541390549283   -0.02407619956332   -4.10152092492183
   3.07339615617948   -0.02413889330270   -4.09413558669143
   3.07904656227389   -0.02418327240090   -4.08848495443325
   3.08631140451382   -0.02424033151167   -4.08121987375484
   3.09196186002443   -0.02428471099799   -4.07556926518273
   3.09922676630804   -0.02434177061176   -4.06830421472394
   3.10487727201073   -0.02438615049230   -4.06265362943298
   3.11227970843910   -0.02444429028751   -4.05554456350795
   3.11799521245364   -0.02448918067410   -4.04994019373095
   3.12526024818598   -0.02454624130458   -4.04267520200744
   3.13151655779764   -0.02459537925573   -4.03682338743724
   3.13810563637742   -0.02464713082198   -4.03051472596597
   3.14463473808061   -0.02469841132126   -4.02411005674747
   3.15109266814571   -0.02474913282831   -4.01765233570665
   3.15815634573281   -0.02480461196309   -4.01099334854493
   3.16380709013412   -0.02484899371841   -4.00534286314727
   3.17107236718528   -0.02490605624424   -3.99807796636792
   3.17672316599291   -0.02495043842687   -3.99242750205106
   3.18398851346251   -0.02500750150577   -3.98516263212630
   3.18976397464027   -0.02505286280450   -3.97965131522612
   3.19771292956603   -0.02511529503421   -3.97224821770784
   3.20255656696841   -0.02515333765564   -3.96740499663159
   3.21062933682930   -0.02521674234557   -3.95933297645529
   3.21558783594454   -0.02525568710733   -3.95461704829864
   3.22374827322275   -0.02531978034971   -3.94661993855933
   3.22859200673800   -0.02535782372601   -3.94177675115425
   3.23727070582087   -0.02542598747078   -3.93350350104194
   3.24130719346796   -0.02545769062250   -3.92946752416437
   3.25033536156087   -0.02552859914690   -3.92074460426399
   3.25442643840317   -0.02556073104997   -3.91675458987316
   3.26314352005151   -0.02562919625690   -3.90771528192150
   3.26724455291760   -0.02566140635601   -3.90374667404402
   3.27682972162988   -0.02573668964299   -3.89475917340325
   3.28005901382720   -0.02576205296611   -3.89153042214667
   3.28974694693957   -0.02583814337940   -3.88184418914659
   3.29306236142319   -0.02586418311929   -3.87870014556214
   3.30226089357236   -0.02593642970736   -3.86933270711965
   3.30609606199118   -0.02596655166905   -3.86590267998167
   3.31578420641727   -0.02604264374202   -3.85621650733668
   3.31901360273873   -0.02606800788295   -3.85298778538361
   3.32870185467786   -0.02614410080035   -3.84330164120121
   3.33193128704162   -0.02616946522436   -3.84007292858923
   3.33937325347032   -0.02622791549386   -3.83049787703399
   3.34481240270706   -0.02627063535046   -3.81902150743069
   3.34553005002999   -0.02627627185525   -3.81737364692114
   3.34816749248424   -0.02629698670578   -3.80449345901243
   3.34903304334288   -0.02630378486611   -3.79156283014122
   3.34908144158206   -0.02630416499281   -3.77862452846981
   3.34981216032900   -0.02630990416243   -3.76571684955608
   3.35026541067967   -0.02631346405556   -3.75278124901582
   3.35059157525026   -0.02631602579878   -3.73987121458462
   3.35064125102056   -0.02631641595939   -3.72693490746623
   3.35137128706913   -0.02632214976701   -3.71402592318393
   3.35142159320962   -0.02632254487863   -3.70109061010458
   3.35140772772984   -0.02632243597717   -3.68816806754379
   3.35213727425239   -0.02632816593998   -3.67525811037690
   3.35218850740704   -0.02632856833251   -3.66232428227859
   3.35291772620932   -0.02633429572135   -3.64941367271164
   3.35296957583788   -0.02633470295576   -3.63648083331760
   3.35295607874364   -0.02633459694765   -3.62355872254942
   3.35145162374808   -0.02632278074278   -3.61059183411867
   3.34799188325299   -0.02629560744574   -3.59767070172483
   3.34480647696918   -0.02627058880887   -3.59114460264492
   3.34088971351724   -0.02623982598811   -3.58460500602843
   3.33336963496057   -0.02618076221479   -3.57180444311152
   3.33175825287064   -0.02616810618922   -3.56937816454893
   3.32472862308757   -0.02611289447076   -3.55871315291650
   3.31889673834322   -0.02606709001326   -3.54909719643358
   3.31644136792386   -0.02604780518256   -3.54588622678185
   3.30886324967879   -0.02598828555721   -3.53315649764774
   3.30560540786389   -0.02596269800131   -3.52832523042350
   3.30015851766319   -0.02591991734606   -3.52010770761083
   3.29305043334959   -0.02586408943449   -3.50866774525158
   3.29158522208349   -0.02585258145549   -3.50694175643422
   3.28345455798611   -0.02578872205594   -3.49406788240392
   3.28016447180092   -0.02576288124813   -3.48844061575048
   3.27537049658701   -0.02572522868064   -3.48112872747550
   3.26728832005001   -0.02566175010933   -3.46895227784985
   3.26652864869739   -0.02565578354180   -3.46810453300818
   3.25888729456843   -0.02559576725277   -3.45546524790621
   3.25443573310222   -0.02556080405186   -3.44873128889069
   3.25029673054740   -0.02552829573339   -3.44232965351840
   3.24220506076057   -0.02546474260073   -3.42940213880061
   3.24130259634769   -0.02545765451606   -3.42784862442748
   3.23409362251774   -0.02540103420379   -3.41649992860880
   3.22832884426756   -0.02535575681030   -3.40766202570066
   3.22522847657227   -0.02533140607867   -3.40352661514536
   3.21755283884391   -0.02527112052135   -3.39087143376819
   3.21533891935183   -0.02525373208078   -3.38750438368285
   3.20901154360061   -0.02520403596600   -3.37771797318817
   3.20240018060745   -0.02515210937477   -3.36728556453965
   3.20016754882905   -0.02513457396523   -3.36471542359912
   3.19279456714610   -0.02507666551181   -3.35190131650494
   3.18952155127383   -0.02505095877668   -3.34705455208207
   3.18395199047072   -0.02500721464897   -3.33891283163612
   3.17653963476569   -0.02494899694634   -3.32768300088343
   3.17507484395954   -0.02493749226969   -3.32595740230021
   3.16771460965564   -0.02487968393601   -3.31312171387963
   3.16380218314145   -0.02484895517818   -3.30734632825195
   3.15888570885898   -0.02481034048548   -3.30011897375537
   3.15126025162717   -0.02475044905296   -3.28742702940411
   3.15057021971976   -0.02474502944359   -3.28654751510368
   3.14267302453032   -0.02468300374226   -3.27430780419257
   3.13777307618122   -0.02464451884660   -3.26625633455527
   3.13458972877369   -0.02461951638043   -3.26137588014737
   3.12623689748370   -0.02455391204795   -3.24861953478701
   3.12462273267384   -0.02454123416650   -3.24619282999421
   3.11759704881461   -0.02448605343989   -3.23553162448633
   3.11205009071863   -0.02444248683707   -3.22655923028908
   3.10906893978280   -0.02441907245093   -3.22235010033679
   3.10125552742756   -0.02435770479197   -3.20978235080248
   3.09884812608789   -0.02433879671728   -3.20654152657215
   3.09304074970066   -0.02429318475193   -3.19693943909964
   3.08583389206102   -0.02423658106052   -3.18558504912761
   3.08495236298113   -0.02422965740495   -3.18401513967765
   3.07634612063937   -0.02416206274580   -3.17090853053092
   3.07319535029574   -0.02413731614455   -3.16598267957854
   3.06749629225899   -0.02409255492703   -3.15793201541945
   3.06000727398305   -0.02403373510559   -3.14597252705091
   3.05932907916020   -0.02402840846639   -3.14508984575124
   3.05127443550791   -0.02396514614229   -3.13213631035018
   3.04734700612682   -0.02393429954980   -3.12558854862360
   3.04321025287620   -0.02390180889768   -3.11918902882448
   3.03490524091544   -0.02383658014505   -3.10641134212148
   3.03416131894198   -0.02383073727540   -3.10555488502065
   3.02672231446232   -0.02377231026948   -3.09354795814412
   3.02123829269917   -0.02372923797763   -3.08535252687743
   3.01790786361416   -0.02370308031091   -3.08057616779236
   3.00995288258287   -0.02364060075130   -3.06757378939063
   3.00815940767800   -0.02362651454270   -3.06525546893970
   3.00113579740189   -0.02357135010231   -3.05459615843828
   2.99559255690351   -0.02352781269804   -3.04562620842683
   2.99307350800570   -0.02350802772745   -3.04165020905570
   2.98523163122238   -0.02344643650479   -3.02861031585675
   2.98265452901159   -0.02342619557517   -3.02462757337708
   2.97690131923181   -0.02338100904211   -3.01580565790283
   2.96968806352699   -0.02332435509938   -3.00525150645825
   2.96803285168438   -0.02331135482865   -3.00285585763500
   2.96016189517910   -0.02324953520970   -2.98984459947338
   2.95661226785440   -0.02322165592864   -2.98436062075477
   2.95182230336147   -0.02318403486193   -2.97705246743371
   2.94413255571389   -0.02312363848328   -2.96443664592529
   2.94337344216738   -0.02311767629683   -2.96358939255656
   2.93559828405461   -0.02305660909216   -2.95125194300563
   2.93072179084077   -0.02301830841649   -2.94398980898807
   2.92677271592694   -0.02298729181689   -2.93827414326215
   2.91868785286816   -0.02292379214525   -2.92535297273907
   2.91778615910981   -0.02291671011342   -2.92380017898183
   2.90980715795196   -0.02285404189630   -2.91241970543846
   2.90490916240563   -0.02281557233823   -2.90596378310860
   2.89858953228959   -0.02276593705878   -2.89936743916587
   2.89189312741433   -0.02271334253644   -2.89310889615895
   2.88392578836522   -0.02265076591519   -2.88651267879183
   2.87909295044857   -0.02261280811447   -2.88321633370541
   2.86669168232394   -0.02251540677964   -2.87387357072806
   2.86588352228598   -0.02250905937503   -2.87306582781775
   2.85325159364901   -0.02240984639952   -2.86462315433706
   2.84828111582241   -0.02237080755525   -2.86075201370963
   2.84013853175081   -0.02230685453451   -2.85518129773120
   2.82977937930428   -0.02222549226850   -2.84771591782333
   2.82730383534393   -0.02220604899192   -2.84611865463126
   2.81429121449510   -0.02210384600529   -2.83739331400591
   2.81108086596860   -0.02207863146846   -2.83494173340651
   2.80149738426548   -0.02200336143149   -2.82829569817138
   2.79240576469062   -0.02193195455008   -2.82215924809616
   2.78827965779950   -0.02189954751599   -2.81902526195705
   2.77548725951227   -0.02179907418888   -2.80995534689596
   2.77462475550946   -0.02179229995899   -2.80922405478838
   2.76257747080947   -0.02169767886064   -2.80104149048400
   2.75614379838584   -0.02164714787658   -2.79615548858653
   2.74978899120925   -0.02159723631146   -2.79194113317975
   2.73738384946207   -0.02149980455264   -2.78345135478149
   2.73653652796084   -0.02149314956830   -2.78269294999162
   2.72397549461410   -0.02139449341454   -2.77413785786204
   2.71900588419785   -0.02135546138304   -2.77026723922343
   2.71100997323099   -0.02129266035386   -2.76447477945197
   2.70034904859017   -0.02120892792584   -2.75745828380699
   2.69791363289298   -0.02118979982238   -2.75585460162830
   2.68502043018728   -0.02108853476294   -2.74691121139034
   2.68181063178557   -0.02106332454687   -2.74445995960967
   2.67223297221881   -0.02098810023780   -2.73781665760440
   2.66314286449717   -0.02091670523069   -2.73168107822083
   2.65901435391043   -0.02088427931763   -2.72854628102082
   2.64641544983894   -0.02078532572179   -2.72001764338129
   2.64469073894517   -0.02077177959557   -2.71855524075133
   2.63329951024730   -0.02068231125497   -2.71059218866896
   2.62678249957965   -0.02063112572041   -2.70582223645128
   2.62036736068560   -0.02058074030134   -2.70172112039321
   2.60812523377063   -0.02048458888435   -2.69297631606295
   2.60727805705069   -0.02047793503713   -2.69221800087638
   2.59472089984240   -0.02037930932713   -2.68366507669994
   2.58908391782190   -0.02033503566352   -2.67960246234807
   2.58178245379087   -0.02027768891997   -2.67479121194630
   2.57108156786277   -0.02019364263029   -2.66700582956723
   2.56876406982778   -0.02017544066902   -2.66523867020642
   2.55577076439571   -0.02007338938844   -2.65644134143787
   2.55256148592324   -0.02004818325597   -2.65399039745061
   2.54298965639789   -0.01997300473687   -2.64734988846166
   2.53390097700222   -0.01990162094805   -2.64121512558430
   2.52996234166485   -0.01987068634237   -2.63862394715554
   2.51698272888276   -0.01976874260583   -2.62901239740476
   2.51544910478498   -0.01975669730266   -2.62808991664221
   2.50407416902979   -0.01966735692915   -2.62009944053732
   2.49698486490003   -0.01961167651983   -2.61501914331586
   2.49131854519798   -0.01956717243388   -2.61098424242808
   2.47907920777324   -0.01947104292594   -2.60227619448298
   2.47822312818843   -0.01946431915435   -2.60153332117913
   2.46548661717153   -0.01936428477386   -2.59320401448300
   2.45985049959546   -0.01932001789972   -2.58914190156541
   2.45255125834413   -0.01926268861420   -2.58433180340564
   2.44117383990298   -0.01917332874133   -2.57635851143185
   2.43972949484847   -0.01916198464854   -2.57538065192689
   2.42654102477517   -0.01905840051693   -2.56598291394453
   2.42333223580557   -0.01903319822910   -2.56353225770506
   2.41399261069664   -0.01895984347672   -2.55740407508121
   2.40492944233546   -0.01888866005521   -2.55038148519010
   2.40084494613218   -0.01885657983742   -2.54720411211389
   2.38795122188036   -0.01875531068168   -2.53909792635816
   2.38622705422929   -0.01874176882217   -2.53763585289472
   2.37504721340789   -0.01865396075220   -2.53019889802868
   2.36776402947113   -0.01859675758313   -2.52456582265016
   2.36210080760030   -0.01855227782798   -2.52053258726020
   2.34986147808686   -0.01845614838218   -2.51182465794826
   2.34900552714089   -0.01844942562094   -2.51108186274679
   2.33627144693071   -0.01834941033235   -2.50275391160229
   2.33063614095147   -0.01830514983262   -2.49869226730461
   2.32350228875329   -0.01824911953639   -2.49361495352761
   2.31266491637822   -0.01816400126261   -2.48608442636650
   2.31031024300013   -0.01814550732088   -2.48432300024484
   2.29733001253948   -0.01804355873300   -2.47553517595617
   2.29346618176407   -0.01801321165306   -2.47288877525016
   2.28480360603037   -0.01794517454338   -2.46695610883478
   2.27585114175784   -0.01787486060763   -2.45977839826199
   2.27164204723051   -0.01784180177677   -2.45676068517455
   2.25878184726446   -0.01774079592557   -2.44862119606033
   2.25710075711082   -0.01772759240289   -2.44708594871065
   2.24603160170641   -0.01764065367202   -2.43950258833786
   2.23871606164660   -0.01758319637333   -2.43391519447255
   2.23306584604067   -0.01753881877125   -2.42982358798524
   2.22066177269367   -0.01744139540380   -2.42138340687338
   2.21980594197009   -0.01743467358680   -2.42064068459019
   2.20707418612254   -0.01733467655409   -2.41231404400465
   2.20143963883179   -0.01729042201320   -2.40825283705601
   2.19433297673261   -0.01723460527191   -2.40317100114097
   2.18295868389202   -0.01714526994795   -2.39519950151450
   2.18128288432517   -0.01713210797829   -2.39367040605195
   2.16851796489172   -0.01703185047403   -2.38540273834460
   2.16443258522470   -0.01699976331739   -2.38223785947885
   2.15540163544299   -0.01692883294521   -2.37597750245186
   2.14653322596469   -0.01685917918785   -2.36950081393381
   2.14265995341962   -0.01682875795090   -2.36683702179612
   2.12977975736994   -0.01672759504760   -2.35794815596318
   2.12808633129360   -0.01671429463681   -2.35643209312616
   2.11682603860991   -0.01662585468640   -2.34907357389422
   2.10941476224220   -0.01656764546104   -2.34363206228639
   2.10371863622756   -0.01652290727204   -2.33965983174356
   2.09147888988147   -0.01642677455238   -2.33095174675466
   2.09062317098678   -0.01642005361370   -2.33020909246466
   2.07807645603196   -0.01632150991865   -2.32162213463452
   2.07240626609613   -0.01627697543532   -2.31761243531941
   2.06515520432214   -0.01622002455831   -2.31274225559696
   2.05378231580394   -0.01613070026410   -2.30477156231511
   2.05210739011079   -0.01611754515798   -2.30324293332649
   2.03914801759329   -0.01601576039136   -2.29442618134811
   2.03525664762994   -0.01598519701470   -2.29181015944430
   2.02665193664948   -0.01591761438308   -2.28576271670982
   2.01750618457695   -0.01584578233728   -2.27886960206247
   2.01348849312781   -0.01581422681359   -2.27641190893243
   2.00056555060973   -0.01571272817340   -2.26753367124754
   1.99882700477994   -0.01569907338562   -2.26610557604008
   1.98764934749974   -0.01561128246549   -2.25945996382084
   1.97864556620423   -0.01554056547850   -2.25318789848837
   1.97472025471962   -0.01550973552027   -2.25058522311005
   1.96180446493592   -0.01540829305869   -2.24251174701141
   1.95779095072859   -0.01537677034365   -2.24005338276949
   1.94912102282682   -0.01530867548899   -2.23410323270259
   1.93853187814068   -0.01522550683101   -2.22698061479958
   1.93615000044677   -0.01520679922269   -2.22522065611100
   1.92307063511776   -0.01510407201536   -2.21747892710580
   1.91822738247339   -0.01506603241588   -2.21424974578314
   1.91014291722772   -0.01500253586872   -2.20860495512822
   1.89879691671147   -0.01491342275672   -2.20141183131853
   1.89719083941236   -0.01490080839574   -2.20055652860502
   1.88433470496717   -0.01479983447572   -2.19244825419267
   1.87866546959190   -0.01475530748965   -2.18843909978790
   1.87139813591022   -0.01469822881075   -2.18357907421842
   1.85917852606137   -0.01460225424602   -2.17568635039621
   1.85830935868158   -0.01459542768102   -2.17497236567233
   1.84559759683712   -0.01449558768407   -2.16741909189116
   1.83843770099822   -0.01443935283736   -2.16243154794933
   1.83265454940702   -0.01439393113703   -2.15855386028918
   1.81977446557920   -0.01429276911513   -2.15046393403657
   1.81891895258678   -0.01428604979364   -2.14972140441168
   1.80703837560375   -0.01419273804156   -2.14210027207143
   1.79957336109292   -0.01413410674913   -2.13675172006933
   1.79373103352434   -0.01408822027220   -2.13301268182433
   1.78084756243178   -0.01398703164624   -2.12487295428319
   1.77935126524052   -0.01397527951394   -2.12391790983675
   1.76808922723355   -0.01388682585551   -2.11657459843636
   1.75991341499129   -0.01382261185596   -2.11108744788797
   1.75517098422670   -0.01378536412596   -2.10769860144121
   1.74226811449659   -0.01368402314032   -2.09961925204848
   1.73984682716533   -0.01366500600306   -2.09800485310570
   1.72935453944319   -0.01358259807354   -2.09154699458854
   1.71966950634220   -0.01350653043736   -2.08508946475065
   1.71643080891657   -0.01348109324423   -2.08267531484462
   1.70353963787831   -0.01337984414179   -2.07458856310052
   1.70028410779391   -0.01335427474255   -2.07220531336311
   1.69076180467671   -0.01327948521095   -2.06623765037528
   1.67997958581708   -0.01319480012078   -2.05949064166801
   1.67757764158460   -0.01317593490699   -2.05783135470479
   1.66478872527511   -0.01307548892783   -2.04957319239017
   1.65994642186818   -0.01303745678380   -2.04634455001435
   1.65186627824249   -0.01297399417926   -2.04070227340318
   1.64052246124645   -0.01288489821694   -2.03351037691940
   1.63903722690552   -0.01287323297385   -2.03258663250739
   1.62605820949838   -0.01277129391346   -2.02454536656330
   1.62039006571550   -0.01272677550091   -2.02053684447570
   1.61312890706544   -0.01266974532159   -2.01568059174440
   1.60090884450226   -0.01257376720118   -2.00778753935044
   1.60003984628793   -0.01256694196482   -2.00707365809753
   1.58712753164407   -0.01246552679748   -1.99900211366700
   1.58073344813164   -0.01241530675040   -1.99487324821428
   1.57439253286421   -0.01236550429432   -1.99065948671823
   1.56150710938931   -0.01226430033407   -1.98256566597902
   1.56065175894787   -0.01225758228928   -1.98182323735085
   1.54857749039162   -0.01216274925586   -1.97370177706253
   1.54131460087930   -0.01210570548210   -1.96885914418273
   1.53565730083063   -0.01206127223779   -1.96483222349401
   1.52274075993215   -0.01195982387684   -1.95676660397027
   1.52116235332688   -0.01194742684545   -1.95590006494206
   1.50983759037398   -0.01185848053632   -1.94868618159546
   1.50097404156411   -0.01178886495533   -1.94301608294347
   1.49692283802651   -0.01175704622290   -1.93981224233053
   1.48401939998399   -0.01165570077366   -1.93173244765725
   1.48159852967979   -0.01163668691180   -1.93011829186764
   1.47111712221485   -0.01155436443737   -1.92365220587125
   1.46221344478278   -0.01148443368045   -1.91723398481575
   1.45805844064326   -0.01145179968323   -1.91413179368222
   1.44776952838831   -0.01137098909374   -1.90424591374471
   1.44532574696203   -0.01135179528465   -1.90183829590069
   1.43387878025465   -0.01126188916973   -1.89151893225559
   1.43243728551530   -0.01125056746373   -1.89052667209069
   1.41955699445969   -0.01114940381424   -1.88626524004518
   1.40654603939531   -0.01104721391092   -1.88089656408337
   1.40253407297361   -0.01101570335241   -1.87843907379314
   1.39363537050972   -0.01094581166960   -1.87282599564351
   1.38229335621183   -0.01085672986593   -1.86563515736902
   1.38054590065679   -0.01084300509989   -1.86430486119324
   1.36764452772140   -0.01074167587030   -1.85609793984772
   1.36293325534015   -0.01070467286269   -1.85270211811261
   1.35490410481456   -0.01064161076526   -1.84780793260190
   1.34266155875506   -0.01054545605625   -1.83987530432410
   1.34185465684472   -0.01053911853315   -1.83906835686375
   1.32926785510261   -0.01044025999073   -1.83137731335983
   1.32264693591531   -0.01038825834379   -1.82679657366074
   1.31617364430655   -0.01033741618498   -1.82279036400422
   1.30377053437629   -0.01024000038434   -1.81431102629695
   1.30294398978210   -0.01023350858480   -1.81353042519266
   1.29035960409158   -0.01013466901839   -1.80583313383680
   1.28309778132387   -0.01007763362300   -1.80099115013170
   1.27760864375383   -0.01003452115087   -1.79748363504231
   1.26436274709221   -0.00993048598262   -1.78910355062566
   1.26351658108664   -0.00992384007370   -1.78834586291718
   1.25163346748529   -0.00983050839866   -1.78080994874646
   1.24355042793930   -0.00976702304914   -1.77518212486472
   1.23871523194557   -0.00972904672775   -1.77195000464975
   1.22581072510539   -0.00962769288402   -1.76386940302067
   1.22339019127188   -0.00960868166484   -1.76225545555306
   1.21290111105540   -0.00952629892753   -1.75579946983167
   1.20390196572358   -0.00945561835206   -1.74953016183419
   1.19998702217459   -0.00942486982508   -1.74693385766425
   1.18708810535653   -0.00932355988618   -1.73884135122596
   1.18383356853547   -0.00929799828817   -1.73645871788967
   1.17435901114518   -0.00922358375835   -1.73050398632437
   1.16449124462654   -0.00914608090775   -1.72352104763368
   1.16125429821344   -0.00912065746732   -1.72112960076153
   1.14836424717518   -0.00901941716152   -1.71381662108581
   1.14362001989880   -0.00898215532146   -1.71045964518540
   1.13544160481429   -0.00891792087881   -1.70497239123420
   1.12479471947558   -0.00883429871749   -1.69796398595588
   1.12242410081859   -0.00881567953925   -1.69628149346539
   1.10963969684743   -0.00871526900064   -1.68879403985519
   1.10473380906296   -0.00867673745581   -1.68484338743563
   1.09671518478808   -0.00861375803306   -1.67995741889247
   1.08445535454882   -0.00851746757162   -1.67200645719416
   1.08364855731543   -0.00851113087067   -1.67119958460910
   1.07089883003575   -0.00841099268776   -1.66300880775034
   1.06515182085096   -0.00836585485506   -1.65913098734245
   1.05817057768989   -0.00831102317206   -1.65465273273531
   1.04576693223032   -0.00821360316530   -1.64624128720379
   1.04489819559356   -0.00820677998341   -1.64552758258271
   1.03217544145392   -0.00810685365140   -1.63798559554307
   1.02491445086078   -0.00804982479202   -1.63314416400596
   1.01926440121917   -0.00800544849345   -1.62912210368068
   1.00636540113456   -0.00790413790057   -1.62101752262383
   1.00551029892371   -0.00789742180541   -1.62027526555232
   0.99345196419501   -0.00780271391856   -1.61296397446862
   0.98536981643293   -0.00773923557324   -1.60733676008587
   0.98053976568082   -0.00770129966332   -1.60410836554709
   0.96763371123286   -0.00759993366445   -1.59602662089811
   0.96589629046086   -0.00758628771303   -1.59459925238555
   0.95490763337636   -0.00749998122750   -1.58767940964546
   0.94586326636969   -0.00742894547452   -1.58148968469140
   0.94198662787537   -0.00739849780092   -1.57880912169062
   0.92891205569207   -0.00729580823964   -1.57099882938440
   0.92565785515566   -0.00727024928286   -1.56861643686692
   0.91600148232412   -0.00719440674853   -1.56213757283991
   0.90632056659644   -0.00711837145079   -1.55568262674702
   0.90309177115819   -0.00709301202928   -1.55329648409907
   0.89018993004196   -0.00699167912253   -1.54597481656062
   0.88610791588459   -0.00695961839908   -1.54281203935217
   0.87727671922881   -0.00689025691655   -1.53713806973455
   0.86664119648192   -0.00680672399864   -1.53011384066881
   0.86424609374086   -0.00678791251891   -1.52843540380047
   0.85164816811199   -0.00668896660789   -1.52070775569391
   0.84593912986719   -0.00664412700438   -1.51676670056743
   0.83873511983627   -0.00658754567850   -1.51183558113986
   0.82652117701071   -0.00649161562338   -1.50394856157085
   0.82565071435508   -0.00648477888509   -1.50329556485863
   0.81274020567119   -0.00638337790202   -1.49515715663810
   0.80707426226705   -0.00633887677156   -1.49115008787446
   0.79983183437562   -0.00628199370630   -1.48630711474697
   0.78711026165693   -0.00618207665335   -1.47875164754678
   0.78624160208204   -0.00617525407671   -1.47803800640465
   0.77401689258551   -0.00607923945862   -1.47015591355121
   0.76675651040278   -0.00602221537778   -1.46531494627982
   0.76110992106394   -0.00597786625693   -1.46129545342469
   0.74820371384084   -0.00587649905814   -1.45318484912344
   0.74734868282648   -0.00586978352218   -1.45244265341001
   0.73547557376691   -0.00577653042424   -1.44486976565965
   0.72725651292617   -0.00571197674401   -1.43946982470752
   0.72238840245139   -0.00567374190757   -1.43628412484760
   0.70948286416288   -0.00557237996270   -1.42815668789479
   0.70779088548005   -0.00555909091995   -1.42664159557270
   0.69657309241337   -0.00547098476761   -1.41931706044471
   0.68781543407249   -0.00540220086553   -1.41350143987454
   0.68384842605851   -0.00537104341679   -1.41098299555544
   0.67075908321640   -0.00526823784465   -1.40238312207287
   0.66765621518691   -0.00524386747503   -1.40058314859653
   0.65785192267980   -0.00516686315840   -1.39431496363059
   0.64817168766141   -0.00509083320705   -1.38786058687022
   0.64494668197443   -0.00506550355079   -1.38545586589343
   0.63222067972202   -0.00496555170764   -1.37790433052286
   0.62802894778130   -0.00493262924502   -1.37493121218279
   0.61913283730345   -0.00486275792004   -1.36931995174806
   0.60779408867701   -0.00477370176542   -1.36213142081425
   0.60612380118618   -0.00476058308840   -1.36058009681855
   0.59331540421976   -0.00465998410537   -1.35233100191450
   0.58857199862354   -0.00462272871890   -1.34897467339095
   0.58041278673477   -0.00455864510091   -1.34350321159462
   0.56907412275642   -0.00446958961113   -1.33631476728899
   0.56751114580237   -0.00445731376643   -1.33530934670783
   0.55459398208568   -0.00435586051377   -1.32730998909196
   0.54903403284302   -0.00431219187663   -1.32316432939103
   0.54169278335407   -0.00425453265240   -1.31849332110845
   0.52898974893685   -0.00415476120192   -1.31090096093780
   0.52818308400948   -0.00414842554012   -1.31009421061956
   0.51587347817922   -0.00405174413407   -1.30231762735367
   0.50938533185203   -0.00400078530417   -1.29752508561381
   0.50315250526133   -0.00395183179203   -1.29320330249165
   0.49005908740353   -0.00384899421413   -1.28536653762267
   0.48920410170941   -0.00384227903411   -1.28462439324598
   0.47734224809129   -0.00374911433802   -1.27705203951007
   0.46989648212742   -0.00369063422643   -1.27168428610435
   0.46443468192881   -0.00364773646593   -1.26818425489929
   0.45152776571635   -0.00354636369865   -1.26012079784816
   0.44907227555270   -0.00352707792745   -1.25856666325092
   0.43843462588890   -0.00344352830443   -1.25150475650383
   0.43035356909019   -0.00338005852770   -1.24587853356128
   0.42553444650965   -0.00334220844920   -1.24265876816203
   0.41262354781665   -0.00324080440294   -1.23457358157091
   0.41020358613692   -0.00322179767754   -1.23296009763440
   0.39971313830577   -0.00313940419879   -1.22648617704764
   0.39014213518193   -0.00306423217037   -1.21987949997356
   0.38681532529893   -0.00303810292938   -1.21764995672004
   0.37389535385572   -0.00293662762444   -1.20949709722681
   0.37073477770380   -0.00291180400698   -1.20699746723605
   0.36118351116320   -0.00283678699250   -1.20121770126347
   0.35063513273419   -0.00275393851854   -1.19405029778022
   0.34827892008522   -0.00273543248716   -1.19236304630738
   0.33517752261627   -0.00263253223625   -1.18452005124729
   0.33043428123585   -0.00259527813955   -1.18116394141520
   0.32228780336328   -0.00253129453634   -1.17569403143908
   0.31097640576488   -0.00244245320061   -1.16846304766658
   0.30936306907508   -0.00242978182334   -1.16748419173733
   0.29665143674235   -0.00232994284359   -1.15926769791732
   0.29094298278474   -0.00228510782916   -1.15532727510517
   0.28357469276201   -0.00222723622471   -1.15067685100331
   0.27133735227104   -0.00213112240098   -1.14258376060418
   0.27053093495081   -0.00212478868392   -1.14177682574194
   0.25774991105864   -0.00202440469294   -1.13370627170855
   0.25209568677906   -0.00197999560616   -1.12968380628260
   0.24486218150395   -0.00192318262041   -1.12485294991069
   0.23270861903908   -0.00182772680128   -1.11683933306384
   0.23188479123047   -0.00182125633976   -1.11605860337560
   0.21903140819194   -0.00172030402968   -1.10868042277467
   0.21186466000491   -0.00166401536365   -1.10371190105502
   0.20630933033299   -0.00162038300928   -1.09957984383493
   0.19340087624815   -0.00151899816332   -1.09150379040308
   0.19184953282558   -0.00150681369004   -1.09060392065739
   0.18049448014356   -0.00141762948104   -1.08343666351886
   0.17236613745573   -0.00135378831417   -1.07788294523638
   0.16759083113429   -0.00131628237483   -1.07457233492955
   0.15468653054770   -0.00121493015105   -1.06651111340804
   0.15223109780611   -0.00119564483085   -1.06495709179279
   0.14177411357102   -0.00111351417997   -1.05842314486537
   0.13282859890409   -0.00104325482742   -1.05207458281903
   0.12887236921776   -0.00101218203321   -1.04956502886096
   0.11595710525377   -0.00091074370149   -1.04145861550284
   0.11276983079315   -0.00088571039168   -1.03898930633599
   0.10305863725247   -0.00080943728766   -1.03262049426043
   0.09332664619467   -0.00073300083696   -1.02624862890267
   0.09033276155536   -0.00070948643849   -1.02426677379235
   0.07706543355031   -0.00060528294540   -1.01584126047493
   0.07387743103325   -0.00058024391734   -1.01337475366646
   0.06433790522737   -0.00050531911627   -1.00760748418391
   0.05451731461177   -0.00042818679197   -1.00055944459423
   0.05143569380218   -0.00040398330106   -0.99874449565462
   0.03852946464170   -0.00030261592998   -0.99067772891858
   0.03437472114067   -0.00026998397986   -0.98764616393471
   0.02549472681022   -0.00020023923340   -0.98201065663327
   0.01418875943006   -0.00011144054739   -0.97477156968217
   0.01252621574125   -0.00009838269130   -0.97383146804121
  -0.00020050248186    0.00000157477519   -0.96563881177208
  -0.00579868198914    0.00004554367830   -0.96154084904933
  -0.01309505496268    0.00010285043596   -0.95679786221597
  -0.02528755619288    0.00019861208572   -0.94888029101785
  -0.02618303590705    0.00020564531157   -0.94801075257446
  -0.03906205690181    0.00030679898582   -0.93999759157095
  -0.04533208488804    0.00035604468305   -0.93572804981598
  -0.05163248709005    0.00040552894371   -0.93150128829429
  -0.06453682528314    0.00050688146286   -0.92343695059009
  -0.06542393136862    0.00051384892103   -0.92279174003670
  -0.07763132656066    0.00060972755010   -0.91403350625871
  -0.08333977779060    0.00065456254311   -0.91009336914759
  -0.09053205495387    0.00071105171737   -0.90597862800047
  -0.10344424956827    0.00081246594198   -0.89790009636513
  -0.10499560378764    0.00082465050006   -0.89700027598598
  -0.11635072782198    0.00091383526948   -0.88983341610073
  -0.12447452349767    0.00097764072346   -0.88427306595608
  -0.12925080371608    0.00101515431192   -0.88097249288763
  -0.14215285212210    0.00111648884676   -0.87291341899005
  -0.14460830639592    0.00113577433607   -0.87135948226369
  -0.15487668806816    0.00121642367543   -0.86536057541173
  -0.16718402254546    0.00131308724195   -0.85851762206682
  -0.16801724179289    0.00131963146518   -0.85776450633428
  -0.18076273419938    0.00141973638679   -0.85692862848089
  -0.18315455045286    0.00143852205398   -0.85780471694131
  -0.19369640313695    0.00152131927381   -0.86260424661135
  -0.20659212066387    0.00162260408501   -0.86985197942649
  -0.20747953485800    0.00162957396311   -0.87049736502775
  -0.21973606126859    0.00172583847580   -0.87842960118501
  -0.22764612168511    0.00178796522247   -0.88350190874800
  -0.23263197402346    0.00182712482036   -0.88728100296508
  -0.24532176218283    0.00192679223284   -0.89487516397712
  -0.24708711527412    0.00194065756869   -0.89623531331841
  -0.25843619646130    0.00202979487672   -0.90422083120166
  -0.26645730583192    0.00209279381777   -0.90913261224637
  -0.27113484725278    0.00212953189758   -0.91262502424225
  -0.28403756803071    0.00223087171332   -0.92068674106631
  -0.28649291933610    0.00225015639391   -0.92224067994791
  -0.29714972806202    0.00233385649494   -0.92925104424281
  -0.30600022515358    0.00240336956586   -0.93493097212639
  -0.31037023366462    0.00243769223818   -0.93769774071722
  -0.32295871733398    0.00253656399069   -0.94620907142264
  -0.32537803060928    0.00255556562343   -0.94782285806092
  -0.33585271021507    0.00263783525629   -0.95504871299837
  -0.34548010580420    0.00271345019920   -0.96078051264013
  -0.34875976317502    0.00273920909761   -0.96313158749637
  -0.36167141514759    0.00284061906023   -0.97124725767381
  -0.36493908018814    0.00286628376916   -0.97360925907050
  -0.37487668840289    0.00294433516644   -0.98044743644092
  -0.38424833234706    0.00301794139933   -0.98655363709602
  -0.38746981649331    0.00304324339690   -0.98895279659181
  -0.40037313772819    0.00314458792872   -0.99702194196326
  -0.40437844137178    0.00317604615681   -0.99948580289957
  -0.41328065996420    0.00324596545580   -1.00591891873250
  -0.42364156718673    0.00332734150407   -1.01255825149171
  -0.42599750642343    0.00334584538804   -1.01425889642755
  -0.43908434231644    0.00344863127025   -1.02284202341178
  -0.44309453139051    0.00348012786921   -1.02529813259977
  -0.45197959231004    0.00354991240938   -1.03168779671338
  -0.46265356858551    0.00363374734681   -1.03780664218303
  -0.46541181028744    0.00365541097192   -1.03983944983394
  -0.47781501346032    0.00375282750489   -1.04789468856857
  -0.48190429072392    0.00378494527382   -1.05104623679113
  -0.49069521771783    0.00385399047266   -1.05750366359296
  -0.50201504132139    0.00394289798744   -1.06390783572172
  -0.50379818609111    0.00395690306168   -1.06533864163972
  -0.51652241141110    0.00405684094855   -1.07367622212726
  -0.52136193593129    0.00409485126681   -1.07690280132939
  -0.52942255321271    0.00415816050864   -1.08253392408799
  -0.54076851455168    0.00424727331294   -1.08970807245078
  -0.54230525859177    0.00425934312058   -1.09055345863559
  -0.55523014021526    0.00436085699078   -1.09946453438166
  -0.56084063813072    0.00440492264443   -1.10275043074700
  -0.56840879482928    0.00446436403036   -1.10791659386551
  -0.58050186947878    0.00455934476953   -1.11547613006889
  -0.58130826879999    0.00456567834522   -1.11628298187612
  -0.59395805704999    0.00466503159268   -1.12450687043701
  -0.59962323617084    0.00470952672035   -1.12851313766970
  -0.60711868212615    0.00476839702570   -1.13374178662117
  -0.61910367773223    0.00486252889659   -1.14118392162093
  -0.62002860956227    0.00486979344357   -1.14184923062081
  -0.63266915548406    0.00496907410047   -1.15029811806560
  -0.63910537087401    0.00501962505735   -1.15435757204158
  -0.64556596913237    0.00507036752077   -1.15914572099227
  -0.65848814551274    0.00517186014360   -1.16646928888139
  -0.65934323431830    0.00517857613346   -1.16721149549421
  -0.67138676664689    0.00527316776015   -1.17611208456154
  -0.67782304193155    0.00532371918745   -1.18017159163928
  -0.68428459387623    0.00537446914126   -1.18496041015736
  -0.69720486899161    0.00547594683128   -1.19228245344927
  -0.69805996708230    0.00548266289408   -1.19302466920086
  -0.71010676280179    0.00557728015190   -1.20112951670123
  -0.71670438937395    0.00562909885531   -1.20575324684754
  -0.72300975766324    0.00567862212034   -1.20998959267465
  -0.73591357657174    0.00577997056096   -1.21804836163197
  -0.73679152690981    0.00578686610857   -1.21873652838311
  -0.74882130569496    0.00588134971296   -1.22692737759080
  -0.75616424193732    0.00593902218520   -1.23163271712760
  -0.76196844942615    0.00598460926156   -1.23548061116729
  -0.77463267281616    0.00608407588469   -1.24386354249688
  -0.77621028248588    0.00609646665683   -1.24472953155341
  -0.78777627153388    0.00618730759024   -1.25243175762389
  -0.79562506290178    0.00624895312104   -1.25758567625748
  -0.80067542607302    0.00628861939624   -1.26125538977363
  -0.81335559587995    0.00638821126480   -1.26889287172633
  -0.81577553667197    0.00640721782615   -1.27050632056475
  -0.82626108833951    0.00648957284973   -1.27775970450322
  -0.83512111487493    0.00655916076626   -1.28342719343976
  -0.83939220591988    0.00659270652665   -1.28632291467391
  -0.85207009005078    0.00669228044318   -1.29467928521048
  -0.85453980790794    0.00671167796072   -1.29620595939577
  -0.86497886758617    0.00679366782957   -1.30356249748770
  -0.87392345780872    0.00686391992141   -1.30909118332306
  -0.87788667684392    0.00689504761096   -1.31163752885371
  -0.89100942377566    0.00699811554361   -1.32023747418632
  -0.89338680503479    0.00701678783629   -1.32191052516672
  -0.90391386807779    0.00709946889616   -1.32907999420331
  -0.91338130415684    0.00717382749419   -1.33504544858925
  -0.91660727854027    0.00719916475872   -1.33745389393043
  -0.92951409542741    0.00730053674589   -1.34552152389857
  -0.93283163697612    0.00732659319205   -1.34779689853668
  -0.94241905114345    0.00740189411516   -1.35437790475939
  -0.95302467433010    0.00748519219764   -1.36062161089118
  -0.95546114158974    0.00750432856023   -1.36229482680023
  -0.96843537596038    0.00760623005396   -1.37110337578716
  -0.97231597062024    0.00763670879985   -1.37372701661541
  -0.98114134103263    0.00770602452223   -1.38019543416874
  -0.99174712247344    0.00778932384766   -1.38643924725813
  -0.99418383468373    0.00780846213413   -1.38811260664069
  -1.00695690323920    0.00790878364276   -1.39635994101385
  -1.01111478315393    0.00794144022672   -1.39940106645608
  -1.02005907246065    0.00801168995512   -1.40572028763413
  -1.03051083883690    0.00809377962419   -1.41223127130803
  -1.03295232861195    0.00811295543434   -1.41369868325722
  -1.04586919552849    0.00821440635588   -1.42191284894258
  -1.05067003034782    0.00825211279969   -1.42519631085018
  -1.05877545531312    0.00831577396748   -1.43078208531572
  -1.07062767455356    0.00840886299379   -1.43840407436027
  -1.07149388409686    0.00841566632753   -1.43907574808703
  -1.08440027032015    0.00851703493220   -1.44719631999904
  -1.09006639933428    0.00856153752047   -1.45120333590734
  -1.09731062823426    0.00861843473111   -1.45605308359676
  -1.10952522125836    0.00871436989298   -1.46394018923047
  -1.11040356097839    0.00872126849886   -1.46465930355838
  -1.12312618221687    0.00882119378704   -1.47299940169992
  -1.12887326884635    0.00886633222800   -1.47687707499450
  -1.13622045248623    0.00892403805991   -1.48161286429793
  -1.14826281456859    0.00901862049531   -1.48976675563980
  -1.14911381598283    0.00902530438222   -1.49037780180710
  -1.16203171381417    0.00912676340071   -1.49852095393246
  -1.16850090505640    0.00917757335466   -1.50253071992743
  -1.17523016618967    0.00923042593475   -1.50701678286421
  -1.18765954908586    0.00932804808702   -1.51497994063646
  -1.18851482208362    0.00933476552356   -1.51572229641587
  -1.20057382546808    0.00942947866214   -1.52383785880639
  -1.20783483393230    0.00948650766188   -1.52867903191392
  -1.21366936766806    0.00953233292493   -1.53244403902856
  -1.22639488009273    0.00963228092090   -1.54076704115134
  -1.22797277031822    0.00964467389657   -1.54163321200375
  -1.23948644284724    0.00973510392856   -1.54939041787607
  -1.24737980270389    0.00979709950664   -1.55448321298482
  -1.25221106449796    0.00983504492826   -1.55771740177359
  -1.26530327538796    0.00993787302647   -1.56632298869982
  -1.26685469463914    0.00995005809532   -1.56722290863923
  -1.27821154616326    0.01003925643269   -1.57518767885815
  -1.28620083651490    0.01010200546261   -1.58015132426796
  -1.29111967532002    0.01014063872661   -1.58324821697951
  -1.30403014041083    0.01024203936730   -1.59135798992398
  -1.30577293295497    0.01025572750938   -1.59279142254859
  -1.31675882403912    0.01034201227036   -1.60047800655504
  -1.32570524300779    0.01041227872543   -1.60600787521592
  -1.32984772964067    0.01044481440835   -1.60906952974342
  -1.34275758902158    0.01054621029170   -1.61717880467216
  -1.34515081508535    0.01056500703175   -1.61883076805475
  -1.35566752903237    0.01064760680834   -1.62603403032722
  -1.36516312439551    0.01072218657341   -1.63196164767138
  -1.36839492977862    0.01074756963546   -1.63437438508001
  -1.38130455009901    0.01084896364119   -1.64244380301887
  -1.38462283598961    0.01087502593352   -1.64471966609709
  -1.39422083679743    0.01095041000562   -1.65130738547503
  -1.40411914060188    0.01102815270043   -1.65738020925631
  -1.40745156928551    0.01105432607228   -1.65970767223710
  -1.42021609098879    0.01115458045271   -1.66799487435408
  -1.42418828670095    0.01118577864637   -1.67050878713531
  -1.43312644129395    0.01125598019185   -1.67685304376045
  -1.44290468687922    0.01133277993223   -1.68315618085204
  -1.44626048232173    0.01135913682995   -1.68521165537671
  -1.45894687051428    0.01145877753860   -1.69378829436200
  -1.46298132456713    0.01149046471818   -1.69620925664295
  -1.47168372731726    0.01155881463495   -1.70214732070168
  -1.48317469460496    0.01164906633671   -1.70906572107289
  -1.48473578255374    0.01166132734490   -1.71007311402427
  -1.49767871201397    0.01176298296539   -1.71882120030850
  -1.50255351035120    0.01180127032926   -1.72199700885621
  -1.51058985542218    0.01186438893368   -1.72769328914930
  -1.52193221754639    0.01195347346922   -1.73488387278678
  -1.52372652954490    0.01196756625248   -1.73624837854791
  -1.53641162869335    0.01206719683679   -1.74464542823038
  -1.54197692855449    0.01211090749846   -1.74800396482690
  -1.54932287304504    0.01216860359790   -1.75271077390907
  -1.56156534957570    0.01226475776083   -1.76063739959540
  -1.56244334723906    0.01227165368014   -1.76134989371158
  -1.57497055915034    0.01237004419550   -1.76994127688264
  -1.58078059768829    0.01241567706976   -1.77370069133198
  -1.58805728655981    0.01247282922567   -1.77853588200403
  -1.60076630177750    0.01257264765021   -1.78610640942443
  -1.60162180698658    0.01257936691057   -1.78684892056731
  -1.61370050877192    0.01267423476321   -1.79496537698380
  -1.62104663346391    0.01273193227798   -1.79967273854926
  -1.62699979633960    0.01277868927128   -1.80408047578932
  -1.63952710179293    0.01287708052133   -1.81191130362397
  -1.64040547504918    0.01288397939060   -1.81259975729392
  -1.65243681497631    0.01297847525643   -1.82079157952095
  -1.65978314767703    0.01303617440493   -1.82549905937400
  -1.66552897065132    0.01308130292096   -1.82938092265280
  -1.67843835821896    0.01318269509863   -1.83746838381307
  -1.67999018432609    0.01319488336298   -1.83836853540022
  -1.69135269779237    0.01328412617005   -1.84633699402759
  -1.69934413529807    0.01334689206403   -1.85130188068243
  -1.70446186644901    0.01338708745699   -1.85494137793787
  -1.71698935530780    0.01348548014753   -1.86276745019427
  -1.71941049756782    0.01350449614537   -1.86438165593104
  -1.73008857734299    0.01358836331227   -1.87136640777126
  -1.73890398739563    0.01365760080457   -1.87710926429833
  -1.74300514316606    0.01368981186898   -1.88022851229746
  -1.75591808665059    0.01379123197532   -1.88829982312090
  -1.75836200491451    0.01381042685917   -1.88987783636574
  -1.76882780794125    0.01389262677410   -1.89719424493936
  -1.77832611828793    0.01396722786304   -1.90312341440484
  -1.78156337311825    0.01399265372583   -1.90553975760780
  -1.79447671019717    0.01409407692352   -1.91361128508117
  -1.79779597767260    0.01412014692535   -1.91588772175722
  -1.80757200708407    0.01419692925958   -1.92219997369749
  -1.81734811455470    0.01427371220690   -1.92851226822302
  -1.82060591300236    0.01429929942219   -1.93090822115859
  -1.83339533856393    0.01439974940109   -1.93916601982176
  -1.83736872431797    0.01443095694151   -1.94168060824848
  -1.84631409405569    0.01450121515577   -1.94802944015596
  -1.85678399428123    0.01458344725069   -1.95452321583887
  -1.85916972735114    0.01460218513969   -1.95620937596330
  -1.87195114218850    0.01470257220121   -1.96446778454837
  -1.87679404522262    0.01474060905480   -1.96769654399984
  -1.88489053426859    0.01480420003861   -1.97333448765775
  -1.89567515287458    0.01488890397674   -1.98008241063737
  -1.89811255298903    0.01490804766610   -1.98183564993052
  -1.91072464801239    0.01500710486557   -1.99028372965454
  -1.91569129234893    0.01504611360106   -1.99328660257796
  -1.92380165052961    0.01510981351503   -1.99888337595890
  -1.93514761979960    0.01519892638162   -2.00607596946587
  -1.93671099206603    0.01521120533116   -2.00697058687578
  -1.94963051476138    0.01531267711157   -2.01583944242402
  -1.95519759394954    0.01535640174832   -2.01919895255803
  -1.96236575162816    0.01541270148470   -2.02419787069681
  -1.97510946426202    0.01551279242772   -2.03170743214517
  -1.97595298815788    0.01551941758514   -2.03246046878455
  -1.98820809198584    0.01561567092466   -2.04114577438701
  -1.99402005698371    0.01566131892961   -2.04490625733198
  -2.00129447330494    0.01571845323658   -2.04974020445973
  -2.01399552586281    0.01581820912126   -2.05730434628418
  -2.01485134155915    0.01582493082023   -2.05804704890214
  -2.02712015246412    0.01592129181710   -2.06670743190874
  -2.03351600806550    0.01597152578243   -2.07083695809089
  -2.04003258250516    0.01602270789079   -2.07478711202583
  -2.05278456848890    0.01612286381388   -2.08312687285630
  -2.05366325891910    0.01612976517429   -2.08381551299221
  -2.06586441518687    0.01622559480195   -2.09174182264246
  -2.07308642127563    0.01628231747145   -2.09664856211528
  -2.07879279251262    0.01632713612789   -2.10060003069348
  -2.09167672790907    0.01642832840056   -2.10872551593909
  -2.09317303411351    0.01644008060366   -2.10968040188378
  -2.10461483847640    0.01652994617278   -2.11757585447626
  -2.11183711692501    0.01658667098143   -2.12248274474922
  -2.11754433870186    0.01663149631813   -2.12643470442491
  -2.13045397196169    0.01673289042550   -2.13452197497176
  -2.13200639356406    0.01674508336696   -2.13542244356534
  -2.14338368312051    0.01683444222756   -2.14338056570680
  -2.15215719049809    0.01690335061024   -2.14840293237980
  -2.15628496905463    0.01693577077383   -2.15148288726801
  -2.16904996465804    0.01703602887634   -2.15982213789134
  -2.17152182434192    0.01705544321609   -2.16135004033495
  -2.18212477029105    0.01713872027117   -2.16843135732524
  -2.19094374946847    0.01720798579588   -2.17417617304620
  -2.19505134129746    0.01724024741002   -2.17729924037904
  -2.20796949049340    0.01734170840276   -2.18537335770792
  -2.21041440493963    0.01736091111076   -2.18695191326579
  -2.22090002996096    0.01744326671048   -2.19423317813455
  -2.23063187806670    0.01751970203841   -2.19980875050172
  -2.23392489159308    0.01754556583797   -2.20216873046326
  -2.24654407557964    0.01764467871517   -2.21069353472875
  -2.24986474305643    0.01767075971282   -2.21297074630178
  -2.25964485584395    0.01774757411847   -2.21928521314852
  -2.27011878081537    0.01782983782432   -2.22578113760959
  -2.27247730343105    0.01784836199851   -2.22744288268772
  -2.28547447605501    0.01795044365258   -2.23625450346113
  -2.28944954978828    0.01798166445062   -2.23877000225220
  -2.29840348047545    0.01805198990381   -2.24512371872409
  -2.30887782813743    0.01813425692953   -2.25161986710967
  -2.31134787860649    0.01815365705945   -2.25315428851396
  -2.32404692494451    0.01825339718699   -2.26156533785516
  -2.32820900743037    0.01828608677855   -2.26460896239164
  -2.33700421744334    0.01835516561684   -2.27044144339301
  -2.34779350178665    0.01843990620033   -2.27719185110845
  -2.35019372367996    0.01845875788662   -2.27891538543130
  -2.36283163320583    0.01855801783689   -2.28740207793750
  -2.36774817285100    0.01859663304296   -2.29051350915598
  -2.37592497321248    0.01866085480334   -2.29599604073249
  -2.38796976541685    0.01875545632527   -2.30337276309802
  -2.38883543155856    0.01876225539105   -2.30408370377259
  -2.40176415671162    0.01886379944888   -2.31295769002044
  -2.40733371094474    0.01890754352499   -2.31631850214137
  -2.41468787019375    0.01896530414432   -2.32102985401259
  -2.42691491734357    0.01906133712268   -2.32894483029107
  -2.42777111935323    0.01906806185581   -2.32968776225824
  -2.44053333186080    0.01916829809949   -2.33798573753766
  -2.44700793279071    0.01921915054190   -2.34200116905930
  -2.45362521454504    0.01927112361992   -2.34661545961910
  -2.46620239849519    0.01936990662282   -2.35442948607453
  -2.46708148164633    0.01937681106772   -2.35511835034737
  -2.47911893490561    0.01947135494852   -2.36331365313688
  -2.48647097627727    0.01952909893375   -2.36802421673184
  -2.49221929185978    0.01957424702708   -2.37190747922751
  -2.50513028237029    0.01967565179449   -2.37999542910505
  -2.50600025030975    0.01968248464720   -2.38070986687248
  -2.51804611710394    0.01977709460912   -2.38888571181733
  -2.52527161381190    0.01983384469444   -2.39379435549892
  -2.53098789604137    0.01987874119323   -2.39775135071478
  -2.54386109421797    0.01997984913424   -2.40586906509235
  -2.54470835042257    0.01998650360574   -2.40662741421354
  -2.55682326761167    0.02008165589934   -2.41553081435725
  -2.56253959751409    0.02012655277256   -2.41947589633766
  -2.56991716031559    0.02018449720675   -2.42498364253127
  -2.58027242083950    0.02026582890504   -2.43244607852944
  -2.58271766924333    0.02028503423599   -2.43405417991743
  -2.59542653537477    0.02038485148960   -2.44326973749803
  -2.59874851021680    0.02041094275548   -2.44554766324312
  -2.60850656929375    0.02048758394813   -2.45269425166166
  -2.61588615108638    0.02054554423976   -2.45819516164562
  -2.62161457469894    0.02059053609872   -2.46213562467838
  -2.63369033177629    0.02068538082319   -2.47106296373565
  -2.63456959773476    0.02069228670388   -2.47175193386553
  -2.64728623516101    0.02079216499434   -2.48095978309871
  -2.65209511963467    0.02082993466129   -2.48424482411173
  -2.66040432544495    0.02089519635301   -2.49037525920823
  -2.67005104743911    0.02097096308828   -2.49690564437135
  -2.67326801362977    0.02099622960118   -2.49935197958307
  -2.68605834476250    0.02109668669257   -2.50842542318252
  -2.68845458544216    0.02111550710984   -2.51007909012722
  -2.69899176213778    0.02119826760378   -2.51811321263216
  -2.70554225190806    0.02124971608800   -2.52283374756980
  -2.71209357166255    0.02130117109103   -2.52755999177909
  -2.72396936764888    0.02139444529248   -2.53596048851223
  -2.72485297970864    0.02140138530807   -2.53668551818066
  -2.73795884337804    0.02150432063716   -2.54611561687829
  -2.74190327128601    0.02153530073851   -2.54867450555065
  -2.75072063225374    0.02160455355357   -2.55525375417556
  -2.75981236101999    0.02167596129259   -2.56138973635725
  -2.76394462202530    0.02170841666197   -2.56454137400271
  -2.77656167171069    0.02180751277607   -2.57384384701956
  -2.77743194814103    0.02181434805171   -2.57455846783210
  -2.78965521971315    0.02191035137614   -2.58329683195660
  -2.79526261787290    0.02195439268387   -2.58740047415539
  -2.80241020460030    0.02201053085306   -2.59242855887612
  -2.81311496280224    0.02209460755613   -2.60021562647252
  -2.81553218194321    0.02211359274124   -2.60183837213014
  -2.82827392548724    0.02221366821875   -2.61100420713788
  -2.83156824998973    0.02223954231491   -2.61333463419614
  -2.84137199811885    0.02231654235591   -2.62045007067587
  -2.84938809643501    0.02237950193942   -2.62619263543444
  -2.85412401781463    0.02241669854379   -2.62958984910000
  -2.86701301149185    0.02251793054492   -2.63849699606567
  -2.86786064448197    0.02252458797574   -2.63925557615476
  -2.88016075212695    0.02262119478169   -2.64872297183546
  -2.88493919348382    0.02265872534404   -2.65205063034760
  -2.89310135186152    0.02272283210418   -2.65839954899939
  -2.90275102950330    0.02279862205352   -2.66493159365889
  -2.90607155561377    0.02282470194086   -2.66718479277213
  -2.91894265176293    0.02292579337224   -2.67620188883641
  -2.92131846068977    0.02294445331560   -2.67788235836578
  -2.93188335186158    0.02302743148301   -2.68588152577167
  -2.93907446173380    0.02308391148920   -2.69084387779319
  -2.94463241018861    0.02312756441187   -2.69503095616378
  -2.95689501016072    0.02322387662718   -2.70371940813114
  -2.95777466419673    0.02323078555588   -2.70440860767469
  -2.97067087445987    0.02333207423711   -2.71335804994595
  -2.97478192505616    0.02336436301690   -2.71649384820536
  -2.98361388659293    0.02343373050692   -2.72303593520953
  -2.99258668207281    0.02350420412689   -2.72938001234594
  -2.99667325413223    0.02353630064875   -2.73255957913549
  -3.00946893650522    0.02363679976954   -2.74163207758103
  -3.01100322598807    0.02364885029874   -2.74255477048842
  -3.02240767487866    0.02373842247264   -2.75131833903023
  -3.02809445785078    0.02378308728004   -2.75531654841182
  -3.03534075152592    0.02384000070772   -2.76020474269085
  -3.04672712051486    0.02392943087948   -2.76818249300627
  -3.04825338771206    0.02394141840050   -2.76912037468974
  -3.06120182506608    0.02404311728078   -2.77879560343770
  -3.06447302168148    0.02406880972720   -2.78116558875117
  -3.07412456898241    0.02414461436111   -2.78850657272922
  -3.08214330394437    0.02420759465322   -2.79425066110486
  -3.08709080310870    0.02424645301979   -2.79815347092614
  -3.09999590574111    0.02434781154295   -2.80627685826007
  -3.10085902066752    0.02435459057112   -2.80700849749349
  -3.11293676824101    0.02444945092924   -2.81596430680621
  -3.11862429192763    0.02449412155433   -2.81996294376553
  -3.12604595118619    0.02455241232840   -2.82542759657198
  -3.13640910567916    0.02463380602705   -2.83289458116065
  -3.13881262843690    0.02465268363881   -2.83453956629021
  -3.15174739606896    0.02475427515513   -2.84423711948421
  -3.15417247137891    0.02477332204371   -2.84585350505928
  -3.16485307648597    0.02485720904493   -2.85370147053116
  -3.17201289310171    0.02491344326940   -2.85870812054676
  -3.17761005999238    0.02495740421928   -2.86283444299642
  -3.18986780659898    0.02505367831557   -2.87152869311972
  -3.19073860725216    0.02506051770853   -2.87224363226960
  -3.20348718509102    0.02516064686357   -2.88141342779295
  -3.20833771047326    0.02519874358417   -2.88464641421093
  -3.21641539729625    0.02526218689263   -2.89031340438248
  -3.22625885972556    0.02533949885544   -2.89738170750459
  -3.22954487052721    0.02536530765460   -2.89972310659008
  -3.24229418916579    0.02546544262798   -2.90889333705348
  -3.24471958588565    0.02548449204096   -2.91050990735228
  -3.25540041776325    0.02556838082327   -2.91835820990664
  -3.26189448247121    0.02561938613697   -2.92317262510506
  -3.26834932387679    0.02567008338525   -2.92802631107695
  -3.28040555102377    0.02576477471885   -2.93623036597887
  -3.28125372101752    0.02577143636738   -2.93698928243431
  -3.29401964337448    0.02587170174875   -2.94609968664105
  -3.29880095120324    0.02590925482478   -2.94942900144063
  -3.30697152489041    0.02597342767996   -2.95578241600463
  -3.31594858628069    0.02604393480500   -2.96212898739535
  -3.32002586291115    0.02607595831923   -2.96532842587878
  -3.33215593679792    0.02617122965570   -2.97502762179155
  -3.33300417853277    0.02617789186770   -2.97578658478583
  -3.34506751232732    0.02627263901793   -2.98800691977779
  -3.34587636620172    0.02627899187203   -2.98881510644808
  -3.35402247744917    0.02634297259571   -3.00091746134943
  -3.35881947566672    0.02638064890630   -3.00741762793318
  -3.36290689462883    0.02641275207986   -3.01385589665640
  -3.37125830004677    0.02647834521334   -3.02661131884998
  -3.37197400376451    0.02648396645278   -3.02748166255834
  -3.37967380477295    0.02654444179196   -3.03984820393574
  -3.38473715389278    0.02658421006066   -3.04780836841727
  -3.38797437385268    0.02660963564957   -3.05265706044466
  -3.39625950439728    0.02667470825071   -3.06544055076336
  -3.39774817134238    0.02668640045397   -3.06715397663713
  -3.40500818629755    0.02674342165054   -3.07849491124625
  -3.41061128729781    0.02678742920776   -3.08742356672944
  -3.41361276861417    0.02681100327162   -3.09161425161283
  -3.42143201588452    0.02687241675884   -3.10418831908171
  -3.42376223621460    0.02689071864284   -3.10751426437355
  -3.42985382598630    0.02693856286079   -3.11742807230324
  -3.43635161276099    0.02698959740814   -3.12713093446683
  -3.43815764095163    0.02700378221204   -3.13023915167923
  -3.44643914707973    0.02706882634650   -3.14304573883307
  -3.44970266234701    0.02709445846251   -3.14790103294684
  -3.45494651969346    0.02713564446866   -3.15622059657301
  -3.46240601621965    0.02719423242204   -3.16743921740011
  -3.46328850048868    0.02720116357980   -3.16901014402327
  -3.47138416577427    0.02726474809368   -3.18194156541635
  -3.47533554636101    0.02729578280236   -3.18765768562190
  -3.48001440529704    0.02733253123013   -3.19503882900792
  -3.48781939836996    0.02739383276284   -3.20764131291546
  -3.48853531954345    0.02739945571021   -3.20851185695001
  -3.49648047497707    0.02746185809817   -3.22073734118073
  -3.50125634854597    0.02749936849274   -3.22806221650161
  -3.50510095840826    0.02752956460888   -3.23384517978817
  -3.51299312943127    0.02759155084969   -3.24641047489537
  -3.51437388704105    0.02760239551758   -3.24816995018642
  -3.52157860098090    0.02765898237207   -3.25953489625337
  -3.52718414122566    0.02770300908747   -3.26846567579965
  -3.52966571814929    0.02772249974781   -3.27247387276427
  -3.53801105668975    0.02778804523117   -3.28523500276329
  -3.54034647898404    0.02780638797213   -3.28854332826903
  -3.54667855191159    0.02785612097921   -3.29833425067565
  -3.55305949206711    0.02790623779649   -3.30809245169158
  -3.55530991876094    0.02792391296984   -3.31143299465309
  -3.56318436018240    0.02798575995983   -3.32397947741692
  -3.56614815536062    0.02800903803136   -3.32822066209330
  -3.57178033530386    0.02805327397877   -3.33713542455041
  -3.57899578705847    0.02810994516959   -3.34849817684143
  -3.57987858881421    0.02811687882093   -3.35006942500292
  -3.58797704373566    0.02818048524501   -3.36300362545072
  -3.59199091481939    0.02821201076300   -3.36868619012073
  -3.59632080112980    0.02824601830981   -3.37577506941468
  -3.60485589184311    0.02831305413390   -3.38813594619970
  -3.60553474361059    0.02831838593284   -3.38901914996199
  -3.61330585442040    0.02837942134941   -3.40165509287209
  -3.61806870417423    0.02841682945308   -3.40900204707488
  -3.62197454928056    0.02844750651959   -3.41475334593666
  -3.63011047328985    0.02851140723124   -3.42766485070113
  -3.63098019968249    0.02851823818681   -3.42924598927189
  -3.63818856024613    0.02857485368240   -3.44061398152577
  -3.64382359914749    0.02861911208447   -3.44872292631138
  -3.64706320442191    0.02864455640798   -3.45357394869296
  -3.65536276187247    0.02870974232010   -3.46636623980953
  -3.65704724142099    0.02872297246358   -3.46874333149992
  -3.66335207392911    0.02877249152050   -3.47938835765142
  -3.66977298479643    0.02882292227347   -3.48913032381988
  -3.67214817290341    0.02884157734082   -3.49240263668702
  -3.67969744058835    0.02890087036974   -3.50517383315349
  -3.68277335416096    0.02892502903519   -3.50931513930376
  -3.68840749513021    0.02896928038477   -3.51823191203100
  -3.69585157917316    0.02902774728631   -3.52945162505504
  -3.69728421754930    0.02903899943316   -3.53119347755425
  -3.70504303058572    0.02909993826126   -3.54381925929717
  -3.70900088240237    0.02913102379592   -3.54957017888389
  -3.71357351722454    0.02916693792428   -3.55700958110526
  -3.72149198344277    0.02922913069132   -3.56924299034243
  -3.72217105881973    0.02923446424653   -3.57012642149489
  -3.72995013427156    0.02929556221854   -3.58276728631506
  -3.73452789543187    0.02933151660990   -3.58942516184272
  -3.73861980919621    0.02936365508628   -3.59586792631287
  -3.74461152374355    0.02941071486992   -3.60864183268924
  -3.74699537972232    0.02942943801598   -3.62167019037670
  -3.74675694601136    0.02942756532349   -3.63460654204424
  -3.74596626671336    0.02942135521511   -3.64754312522362
  -3.74477345408489    0.02941198669400   -3.66049692518102
  -3.74437513734507    0.02940885825732   -3.67340059915852
  -3.74391139042230    0.02940521592261   -3.68633954205148
  -3.74359627349058    0.02940274094913   -3.69926443481041
  -3.74280262436826    0.02939650751532   -3.71219630026947
  -3.74200904687313    0.02939027464409   -3.72512829386658
  -3.74154656641521    0.02938664225638   -3.73806931120694
  -3.74123076778662    0.02938416192875   -3.75099317939080
  -3.74043740773296    0.02937793076534   -3.76392556359265
  -3.73997588799945    0.02937430592330   -3.77686813993848
  -3.73965957088999    0.02937182152344   -3.78979124605366
  -3.73919869293657    0.02936820172203   -3.80273486208193
  -3.73782561057762    0.02935741733666   -3.81558762140159
  -3.73467333797914    0.02933265893649   -3.82440638421629
  -3.73302374573020    0.02931970280286   -3.82839704759354
  -3.72340447801838    0.02924415169746   -3.84124777545871
  -3.72188035334207    0.02923218100410   -3.84293683355821
  -3.71080864716501    0.02914522223910   -3.85442942588136
  -3.70922206197239    0.02913276097192   -3.85607100027893
  -3.69873330834286    0.02905038079966   -3.86738414353232
  -3.69631030040604    0.02903135014853   -3.86980604103321
  -3.68581068557883    0.02894888467087   -3.88030094983480
  -3.68338771187722    0.02892985428862   -3.88272285084615
  -3.67365087576158    0.02885337978415   -3.89317686618413
  -3.67046636654279    0.02882836819295   -3.89644775608159
  -3.66077468428809    0.02875224833336   -3.90613539387888
  -3.65754414374921    0.02872687520558   -3.90936460647739
  -3.64785259721388    0.02865075641195   -3.91905225833864
  -3.64462210181327    0.02862538363870   -3.92228147566091
  -3.63493069046189    0.02854926590682   -3.93196914164567
  -3.63170024001975    0.02852389348668   -3.93519836371186
  -3.62276605480516    0.02845372311726   -3.94484343252244
  -3.61877962662176    0.02842241313974   -3.94892336092839
  -3.61064769686947    0.02835854379955   -3.95775771551843
  -3.60585919607888    0.02832093422897   -3.96264838413900
  -3.59778335005164    0.02825750537838   -3.97072147747621
  -3.59293787422508    0.02821944831771   -3.97556533574152
  -3.58486213902662    0.02815602033759   -3.98363844106192
  -3.58001672954604    0.02811796379801   -3.98848230654970
  -3.57209998432515    0.02805578454793   -3.99670697352972
  -3.56729788370864    0.02801806816237   -4.00160177495998
  -3.55982887278472    0.02795940548154   -4.00947321844271
  -3.55437709175453    0.02791658641302   -4.01451878256217
  -3.54690818053358    0.02785792451527   -4.02239024210149
  -3.54125543207497    0.02781352701981   -4.02804144569687
  -3.53398766265180    0.02775644491853   -4.03530728530156
  -3.52833499022201    0.02771204802021   -4.04095849748260
  -3.52180168409679    0.02766073449879   -4.04817231111808
  -3.51541580710256    0.02761057890688   -4.05468368645257
  -3.50895573845247    0.02755984060307   -4.06114223120925
  -3.50249571278860    0.02750910263689   -4.06760078092642
  -3.49603573000513    0.02745836500750   -4.07405933561755
  -3.48950147142288    0.02740704400535   -4.08127471211938
  -3.48392446765115    0.02736324141950   -4.08697726457599
  -3.47665712963294    0.02730616270654   -4.09424315730644
  -3.47100479190240    0.02726176843699   -4.09989441094994
  -3.46354404822321    0.02720317068828   -4.10777352845742
  -3.45870103962165    0.02716513300555   -4.11261926313345
  -3.45059105209275    0.02710143600273   -4.12150417327686
  -3.44597449772919    0.02706517692399   -4.12572957493713
  -3.43789999248237    0.02700175860409   -4.13380282896922
  -3.43317221617106    0.02696462597226   -4.13877477909010
  -3.42483938596750    0.02689917873117   -4.14735211230502
  -3.42076681027389    0.02686719213877   -4.15138651014420
  -3.41200016597393    0.02679833765968   -4.16040614370884
  -3.40802598669989    0.02676712388684   -4.16448208062741
  -3.39914437162019    0.02669736641078   -4.17336270457730
  -3.39510729737135    0.02666565865181   -4.17739935359618
  -3.38636915825835    0.02659702805654   -4.18642963636398
  -3.38299728163745    0.02657054485494   -4.19031746800563
  -3.37330849064443    0.02649444770374   -4.20000545491796
  -3.37007891128246    0.02646908212518   -4.20323478476094
  -3.36053779263607    0.02639414481372   -4.21307728426386
  -3.35736283775186    0.02636920826363   -4.21635457129406
  -3.34732781514067    0.02629039175974   -4.22730967290270
  -3.34505114200868    0.02627251044311   -4.22907030820926
  -3.33455534293615    0.02619007493494   -4.23956568140459
  -3.33213324729229    0.02617105144908   -4.24198769067315
  -3.32150370661731    0.02608756551522   -4.25315605628155
  -3.31988973211014    0.02607488912844   -4.25477146864372
  -3.30872108993764    0.02598716901426   -4.26620867471462
  -3.30710639900917    0.02597448700060   -4.26782335250501
  -3.29580364262527    0.02588571353420   -4.27912612136333
  -3.29418897131687    0.02587303167464   -4.28074080189221
  -3.28283930377490    0.02578388976130   -4.29282623555298
  -3.28204636570440    0.02577766191220   -4.29364706294820
  -3.26997034132414    0.02568281508829   -4.30576926256857
  -3.26916302491564    0.02567647430967   -4.30657660575632
  -3.25705336207456    0.02558136328447   -4.31868677883218
  -3.25624605528098    0.02557502258137   -4.31949412341882
  -3.24479562494347    0.02548508926261   -4.33226266330628
  -3.24398878859033    0.02547875225441   -4.33307047152380
  -3.23196216912249    0.02538429346375   -4.34531323936363
  -3.23116803944880    0.02537805625563   -4.34613218713241
  -3.21911288364003    0.02528337333646   -4.35824850329148
  -3.21830560494207    0.02527703285403   -4.35905585244539
  -3.20610257193366    0.02518118848617   -4.37096979251843
  -3.20528985076050    0.02517480525775   -4.37177028448784
  -3.19248507977876    0.02507423475373   -4.37987315330198
  -3.18373394289194    0.02500550207208   -4.38405160305815
  -3.17981147363023    0.02497469443708   -4.38588051946762
  -3.16690167708910    0.02487329904728   -4.39068046133978
  -3.15386901828438    0.02477093867967   -4.39602862026491
  -3.15145275873548    0.02475196103134   -4.39685323310628
  -3.14105337354941    0.02467028277163   -4.40034860246990
  -3.12812942108038    0.02456877619915   -4.40518270739120
  -3.11596418122769    0.02447322866415   -4.40988476275952
  -3.11510209690896    0.02446645773052   -4.41054417548158
  -3.10229352276657    0.02436585735593   -4.41487137180070
  -3.08935834002789    0.02426426257930   -4.41968514471443
  -3.08202454243547    0.02420666188333   -4.42277811258982
  -3.07634148947981    0.02416202637201   -4.42520240698001
  -3.06364401600558    0.02406229859796   -4.42970817006368
  -3.05062847516045    0.02396007267726   -4.43426171463166
  -3.04810619312357    0.02394026231313   -4.43555209000273
  -3.03764872877071    0.02385812789134   -4.43980269852834
  -3.02474375770851    0.02375677040154   -4.44466444319737
  -3.01425364317544    0.02367437954056   -4.44873562796569
  -3.01185821533558    0.02365556550745   -4.44961078921796
  -2.99894013018450    0.02355410501772   -4.45440702278166
  -2.98597569001522    0.02345228044905   -4.45916741816041
  -2.98027608470207    0.02340751493314   -4.46148834290284
  -2.97299454126767    0.02335032464880   -4.46458921349647
  -2.96013091643786    0.02324929189823   -4.46883618779081
  -2.94730732913313    0.02314857360811   -4.47394413637642
  -2.94641721716466    0.02314158254131   -4.47456036807873
  -2.93439702416234    0.02304717422503   -4.47880482489335
  -2.92140915781578    0.02294516566381   -4.48341352391629
  -2.91242264178051    0.02287458428064   -4.48730694162297
  -2.90843176444677    0.02284323935885   -4.48902136874913
  -2.89552238079057    0.02274184721190   -4.49381665544050
  -2.88273186321388    0.02264138865616   -4.49819768047830
  -2.87853978269152    0.02260846345573   -4.50025489199471
  -2.86977087633090    0.02253959121009   -4.50375096922260
  -2.85680455060013    0.02243775183195   -4.50839444097361
  -2.84460627694703    0.02234194484475   -4.51305321934250
  -2.84376979336519    0.02233537498297   -4.51378083640369
  -2.83099402191746    0.02223503224544   -4.51823443490055
  -2.81804230151273    0.02213330757961   -4.52289844702673
  -2.81067377545346    0.02207543412129   -4.52596103316259
  -2.80498680145862    0.02203076781357   -4.52839282432662
  -2.79213247311671    0.02192980807894   -4.53315026996759
  -2.77917397822432    0.02182803020532   -4.53797847476967
  -2.77675628247300    0.02180904127685   -4.53879762971723
  -2.76626213119867    0.02172661871072   -4.54292478078175
  -2.75344069653418    0.02162591732775   -4.54707236152037
  -2.74125145205758    0.02153018125699   -4.55176239153058
  -2.74041779210920    0.02152363357244   -4.55249745356440
  -2.72764764735662    0.02142333502777   -4.55695287079895
  -2.71476203825101    0.02132212960956   -4.56185732788530
  -2.70742391563401    0.02126449494422   -4.56490939492529
  -2.70174605418162    0.02121990020771   -4.56719438794603
  -2.68884167052823    0.02111854733150   -4.57124701921314
  -2.67582622108508    0.02101632212869   -4.57669638303628
  -2.67500166480660    0.02100984594566   -4.57745574495983
  -2.66266403651904    0.02091294444722   -4.58574618666703
  -2.65649984929278    0.02086453003847   -4.59083535639804
  -2.65583265540654    0.02085928980219   -4.60304709762396
      
      
