# shadow point cont 2D ind 21  size 1392
# norm  0.9864293 -0.1641868  0.0000000
# angle  0.1649336
   2.81393189  -4.60397765
   2.81704420  -4.59981214
   2.82457423  -4.59106086
   2.83025760  -4.58781001
   2.84306396  -4.58348379
   2.85595956  -4.57864658
   2.85682196  -4.57796679
   2.86893816  -4.57300077
   2.88180486  -4.56896949
   2.89226316  -4.56486463
   2.89474913  -4.56332231
   2.90769982  -4.55848664
   2.92048964  -4.55383466
   2.92390572  -4.55227549
   2.93361258  -4.54829978
   2.94645123  -4.54316329
   2.95770507  -4.53911016
   2.95935297  -4.53832379
   2.97227441  -4.53348594
   2.98521527  -4.52865007
   2.99082126  -4.52625286
   2.99814601  -4.52300842
   3.01114563  -4.51847920
   3.02388358  -4.51401924
   3.02471443  -4.51326690
   3.03691314  -4.50769771
   3.04990266  -4.50315134
   3.05629299  -4.50053712
   3.06272823  -4.49801355
   3.07566083  -4.49318363
   3.08854526  -4.48833344
   3.09017898  -4.48756958
   3.10149852  -4.48270324
   3.11444235  -4.47787940
   3.12321322  -4.47455336
   3.12737453  -4.47224296
   3.14039736  -4.46773658
   3.15313122  -4.46319433
   3.15638322  -4.46163939
   3.16611913  -4.45772527
   3.17902023  -4.45288063
   3.18867670  -4.44878095
   3.19196748  -4.44724931
   3.20491885  -4.44243132
   3.21760559  -4.43838616
   3.22258463  -4.43586364
   3.23069856  -4.43253877
   3.24365833  -4.42790862
   3.25492712  -4.42305634
   3.25659275  -4.42227204
   3.26951848  -4.41743829
   3.28246021  -4.41261477
   3.28808925  -4.41022130
   3.29536901  -4.40696262
   3.30821501  -4.40270300
   3.32113403  -4.39786562
   3.32198022  -4.39716321
   3.33427210  -4.39198014
   3.34700211  -4.38737666
   3.35345898  -4.38428307
   3.35995511  -4.38115471
   3.37282490  -4.37468905
   3.37757991  -4.37138091
   3.38569160  -4.36500324
   3.39292498  -4.35855057
   3.39857685  -4.35289894
   3.40584359  -4.34563257
   3.41149553  -4.33998096
   3.41869582  -4.33267971
   3.42426280  -4.32695109
   3.43087272  -4.31979575
   3.43729599  -4.31334609
   3.44364997  -4.30673575
   3.45010674  -4.30027395
   3.45590248  -4.29395901
   3.46312729  -4.28670255
   3.46866897  -4.28088795
   3.47593313  -4.27361855
   3.48088420  -4.26809322
   3.48883246  -4.25990214
   3.49368898  -4.25504060
   3.50176060  -4.24696363
   3.50660363  -4.24211748
   3.51467542  -4.23404059
   3.51883990  -4.22933976
   3.52757699  -4.22032297
   3.53162522  -4.21627085
   3.54068594  -4.20676100
   3.54387560  -4.20350449
   3.55340783  -4.19366785
   3.55664790  -4.19042473
   3.56633490  -4.18073285
   3.56887000  -4.17764415
   3.57917460  -4.16692668
   3.58159610  -4.16450342
   3.59208936  -4.15400264
   3.59451091  -4.15157939
   3.60508611  -4.14035347
   3.60667191  -4.13873265
   3.61791826  -4.12734637
   3.61953269  -4.12573089
   3.63092808  -4.11370996
   3.63171017  -4.11290049
   3.64374817  -4.10069046
   3.64455542  -4.09988273
   3.65666418  -4.08776686
   3.65745370  -4.08697299
   3.66888420  -4.07414812
   3.66969185  -4.07334077
   3.68180656  -4.06123056
   3.68261421  -4.06042321
   3.69392033  -4.04831217
   3.69553565  -4.04669748
   3.70684304  -4.03539466
   3.70864808  -4.03316811
   3.71895715  -4.02247631
   3.72138021  -4.02005428
   3.73127359  -4.00976052
   3.73449258  -4.00652331
   3.74399467  -3.99664053
   3.74722551  -3.99341117
   3.75631146  -3.98392478
   3.76035007  -3.97988809
   3.76916404  -3.97094564
   3.77305969  -3.96678327
   3.78195671  -3.95788743
   3.78599544  -3.95385074
   3.79421259  -3.94511561
   3.79890867  -3.94013728
   3.80699603  -3.93205185
   3.81204372  -3.92660221
   3.81925977  -3.91928460
   3.82475800  -3.91349204
   3.83203608  -3.90621634
   3.83789170  -3.89995940
   3.84430621  -3.89345288
   3.85060778  -3.88684736
   3.85695735  -3.88030232
   3.86352686  -3.87231911
   3.86650622  -3.86742509
   3.87141577  -3.85460839
   3.87375393  -3.84168698
   3.87528367  -3.82877337
   3.87598438  -3.82310891
   3.87684925  -3.81575206
   3.87767800  -3.80290653
   3.87847086  -3.78997302
   3.87933659  -3.77702191
   3.88045976  -3.76413129
   3.88125283  -3.75119818
   3.88204598  -3.73826520
   3.88283920  -3.72533235
   3.88363249  -3.71239964
   3.88442585  -3.69946705
   3.88555282  -3.68653451
   3.88624245  -3.67353210
   3.88673509  -3.66066842
   3.88712405  -3.64773629
   3.88587646  -3.63482182
   3.88142363  -3.62207334
   3.87600380  -3.61153975
   3.87432250  -3.60908270
   3.86626439  -3.59610135
   3.86304171  -3.59045768
   3.85815580  -3.58316673
   3.85079503  -3.57029294
   3.85008338  -3.56941033
   3.84272205  -3.55732246
   3.83692500  -3.54771331
   3.83465455  -3.54435232
   3.82726798  -3.53150903
   3.82395946  -3.52668923
   3.81899695  -3.51862412
   3.81173046  -3.50570479
   3.81099852  -3.50484602
   3.80303794  -3.49261493
   3.79820891  -3.48453630
   3.79495070  -3.47966557
   3.78758891  -3.46679259
   3.78508133  -3.46278020
   3.77955564  -3.45379263
   3.77247097  -3.44233844
   3.77157142  -3.44079498
   3.76332605  -3.42794218
   3.75913857  -3.42076897
   3.75525179  -3.41498408
   3.74800920  -3.40201417
   3.74635752  -3.39882274
   3.73983149  -3.38913519
   3.73337653  -3.37866960
   3.73175818  -3.37617786
   3.72439531  -3.36330557
   3.72043334  -3.35759398
   3.71555780  -3.35030777
   3.70819467  -3.33743564
   3.70730491  -3.33585708
   3.70015980  -3.32444402
   3.69448857  -3.31480372
   3.69206711  -3.31150460
   3.68473068  -3.29860735
   3.68156390  -3.29371155
   3.67617540  -3.28546377
   3.66912453  -3.27288200
   3.66841723  -3.27200783
   3.66046342  -3.25978151
   3.65562745  -3.25170251
   3.65238093  -3.24683637
   3.64508393  -3.23390863
   3.64286735  -3.23054476
   3.63699280  -3.22097070
   3.62972236  -3.20884511
   3.62900627  -3.20797448
   3.62130814  -3.19526648
   3.61677777  -3.18781668
   3.61294262  -3.18202710
   3.60538134  -3.16926238
   3.60363034  -3.16611733
   3.59736701  -3.15627683
   3.59121539  -3.14546077
   3.58960564  -3.14312690
   3.58189836  -3.13046727
   3.57789570  -3.12397846
   3.57383135  -3.11751500
   3.56641490  -3.10469486
   3.56475334  -3.10228144
   3.55763147  -3.09165766
   3.55202565  -3.08192303
   3.54978421  -3.07857531
   3.54220612  -3.06582658
   3.53904069  -3.06093212
   3.53411032  -3.05289605
   3.52660580  -3.04010769
   3.52589877  -3.03923377
   3.51791088  -3.02704211
   3.51296226  -3.01901161
   3.50978002  -3.01414226
   3.50089076  -3.00119970
   3.50011744  -3.00040555
   3.48734679  -2.98887272
   3.48647884  -2.98815011
   3.47422027  -2.97942952
   3.46860735  -2.97532295
   3.46127694  -2.96974226
   3.45087135  -2.96231435
   3.44833814  -2.96003314
   3.43539551  -2.95034523
   3.43384912  -2.94943386
   3.42246362  -2.94142448
   3.41596779  -2.93664354
   3.40932915  -2.93199187
   3.39810201  -2.92378279
   3.39638865  -2.92229378
   3.38363521  -2.91321770
   3.38029655  -2.91088260
   3.37051382  -2.90365439
   3.36261236  -2.89781002
   3.35757189  -2.89399610
   3.34549065  -2.88505010
   3.34463336  -2.88430655
   3.33188403  -2.87517877
   3.32772604  -2.87210696
   3.31895543  -2.86625964
   3.31001108  -2.85903512
   3.30600830  -2.85578145
   3.29307316  -2.84688519
   3.29220548  -2.84616274
   3.27994911  -2.83740571
   3.27437480  -2.83327975
   3.26701040  -2.82774266
   3.25662039  -2.82028635
   3.25426331  -2.81859858
   3.24118982  -2.80908170
   3.23880300  -2.80741282
   3.22839400  -2.80000401
   3.22169661  -2.79463457
   3.21526711  -2.78974850
   3.20404584  -2.78153807
   3.20252011  -2.78061596
   3.18941979  -2.77105762
   3.18624443  -2.76864045
   3.17646228  -2.76146476
   3.16847533  -2.75567891
   3.16352655  -2.75178534
   3.15145919  -2.74282439
   3.15059170  -2.74210206
   3.13785423  -2.73373170
   3.13224422  -2.72962684
   3.12491460  -2.72404714
   3.11508648  -2.71696952
   3.11179590  -2.71457423
   3.09903938  -2.70467407
   3.09746844  -2.70379331
   3.08593307  -2.69597532
   3.07953426  -2.69108078
   3.07299889  -2.68628611
   3.06195728  -2.67786973
   3.06024716  -2.67637768
   3.04718786  -2.66687350
   3.04476321  -2.66525748
   3.03439173  -2.65858728
   3.02621195  -2.65225306
   3.02126658  -2.64833382
   3.00989424  -2.63957388
   3.00833039  -2.63867768
   2.99543237  -2.62966080
   2.99143101  -2.62645134
   2.98247362  -2.62005266
   2.97366103  -2.61350442
   2.96953923  -2.61037838
   2.95679504  -2.60123943
   2.95592780  -2.60051726
   2.94368431  -2.59176687
   2.93810847  -2.58764038
   2.93074772  -2.58210542
   2.92036713  -2.57465420
   2.91800431  -2.57296387
   2.90494016  -2.56345191
   2.90322094  -2.56197635
   2.89195774  -2.55383691
   2.88545507  -2.54901690
   2.87902681  -2.54415364
   2.86765053  -2.53618110
   2.86596559  -2.53461483
   2.85320886  -2.52545130
   2.85002029  -2.52302556
   2.84043951  -2.51640287
   2.83226199  -2.51006996
   2.82731335  -2.50617676
   2.81507325  -2.49743938
   2.81424553  -2.49665775
   2.80165545  -2.48813105
   2.79666847  -2.48429666
   2.78853162  -2.47870668
   2.77880492  -2.47145462
   2.77559677  -2.46906350
   2.76285969  -2.46149295
   2.75864328  -2.45858418
   2.74974940  -2.45368224
   2.73770056  -2.44553651
   2.73681696  -2.44486296
   2.72406382  -2.43809559
   2.71503083  -2.43269767
   2.71096675  -2.43032259
   2.69805522  -2.42296147
   2.69322438  -2.41976049
   2.68511757  -2.41495554
   2.67291814  -2.40704173
   2.67208129  -2.40628528
   2.65927288  -2.39957568
   2.65040649  -2.39392615
   2.64634524  -2.39151904
   2.63358045  -2.38399279
   2.62930673  -2.38116564
   2.62049875  -2.37616404
   2.60829119  -2.36828177
   2.60745326  -2.36752741
   2.59466403  -2.36076988
   2.58661796  -2.35510107
   2.58189572  -2.35247570
   2.56880726  -2.34465419
   2.56477347  -2.34227136
   2.55588240  -2.33739652
   2.54365366  -2.32950737
   2.54281619  -2.32874713
   2.53003502  -2.32125286
   2.52200386  -2.31633467
   2.51710798  -2.31320814
   2.50419497  -2.30588874
   2.50019311  -2.30342264
   2.49126741  -2.29783713
   2.47922461  -2.29046119
   2.47834129  -2.28978778
   2.46543617  -2.28244823
   2.45816964  -2.27764340
   2.45249794  -2.27444375
   2.43964827  -2.26700800
   2.43566373  -2.26453112
   2.42665993  -2.25907402
   2.41529787  -2.25187576
   2.41373395  -2.25102474
   2.40081938  -2.24372632
   2.39278935  -2.23880869
   2.38789237  -2.23568159
   2.37504808  -2.22825012
   2.37176727  -2.22594349
   2.36205688  -2.22031312
   2.35069628  -2.21311568
   2.34913101  -2.21226388
   2.33623168  -2.20492763
   2.32901850  -2.20000992
   2.32346363  -2.19661518
   2.31052854  -2.18936347
   2.30716725  -2.18718409
   2.29746561  -2.18153150
   2.28614208  -2.17434449
   2.28453234  -2.17350516
   2.27163591  -2.16617060
   2.26442263  -2.16125271
   2.25886664  -2.15785730
   2.24576933  -2.15012105
   2.24329810  -2.14853944
   2.23303485  -2.14251164
   2.22168055  -2.13534694
   2.22011032  -2.13444212
   2.20719473  -2.12717341
   2.19983089  -2.12249758
   2.19410076  -2.11860068
   2.18125944  -2.11119789
   2.17880162  -2.10964249
   2.16845940  -2.10374686
   2.15781010  -2.09672466
   2.15534687  -2.09518672
   2.14244680  -2.08787431
   2.13601195  -2.08380695
   2.12951189  -2.07984687
   2.11667191  -2.07244478
   2.11421424  -2.07088945
   2.10368988  -2.06447435
   2.09322399  -2.05797227
   2.09076033  -2.05643409
   2.07786253  -2.04912298
   2.07142713  -2.04505521
   2.06494596  -2.04105007
   2.05216279  -2.03272954
   2.05054830  -2.03192219
   2.03910749  -2.02572390
   2.02934182  -2.01939983
   2.02617758  -2.01768338
   2.01328205  -2.01037357
   2.00754620  -2.00648339
   2.00036622  -2.00230106
   1.98758120  -1.99397947
   1.98596680  -1.99317217
   1.97452880  -1.98697534
   1.96484165  -1.98050959
   1.96177098  -1.97862815
   1.94886878  -1.97135629
   1.94304489  -1.96761264
   1.93560341  -1.96302600
   1.92300318  -1.95523122
   1.92138887  -1.95442395
   1.90995368  -1.94822861
   1.90018803  -1.94190443
   1.89703631  -1.94016114
   1.88411602  -1.93209939
   1.87921475  -1.92896041
   1.87120142  -1.92402750
   1.85845167  -1.91647232
   1.85756890  -1.91579921
   1.84537303  -1.90869101
   1.83576588  -1.90292205
   1.83245041  -1.90063512
   1.81954517  -1.89335480
   1.81464469  -1.89021632
   1.80663123  -1.88528326
   1.79388153  -1.87772806
   1.79299880  -1.87705498
   1.78080415  -1.86994746
   1.77188112  -1.86436559
   1.76788158  -1.86189155
   1.75501822  -1.85456042
   1.75016011  -1.85133998
   1.74207548  -1.84652449
   1.72931461  -1.83898548
   1.72843192  -1.83831243
   1.71625650  -1.83118118
   1.70747435  -1.82540169
   1.70346271  -1.82285439
   1.69045582  -1.81582082
   1.68559563  -1.81259871
   1.67751231  -1.80778403
   1.66528826  -1.79990097
   1.66441307  -1.79920266
   1.65186425  -1.79216604
   1.64285337  -1.78669608
   1.63875328  -1.78440932
   1.62567327  -1.77662055
   1.62164404  -1.77417674
   1.61296702  -1.76902916
   1.60089927  -1.76087047
   1.60001667  -1.76019746
   1.58712320  -1.75291059
   1.57909884  -1.74799590
   1.57436604  -1.74536419
   1.56131323  -1.73756328
   1.55730420  -1.73509185
   1.54856647  -1.73002472
   1.53634120  -1.72213259
   1.53545864  -1.72145961
   1.52274847  -1.71469070
   1.51454271  -1.70925919
   1.50963626  -1.70612628
   1.49686615  -1.69876120
   1.49281765  -1.69622165
   1.48383097  -1.69077410
   1.47178583  -1.68339619
   1.47090331  -1.68272323
   1.45820125  -1.67594474
   1.44998925  -1.67052394
   1.44510236  -1.66736856
   1.43231364  -1.65982994
   1.42897152  -1.65766001
   1.41927858  -1.65203943
   1.40723303  -1.64466120
   1.40635054  -1.64398826
   1.39346170  -1.63670426
   1.38613163  -1.63197134
   1.38055163  -1.62863484
   1.36759938  -1.62061084
   1.36442052  -1.61892603
   1.35474694  -1.61329090
   1.34268267  -1.60592758
   1.34180022  -1.60525466
   1.32894537  -1.59794746
   1.32172840  -1.59302509
   1.31617008  -1.58958682
   1.30313900  -1.58171785
   1.30065133  -1.58022958
   1.29020015  -1.57455957
   1.27956953  -1.56751398
   1.27707944  -1.56602177
   1.26440014  -1.55921725
   1.25718277  -1.55429444
   1.25143340  -1.55038427
   1.23860983  -1.54299145
   1.23615372  -1.54143698
   1.22564357  -1.53503063
   1.21449058  -1.52832615
   1.21270611  -1.52698443
   1.19983814  -1.51969234
   1.19339315  -1.51561697
   1.18692954  -1.51162382
   1.17441722  -1.50349219
   1.17185621  -1.50215917
   1.16110066  -1.49630148
   1.15063346  -1.48979750
   1.14816236  -1.48825464
   1.13529649  -1.48096406
   1.12885064  -1.47688798
   1.12234546  -1.47292444
   1.10934565  -1.46502257
   1.10776779  -1.46415645
   1.09655971  -1.45757352
   1.08679198  -1.45124714
   1.08362054  -1.44952602
   1.07075675  -1.44223695
   1.06431003  -1.43816014
   1.05784892  -1.43416891
   1.04512083  -1.42572918
   1.04354350  -1.42485825
   1.03200452  -1.41804906
   1.02309736  -1.41247847
   1.01908026  -1.40999164
   1.00618918  -1.40271984
   1.00060812  -1.39940539
   0.99328148  -1.39465186
   0.98059117  -1.38698577
   0.97966249  -1.38639535
   0.96771535  -1.37971588
   0.95788631  -1.37355528
   0.95454193  -1.37126523
   0.94171939  -1.36396563
   0.93683310  -1.36072113
   0.92874445  -1.35592632
   0.91652917  -1.34804075
   0.91564690  -1.34736796
   0.90296122  -1.34058343
   0.89406772  -1.33491428
   0.89003473  -1.33252436
   0.87743267  -1.32482809
   0.87238050  -1.32180983
   0.86422941  -1.31719249
   0.85199325  -1.30931595
   0.85111101  -1.30864317
   0.83842734  -1.30186019
   0.82953245  -1.29618992
   0.82550047  -1.29380075
   0.81253180  -1.28576624
   0.80846656  -1.28344781
   0.79969599  -1.27846950
   0.78745869  -1.27059209
   0.78657646  -1.26991933
   0.77394459  -1.26311446
   0.76587295  -1.25739325
   0.76120379  -1.25461589
   0.74808517  -1.24699898
   0.74471199  -1.24475492
   0.73499953  -1.23920575
   0.72313404  -1.23149851
   0.72221561  -1.23089009
   0.70964323  -1.22394202
   0.70135031  -1.21865672
   0.69640264  -1.21556252
   0.68375982  -1.20821440
   0.67966801  -1.20553010
   0.67065871  -1.20019535
   0.65926265  -1.19299121
   0.65768541  -1.19216442
   0.64482263  -1.18487684
   0.63748319  -1.18016400
   0.63187590  -1.17683174
   0.61904244  -1.16953089
   0.61494205  -1.16712184
   0.60602405  -1.16233549
   0.59311934  -1.15587933
   0.59057379  -1.15448742
   0.58014160  -1.15028077
   0.56727453  -1.14541365
   0.55764751  -1.14124267
   0.55429553  -1.13982289
   0.54142358  -1.13576026
   0.52871897  -1.13079534
   0.52298681  -1.12820998
   0.51557676  -1.12530210
   0.50273898  -1.12121447
   0.49055639  -1.11572559
   0.48966665  -1.11513982
   0.47685821  -1.11078146
   0.46390139  -1.10619383
   0.45588856  -1.10277460
   0.45104594  -1.10110111
   0.43806585  -1.09654835
   0.42536708  -1.09131212
   0.42275757  -1.09001681
   0.41223178  -1.08609965
   0.39949494  -1.08167278
   0.38804557  -1.07712308
   0.38642031  -1.07641972
   0.37351459  -1.07157977
   0.36084875  -1.06709861
   0.35427671  -1.06402647
   0.34779915  -1.06156772
   0.33479754  -1.05706003
   0.32198499  -1.05199640
   0.32034389  -1.05125925
   0.30913181  -1.04699258
   0.29624755  -1.04213299
   0.28734195  -1.03827770
   0.28327384  -1.03654589
   0.27041855  -1.03246343
   0.25762066  -1.02754952
   0.25258889  -1.02538526
   0.24445791  -1.02237437
   0.23172669  -1.01791771
   0.21953621  -1.01247380
   0.21864648  -1.01188806
   0.20584443  -1.00748709
   0.19289295  -1.00294957
   0.18562583  -0.99965614
   0.17990484  -0.99740819
   0.16705264  -0.99330100
   0.15439394  -0.98799971
   0.15173690  -0.98676575
   0.14121308  -0.98284964
   0.12850945  -0.97835562
   0.11797303  -0.97373171
   0.11551054  -0.97277747
   0.10249641  -0.96833059
   0.08965256  -0.96342786
   0.08401200  -0.96091792
   0.07679627  -0.95824740
   0.06382512  -0.95376402
   0.05118540  -0.94792604
   0.05024001  -0.94756223
   0.03808206  -0.94371716
   0.02496578  -0.93874718
   0.01635776  -0.93499328
   0.01227237  -0.93322349
  -0.00057092  -0.92914161
  -0.01344976  -0.92428262
  -0.01836872  -0.92213038
  -0.02644180  -0.91869300
  -0.03922801  -0.91457992
  -0.05146290  -0.90917854
  -0.05237104  -0.90864186
  -0.06509189  -0.90411761
  -0.07799604  -0.89927412
  -0.08538872  -0.89640214
  -0.09108795  -0.89412324
  -0.10380436  -0.88958711
  -0.11675306  -0.88477213
  -0.12006011  -0.88347605
  -0.12980496  -0.87960470
  -0.14268742  -0.87474390
  -0.15323576  -0.87071458
  -0.15561637  -0.86992571
  -0.16852209  -0.86508623
  -0.18139706  -0.86022017
  -0.18785961  -0.85771830
  -0.19442539  -0.85552920
  -0.20737675  -0.85337567
  -0.22015846  -0.85464715
  -0.23300517  -0.85799730
  -0.23383314  -0.85873501
  -0.24604804  -0.86320548
  -0.25884047  -0.86676743
  -0.27172075  -0.87091727
  -0.27334475  -0.87168939
  -0.28474358  -0.87615515
  -0.29757032  -0.88048668
  -0.30966806  -0.88444323
  -0.31055735  -0.88502878
  -0.32337908  -0.88936710
  -0.33627420  -0.89340697
  -0.34765864  -0.89722791
  -0.34927825  -0.89793607
  -0.36218507  -0.90277621
  -0.37500826  -0.90712358
  -0.38458891  -0.91037160
  -0.38786794  -0.91129021
  -0.40081347  -0.91600540
  -0.41368795  -0.92005209
  -0.42255338  -0.92330055
  -0.42662647  -0.92488048
  -0.43964777  -0.92935308
  -0.45251396  -0.93346654
  -0.45963900  -0.93618697
  -0.46534669  -0.93859425
  -0.47825365  -0.94262783
  -0.49111174  -0.94669476
  -0.49751645  -0.94917004
  -0.50405247  -0.95166180
  -0.51708882  -0.95597427
  -0.52996884  -0.96007072
  -0.53545744  -0.96202339
  -0.54278803  -0.96521562
  -0.55569514  -0.96924929
  -0.56850188  -0.97334400
  -0.57338466  -0.97501199
  -0.58150918  -0.97812323
  -0.59441638  -0.98215694
  -0.60733005  -0.98690241
  -0.61048145  -0.98789844
  -0.62023032  -0.99183753
  -0.63312657  -0.99588283
  -0.64598080  -1.00011055
  -0.64840286  -1.00091105
  -0.65895200  -1.00474542
  -0.67182109  -1.00881728
  -0.68466550  -1.01302964
  -0.68550158  -1.01375743
  -0.69767370  -1.01846001
  -0.71058355  -1.02249107
  -0.72269972  -1.02642896
  -0.72358906  -1.02701455
  -0.73639599  -1.03136819
  -0.74940733  -1.03588071
  -0.76052573  -1.03955215
  -0.76217998  -1.04027693
  -0.77511833  -1.04508310
  -0.78793802  -1.04855827
  -0.79760845  -1.05249942
  -0.80093351  -1.05395760
  -0.81384129  -1.05799159
  -0.82683807  -1.06255268
  -0.83557338  -1.06538593
  -0.83965671  -1.06686619
  -0.85266789  -1.07138846
  -0.86537766  -1.07520403
  -0.87343052  -1.07838184
  -0.87838002  -1.08058153
  -0.89128806  -1.08461563
  -0.90415650  -1.08869871
  -0.91061590  -1.09113224
  -0.91707651  -1.09352648
  -0.93001190  -1.09833120
  -0.94294357  -1.10232483
  -0.94773835  -1.10397982
  -0.95582812  -1.10720614
  -0.96873644  -1.11124035
  -0.98155948  -1.11537141
  -0.98641250  -1.11706828
  -0.99452717  -1.12015227
  -1.00735510  -1.12445739
  -1.02024109  -1.12930364
  -1.02265531  -1.13012696
  -1.03319548  -1.13473675
  -1.04610410  -1.14119127
  -1.04927162  -1.14287588
  -1.05897789  -1.14848004
  -1.07175470  -1.15512188
  -1.07258555  -1.15588994
  -1.08471503  -1.16320397
  -1.09368604  -1.16858656
  -1.09770836  -1.17106744
  -1.11059932  -1.17834195
  -1.11617980  -1.18165901
  -1.12343574  -1.18580425
  -1.13632388  -1.19297841
  -1.13874432  -1.19459204
  -1.14924980  -1.20114002
  -1.16047981  -1.20752518
  -1.16212959  -1.20840110
  -1.17506444  -1.21566919
  -1.18315642  -1.22037836
  -1.18807129  -1.22351102
  -1.20093299  -1.23080762
  -1.20494919  -1.23327979
  -1.21375556  -1.23826613
  -1.22666702  -1.24553150
  -1.22750923  -1.24627514
  -1.23969199  -1.25337841
  -1.25002056  -1.25924483
  -1.25248238  -1.26086772
  -1.26541751  -1.26813480
  -1.27184619  -1.27207646
  -1.27832522  -1.27620610
  -1.29125975  -1.28335132
  -1.29443245  -1.28505664
  -1.30426670  -1.29127662
  -1.31628439  -1.29787596
  -1.31716652  -1.29854863
  -1.33005008  -1.30583445
  -1.33878919  -1.31089488
  -1.34298629  -1.31387923
  -1.35577461  -1.32060081
  -1.36063224  -1.32369354
  -1.36866840  -1.32867201
  -1.38156475  -1.33593616
  -1.38316956  -1.33675912
  -1.39461183  -1.34374951
  -1.40568654  -1.34971468
  -1.40735505  -1.35057477
  -1.42040582  -1.35829832
  -1.42755368  -1.36254498
  -1.43320025  -1.36580250
  -1.44613608  -1.37306725
  -1.45011718  -1.37547691
  -1.45904506  -1.38113868
  -1.47190296  -1.38759547
  -1.47276002  -1.38832187
  -1.48484016  -1.39566907
  -1.49455706  -1.40124692
  -1.49791203  -1.40344635
  -1.51064132  -1.41019847
  -1.51708963  -1.41422093
  -1.52375592  -1.41874829
  -1.53656053  -1.42536897
  -1.53901693  -1.42692347
  -1.54954902  -1.43331259
  -1.56139952  -1.44008354
  -1.56229573  -1.44087249
  -1.57520263  -1.44813703
  -1.58406667  -1.45301328
  -1.58811875  -1.45539811
  -1.60098608  -1.46266638
  -1.60587355  -1.46585298
  -1.61412376  -1.47121671
  -1.62685382  -1.47799339
  -1.62845051  -1.47883126
  -1.63992503  -1.48577342
  -1.65020777  -1.49172714
  -1.65270831  -1.49331114
  -1.66572602  -1.50032699
  -1.67287035  -1.50457215
  -1.67867402  -1.50835234
  -1.69144435  -1.51510005
  -1.69473518  -1.51734672
  -1.70433798  -1.52317971
  -1.71715437  -1.52979280
  -1.71798632  -1.53055518
  -1.73012251  -1.53772390
  -1.73975325  -1.54345947
  -1.74309336  -1.54576595
  -1.75608647  -1.55281506
  -1.76166067  -1.55620258
  -1.76907974  -1.56077641
  -1.78188005  -1.56740526
  -1.78430126  -1.56901930
  -1.79472366  -1.57563818
  -1.80603373  -1.58204759
  -1.80762918  -1.58290586
  -1.82071203  -1.59067408
  -1.82788435  -1.59484561
  -1.83348346  -1.59822317
  -1.84651003  -1.60524485
  -1.85052013  -1.60771125
  -1.85945265  -1.61327204
  -1.87219685  -1.62003123
  -1.87307926  -1.62070405
  -1.88527232  -1.62781380
  -1.89487580  -1.63358668
  -1.89805117  -1.63534844
  -1.91108089  -1.64237216
  -1.91745189  -1.64652976
  -1.92387893  -1.65068295
  -1.93695435  -1.65762413
  -1.94009338  -1.65939295
  -1.94985968  -1.66571623
  -1.96188586  -1.67232032
  -1.96276832  -1.67299316
  -1.97566648  -1.68028853
  -1.98438701  -1.68538548
  -1.98842560  -1.68782827
  -2.00136543  -1.69507436
  -2.00632148  -1.69807548
  -2.01441838  -1.70287655
  -2.02717066  -1.71042829
  -2.02948837  -1.71142084
  -2.04009265  -1.71768808
  -2.05122338  -1.72428496
  -2.05302530  -1.72574543
  -2.06591357  -1.73222451
  -2.07394914  -1.73708963
  -2.07883255  -1.74029354
  -2.09177180  -1.74753921
  -2.09576713  -1.74997939
  -2.10467318  -1.75562289
  -2.11744460  -1.76232969
  -2.11829071  -1.76306746
  -2.13049906  -1.77015772
  -2.14010035  -1.77588313
  -2.14343527  -1.77821195
  -2.15649338  -1.78521012
  -2.16208604  -1.78853586
  -2.16926798  -1.79274192
  -2.18225582  -1.79985927
  -2.18471329  -1.80141429
  -2.19524740  -1.80780378
  -2.20728019  -1.81439281
  -2.20815542  -1.81509104
  -2.22093486  -1.82260938
  -2.22910083  -1.82727259
  -2.23400297  -1.83039525
  -2.24676921  -1.83714009
  -2.25168030  -1.84023054
  -2.25966269  -1.84523555
  -2.27258345  -1.85249849
  -2.27346613  -1.85317145
  -2.28566651  -1.86028524
  -2.29596209  -1.86625044
  -2.29841922  -1.86783674
  -2.31135731  -1.87508161
  -2.31792648  -1.87891268
  -2.32442786  -1.88286869
  -2.33735483  -1.89009722
  -2.34050855  -1.89187496
  -2.35010019  -1.89769940
  -2.36285008  -1.90445371
  -2.36372197  -1.90514604
  -2.37609163  -1.91277463
  -2.38481504  -1.91787288
  -2.38902914  -1.92077494
  -2.40193478  -1.92729366
  -2.40753056  -1.93062129
  -2.41485415  -1.93536691
  -2.42760725  -1.94291841
  -2.42920067  -1.94376418
  -2.44053193  -1.95017920
  -2.45185618  -1.95659652
  -2.45344676  -1.95745147
  -2.46636415  -1.96472104
  -2.47441073  -1.96959321
  -2.47930414  -1.97276940
  -2.49236256  -1.97981014
  -2.49636789  -1.98227220
  -2.50529869  -1.98783089
  -2.51803039  -1.99461200
  -2.51890587  -1.99531036
  -2.53097084  -2.00266369
  -2.54070681  -2.00823418
  -2.54388991  -2.00993314
  -2.55680075  -2.01721267
  -2.56326778  -2.02123474
  -2.56974822  -2.02525144
  -2.58275039  -2.03237612
  -2.58590967  -2.03410996
  -2.59556986  -2.03981614
  -2.60761411  -2.04721026
  -2.60849708  -2.04788336
  -2.62141677  -2.05515399
  -2.62955416  -2.05989044
  -2.63451344  -2.06291879
  -2.64723619  -2.06971945
  -2.65212358  -2.07288865
  -2.66019296  -2.07775012
  -2.67310861  -2.08502862
  -2.67470243  -2.08587456
  -2.68620496  -2.09278617
  -2.69666456  -2.09853215
  -2.69912026  -2.10010244
  -2.71189149  -2.10761555
  -2.71917364  -2.11163118
  -2.72497327  -2.11540797
  -2.73789931  -2.12263580
  -2.74106718  -2.12442141
  -2.75065357  -2.13024209
  -2.76286134  -2.13734665
  -2.76374446  -2.13801983
  -2.77666897  -2.14528390
  -2.78545435  -2.15033692
  -2.78942055  -2.15286345
  -2.80235757  -2.16010752
  -2.80803890  -2.16329493
  -2.81544333  -2.16786024
  -2.82829512  -2.17451902
  -2.83071860  -2.17613413
  -2.84129283  -2.18320474
  -2.85182007  -2.18894333
  -2.85421709  -2.19051479
  -2.86714211  -2.19778955
  -2.87502617  -2.20216561
  -2.87990724  -2.20533453
  -2.89298560  -2.21238591
  -2.89698867  -2.21484599
  -2.90592046  -2.22037942
  -2.91867381  -2.22716754
  -2.91955709  -2.22784080
  -2.93177086  -2.23496133
  -2.94139807  -2.24074879
  -2.94469913  -2.24301400
  -2.95744652  -2.24979749
  -2.96391936  -2.25382275
  -2.97039074  -2.25783440
  -2.98340767  -2.26496613
  -2.98656834  -2.26670059
  -2.99640703  -2.27291378
  -3.00828375  -2.27980500
  -3.00917239  -2.28045101
  -3.02226059  -2.28748041
  -3.03099007  -2.29258141
  -3.03501857  -2.29501723
  -3.04795586  -2.30226140
  -3.05290014  -2.30537053
  -3.06087964  -2.31035303
  -3.07380386  -2.31763548
  -3.07539840  -2.31848175
  -3.08672662  -2.32492082
  -3.09721956  -2.33140741
  -3.09967014  -2.33295738
  -3.11275948  -2.34001436
  -3.11989360  -2.34424954
  -3.12569289  -2.34802592
  -3.13855133  -2.35544039
  -3.14171262  -2.35717513
  -3.15138334  -2.36286457
  -3.16413784  -2.36964533
  -3.16502140  -2.37031872
  -3.17741383  -2.37791090
  -3.18621441  -2.38297548
  -3.19017831  -2.38546852
  -3.20327470  -2.39248536
  -3.20888136  -2.39581901
  -3.21603971  -2.40001139
  -3.22907283  -2.40716450
  -3.23149753  -2.40878019
  -3.24188052  -2.41542986
  -3.25154411  -2.42194760
  -3.25481916  -2.42430048
  -3.26812589  -2.43349722
  -3.26960011  -2.43449965
  -3.28084585  -2.44271110
  -3.28719935  -2.44768839
  -3.29361077  -2.45258984
  -3.30501013  -2.46056793
  -3.30672902  -2.46201710
  -3.31961666  -2.47106274
  -3.32281224  -2.47345832
  -3.33259121  -2.48063529
  -3.34050824  -2.48652858
  -3.34534127  -2.49056841
  -3.35808771  -2.49892102
  -3.35895499  -2.49964304
  -3.37139444  -2.50891175
  -3.37614814  -2.51227292
  -3.38414353  -2.51804068
  -3.39388876  -2.52527535
  -3.39707355  -2.52774720
  -3.40982734  -2.53689310
  -3.41156204  -2.53833721
  -3.42295402  -2.54630634
  -3.42948044  -2.55110119
  -3.43588983  -2.55600164
  -3.44729388  -2.56398211
  -3.44881403  -2.56491969
  -3.46177539  -2.57451508
  -3.46509895  -2.57687414
  -3.47488098  -2.58405275
  -3.48280255  -2.58994883
  -3.48763240  -2.59398673
  -3.49989102  -2.60268468
  -3.50076715  -2.60339421
  -3.51345708  -2.61185553
  -3.51834386  -2.61582527
  -3.52662854  -2.62204649
  -3.53611793  -2.62877956
  -3.53937726  -2.63117232
  -3.55232125  -2.64085228
  -3.55386783  -2.64176357
  -3.56526179  -2.64973384
  -3.57179304  -2.65453125
  -3.57819376  -2.65945351
  -3.59007812  -2.66785595
  -3.59094895  -2.66860287
  -3.60402711  -2.67811804
  -3.60793538  -2.68071302
  -3.61701343  -2.68773347
  -3.62579003  -2.69355964
  -3.62994658  -2.69664343
  -3.64270763  -2.70577837
  -3.64357531  -2.70650062
  -3.65603722  -2.71575595
  -3.66077951  -2.71913646
  -3.66876732  -2.72493312
  -3.67845318  -2.73222226
  -3.68171375  -2.73461570
  -3.69447106  -2.74376372
  -3.69620659  -2.74520831
  -3.70758898  -2.75322893
  -3.71403339  -2.75810062
  -3.72053933  -2.76290201
  -3.73242821  -2.77130703
  -3.73329657  -2.77205261
  -3.74638388  -2.78157369
  -3.75028822  -2.78416562
  -3.75936802  -2.79118712
  -3.76738589  -2.79695280
  -3.77231295  -2.80087804
  -3.78487943  -2.80950944
  -3.78574733  -2.81023182
  -3.79820140  -2.81945973
  -3.80298691  -2.82281095
  -3.81114534  -2.82915966
  -3.82072137  -2.83582990
  -3.82390307  -2.83833193
  -3.83683389  -2.84723633
  -3.83854899  -2.84872334
  -3.84980231  -2.85691413
  -3.85634860  -2.86166310
  -3.86274185  -2.86662098
  -3.87416175  -2.87458037
  -3.87586782  -2.87605559
  -3.88877494  -2.88504896
  -3.89200838  -2.88744509
  -3.90175782  -2.89466107
  -3.90977917  -2.90042877
  -3.91470551  -2.90435366
  -3.92745425  -2.91272152
  -3.92831194  -2.91346512
  -3.94059989  -2.92293888
  -3.94538905  -2.92629213
  -3.95354717  -2.93264078
  -3.96312982  -2.93931504
  -3.96630817  -2.94181498
  -3.97923554  -2.95073042
  -3.98092834  -2.95225573
  -3.99215882  -2.96125864
  -3.99615355  -2.96534536
  -4.00533608  -2.97564462
  -4.00691937  -2.97809156
  -4.01501790  -2.99102017
  -4.01800261  -2.99522036
  -4.02363536  -3.00413179
  -4.03095516  -3.01542257
  -4.03182466  -3.01700276
  -4.03984592  -3.02998368
  -4.04391420  -3.03643243
  -4.04793278  -3.04291942
  -4.05600419  -3.05586255
  -4.05688106  -3.05744198
  -4.06410401  -3.06879240
  -4.06965516  -3.07775335
  -4.07223202  -3.08170886
  -4.07981337  -3.09445621
  -4.08298068  -3.09935081
  -4.08785841  -3.10742826
  -4.09558096  -3.11979185
  -4.09627482  -3.12065838
  -4.10386849  -3.13340567
  -4.10874218  -3.14067546
  -4.11266362  -3.14639508
  -4.12018929  -3.15918150
  -4.12166794  -3.16088888
  -4.12817165  -3.17219926
  -4.13489740  -3.18248178
  -4.13646582  -3.18501574
  -4.14437478  -3.19806272
  -4.14762258  -3.20290993
  -4.15266994  -3.21087993
  -4.16039181  -3.22324392
  -4.16108691  -3.22411114
  -4.16868104  -3.23685952
  -4.17374829  -3.24479163
  -4.17697766  -3.24967784
  -4.18488626  -3.26272515
  -4.18649646  -3.26515352
  -4.19298918  -3.27565829
  -4.19970984  -3.28594074
  -4.20122736  -3.28851762
  -4.20841802  -3.30150319
  -4.21243746  -3.30718338
  -4.21725705  -3.31448418
  -4.22487313  -3.32720525
  -4.22557672  -3.32809255
  -4.23293841  -3.34017639
  -4.23836969  -3.34841117
  -4.24150075  -3.35332177
  -4.24895016  -3.36616506
  -4.25132179  -3.36943611
  -4.25696921  -3.37915587
  -4.26413243  -3.38981838
  -4.26567894  -3.39221389
  -4.27319083  -3.40501980
  -4.27726495  -3.41147322
  -4.28128457  -3.41796231
  -4.28950463  -3.43081812
  -4.29040774  -3.43239203
  -4.29751385  -3.44382367
  -4.30318987  -3.45271298
  -4.30553459  -3.45680623
  -4.31356334  -3.46982125
  -4.31617636  -3.47372744
  -4.32181442  -3.48264449
  -4.32914096  -3.49475355
  -4.32982072  -3.49563736
  -4.33785807  -3.50864601
  -4.34211491  -3.51496691
  -4.34606839  -3.52149249
  -4.35347307  -3.53436749
  -4.35490726  -3.53611019
  -4.36158043  -3.54730559
  -4.36787869  -3.55632659
  -4.37031826  -3.56033847
  -4.37676601  -3.57328911
  -4.38086708  -3.58216168
  -4.38234502  -3.58617082
  -4.38339941  -3.59906280
  -4.38333129  -3.61198225
  -4.38253881  -3.62490958
  -4.38164174  -3.63781167
  -4.38101067  -3.64106920
  -4.38014481  -3.65076324
  -4.37886028  -3.66372117
  -4.37775110  -3.67661724
  -4.37695899  -3.68954503
  -4.37616694  -3.70247290
  -4.37537497  -3.71540087
  -4.37458307  -3.72832893
  -4.37338508  -3.74128029
  -4.37299950  -3.75418534
  -4.37220782  -3.76711368
  -4.37092562  -3.78007558
  -4.36968444  -3.79294072
  -4.36826591  -3.80024243
  -4.36653557  -3.80584452
  -4.36012481  -3.81876579
  -4.35532465  -3.82525740
  -4.34971675  -3.83175799
  -4.34239307  -3.83978240
  -4.33754455  -3.84462603
  -4.32926232  -3.85330468
  -4.32525540  -3.85738680
  -4.31633432  -3.86702940
  -4.31313335  -3.87030085
  -4.30360798  -3.88014817
  -4.30037581  -3.88337726
  -4.29047794  -3.89367047
  -4.28811769  -3.89617074
  -4.27775316  -3.90759764
  -4.27613714  -3.90921219
  -4.26482789  -3.92051414
  -4.26324078  -3.92215557
  -4.25190155  -3.93423851
  -4.25110912  -3.93506018
  -4.23917302  -3.94735751
  -4.23836505  -3.94816478
  -4.22665069  -3.96067857
  -4.22584758  -3.96150094
  -4.21453250  -3.97359607
  -4.21291661  -3.97521062
  -4.20160546  -3.98651245
  -4.19999555  -3.98814249
  -4.18888117  -3.99963126
  -4.18727137  -4.00124299
  -4.17737010  -4.01234752
  -4.17413848  -4.01557662
  -4.16444370  -4.02526392
  -4.16101073  -4.02909904
  -4.15217314  -4.03806257
  -4.14828714  -4.04221787
  -4.13946981  -4.05116822
  -4.13556377  -4.05533671
  -4.12728379  -4.06401550
  -4.12244920  -4.06887839
  -4.11456077  -4.07713436
  -4.10951235  -4.08258406
  -4.10229691  -4.08990427
  -4.09678963  -4.09570294
  -4.09012569  -4.10276721
  -4.08366319  -4.10922546
  -4.07725100  -4.11573247
  -4.07073950  -4.12295040
  -4.06513098  -4.12864565
  -4.05801743  -4.13606932
  -4.05242166  -4.14176009
  -4.04509417  -4.14979430
  -4.04024757  -4.15463802
  -4.03196857  -4.16331692
  -4.02792980  -4.16735335
  -4.01904457  -4.17623350
  -4.01563727  -4.18010574
  -4.00612194  -4.18995855
  -4.00292849  -4.19322138
  -3.99319951  -4.20368363
  -3.99085121  -4.20616743
  -3.98074525  -4.21706899
  -3.97832323  -4.21949196
  -3.96755667  -4.23052779
  -3.96594129  -4.23214238
  -3.95469276  -4.24415326
  -3.95382718  -4.24506024
  -3.94171206  -4.25716966
  -3.94090439  -4.25797696
  -3.92919025  -4.27049679
  -3.92839816  -4.27131848
  -3.91664848  -4.28372020
  -3.91590572  -4.28457593
  -3.90436110  -4.29652841
  -3.90275936  -4.29814772
  -3.89224787  -4.30944642
  -3.88982500  -4.31186832
  -3.87932599  -4.32236328
  -3.87691874  -4.32478923
  -3.86660689  -4.33548253
  -3.86398272  -4.33851056
  -3.85429160  -4.34819826
  -3.85106125  -4.35142749
  -3.84063047  -4.36122425
  -3.83805357  -4.36349272
  -3.82527000  -4.37025536
  -3.81782973  -4.37397407
  -3.81216262  -4.37636846
  -3.79924084  -4.38202475
  -3.78869034  -4.38678827
  -3.78628135  -4.38763796
  -3.77321286  -4.39300303
  -3.76042525  -4.39893876
  -3.75879007  -4.39970268
  -3.74747754  -4.40456600
  -3.73461286  -4.40945348
  -3.72806736  -4.41260117
  -3.72147527  -4.41552683
  -3.70870514  -4.42071367
  -3.69900624  -4.42555199
  -3.69574118  -4.42713696
  -3.68282899  -4.43199133
  -3.67002228  -4.43801308
  -3.66835596  -4.43868662
  -3.65695651  -4.44327167
  -3.64413145  -4.44849323
  -3.63834890  -4.45128627
  -3.63107293  -4.45454253
  -3.61819842  -4.45941432
  -3.60849438  -4.46430661
  -3.60520701  -4.46582830
  -3.59215191  -4.47117363
  -3.57950293  -4.47673907
  -3.57858275  -4.47724621
  -3.56642859  -4.48196296
  -3.55366649  -4.48763529
  -3.54863494  -4.49001695
  -3.54056497  -4.49324881
  -3.52763020  -4.49888993
  -3.51871228  -4.50284918
  -3.51470187  -4.50453475
  -3.50179362  -4.51018882
  -3.49120781  -4.51567292
  -3.48870309  -4.51712488
  -3.47577348  -4.52357635
  -3.46370408  -4.52857873
  -3.46281731  -4.52913269
  -3.44988970  -4.53318982
  -3.43713990  -4.53759518
  -3.42905919  -4.54162741
  -3.42415933  -4.54402260
  -3.41126066  -4.54887411
  -3.39906674  -4.55436654
  -3.39817561  -4.55498289
  -3.38540555  -4.56016255
  -3.37257165  -4.56629399
  -3.36844804  -4.56764147
  -3.35938419  -4.57110415
  -3.34667425  -4.57629784
  -3.33858299  -4.58043262
  -3.33364410  -4.58271725
  -3.32077163  -4.58757514
  -3.30877623  -4.59346995
  -3.30778393  -4.59400409
  -3.29491350  -4.59886178
  -3.28206828  -4.60502780
  -3.27869468  -4.60618790
  -3.26950788  -4.60919485
         
