# shadow point cont 3D ind 270  size 1346
# norm -0.5022655 -0.8647134  0.0000000
# angle  2.0970131
   2.58354282233011   -1.50064108206275   -4.59183526805169
   2.59054910111742   -1.50471065261128   -4.58868228598631
   2.60199944743338   -1.51136154298440   -4.58236959667005
   2.60379626512989   -1.51240521775110   -4.58118377510292
   2.61340401938883   -1.51798584549325   -4.57299620828028
   2.61940441800750   -1.52147115434824   -4.56780249330082
   2.62485181076802   -1.52463525184100   -4.56272524313072
   2.63442205119205   -1.53019408981396   -4.55444351983911
   2.63569656648904   -1.53093438720630   -4.55344413335105
   2.64685346567066   -1.53741482992073   -4.54546409437312
   2.65310199271767   -1.54104426323535   -4.54132657976866
   2.65794873432375   -1.54385947477563   -4.53798737145719
   2.66900726158549   -1.55028277853225   -4.53135084331303
   2.67462122979416   -1.55354363074438   -4.52819979289591
   2.68038561052987   -1.55689184950425   -4.52448976772484
   2.69136194373789   -1.56326741115548   -4.51844616848838
   2.69697674883030   -1.56652874946837   -4.51529497246819
   2.70273564833587   -1.56987378447643   -4.51157757814306
   2.71371695946973   -1.57625223753707   -4.50554161624738
   2.71867676675353   -1.57913312284885   -4.50247643870463
   2.72497632011079   -1.58279219460289   -4.49842663312741
   2.73603857310890   -1.58921766243940   -4.49255172343826
   2.74100688903866   -1.59210348996601   -4.48949774733171
   2.74728340649589   -1.59574918140461   -4.48544574752929
   2.75852283933791   -1.60227756348368   -4.47917848104495
   2.76274893818628   -1.60473227702429   -4.47676717342897
   2.76963857878199   -1.60873409872015   -4.47254174507610
   2.78078330482523   -1.61520747071316   -4.46602024794719
   2.78563828121658   -1.61802746539734   -4.46350284104229
   2.79199411151904   -1.62171922540226   -4.45963785867635
   2.80313973116788   -1.62819311644270   -4.45311615597089
   2.80735099798438   -1.63063921485367   -4.45074411934071
   2.81449780113422   -1.63479040844697   -4.44623494132678
   2.82549653055494   -1.64117897885369   -4.44021217175085
   2.82968847177620   -1.64361385206572   -4.43779268440264
   2.83681425582443   -1.64775283679330   -4.43327558661025
   2.84785371081179   -1.65416506249144   -4.42730829236424
   2.85141664468645   -1.65623457916397   -4.42504975333586
   2.85908904813562   -1.66069106570426   -4.42017026714769
   2.87031040044939   -1.66720894577685   -4.41384903620903
   2.87377427304801   -1.66922092308166   -4.41214599246443
   2.88159918307882   -1.67376599249339   -4.40675625383768
   2.89266922550382   -1.68019598478906   -4.40094512613167
   2.89551126034447   -1.68184676998282   -4.39938118850429
   2.90377106751597   -1.68664444775473   -4.39429919007985
   2.91502845590787   -1.69318325924708   -4.38804130808151
   2.91786843262661   -1.69483284898850   -4.38647816423163
   2.92627536747177   -1.69971598531348   -4.38089939954426
   2.93742476461957   -1.70619207049992   -4.37440072107606
   2.93882220154852   -1.70700376645752   -4.37359425487708
   2.94850719114897   -1.71262925605582   -4.36773032163572
   2.95964399826274   -1.71909802836859   -4.36117352288516
   2.96041231102078   -1.71954429992973   -4.36052798209493
   2.97081942275589   -1.72558923144019   -4.35235202891163
   2.97521076909211   -1.72813992835945   -4.34779431869818
   2.98219383174767   -1.73219601390561   -4.33968055782092
   2.98631764510928   -1.73459131530790   -4.33477483909661
   2.99341329187173   -1.73871279490696   -4.32518964862163
   2.99608976799707   -1.74026741594677   -4.32185604659294
   3.00468987731948   -1.74526275693663   -4.31078883721570
   3.00605927277731   -1.74605816511173   -4.30914550385686
   3.01525297690861   -1.75139829340243   -4.29630856383713
   3.01590971508742   -1.75177975729100   -4.29546255452635
   3.02547711921683   -1.75733694781294   -4.28316671224403
   3.02682004355068   -1.75811698033574   -4.28149888128141
   3.03495708904266   -1.76284335245017   -4.27068715076804
   3.03829619314633   -1.76478285844633   -4.26644108360153
   3.04518908358579   -1.76878656780164   -4.25751092400123
   3.04951179972111   -1.77129740112815   -4.25204003256601
   3.05504857200134   -1.77451341437705   -4.24464351424862
   3.06038788594187   -1.77761473469578   -4.23796644542435
   3.06527061082444   -1.78045084698618   -4.23150153612477
   3.07154144120250   -1.78409323510634   -4.22341955922867
   3.07507847084395   -1.78614770540292   -4.21861290792268
   3.08287398297356   -1.79067569915487   -4.20825468892339
   3.08492491491506   -1.79186697522018   -4.20578645331239
   3.09391223866256   -1.79708722824511   -4.19438595276045
   3.09525527230791   -1.79786732426108   -4.19271815382084
   3.10454934575066   -1.80326575168692   -4.18002211602788
   3.10522274536129   -1.80365689330518   -4.17918984959079
   3.11482772225905   -1.80923590782758   -4.16690976170143
   3.11617079030494   -1.81001602382498   -4.16524197116186
   3.12411747561508   -1.81463182594739   -4.15420184858977
   3.12744639526354   -1.81656541634124   -4.15000661950348
   3.13435604390852   -1.82057885963688   -4.14105616542343
   3.13867283237056   -1.82308624989676   -4.13555017666952
   3.14420088323715   -1.82629719734553   -4.12820653677042
   3.14973381288038   -1.82951097861326   -4.12089265712757
   3.15403190549411   -1.83200750946033   -4.11536573181459
   3.16107173965875   -1.83609657052294   -4.10653662257725
   3.16394668778036   -1.83776647327152   -4.10255790327481
   3.17227851859156   -1.84260598570229   -4.09122516311705
   3.17361733095283   -1.84338362980137   -4.08955368522579
   3.18339629142067   -1.84906370202276   -4.07745876116882
   3.18408208934721   -1.84946204515594   -4.07663808908438
   3.19374542683798   -1.85507495820819   -4.06360399080480
   3.19457462450831   -1.85555659454048   -4.06211224981475
   3.20299665664482   -1.86044850007007   -4.05085925555671
   3.20569651196266   -1.86201670082547   -4.04754670746175
   3.21328122320631   -1.86642225167967   -4.03775779516389
   3.21678745309490   -1.86845883205624   -4.03292775439282
   3.22302591928631   -1.87208242156092   -4.02480679541929
   3.22803931849023   -1.87499443553690   -4.01848198918354
   3.23300577590208   -1.87787918355042   -4.01209861039894
   3.23927242432834   -1.88151914259967   -4.00401072363565
   3.24330336451366   -1.88386049896859   -3.99900817125220
   3.25043283271185   -1.88800162362075   -3.98946890164903
   3.25317619412614   -1.88959509472781   -3.98618849781717
   3.26164513948529   -1.89451424962544   -3.97497352733920
   3.26298411479214   -1.89529198837084   -3.97330207543375
   3.27272777922996   -1.90095155902662   -3.96116127227854
   3.27342615074771   -1.90135720548273   -3.96035404354372
   3.28262498997544   -1.90670031647478   -3.94755237988685
   3.28394255977875   -1.90746562191436   -3.94586385142550
   3.29236695609386   -1.91235890066816   -3.93460843119679
   3.29503232554619   -1.91390707043894   -3.93125687919887
   3.30210728060444   -1.91801653133983   -3.92165860113855
   3.30615944664458   -1.92037021666628   -3.91667724306473
   3.31239966623249   -1.92399482462469   -3.90855466742789
   3.31748226222309   -1.92694703129265   -3.90148877702611
   3.32230530208413   -1.92974847576391   -3.89576576405117
   3.32853382130852   -1.93336628761040   -3.88764890425653
   3.33199684296949   -1.93537777065129   -3.88278125852858
   3.33963233501159   -1.93981281734032   -3.87302560012283
   3.34238210944108   -1.94141001342301   -3.86972935871974
   3.35084281301917   -1.94632438111326   -3.85854426038375
   3.35218631597747   -1.94710474972790   -3.85687653716812
   3.36148429369574   -1.95250544493741   -3.84418001133145
   3.36215792928370   -1.95289672362220   -3.84334778206194
   3.37126619220778   -1.95818722371068   -3.83126881076609
   3.37328150847664   -1.95935781254716   -3.82876723049946
   3.38020663586808   -1.96338024661417   -3.81823384251688
   3.38449767995327   -1.96587268335008   -3.81105861896351
   3.38748435792943   -1.96760748396232   -3.80555823375031
   3.39152638347356   -1.96995527921999   -3.79252725397558
   3.39243486920484   -1.97048296972276   -3.77961765833752
   3.39222215299869   -1.97035941431852   -3.76667520681859
   3.39213307451404   -1.97030767341744   -3.75375003109041
   3.39239249527756   -1.97045835698728   -3.74083780148963
   3.39280482932639   -1.97069785966084   -3.72789914531538
   3.39306397335684   -1.97084838249131   -3.71498628891073
   3.39312708409219   -1.97088504012337   -3.70204669879805
   3.39346324795925   -1.97108029963479   -3.68912289191037
   3.39372199577109   -1.97123059232318   -3.67620910007164
   3.39413565355633   -1.97147086388403   -3.66327293230515
   3.39412225480974   -1.97146308127272   -3.65034747897569
   3.39438061583709   -1.97161314929880   -3.63743274851933
   3.39506653696879   -1.97201156399524   -3.62450828387956
   3.39513148675364   -1.97204928983224   -3.61157222528267
   3.39511835005083   -1.97204165942808   -3.59864715123686
   3.39421237796636   -1.97151542896756   -3.58571890136716
   3.39191960815609   -1.97018368229037   -3.57284236186393
   3.38658867570192   -1.96708723032632   -3.55979914636593
   3.38455768632243   -1.96590753782277   -3.55569125194056
   3.37968548046822   -1.96307753547022   -3.54677619637958
   3.37337272763199   -1.95941079684872   -3.53463702051431
   3.37273861120272   -1.95904247271786   -3.53377359315228
   3.36632650128429   -1.95531802291075   -3.52095544764408
   3.36220068308421   -1.95292155700561   -3.51279494879288
   3.35939907229356   -1.95129425196849   -3.50794467857808
   3.35298600857905   -1.94756924815253   -3.49510822739820
   3.35093218318468   -1.94637629143607   -3.49102544050491
   3.34606057612911   -1.94354663689345   -3.48211113865312
   3.33981969266893   -1.93992164332734   -3.47074918317610
   3.33905630648515   -1.93947823334824   -3.46917833345682
   3.33227241844654   -1.93553783762541   -3.45611499243034
   3.32872354429100   -1.93347648748759   -3.44962662721639
   3.32509469574569   -1.93136868452779   -3.44326245324669
   3.31877755713941   -1.92769939844833   -3.43037856607638
   3.31737308735942   -1.92688361748578   -3.42792614619078
   3.31174042876623   -1.92361190903446   -3.41745031087014
   3.30616747316111   -1.92037487883807   -3.40691225796566
   3.30476693966462   -1.91956138425092   -3.40448745371183
   3.29838296231414   -1.91585327513955   -3.39163261060061
   3.29486096628288   -1.91380753705862   -3.38517622454648
   3.29097632811730   -1.91155115966481   -3.37848940396058
   3.28440776596844   -1.90773583517108   -3.36574367774464
   3.28365594154931   -1.90729914079927   -3.36416326244966
   3.27742453817154   -1.90367965370319   -3.35279468751606
   3.27225942840146   -1.90067951921834   -3.34248122286249
   3.27088162157139   -1.89987922532947   -3.34003994425227
   3.26428946786268   -1.89605019776737   -3.32685662319830
   3.26151004266161   -1.89443577914609   -3.32193016642554
   3.25714756202084   -1.89190184875692   -3.31397350561008
   3.25060345522103   -1.88810072906022   -3.30123115415720
   3.24998409453119   -1.88774097574483   -3.30036042714999
   3.24332620930232   -1.88387376827773   -3.28801470805613
   3.23896501813026   -1.88134058687157   -3.27921425453026
   3.23681927546820   -1.88009424035764   -3.27520718528456
   3.22989150214763   -1.87607026941270   -3.26223215026814
   3.22767706895196   -1.87478402426198   -3.25826828156158
   3.22280759102999   -1.87195560641856   -3.24935653609369
   3.21661191873826   -1.86835687358874   -3.23717331491596
   3.21602483648078   -1.86801586907876   -3.23629015765200
   3.20950466581840   -1.86422865259702   -3.22349942579981
   3.20549717043442   -1.86190091405233   -3.21607204545670
   3.20208774178242   -1.85992056030812   -3.21034527616606
   3.19553426281276   -1.85611399682200   -3.19762110024771
   3.19398318310380   -1.85521305803643   -3.19449633995954
   3.18871436964433   -1.85215268765562   -3.18458332348327
   3.18296439259240   -1.84881283522102   -3.17335682662991
   3.18220144613050   -1.84836968065271   -3.17178650593783
   3.17520123135157   -1.84430363236053   -3.15885850923061
   3.17159148584566   -1.84220692532895   -3.15166655718781
   3.16821540733830   -1.84024594289017   -3.14591809645745
   3.16162312901807   -1.83641684294794   -3.13319971642162
   3.16027456147956   -1.83563353259105   -3.13073998015295
   3.15484661019840   -1.83248072760808   -3.12011841851916
   3.14938316284986   -1.82930730486856   -3.11032635649044
   3.14743759414862   -1.82817722864307   -3.10698698834242
   3.14111235387666   -1.82450323674172   -3.09409088210840
   3.13818340312828   -1.82280196677152   -3.08851265599635
   3.13413804340870   -1.82045223487064   -3.08113383237430
   3.12758153864972   -1.81664391386623   -3.06838646433810
   3.12698452036925   -1.81629713805487   -3.06750681222340
   3.12015555853226   -1.81233056138664   -3.05526027319671
   3.11575932645242   -1.80977702660166   -3.04651483073422
   3.11361449158325   -1.80853120737579   -3.04250879193564
   3.10710876832573   -1.80475238261455   -3.02930843105536
   3.10470109342971   -1.80335389375267   -3.02459036358820
   3.10034093847338   -1.80082131422851   -3.01663633692181
   3.09361526479558   -1.79691473209709   -3.00405967882648
   3.09298170395554   -1.79654673067814   -3.00319686981559
   3.08647151738241   -1.79276531341689   -2.99072836201694
   3.08214592594648   -1.79025280998289   -2.98270681813721
   3.07934696885871   -1.78862704633906   -2.97785959937763
   3.07249255161301   -1.78464568399290   -2.96484828731832
   3.07104071596783   -1.78380239074662   -2.96164122483005
   3.06556838296733   -1.78062380680975   -2.95185606065001
   3.05978175411035   -1.77726266531274   -2.94068367857290
   3.05857090505512   -1.77655934821625   -2.93893109074374
   3.05157358712201   -1.77249498254601   -2.92600628810959
   3.04857232069665   -1.77075170828820   -2.92127057909383
   3.04157800030814   -1.76668908373041   -2.91319012291172
   3.03741915335265   -1.76427343319755   -2.90902538453649
   3.02668080532832   -1.75803610434063   -2.90056460553325
   3.02593431650957   -1.75760250913214   -2.89983299747500
   3.01517975340239   -1.75135576180564   -2.89255277999539
   3.00735633699575   -1.74681155995986   -2.88716565474972
   3.00390750278043   -1.74480831764315   -2.88466400855601
   2.99267182123785   -1.73828211449217   -2.87668562697155
   2.98980305075131   -1.73661579999957   -2.87439169265251
   2.98148030735124   -1.73178156595721   -2.86860612508760
   2.97165234268174   -1.72607302983052   -2.86140387145972
   2.97033903567083   -1.72531020041778   -2.86048378474227
   2.95897387140635   -1.71870878771726   -2.85267746940324
   2.95349823850241   -1.71552828704395   -2.84844480921818
   2.94805123265456   -1.71236441428796   -2.84406514398258
   2.93673322227088   -1.70579039074085   -2.83627319396877
   2.93537416727987   -1.70500098878681   -2.83539205976693
   2.92571263014144   -1.69938912146242   -2.82869112800538
   2.91723593789508   -1.69446546681464   -2.82238668080782
   2.91431906403054   -1.69277121165676   -2.82016174788852
   2.90318996988681   -1.68630691939349   -2.81281727417217
   2.89958695173845   -1.68421411992211   -2.80977146515980
   2.89211764519352   -1.67987560145091   -2.80446840876857
   2.88141047874411   -1.67365638429391   -2.79683923874095
   2.88065767274175   -1.67321911977319   -2.79612455077316
   2.86976550886623   -1.66689244756057   -2.78829644022429
   2.86338080024554   -1.66318391369366   -2.78362721578620
   2.85856269592498   -1.66038533601242   -2.78022195822025
   2.84726367407652   -1.65382234188422   -2.77240572621364
   2.84516652168893   -1.65260421884752   -2.77078945368774
   2.83619378988405   -1.64739244149731   -2.76405830413801
   2.82761930257439   -1.64241198295670   -2.75797679179353
   2.82489463346826   -1.64082936920617   -2.75624200967583
   2.81371042628044   -1.63433306473958   -2.74816034164214
   2.80951636670205   -1.63189696108782   -2.74492794890409
   2.80264200237871   -1.62790401255703   -2.73981377784645
   2.79193421648698   -1.62168443559930   -2.73218431559156
   2.79118152863662   -1.62124723970672   -2.73146970550230
   2.78032014483835   -1.61493844598562   -2.72444376419575
   2.77327675056320   -1.61084731704628   -2.71888080169949
   2.76909207826615   -1.60841666596140   -2.71557038003148
   2.75779248164709   -1.60185333797986   -2.70775387685104
   2.75569564266767   -1.60063539698512   -2.70613779826461
   2.74675324612521   -1.59544123975741   -2.70020565121498
   2.73753005876086   -1.59008398624224   -2.69318778923217
   2.73542672913498   -1.58886227518004   -2.69159215221271
   2.72422832227787   -1.58235772288921   -2.68353133805454
   2.71938400467534   -1.57954391932223   -2.68020870276889
   2.71303057794237   -1.57585355542156   -2.67547382923239
   2.70189454679644   -1.56938523382678   -2.66814096177254
   2.70114848871603   -1.56895188881102   -2.66740964137480
   2.69068514068953   -1.56287429266329   -2.66009346417260
   2.68357894265491   -1.55874668439767   -2.65465573144024
   2.67940376523041   -1.55632154837363   -2.65139473836052
   2.66834446980377   -1.54989779843132   -2.64390495808281
   2.66551626467546   -1.54825504617370   -2.64153557218253
   2.65727220055804   -1.54346651269524   -2.63557409990357
   2.64793615065903   -1.53804370340346   -2.62882055960064
   2.64582938099115   -1.53681999420586   -2.62717974652311
   2.63478382935061   -1.53040422728976   -2.61968666308955
   2.62921609205101   -1.52717022812641   -2.61560604682057
   2.62373004581459   -1.52398367890829   -2.61133535513920
   2.61241750020255   -1.51741282955313   -2.60353491432236
   2.61165992086602   -1.51697279245930   -2.60283614748578
   2.60123717877491   -1.51091878211565   -2.59545558032041
   2.59353121750022   -1.50644280363926   -2.58983650259195
   2.59011185299394   -1.50445667869164   -2.58726840532982
   2.57888019452943   -1.49793281233035   -2.57929250678377
   2.57541521867555   -1.49592019420390   -2.57681644639381
   2.56768125731460   -1.49142795198325   -2.57124635980646
   2.55712972739881   -1.48529913571847   -2.56408153323516
   2.55639692900523   -1.48487349254168   -2.56332318123622
   2.54548584134245   -1.47853582851876   -2.55558178423144
   2.53971158194624   -1.47518187177627   -2.55109155339874
   2.53415919865241   -1.47195679092913   -2.54698191982042
   2.52313696208430   -1.46555456648471   -2.53942014336331
   2.52162201483695   -1.46467461510288   -2.53802274392247
   2.51195812695827   -1.45906138235990   -2.53134168836123
   2.50349573464387   -1.45414603377355   -2.52502452944792
   2.50059443700518   -1.45246082600758   -2.52280709767020
   2.48945487068445   -1.44599045101988   -2.51545792285720
   2.48526293873412   -1.44355558319284   -2.51222682402501
   2.47825131777093   -1.43948290966164   -2.50661907382451
   2.46769633465190   -1.43335208761682   -2.49945166759530
   2.46696363760694   -1.43292650330799   -2.49869338198134
   2.45605788980997   -1.42659194092594   -2.49095574042246
   2.44967810267206   -1.42288626568370   -2.48628741892128
   2.44486709880993   -1.42009181227690   -2.48288602314210
   2.43356462906854   -1.41352681545312   -2.47506792782764
   2.43146882815376   -1.41230947741430   -2.47345247731933
   2.42237718473138   -1.40702863070057   -2.46700812369228
   2.41331526347041   -1.40176504799193   -2.46050972974904
   2.41120976438980   -1.40054207681015   -2.45891265274121
   2.40002073990685   -1.39404297423589   -2.45085755156146
   2.39578150391228   -1.39158063003357   -2.44771688636286
   2.38883285176477   -1.38754453170093   -2.44280557027821
   2.37811600395243   -1.38131969116087   -2.43510379666027
   2.37739744348917   -1.38090231803208   -2.43432876045268
   2.36666305607642   -1.37466728968143   -2.42713084253307
   2.35962407761833   -1.37057872565274   -2.42157056725871
   2.35543263829177   -1.36814414396435   -2.41828459526941
   2.34415698083791   -1.36159472095643   -2.41124242259487
   2.34133013734404   -1.35995275959902   -2.40887387468396
   2.33310089659963   -1.35517283622074   -2.40292140067401
   2.32376921132223   -1.34975256210293   -2.39617042388961
   2.32164905368092   -1.34852107655157   -2.39452066462315
   2.31062700705979   -1.34211896243714   -2.38701498870786
   2.30571250330666   -1.33926439150990   -2.38301907675346
   2.29957433281080   -1.33569905838084   -2.37869183632893
   2.28828062185296   -1.32913914906338   -2.37085279455015
   2.28753503081999   -1.32870607533036   -2.37012177500901
   2.27708639087963   -1.32263702231886   -2.36281515031333
   2.26938393552643   -1.31816308024371   -2.35719813391552
   2.26596821357242   -1.31617907105881   -2.35463218054881
   2.25473860993633   -1.30965639823685   -2.34665743849253
   2.25127519072908   -1.30764468428271   -2.34418228746886
   2.24356170248732   -1.30316433379595   -2.33858669562974
   2.23314261181391   -1.29711244436445   -2.33121148278080
   2.23238269000025   -1.29667104665164   -2.33052284764307
   2.22136213896141   -1.29026980124053   -2.32295718025124
   2.21559046372239   -1.28691734549599   -2.31846849170213
   2.21002830714236   -1.28368658787249   -2.31439043279881
   2.19872158252781   -1.27711911962172   -2.30648720304143
   2.19740847239538   -1.27635640456511   -2.30555027334041
   2.18784705511634   -1.27080269148257   -2.29872445823499
   2.17938835672514   -1.26588948849755   -2.29240947543256
   2.17657087974896   -1.26425296764653   -2.29003303797803
   2.16535016029201   -1.25773545516644   -2.28284408449607
   2.16116004966659   -1.25530164524909   -2.27961406811160
   2.15432611117693   -1.25133217791096   -2.27449817906170
   2.14375210846849   -1.24519030840953   -2.26660732406770
   2.14299227376588   -1.24474896129484   -2.26591874318584
   2.13197292569407   -1.23834841462258   -2.25835376640370
   2.12559583693195   -1.23464430672172   -2.25368702184589
   2.12064128947785   -1.23176647656214   -2.24978826879417
   2.10948359319526   -1.22528557085463   -2.24246785643042
   2.10738867685170   -1.22406874661566   -2.24085293049235
   2.09846088113020   -1.21888307021961   -2.23412279715468
   2.09000309423024   -1.21397039667083   -2.22780834935043
   2.08725742675904   -1.21237558609933   -2.22608308158376
   2.07596542576397   -1.20581667000728   -2.21824314725704
   2.07177576389744   -1.20338312074983   -2.21501339657811
   2.06478679325233   -1.19932360357027   -2.21018881472643
   2.05378156358369   -1.19293125751912   -2.20262120030933
   2.05302968306667   -1.19249453056306   -2.20190710482373
   2.04260941343432   -1.18644195633773   -2.19454662774768
   2.03557330491112   -1.18235505929987   -2.18898806312857
   2.03139863684819   -1.17993021913656   -2.18571130698042
   2.02010974647814   -1.17337310983929   -2.17866139140049
   2.01728405333820   -1.17173181666062   -2.17629354054631
   2.00906961423931   -1.16696049076218   -2.17035048401278
   1.99912715712356   -1.16118545213089   -2.16342886493349
   1.99760718786861   -1.16030258373493   -2.16194173726538
   1.98659353851840   -1.15390534714358   -2.15444204503210
   1.98109569654859   -1.15071194641830   -2.15025805437362
   1.97555621305332   -1.14749435837039   -2.14612859167775
   1.96425417895588   -1.14092961458875   -2.13828350737870
   1.96350888826141   -1.14049671530621   -2.13755267845167
   1.95307129209074   -1.13443407702659   -2.13025362115504
   1.94537178399295   -1.12996184685361   -2.12463832057083
   1.94195956248905   -1.12797987089192   -2.12207451174015
   1.93073105021746   -1.12145783198490   -2.11410020266856
   1.92726893743271   -1.11944687686133   -2.11162580769839
   1.91955931911522   -1.11496877420545   -2.10603254942901
   1.90914488148861   -1.10891958747860   -2.09864016847158
   1.90840490494516   -1.10848977490060   -2.09789758629311
   1.89737891792117   -1.10208537201806   -2.09039735628652
   1.89106172485320   -1.09841605430473   -2.08561468520512
   1.88604407803930   -1.09550157312055   -2.08184690270809
   1.87473309139265   -1.08893162928454   -2.07392411041684
   1.87341348442931   -1.08816514056825   -2.07299823721594
   1.86385344595442   -1.08261222835889   -2.06620085932132
   1.85529010791685   -1.07763824583083   -2.06012586148946
   1.85242236538591   -1.07597252842235   -2.05763552881489
   1.84137291375453   -1.06955449621131   -2.05030398975136
   1.83718431713961   -1.06712156570124   -2.04707486958548
   1.83034516016541   -1.06314906722610   -2.04198196220562
   1.81961281556842   -1.05691522543726   -2.03429105525175
   1.81888743066400   -1.05649388835762   -2.03352345124785
   1.80786943642824   -1.05009412805591   -2.02606057225063
   1.80165735656611   -1.04648586495084   -2.02110243368498
   1.79683798797374   -1.04368655292210   -2.01776372235425
   1.78552598856095   -1.03711602082471   -2.00993914899699
   1.78343180338741   -1.03589962128309   -2.00832465654090
   1.77435392887613   -1.03062677218932   -2.00188911551489
   1.76529885671711   -1.02536716775566   -1.99539470025870
   1.76323657222842   -1.02416929760624   -1.99365044544580
   1.75201927469023   -1.01765377273472   -1.98572108877757
   1.74724019775212   -1.01487786396104   -1.98230561573510
   1.74099510634399   -1.01125042622428   -1.97740141355692
   1.72984283495927   -1.00477267154819   -1.97010342235984
   1.72909121472797   -1.00433609577810   -1.96938949218359
   1.71867439311311   -0.99828552432070   -1.96203100660739
   1.71164063831966   -0.99419999443787   -1.95647385223629
   1.70748318576263   -0.99178515383608   -1.95320737204174
   1.69617942108540   -0.98521940485371   -1.94614779935851
   1.69335466845290   -0.98357865796523   -1.94378052207819
   1.68515496810789   -0.97881589301628   -1.93784758476367
   1.67586393569669   -0.97341923196212   -1.93103067111376
   1.67371830296696   -0.97217294930196   -1.92937057455771
   1.66267179395117   -0.96575662629806   -1.92196271419054
   1.65711058551244   -0.96252641939886   -1.91788593289074
   1.65165232249490   -0.95935600795840   -1.91363203058850
   1.64034060012595   -0.95278563678088   -1.90577930005302
   1.63901527192020   -0.95201582490256   -1.90485745189524
   1.62916855243967   -0.94629639511479   -1.89775741658325
   1.62147143945946   -0.94182555613680   -1.89214352768568
   1.61806257162777   -0.93984552814294   -1.88958192100479
   1.60683420860396   -0.93332357592592   -1.88160732557800
   1.60398443353902   -0.93166829485215   -1.87929165228658
   1.59566689835663   -0.92683708598334   -1.87354241572072
   1.58585723354020   -0.92113917925713   -1.86634955834873
   1.58450586513653   -0.92035424202829   -1.86540081287386
   1.57349159119870   -0.91395664264757   -1.85790995502905
   1.56717629694247   -0.91028842785186   -1.85312842062272
   1.56216617858531   -0.90737831954331   -1.84932797652072
   1.55115599612045   -0.90098309667920   -1.84177314629771
   1.54964277458657   -0.90010414767152   -1.84037683572656
   1.53998358271052   -0.89449364258391   -1.83372440472005
   1.53143779976718   -0.88952985686597   -1.82761988890537
   1.52854633921080   -0.88785036293208   -1.82510643764940
   1.51765271501454   -0.88152284249767   -1.81757445755007
   1.51338956884681   -0.87904661016165   -1.81449667672259
   1.50648499342003   -0.87503611362563   -1.80951130039374
   1.49580413496956   -0.86883217737037   -1.80178841836144
   1.49508838158401   -0.86841643472205   -1.80101258385192
   1.48400090917340   -0.86197631828513   -1.79361110203054
   1.47712928301154   -0.85798496020507   -1.78858211584709
   1.47298727527221   -0.85557909066727   -1.78529873138060
   1.46166869945321   -0.84900473868919   -1.77746905931236
   1.45957509536859   -0.84778867667087   -1.77585492052249
   1.45065986534535   -0.84261029901315   -1.76994026371042
   1.44145075007509   -0.83726121922064   -1.76293081129800
   1.43933686059948   -0.83603337450964   -1.76132724335686
   1.42832778662655   -0.82963879550887   -1.75380235307784
   1.42333524314834   -0.82673889550233   -1.74996989371946
   1.41702003425342   -0.82307073028842   -1.74523282718544
   1.40583988161970   -0.81657678089424   -1.73789297516234
   1.40511245727493   -0.81615425921339   -1.73713407047031
   1.39483499233254   -0.81018463255239   -1.72957157591292
   1.38780308856180   -0.80610017782910   -1.72401556898577
   1.38366326075646   -0.80369557449771   -1.72076059047214
   1.37234305545774   -0.79712027604250   -1.71368933286347
   1.36953612189828   -0.79548987929524   -1.71129427544348
   1.36133398972126   -0.79072570182585   -1.70540054896608
   1.35142620619150   -0.78497080321591   -1.69842268763488
   1.34994440622328   -0.78411010530586   -1.69681826515740
   1.33885969923195   -0.77767159515226   -1.68949381899606
   1.33328889576499   -0.77443581501718   -1.68543765548377
   1.32769949490083   -0.77118923265425   -1.68142777935681
   1.31668176897966   -0.76478962820205   -1.67386757328683
   1.31519205101646   -0.76392433115455   -1.67240648313866
   1.30551068935057   -0.75830094882832   -1.66505016060385
   1.29772391461962   -0.75377803016135   -1.65963019559525
   1.29425442441400   -0.75176278989076   -1.65714254638370
   1.28318300812198   -0.74533199958961   -1.64968641390246
   1.27896764712649   -0.74288352309026   -1.64651071458722
   1.27201815962473   -0.73884693954526   -1.64162100158975
   1.26143248127923   -0.73269828829417   -1.63369718468217
   1.26070258310372   -0.73227432969808   -1.63293995794613
   1.24968988437403   -0.72587764527106   -1.62547390146852
   1.24337604969045   -0.72221027826261   -1.62069328610796
   1.23852516782647   -0.71939266186918   -1.61743803930018
   1.22721393264993   -0.71282257367552   -1.60952777381519
   1.22514743209667   -0.71162225464093   -1.60787241505153
   1.21619734270720   -0.70642362905211   -1.60129884866651
   1.20703601465276   -0.70110230628327   -1.59502984307057
   1.20490162434797   -0.69986255374314   -1.59341411947104
   1.19386936936439   -0.69345451013997   -1.58592176219132
   1.18893159743947   -0.69058642398310   -1.58198024452537
   1.18270615557876   -0.68697039961167   -1.57709042723565
   1.17154141962269   -0.68048540493643   -1.56978239627107
   1.17079011852689   -0.68004901453500   -1.56906868205256
   1.16053145168262   -0.67409030667824   -1.56144479951042
   1.15340057608858   -0.66994836454551   -1.55609315300510
   1.14921560838521   -0.66751754187499   -1.55288243391358
   1.13805001669615   -0.66103205015048   -1.54557369316625
   1.13520556342565   -0.65937986022089   -1.54324613506978
   1.12688654291060   -0.65454778860222   -1.53752230382896
   1.11707939233163   -0.64885134226133   -1.53033253812524
   1.11572275256123   -0.64806334317906   -1.52943478371122
   1.10471990842964   -0.64167238275809   -1.52189264599766
   1.09903110753263   -0.63836806426182   -1.51723760447980
   1.09339916510852   -0.63509677179459   -1.51334330722289
   1.08211255382283   -0.62854098629486   -1.50540096118624
   1.08139867051308   -0.62812632987301   -1.50462046557925
   1.07106900444835   -0.62212638238743   -1.49715749414136
   1.06344789889847   -0.61769969203803   -1.49141596841784
   1.06005914981816   -0.61573134994485   -1.48882990089169
   1.04874481601362   -0.60915946192483   -1.48104967546371
   1.04525636425824   -0.60713320790974   -1.47862895112146
   1.03758454956866   -0.60267706334823   -1.47299867732395
   1.02701400658735   -0.59653720341621   -1.46580557553259
   1.02630008310062   -0.59612252365772   -1.46502391765457
   1.01525374913960   -0.58970630233372   -1.45762936368073
   1.00894070967873   -0.58603939722737   -1.45284929313336
   1.00400373948137   -0.58317177675093   -1.44892551839997
   0.99292627308771   -0.57673747227113   -1.44145892514325
   0.99085678382794   -0.57553541725765   -1.43980698233496
   0.98176616273054   -0.57025516435752   -1.43343117164460
   0.97334019299414   -0.56536097168791   -1.42707643916424
   0.97061694216634   -0.56377918173900   -1.42542473563809
   0.95944015356579   -0.55728718633077   -1.41728819742476
   0.95462819118800   -0.55449217617378   -1.41393005415077
   0.94827829599753   -0.55080386355621   -1.40922499996126
   0.93776508111785   -0.54469730243532   -1.40126637930703
   0.93704722039148   -0.54428033574606   -1.40049878404371
   0.92586980949047   -0.53778797887697   -1.39320793867181
   0.91893450560437   -0.53375963383151   -1.38829485285388
   0.91479730589249   -0.53135655701827   -1.38505075880299
   0.90362288579794   -0.52486593734780   -1.37769757116093
   0.90083230815317   -0.52324504087176   -1.37527707503506
   0.89246601775288   -0.51838551271894   -1.36968872106555
   0.88333781117564   -0.51308342843491   -1.36253674092140
   0.88122899447542   -0.51185853022632   -1.36091764875034
   0.87013825857413   -0.50541651820317   -1.35353094715827
   0.86461072882188   -0.50220587344170   -1.34940357840238
   0.85899110746700   -0.49894173762096   -1.34550728155898
   0.84773786999619   -0.49240533717544   -1.33748910868768
   0.84702727964920   -0.49199259345856   -1.33670346532608
   0.83665149188915   -0.48596585636061   -1.32932553463546
   0.82903115241258   -0.48153961098199   -1.32358457826349
   0.82565029418270   -0.47957585225945   -1.32100506840935
   0.81434173322408   -0.47300731737517   -1.31320889843280
   0.81085412787688   -0.47098155499307   -1.31078744664909
   0.80318992449782   -0.46652983143250   -1.30515073714024
   0.79337017256875   -0.46082606564504   -1.29799940140803
   0.79193116219800   -0.45999022191093   -1.29711374402561
   0.78085227970049   -0.45355509489255   -1.28978659594468
   0.77522311212916   -0.45028541418808   -1.28503320968129
   0.76984171552455   -0.44715965031300   -1.28147169352503
   0.75851953032968   -0.44058320184259   -1.27361914811357
   0.75644392736527   -0.43937759570690   -1.27197756427899
   0.74737571917887   -0.43411036126139   -1.26557894016374
   0.73831717658160   -0.42884874103680   -1.25910530858471
   0.73623642319661   -0.42764014329877   -1.25741649652767
   0.72519273297034   -0.42122545757811   -1.24998533822394
   0.72085694991475   -0.41870703438036   -1.24622532658375
   0.71389618430954   -0.41466389999161   -1.24136498121728
   0.70287081616827   -0.40825985658476   -1.23386014387362
   0.70211180355039   -0.40781898697488   -1.23317212194919
   0.69170765713639   -0.40177577785997   -1.22577962463145
   0.68464123751917   -0.39767127473773   -1.22029543060949
   0.68043237983867   -0.39522657566431   -1.21717255532542
   0.66924840793108   -0.38873040785934   -1.20987182213261
   0.66643838159089   -0.38709821468208   -1.20748585114992
   0.65809780513865   -0.38225362237878   -1.20181490279575
   0.64898789127337   -0.37696216334735   -1.19463094497140
   0.64687904816618   -0.37573724980038   -1.19301016547955
   0.63576973449061   -0.36928444694726   -1.18565781507340
   0.63021370102934   -0.36605724591415   -1.18158099159469
   0.62474430904275   -0.36288037025410   -1.17739832999700
   0.61358218240240   -0.35639689119003   -1.17013446937749
   0.61208711707702   -0.35552848814741   -1.16872394073667
   0.60242193428105   -0.34991450325662   -1.16206995434658
   0.59326842410458   -0.34459772147265   -1.15579123452657
   0.59115295507571   -0.34336895928410   -1.15413838720839
   0.58009853280087   -0.33694803989360   -1.14754520981386
   0.57307995001186   -0.33287132261219   -1.14279162325873
   0.56895618281949   -0.33047604802714   -1.14033016304658
   0.55779501708269   -0.32399312710027   -1.13468278131632
   0.54936154010987   -0.31909457388076   -1.13000860110617
   0.54651715427726   -0.31744242312222   -1.12831077827709
   0.53548619042713   -0.31103512946903   -1.12340956788293
   0.52431006313722   -0.30454351818059   -1.11854485126245
   0.52149111714774   -0.30290614405876   -1.11700624932261
   0.51316435008340   -0.29806957288622   -1.11292182190721
   0.50200333443421   -0.29158673913716   -1.10808125201613
   0.49292074552155   -0.28631115170117   -1.10409169407774
   0.49079180492491   -0.28507456460342   -1.10303404899163
   0.47979590222230   -0.27868763608523   -1.09804648673660
   0.46850409737289   -0.27212883392364   -1.09272804511011
   0.46568906713427   -0.27049373425089   -1.09117934667937
   0.45747430998720   -0.26572222361537   -1.08755892911568
   0.44631341436626   -0.25923945958428   -1.08271844948713
   0.43779922488291   -0.25429402480815   -1.07832279883557
   0.43492883235547   -0.25262676815922   -1.07664778721830
   0.42387770314813   -0.24620776153453   -1.07177813845305
   0.41269870665247   -0.23971448367877   -1.06691169742027
   0.40923962152116   -0.23770528715626   -1.06522332794153
   0.40155633000060   -0.23324247632085   -1.06129076341726
   0.39050979311805   -0.22682613713066   -1.05690323197811
   0.38200231713392   -0.22188460186517   -1.05248715946061
   0.37913560627611   -0.22021948370012   -1.05081537502765
   0.36807670997384   -0.21379596558770   -1.04595560714358
   0.35688068452527   -0.20729279652902   -1.04107346385004
   0.35346251212786   -0.20530736401334   -1.03929855493681
   0.34575771052409   -0.20083205912742   -1.03546165641772
   0.33470665187750   -0.19441309348767   -1.03108844601678
   0.32620612013405   -0.18947559175812   -1.02665119981380
   0.32334289131642   -0.18781249612296   -1.02498241698832
   0.31238556614138   -0.18144797521583   -1.02060134156818
   0.30121840073722   -0.17496156940485   -1.01574993039785
   0.29763031881092   -0.17287744558160   -1.01359197768899
   0.29006454043833   -0.16848289181397   -1.01011430222788
   0.27889480105125   -0.16199499091475   -1.00525878263766
   0.27047100365116   -0.15710206003847   -1.00055116787760
   0.26775191707671   -0.15552268888038   -0.99883078595178
   0.25658297274835   -0.14903524978800   -0.99478712567843
   0.24528229141200   -0.14247129175253   -0.98941228861983
   0.24249251436052   -0.14085086029807   -0.98779801602530
   0.23416415553263   -0.13601336455568   -0.98379695725531
   0.22297346819504   -0.12951329611859   -0.97892759015225
   0.21403123694598   -0.12431923490092   -0.97458125955892
   0.21208401444410   -0.12318819807158   -0.97350308292751
   0.20078068355783   -0.11662270105505   -0.96897329169957
   0.18948488926696   -0.11006158164147   -0.96357915443951
   0.18669514369502   -0.10844116847178   -0.96196485431082
   0.17836829067603   -0.10360454737280   -0.95796374491003
   0.16728612748083   -0.09716751477357   -0.95362858038700
   0.15822705697401   -0.09190558791471   -0.94876640407238
   0.15627359399812   -0.09077092632963   -0.94767867275103
   0.14497862674998   -0.08421028730069   -0.94315981944439
   0.13368807110582   -0.07765221073525   -0.93774549362919
   0.13024198143337   -0.07565056257589   -0.93603547672317
   0.12265790478662   -0.07124538032489   -0.93267322393428
   0.11148209402713   -0.06475395289195   -0.92781401328712
   0.10242304391505   -0.05949203787930   -0.92295189483958
   0.10046329326939   -0.05835372412500   -0.92185458414240
   0.08917673134440   -0.05179796729624   -0.91734668899513
   0.07799458256510   -0.04530285844845   -0.91247913387920
   0.07443734580646   -0.04323665092423   -0.91022059579153
   0.06685605379690   -0.03883308611922   -0.90686022539923
   0.05569559129585   -0.03235057366417   -0.90202026918439
   0.04723275980234   -0.02743496998229   -0.89746738057694
   0.04431731291032   -0.02574154367601   -0.89641942154792
   0.03337492720438   -0.01938570030303   -0.89153388069778
   0.02219000496128   -0.01288898049928   -0.88666454839841
   0.01800480099968   -0.01045802059906   -0.88424457479175
   0.01105426622325   -0.00642082874853   -0.88104754117788
  -0.00010619090078    0.00006168058330   -0.87620764420117
  -0.00924688873928    0.00537102036920   -0.87159372914007
  -0.01148236537536    0.00666948852273   -0.87058367258465
  -0.02242685495944    0.01302655392538   -0.86572137515638
  -0.03360347033517    0.01951844871662   -0.86086460652161
  -0.03847185838866    0.02234623351404   -0.85840721793817
  -0.04463459129032    0.02592583362366   -0.85568777126963
  -0.05578514044319    0.03240258794789   -0.85487947389546
  -0.06705464845627    0.03894843907638   -0.85693857481060
  -0.06783384920126    0.03940103488358   -0.85750974035617
  -0.07836043740257    0.04551536384779   -0.86292177325705
  -0.08956793686841    0.05202519754602   -0.86784437235910
  -0.09434351143113    0.05479907197819   -0.87051029448877
  -0.10054070691812    0.05839868955022   -0.87388475115893
  -0.11169872530779    0.06487978235241   -0.87952909956380
  -0.12005030263578    0.06973076447281   -0.88361070825848
  -0.12285981777691    0.07136266072203   -0.88517704188944
  -0.13401937332482    0.07784464637677   -0.89082320479035
  -0.14453765327377    0.08395414952400   -0.89632138248785
  -0.14535612191043    0.08442955393764   -0.89690052245340
  -0.15649408805697    0.09089899947020   -0.90251221258071
  -0.16749671468234    0.09728983355351   -0.90776010206289
  -0.17032279446572    0.09893135131256   -0.90927602092944
  -0.17881023074295    0.10386124659005   -0.91381249716051
  -0.18981948998108    0.11025593320141   -0.91905731311406
  -0.19544718106732    0.11352475629510   -0.92216226946812
  -0.20112644124508    0.11682353310066   -0.92511269307270
  -0.21229336443239    0.12330979822089   -0.93077955220416
  -0.22056324185668    0.12811332526107   -0.93505912548464
  -0.22329615046421    0.12970072489483   -0.93679971204528
  -0.23444754755661    0.13617797174153   -0.94243562321795
  -0.24562172520810    0.14266845058987   -0.94729612486741
  -0.24638913024571    0.14311419490502   -0.94794153521333
  -0.25689724576279    0.14921779408042   -0.95413607164254
  -0.26809131373042    0.15571982614370   -0.95904708759348
  -0.27088083257731    0.15734010762100   -0.96066118654923
  -0.27921461915598    0.16218075605190   -0.96543659895879
  -0.29039833858317    0.16867677720458   -0.97032538532160
  -0.29604233505240    0.17195507121834   -0.97339148966543
  -0.30155063689938    0.17515454752372   -0.97676923248615
  -0.31256695785027    0.18155333590424   -0.98196114268241
  -0.32177965448150    0.18690449591673   -0.98635414524836
  -0.32388102634615    0.18812506982072   -0.98729455813742
  -0.33500846157284    0.19458839850830   -0.99368747044440
  -0.34621519635500    0.20109778804291   -0.99863618022735
  -0.34700357977112    0.20155571756993   -0.99926801675194
  -0.35720711431736    0.20748240203979   -1.00535424543210
  -0.36837201211217    0.21396749071845   -1.01020345057492
  -0.37196039778379    0.21605179097102   -1.01236158990782
  -0.37952714893145    0.22044690977137   -1.01664751926120
  -0.39082544906783    0.22700948469584   -1.02197298810853
  -0.39646521125245    0.23028531924140   -1.02504992830103
  -0.40221337471131    0.23362411825731   -1.02793384274417
  -0.41312238908139    0.23996057801601   -1.03404080441382
  -0.42220947664304    0.24523877847526   -1.03801348128544
  -0.42452865804528    0.24658586622580   -1.03923529056209
  -0.43544259212967    0.25292518358195   -1.04533425217253
  -0.44663182418591    0.25942440672438   -1.05021964281800
  -0.44802680279939    0.26023467477873   -1.05102629262439
  -0.45777861998947    0.26589898092985   -1.05664995543680
  -0.46880751410321    0.27230507238448   -1.06182004598157
  -0.47308447252872    0.27478932751821   -1.06394875624928
  -0.48009840740245    0.27886334507559   -1.06794322200041
  -0.49125637013218    0.28534440554791   -1.07358673348320
  -0.49819514665914    0.28937476766369   -1.07691070716277
  -0.50241828414323    0.29182776110706   -1.07923656465660
  -0.51357825777048    0.29830998960161   -1.08488326509613
  -0.52332719686758    0.30397262402329   -1.08976560039510
  -0.52471343746874    0.30477781663622   -1.09049521689299
  -0.53589827906440    0.31127448959621   -1.09617672535410
  -0.54705655964287    0.31775573468978   -1.10182046020454
  -0.54846966419870    0.31857653112922   -1.10257849394408
  -0.55840080770577    0.32434499829367   -1.10779623922541
  -0.56938159691766    0.33072314819791   -1.11312277329455
  -0.57424018992979    0.33354524358259   -1.11560356793110
  -0.58052629672808    0.33719650495369   -1.11955028158432
  -0.59170373055878    0.34368887514140   -1.12442034263996
  -0.59935848117998    0.34813510810330   -1.12849792570210
  -0.60284721345538    0.35016152505739   -1.13084431652028
  -0.61419369011074    0.35675208313080   -1.13605137561266
  -0.62454001592763    0.36276170737044   -1.14119842655037
  -0.62537244876568    0.36324522283767   -1.14175427052219
  -0.63651112663290    0.36971508177050   -1.14735338948811
  -0.64770459403972    0.37621676500030   -1.15311367559747
  -0.64906487654878    0.37700687995356   -1.15399054334143
  -0.65866932010500    0.38258558468655   -1.15992541898606
  -0.66983858808870    0.38907321177291   -1.16640964097175
  -0.67059779890394    0.38951419650498   -1.16709780677804
  -0.68118403772028    0.39566317330343   -1.17492788971425
  -0.68815815080916    0.39971406052762   -1.17977034314487
  -0.69234525030892    0.40214612144402   -1.18301768954158
  -0.70331738257636    0.40851924299479   -1.19059777633941
  -0.70683802908183    0.41056419720878   -1.19294947096615
  -0.71447866051762    0.41500222909520   -1.19866708970630
  -0.72444947111407    0.42079373673857   -1.20550662251452
  -0.72582334789182    0.42159174787141   -1.20645268105420
  -0.73698196618961    0.42807318912796   -1.21452294141594
  -0.74249199228645    0.43127366695735   -1.21867817507572
  -0.74813872845941    0.43455355231767   -1.22256343795329
  -0.75912240387288    0.44093337866119   -1.23013213204835
  -0.76125807223372    0.44217387355535   -1.23165878085091
  -0.77045112478401    0.44751362337768   -1.23865907957894
  -0.77888017993029    0.45240960819595   -1.24418633849094
  -0.78179060155055    0.45410011559212   -1.24650337359826
  -0.79260633272062    0.46038239215672   -1.25434218181145
  -0.79685335961039    0.46284926167106   -1.25745059614810
  -0.80392942233765    0.46695936595732   -1.26287189723202
  -0.81454356263368    0.47312454922478   -1.26987537065287
  -0.81534626158900    0.47359079387862   -1.27047993017588
  -0.82625298969349    0.47992592566859   -1.27826231785128
  -0.83258277239260    0.48360255602157   -1.28301004471402
  -0.83741191360926    0.48640754444219   -1.28632081048384
  -0.84857141554322    0.49288949895547   -1.29439134948540
  -0.85069383536006    0.49412229848293   -1.29595003219870
  -0.85973099485798    0.49937149841510   -1.30246188769340
  -0.86877888199268    0.50462692945454   -1.30895400989411
  -0.87088095859488    0.50584791270267   -1.31044712635438
  -0.88204900341941    0.51233482932165   -1.31857555473279
  -0.88691816825807    0.51516306531181   -1.32183014594289
  -0.89320781548007    0.51881638312463   -1.32663246748526
  -0.90437833677162    0.52530473819012   -1.33394777537583
  -0.90514849669007    0.52575208266739   -1.33462897348591
  -0.91553432306285    0.53178465065561   -1.34278990549301
  -0.92251026056691    0.53583659758446   -1.34763062173002
  -0.92669154561454    0.53826528119831   -1.35083915272155
  -0.93785735247199    0.54475089790257   -1.35811887694284
  -0.94078388518913    0.54645076336847   -1.36027752015224
  -0.94926007736177    0.55137412755031   -1.36656495178191
  -0.95883394569770    0.55693507278218   -1.37337493910449
  -0.96018558755057    0.55772016884295   -1.37428655638190
  -0.97134403169210    0.56420150894150   -1.38233038794627
  -0.97693694249791    0.56745013004078   -1.38634193114173
  -0.98250659458210    0.57068524139952   -1.39040302810069
  -0.99351338660638    0.57707849493904   -1.39794268858008
  -0.99503773926250    0.57796390941700   -1.39929585757391
  -1.00482527207880    0.58364896085460   -1.40650963200422
  -1.01323871433542    0.58853587698493   -1.41207142860200
  -1.01611424376108    0.59020611738177   -1.41435821333657
  -1.02737920865946    0.59674932965926   -1.42227427954156
  -1.03081917716648    0.59874742236283   -1.42478216989877
  -1.03831224874214    0.60309974466230   -1.43071491806770
  -1.04893347056566    0.60926904120823   -1.43782786001510
  -1.04969822759814    0.60971324743963   -1.43853142805144
  -1.06048733950933    0.61598006230832   -1.44635325167776
  -1.06689526649155    0.61970208247275   -1.45093387698458
  -1.07180343307601    0.62255297247952   -1.45414233512071
  -1.08296588594248    0.62903664103080   -1.46221083408202
  -1.08507849687045    0.63026374310224   -1.46378830514316
  -1.09412527558544    0.63551853032028   -1.47105803507780
  -1.10253453262615    0.64040301548377   -1.47662956421228
  -1.10548285579407    0.64211553785063   -1.47863439280583
  -1.11645398005795    0.64848807390635   -1.48642157866982
  -1.12066880160913    0.65093623707152   -1.48959687872995
  -1.12781703145245    0.65508825935433   -1.49484749123493
  -1.13877945724446    0.66145574293554   -1.50176479599280
  -1.13953092555691    0.66189223046414   -1.50247864370345
  -1.14994152245211    0.66793918631666   -1.51061208145963
  -1.15691835990360    0.67199165597657   -1.51545341792342
  -1.16110515676915    0.67442354110903   -1.51869176543600
  -1.17211106378349    0.68081628059387   -1.52624368794648
  -1.17498042066430    0.68248293569137   -1.52851942114581
  -1.18343136528888    0.68739163493036   -1.53482964968374
  -1.19308131305573    0.69299677061208   -1.54150229437801
  -1.19444936876391    0.69379140059866   -1.54235961637696
  -1.20560957265084    0.70027376283868   -1.55043623341195
  -1.21067322265695    0.70321496480316   -1.55408616290869
  -1.21711196542411    0.70695488419978   -1.55868442837095
  -1.22808388276291    0.71332788091007   -1.56631581183137
  -1.22942553912642    0.71410717693709   -1.56721575892523
  -1.23924745462973    0.71981219942847   -1.57434223097412
  -1.24706219429544    0.72435136142208   -1.57970424803466
  -1.25051821358297    0.72635877716082   -1.58226800935832
  -1.26157559683717    0.73278141642500   -1.59049684673395
  -1.26506426898282    0.73480779845295   -1.59291767940982
  -1.27273922504620    0.73926576766955   -1.59857640334753
  -1.28314644463251    0.74531076182498   -1.60594764911068
  -1.28390153747185    0.74574935464631   -1.60659364244971
  -1.29506769411718    0.75223517452353   -1.61469380058198
  -1.30071426291688    0.75551496266573   -1.61859837173769
  -1.30623194750696    0.75871988890197   -1.62275984482810
  -1.31739074867498    0.76520143637800   -1.63008059149701
  -1.31888079049234    0.76606692153497   -1.63154195229486
  -1.32856083126827    0.77168953662726   -1.63889951169290
  -1.33697138483185    0.77657477487116   -1.64447186409600
  -1.33989119175176    0.77827073368316   -1.64655880302546
  -1.35088769548112    0.78465801130546   -1.65426120284855
  -1.35510320118963    0.78710657186083   -1.65743695802104
  -1.36205485651963    0.79114441458067   -1.66310945699404
  -1.37261320053311    0.79727718878833   -1.67020934742218
  -1.37338560118038    0.79772583478447   -1.67087294629030
  -1.38438322569069    0.80411376340816   -1.67845731767858
  -1.39075600569669    0.80781536858431   -1.68312148002591
  -1.39571120611127    0.81069357801351   -1.68704083270494
  -1.40671190492508    0.81708329233476   -1.69460694034267
  -1.40882499296891    0.81831067153714   -1.69618472681068
  -1.41787981473752    0.82357013053247   -1.70265355715723
  -1.42705416328693    0.82889901620660   -1.70889926901759
  -1.42920024586504    0.83014556015949   -1.71048289706663
  -1.44020971630284    0.83654036944537   -1.71880237203152
  -1.44508181362358    0.83937030875666   -1.72205563650153
  -1.45137618485090    0.84302637049012   -1.72686496873258
  -1.46253447524009    0.84950762128220   -1.73416585050784
  -1.46328613201552    0.84994421827881   -1.73487983228214
  -1.47369989708603    0.85599301435398   -1.74223625193230
  -1.48073228827948    0.86007775219491   -1.74779251914234
  -1.48487348190220    0.86248314885616   -1.75107695524360
  -1.49619248574992    0.86905774945310   -1.75890512981204
  -1.49887634892060    0.87061666123027   -1.76070536707205
  -1.50705601642833    0.87536779018142   -1.76671790292972
  -1.51638056464319    0.88078391876344   -1.77346472672658
  -1.51851939427883    0.88202624987212   -1.77493165381715
  -1.52953704328902    0.88842580965086   -1.78255671725032
  -1.53518466114107    0.89170620713114   -1.78646193318716
  -1.54085610713702    0.89500044509874   -1.79116350848362
  -1.55186990122578    0.90139776576094   -1.79869885147403
  -1.55324414527947    0.90219599022462   -1.79954940723513
  -1.56303720897365    0.90788425425172   -1.80676682087462
  -1.57144935454589    0.91277041720783   -1.81234013060379
  -1.57430092997209    0.91442674401464   -1.81468674724229
  -1.58537219123158    0.92085744426572   -1.82290327038358
  -1.58890185012078    0.92290763328872   -1.82523993167279
  -1.59653776537761    0.92734292580043   -1.83098079701800
  -1.60709545125786    0.93347531773389   -1.83808007204442
  -1.60785512960165    0.93391657402815   -1.83876857996520
  -1.61886288288211    0.94031038590969   -1.84634324054539
  -1.62517849433905    0.94397878495022   -1.85112491910385
  -1.63018936106847    0.94688932794798   -1.85492616610090
  -1.64119932705047    0.95328442506883   -1.86248060067872
  -1.64331285104790    0.95451205749321   -1.86405865800275
  -1.65252392395931    0.95986227437418   -1.87106930525386
  -1.66082087790838    0.96468152871142   -1.87686450447833
  -1.66368775931718    0.96634674594036   -1.87906575406618
  -1.67470695980803    0.97274720689078   -1.88668236876789
  -1.67897094671566    0.97522392756739   -1.88976065201529
  -1.68602666752280    0.97932221632624   -1.89528455783798
  -1.69643524918060    0.98536800163574   -1.90265363021735
  -1.69719499567947    0.98580929751762   -1.90334218263553
  -1.70820862338876    0.99220652153893   -1.91090362924197
  -1.71518860076163    0.99626081501031   -1.91574689910016
  -1.71938174907195    0.99869638935545   -1.91896369438726
  -1.73069617392905    1.00526833026300   -1.92678816499336
  -1.73279025071896    1.00648466685040   -1.92840257079098
  -1.74171867430369    1.01167070793844   -1.93510827675151
  -1.75089569087069    1.01700114332050   -1.94135557496322
  -1.75303269079788    1.01824241164994   -1.94293243318692
  -1.76420114059663    1.02472956349666   -1.95100468167242
  -1.76897983293360    1.02750524887622   -1.95441977322600
  -1.77537234749337    1.03121831679332   -1.95905468077415
  -1.78637692672737    1.03761028504197   -1.96662146099172
  -1.78712882580594    1.03804702277944   -1.96733560433760
  -1.79771237869809    1.04419443946898   -1.97516467937372
  -1.80474900178429    1.04828163538881   -1.97989347934809
  -1.80898579358637    1.05074255989117   -1.98310455237373
  -1.81989540418902    1.05707936596929   -1.99082087137515
  -1.82338578406767    1.05910673992750   -1.99324273566217
  -1.83106051533374    1.06356457857144   -1.99890080748898
  -1.84087313869467    1.06926420375704   -2.00609386925149
  -1.84225046911475    1.07006422092497   -2.00693515892076
  -1.85340907104738    1.07654565267588   -2.01503131408953
  -1.85905846540697    1.07982708203385   -2.01893757774594
  -1.86491361186154    1.08322802171841   -2.02329131522939
  -1.87588708911404    1.08960192449868   -2.03094750356546
  -1.87721245272820    1.09037175694383   -2.03186928149210
  -1.88692087854540    1.09601085938004   -2.03924837354028
  -1.89472174854365    1.10054196522974   -2.04465079837124
  -1.89817668413529    1.10254875150782   -2.04715465189182
  -1.90940565337975    1.10907105584581   -2.05512857549631
  -1.91286759299567    1.11108191038492   -2.05760280857699
  -1.92043241724874    1.11547590995583   -2.06346887662762
  -1.93098992799450    1.12160820016308   -2.07056787172336
  -1.93174987206639    1.12204961080451   -2.07125655057362
  -1.94275742597348    1.12844330688078   -2.07883058015522
  -1.94907518994636    1.13211295620206   -2.08361356155730
  -1.95408933472128    1.13502540324015   -2.08741701332194
  -1.96510301070903    1.14142265530382   -2.09497361672299
  -1.96721726071709    1.14265070942873   -2.09655211002561
  -1.97628732055952    1.14791901940164   -2.10303081233280
  -1.98546664686442    1.15325079638623   -2.10927944332824
  -1.98753860395601    1.15445428483048   -2.11097712771252
  -1.99863550932016    1.16089988036282   -2.11917210481562
  -2.00355663138606    1.16375829551201   -2.12232972676444
  -2.00994540705544    1.16746919170877   -2.12697957457454
  -2.02052130939049    1.17361216460114   -2.13488784127254
  -2.02127645476960    1.17405078794000   -2.13559685272345
  -2.03213789213877    1.18035961277757   -2.14341200467238
  -2.03912032723390    1.18441533380763   -2.14825670477285
  -2.04331855944762    1.18685386111884   -2.15147658325075
  -2.05446604914035    1.19332883836721   -2.15876898888519
  -2.05731303235440    1.19498249780496   -2.16109815682947
  -2.06566349746950    1.19983283390070   -2.16762586943278
  -2.07545785737952    1.20552185082987   -2.17404754117647
  -2.07699017236581    1.20641189019722   -2.17535984825007
  -2.08799576174105    1.21280444518258   -2.18298149179702
  -2.09299203775748    1.21570651321985   -2.18681623433459
  -2.09932360190151    1.21938417831838   -2.19157577734737
  -2.11035248621852    1.22579026408262   -2.19912055670455
  -2.11111545374380    1.22623343088551   -2.19979766293041
  -2.12152798452204    1.23228151002669   -2.20719335448336
  -2.12933098721522    1.23681385464417   -2.21259700742521
  -2.13294384371705    1.23891236868597   -2.21563412039509
  -2.14387938884923    1.24526423873754   -2.22333937535248
  -2.14679317557333    1.24695670074155   -2.22550751865029
  -2.15519855426487    1.25183893318059   -2.23192017523751
  -2.16560039066406    1.25788080053212   -2.23853053323301
  -2.16634080390969    1.25831086676694   -2.23927344148875
  -2.17739452098243    1.26473137654347   -2.24757261523961
  -2.18365818058468    1.26836959954561   -2.25165403251420
  -2.18871115632935    1.27130460140568   -2.25537044021582
  -2.19988538177072    1.27779510801258   -2.26344610397677
  -2.20124281675566    1.27858356899222   -2.26432625254461
  -2.21105976964779    1.28428570896964   -2.27152186175919
  -2.21936195521878    1.28910800207470   -2.27732010763698
  -2.22225162842296    1.29078645783183   -2.27953411967987
  -2.23324839372787    1.29717388738931   -2.28715865629428
  -2.23746782348857    1.29962472721555   -2.29033678736588
  -2.24459402506304    1.30376395446167   -2.29571945293517
  -2.25515991641039    1.30990111250968   -2.30285070621482
  -2.25591225846237    1.31033810754658   -2.30356513448796
  -2.26678401594672    1.31665292678403   -2.31137965565575
  -2.27316279879754    1.32035801868991   -2.31604739913199
  -2.27797048572145    1.32315054546569   -2.31944756697187
  -2.28927638987465    1.32971753715458   -2.32726579759567
  -2.29137187190720    1.33093468997187   -2.32888104754068
  -2.30032211899578    1.33613340715962   -2.33560073955794
  -2.30950514023219    1.34146733033120   -2.34185148100496
  -2.31162774933600    1.34270023980528   -2.34341879581346
  -2.32281403133534    1.34919774941830   -2.35147300860066
  -2.32765546066149    1.35200987534087   -2.35479387176269
  -2.33398838597190    1.35568833106775   -2.35955418668593
  -2.34502403175013    1.36209834420117   -2.36710289800778
  -2.34578724379171    1.36254165303043   -2.36778015709648
  -2.35635334276077    1.36867893167473   -2.37567896022244
  -2.36339468755344    1.37276887017992   -2.38041045153238
  -2.36761653963014    1.37522111699926   -2.38361684925271
  -2.37856306567515    1.38157936527253   -2.39132862238894
  -2.38147776481849    1.38327235725182   -2.39349730236672
  -2.39002108475628    1.38823471234230   -2.39969183698185
  -2.39953581159605    1.39376130545968   -2.40659906977788
  -2.40093270636808    1.39457268650749   -2.40747214264619
  -2.41208698278428    1.40105160579853   -2.41556710093995
  -2.41774029405651    1.40433531028040   -2.41947561635059
  -2.42340379786072    1.40762493505595   -2.42336500269349
  -2.43458159133135    1.41411751413916   -2.43144274392341
  -2.43593945310147    1.41490622301535   -2.43232313237813
  -2.44562387566524    1.42053138325254   -2.43979869668133
  -2.45404458253720    1.42542251900723   -2.44537688953643
  -2.45696328669141    1.42711783728195   -2.44753905755212
  -2.46812544968626    1.43360133746239   -2.45565816829844
  -2.47163133415975    1.43563771720589   -2.45805658768210
  -2.47929456319492    1.44008887482250   -2.46375475914107
  -2.48911529206844    1.44579320806444   -2.47095258069141
  -2.49047911810141    1.44658538126017   -2.47182221593454
  -2.50165806845238    1.45307863231295   -2.47990063326880
  -2.50788429962647    1.45669511515408   -2.48405877128747
  -2.51284578485608    1.45957697509433   -2.48796213933484
  -2.52399927846310    1.46605543969362   -2.49527770531542
  -2.52609546718266    1.46727300298738   -2.49689337663065
  -2.53520482891645    1.47256414131532   -2.50411962850426
  -2.54362661623353    1.47745590464247   -2.50969843645078
  -2.54651984221316    1.47913642401579   -2.51196325854547
  -2.55740705490424    1.48546022035165   -2.51978053097505
  -2.56167570765200    1.48793965116386   -2.52286154614300
  -2.56859493493255    1.49195865817376   -2.52785564563646
  -2.57930988735386    1.49818239778310   -2.53545842834381
  -2.58007336832989    1.49862586282192   -2.53613585673328
  -2.59107797513756    1.50501784708663   -2.54375108972989
  -2.59736720389708    1.50867092183711   -2.54859850205012
  -2.60213656858648    1.51144118928783   -2.55209367537135
  -2.61330238946583    1.51792681413666   -2.55937238750791
  -2.61619036942444    1.51960428637849   -2.56161805455376
  -2.62464777477413    1.52451673830525   -2.56794644156926
  -2.63383503620820    1.52985312437962   -2.57419961526333
  -2.63594434459593    1.53107830818304   -2.57583861001869
  -2.64683997256379    1.53740699250060   -2.58361391540078
  -2.65184017419056    1.54031134071379   -2.58745099782028
  -2.65819226590795    1.54400092917571   -2.59218615041570
  -2.66935633267385    1.55048553515437   -2.59948509403048
  -2.67011429118442    1.55092579249000   -2.60018413801264
  -2.68040632918804    1.55690388385853   -2.60784544829257
  -2.68821540912793    1.56143975842180   -2.61325260561310
  -2.69165445638549    1.56343731602109   -2.61575426035322
  -2.70277805838721    1.56989841819444   -2.62400304145627
  -2.70631256803772    1.57195142476381   -2.62634246891315
  -2.71424268832084    1.57655760515289   -2.63232382249957
  -2.72390931707310    1.58217242992192   -2.63900626088222
  -2.72527508100511    1.58296572873898   -2.63987701894476
  -2.73645802584048    1.58946129997293   -2.64795778498144
  -2.74208037346708    1.59272701933829   -2.65193887615224
  -2.74763371093662    1.59595265441479   -2.65604855149229
  -2.75865936036289    1.60235686120496   -2.66361204325684
  -2.76017550139733    1.60323750599352   -2.66501027598840
  -2.77001914454696    1.60895514890612   -2.67218506929656
  -2.77844392433099    1.61384865039639   -2.67776559456479
  -2.78124134147579    1.61547351957017   -2.68018064273529
  -2.79222810952163    1.62185514225750   -2.68785002205239
  -2.79649831494766    1.62433547493702   -2.69093195537808
  -2.80357129388096    1.62844378801321   -2.69642931433673
  -2.81413110942453    1.63457741695356   -2.70355681014366
  -2.81488410824774    1.63501479347354   -2.70427166189883
  -2.82581831274606    1.64136588482300   -2.71207931969357
  -2.83231967899748    1.64514217883373   -2.71644410593836
  -2.83736045958796    1.64807009718459   -2.72024877299842
  -2.84827598213991    1.65441033719612   -2.72798855326656
  -2.85037324760985    1.65562852591627   -2.72960487525660
  -2.85934562215401    1.66084009575295   -2.73633765888714
  -2.86853625726121    1.66617844141260   -2.74259280168040
  -2.87064615677265    1.66740396856799   -2.74415263348753
  -2.88172778470112    1.67384069025956   -2.75249818552626
  -2.88603480230150    1.67634240515139   -2.75549042834473
  -2.89305181955964    1.68041821310011   -2.76027830466521
  -2.90418582183456    1.68688535623283   -2.76760654524583
  -2.90493239340400    1.68731899950675   -2.76833824768396
  -2.91542420173534    1.69341312671497   -2.77644370028527
  -2.92247147869652    1.69750651089781   -2.78117861789502
  -2.92668261352369    1.69995253264327   -2.78437876245925
  -2.93763642339049    1.70631501169690   -2.79210096541155
  -2.94051941854844    1.70798958853612   -2.79436008955062
  -2.94898433800133    1.71290640500131   -2.80069274037289
  -2.95879108882178    1.71860261914397   -2.80712148282696
  -2.96031260019399    1.71948638327291   -2.80849410120227
  -2.97132988586151    1.72588573200544   -2.81608166563546
  -2.97690084441677    1.72912160222297   -2.82016413903126
  -2.98268130696090    1.73247916204047   -2.82467650764408
  -2.99371118249952    1.73888582355203   -2.83224249203284
  -2.99446955951047    1.73932632397203   -2.83294180955872
  -3.00489898722121    1.74538421763258   -2.84032617638284
  -3.01261044261325    1.74986338734626   -2.84594848246964
  -3.01613097007940    1.75190827241670   -2.84835928439960
  -3.02729037700202    1.75839017174301   -2.85647876174682
  -3.03079933225731    1.76042833513851   -2.85887897864408
  -3.03848645114857    1.76489336908772   -2.86455472579477
  -3.04904461318626    1.77102603759543   -2.87168121440855
  -3.04979792275348    1.77146359460990   -2.87239627267806
  -3.06071462390007    1.77780451920367   -2.88019013463030
  -3.06708225221816    1.78150313204137   -2.88489910213403
  -3.07197024670789    1.78434230516318   -2.88827511015909
  -3.08321940517134    1.79087633633269   -2.89389883367063
  -3.09306985350361    1.79659793200991   -2.89771447866164
  -3.09441161509923    1.79737728916061   -2.89852914947685
  -3.10545603312072    1.80379239761837   -2.90750057133870
  -3.10825454315654    1.80541790159377   -2.91073346580346
  -3.11676105350007    1.81035887597057   -2.91957483946038
  -3.12168233356119    1.81321738289069   -2.92357495459177
  -3.12797813743459    1.81687427677121   -2.92844756091050
  -3.13857643085585    1.82303025544136   -2.93633956710338
  -3.13934063836726    1.82347414248551   -2.93701746826124
  -3.15038355101710    1.82988837655384   -2.94459590646418
  -3.15743361508410    1.83398337961657   -2.94933249402319
  -3.16164086257514    1.83642714341753   -2.95253026615940
  -3.17262697923540    1.84280838775001   -2.96021034480530
  -3.17548672186161    1.84446945844407   -2.96251728891685
  -3.18384625703926    1.84932506285136   -2.96973354342329
  -3.18948321568630    1.85259926897271   -2.97533788151234
  -3.19505822238856    1.85583749054112   -2.98253746304084
  -3.19861427956552    1.85790301290978   -2.98814639796502
  -3.20573470808508    1.86203888689879   -3.00096650301878
  -3.20633174593728    1.86238567407831   -3.00184612331242
  -3.21271438859999    1.86609300794134   -3.01391486903771
  -3.21740188853771    1.86881572456051   -3.02215495288002
  -3.22015727807120    1.87041618215514   -3.02703750992053
  -3.22677424621967    1.87425962309077   -3.03973761327989
  -3.22882693269078    1.87545191826796   -3.04380766338133
  -3.23351288561892    1.87817373631247   -3.05283838768521
  -3.23985434737301    1.88185715040039   -3.06417264347332
  -3.24065403122468    1.88232164374268   -3.06570713306938
  -3.24708414375366    1.88605655029808   -3.07852854727963
  -3.25100260290970    1.88833257248633   -3.08519790371257
  -3.25448461141419    1.89035508396350   -3.09167782476111
  -3.26163959879293    1.89451103133522   -3.10453158376204
  -3.26245199423354    1.89498290815589   -3.10605108460851
  -3.26809296325601    1.89825944368865   -3.11732485588789
  -3.27355795719864    1.90143376476150   -3.12712164803173
  -3.27506198802281    1.90230737538019   -3.13028329463260
  -3.28171441952476    1.90617141507063   -3.14295389042106
  -3.28515027354032    1.90816711788738   -3.14868603719895
  -3.28910332537303    1.91046323310112   -3.15612293015492
  -3.29585671143201    1.91438591186438   -3.16844784532083
  -3.29648745188295    1.91475227507099   -3.16930971168911
  -3.30241201494816    1.91819353513143   -3.18198895265992
  -3.30716459577707    1.92095405374024   -3.19017508624681
  -3.30983571117392    1.92250556102116   -3.19511327028919
  -3.31642193341241    1.92633114331121   -3.20786166553913
  -3.31832217827266    1.92743489335499   -3.21121935347727
  -3.32315969677375    1.93024474768960   -3.22096280432007
  -3.32961166694018    1.93399235017109   -3.23219783481357
  -3.33082769796519    1.93469867719514   -3.23394802175964
  -3.33693222021059    1.93824446586511   -3.24652141990056
  -3.34083331208216    1.94051040033184   -3.25321053727794
  -3.34437123756482    1.94256539097440   -3.25965161903872
  -3.35130236772963    1.94659131172963   -3.27267050783322
  -3.35211501547942    1.94706333510313   -3.27419030208668
  -3.35818468129237    1.95058887754608   -3.28563527675035
  -3.36306681754764    1.95342464793454   -3.29455881441979
  -3.36516924959053    1.95464583763906   -3.29860065086855
  -3.37183799411773    1.95851935268855   -3.31128589099257
  -3.37466340024787    1.96016047915866   -3.31611856055641
  -3.37876782442849    1.96254451842846   -3.32426799020913
  -3.38523187432688    1.96629913737660   -3.33709490117510
  -3.38585139803887    1.96665898538278   -3.33796576017064
  -3.39272736538654    1.97065286502421   -3.35018582050813
  -3.39683571032492    1.97303918165133   -3.35832768406447
  -3.39951317336437    1.97459437593647   -3.36326318805035
  -3.40655044249924    1.97868194711123   -3.37620369786393
  -3.40790205711471    1.97946702735126   -3.37865779904199
  -3.41304834894438    1.98245623150656   -3.38899480922607
  -3.41914429431092    1.98599703832887   -3.39965776681584
  -3.42053160647234    1.98680285335352   -3.40209358924938
  -3.42706265604371    1.99059638880843   -3.41486880452902
  -3.43057195810699    1.99263475364606   -3.42131466249894
  -3.43387619000711    1.99455400425461   -3.42790644566520
  -3.44099379070951    1.99868823571670   -3.44084350542173
  -3.44163814706154    1.99906250766799   -3.44170080298412
  -3.44743744103158    2.00243100564804   -3.45363377175847
  -3.45278010639887    2.00553427263033   -3.46271711964114
  -3.45488325212002    2.00675587687217   -3.46675978144319
  -3.46153299207636    2.01061835318851   -3.47946553711496
  -3.46435542601753    2.01225775327390   -3.48429676312986
  -3.46846122285860    2.01464258984834   -3.49244790824378
  -3.47531048347994    2.01862095698872   -3.50468422623569
  -3.47591830279482    2.01897400654009   -3.50555426249153
  -3.48242754699213    2.02275487642591   -3.51837284269592
  -3.48664213213852    2.02520290227625   -3.52643317456557
  -3.48924661507385    2.02671570634379   -3.53140928696309
  -3.49627113545109    2.03079587245088   -3.54438521651888
  -3.49797346016352    2.03178466132497   -3.54739484521495
  -3.50300621133606    2.03470791581878   -3.55700832803550
  -3.50908912705272    2.03824115441821   -3.56847814508116
  -3.50982009240188    2.03866573287808   -3.57007639269256
  -3.51612413668472    2.04232741316927   -3.58302085894879
  -3.52014459636365    2.04466268197567   -3.59434327932171
  -3.52074473678590    2.04501127127129   -3.59599257387659
  -3.52227125637734    2.04589794440544   -3.60883125991604
  -3.52244240545452    2.04599735569994   -3.62171286467448
  -3.52307548389234    2.04636507691739   -3.63466807861551
  -3.52378891742781    2.04677947208955   -3.64760270192034
  -3.52430407637938    2.04707870021917   -3.66051589046128
  -3.52327810863127    2.04648277073104   -3.67343812991757
  -3.52259228598293    2.04608441323829   -3.68637141626513
  -3.52190652530909    2.04568609174320   -3.69930483564571
  -3.52183976350904    2.04564731340402   -3.71225070720091
  -3.52185386904277    2.04565550654996   -3.72518531822622
  -3.52186804145093    2.04566373853966   -3.73812007171912
  -3.52153257199118    2.04546888237211   -3.75105412269933
  -3.52127688456359    2.04532036729634   -3.76397608219107
  -3.52121142053255    2.04528234276138   -3.77692466108884
  -3.52122585940452    2.04529072952558   -3.78985998409229
  -3.52124036565109    2.04529915542406   -3.80279545153982
  -3.52104784649167    2.04518733139807   -3.81569563886990
  -3.52059266444225    2.04492294062535   -3.81732932394810
  -3.51832657360773    2.04360669033037   -3.82847547525005
  -3.51275383288467    2.04036978494741   -3.84131393942973
  -3.50952141635878    2.03849224802750   -3.84628112848454
  -3.50328783268115    2.03487149451249   -3.85439007895352
  -3.49838305037703    2.03202257025216   -3.86084306649899
  -3.49349164821924    2.02918141779925   -3.86729604431342
  -3.48739892766917    2.02564248409939   -3.87476386539522
  -3.48318672897581    2.02319584441128   -3.88039419023126
  -3.47623494165326    2.01915792502406   -3.88931285824918
  -3.47331785120581    2.01746354406482   -3.89321181564294
  -3.46484500439731    2.01254212302509   -3.90444321978400
  -3.46351040348196    2.01176692512846   -3.90611954416781
  -3.45385426837369    2.00615819555286   -3.91835321412508
  -3.45318225460284    2.00576785889441   -3.91918736809806
  -3.44338226430877    2.00007557157794   -3.93208651475750
  -3.44270839230905    1.99968415557427   -3.93291902810701
  -3.43345391919720    1.99430872985093   -3.94484407806169
  -3.43139546589677    1.99311308503273   -3.94730667198523
  -3.42297200025337    1.98822034685608   -3.95776002417387
  -3.42023423984289    1.98663012907091   -3.96107583109762
  -3.41318390632790    1.98253496950034   -3.97067224936904
  -3.40912503644673    1.98017739027317   -3.97566384049799
  -3.40288529812470    1.97655306185623   -3.98378232159738
  -3.39788110552929    1.97364639550399   -3.99010587699147
  -3.39290427268609    1.97075562096040   -3.99649406022775
  -3.38681244704673    1.96721720706605   -4.00396198215077
  -3.38210187032301    1.96448108638296   -4.00979380076630
  -3.37565077642046    1.96073399287604   -4.01851006380098
  -3.37221262616929    1.95873695629951   -4.02260594013754
  -3.36430661466129    1.95414477940134   -4.03286489672758
  -3.36226036293151    1.95295622181932   -4.03532305976119
  -3.35309211311286    1.94763087856990   -4.04737611196858
  -3.35242236902843    1.94724186025022   -4.04821214398624
  -3.34275460834148    1.94162637800119   -4.06124898381548
  -3.34209556904193    1.94124357751535   -4.06209361665291
  -3.33236413117089    1.93559110861466   -4.07424228166874
  -3.33081857533000    1.93469337834697   -4.07650365587150
  -3.32239612530610    1.92980123008907   -4.08695748060665
  -3.31965284233240    1.92820780454393   -4.09028528979651
  -3.31197625394008    1.92374888719522   -4.09992028962395
  -3.30852017573359    1.92174143723363   -4.10404039006258
  -3.30161803658063    1.91773235579804   -4.11298653416382
  -3.29739092171849    1.91527705210967   -4.11860870321565
  -3.29182715377325    1.91204535853079   -4.12589498104618
  -3.28624029204591    1.90880025101587   -4.13316267375562
  -3.28194737879338    1.90630672858118   -4.13867909685260
  -3.27490066192629    1.90221366972687   -4.14752320671333
  -3.27153250190144    1.90025728670873   -4.15170389922334
  -3.26391179249719    1.89583082645902   -4.16144121921611
  -3.26117105547611    1.89423887972083   -4.16471982217528
  -3.25269538772513    1.88931582014733   -4.17594302286542
  -3.25135609131340    1.88853789488937   -4.17761510779725
  -3.24201956711724    1.88311481010388   -4.19024435785981
  -3.24132545724840    1.88271163901044   -4.19105644160803
  -3.23158815774395    1.87705576540214   -4.20323553552169
  -3.23021488944873    1.87625810770407   -4.20487432757124
  -3.22127787623907    1.87106707736487   -4.21632473481728
  -3.21926250656106    1.86989645750588   -4.21882727094483
  -3.21137063923517    1.86531249620241   -4.22909145171250
  -3.20795581003663    1.86332900557115   -4.23324907357262
  -3.20159294384524    1.85963315879673   -4.24201538425000
  -3.19675472277828    1.85682289637939   -4.24768849786561
  -3.19111872220174    1.85354924674968   -4.25493962056436
  -3.18567052271822    1.85038468067491   -4.26155040857846
  -3.18078282235071    1.84754567839289   -4.26801085812006
  -3.17437714529420    1.84382496508931   -4.27676027720112
  -3.17092587605266    1.84182030839682   -4.28080271586477
  -3.16329307892501    1.83738682703866   -4.29060167153126
  -3.16062035774671    1.83583438704565   -4.29391733193519
  -3.15214053629031    1.83090891480805   -4.30514918869812
  -3.15134142512850    1.83044475411050   -4.30666397395380
  -3.14102548255532    1.82445277786311   -4.31891466664380
  -3.14033960727644    1.82405438980011   -4.31973556552986
  -3.13109046475037    1.81868206032738   -4.33249553510592
  -3.12971263051640    1.81788175052106   -4.33412954042710
  -3.12064834029443    1.81261679181038   -4.34542314177906
  -3.11856911153832    1.81140907964728   -4.34786243188110
  -3.11084574754732    1.80692299286891   -4.35834905234783
  -3.10741863560145    1.80493236785029   -4.36239359030403
  -3.09917746885192    1.80014551729702   -4.37143556111722
  -3.09638139324658    1.79852142735136   -4.37457865050279
  -3.08524897618045    1.79205520498117   -4.38349786557434
  -3.08449986369116    1.79162008582356   -4.38421922598810
  -3.07419385771323    1.78563388120995   -4.39012210555939
  -3.06292277305003    1.77908711429020   -4.39630544339636
  -3.06218027939721    1.77865583965872   -4.39699457398493
  -3.05173245701923    1.77258726152525   -4.40273885223606
  -3.04065811382674    1.76615477114504   -4.40866367041370
  -3.03849309733327    1.76489722949898   -4.41011523986894
  -3.02941598806484    1.75962482489363   -4.41488482329565
  -3.01821017795459    1.75311597245120   -4.42048822045396
  -3.01463783242858    1.75104098905657   -4.42283604006666
  -3.00707609940035    1.74664878501192   -4.42713220926262
  -2.99590063252259    1.74015755732139   -4.43264472963409
  -2.99023266492652    1.73686533976921   -4.43582590634750
  -2.98469875811067    1.73365099091446   -4.43919814534605
  -2.97362768041795    1.72722039728744   -4.44501086915984
  -2.96660333685769    1.72314033388383   -4.44897000556131
  -2.96241193143311    1.72070577188728   -4.45138875885339
  -2.95127323209750    1.71423590048461   -4.45710239458718
  -2.94281944494943    1.70932555017659   -4.46177236193169
  -2.94000748660138    1.70769223479987   -4.46334053450089
  -2.92891929690687    1.70125170173130   -4.46919396554179
  -2.91903020229375    1.69550765850795   -4.47454582155600
  -2.91762593850685    1.69469199719571   -4.47533281903557
  -2.90654719065214    1.68825694838410   -4.48125123008647
  -2.89538873119933    1.68177559939205   -4.48692728223104
  -2.89461886481776    1.68132842541456   -4.48754345546867
  -2.88419728490097    1.67527509011546   -4.49334888597901
  -2.87292760550833    1.66872913944180   -4.49953614808947
  -2.87152451151176    1.66791415759785   -4.50032608781517
  -2.86172015435042    1.66221933380304   -4.50597728560273
  -2.85057930159562    1.65574821159498   -4.51163821869055
  -2.84772984271244    1.65409311417419   -4.51326010835245
  -2.83950391226839    1.64931511357136   -4.51755246536234
  -2.82833215335567    1.64282603963829   -4.52320253006642
  -2.82334047941659    1.63992664470026   -4.52626814254192
  -2.81716309702435    1.63633853548942   -4.52966335211881
  -2.80598092398699    1.62984341255143   -4.53529439134268
  -2.79959203421025    1.62613245007584   -4.53912082677926
  -2.79476065891629    1.62332616399987   -4.54167417516098
  -2.78363016520962    1.61686105880576   -4.54738631233044
  -2.77584628143587    1.61233981934035   -4.55198980817867
  -2.77232836998904    1.61029645377483   -4.55434392375551
  -2.76127987035786    1.60387897452951   -4.55947829528660
  -2.75142034241680    1.59815210499586   -4.56490467894483
  -2.75001800372014    1.59733756186501   -4.56569621927643
  -2.73890834118070    1.59088455637563   -4.57153666321175
  -2.72775467198163    1.58440598978436   -4.57721227102437
  -2.72699551663939    1.58396503727358   -4.57785662496305
  -2.71647641738501    1.57785505823589   -4.58434647430598
  -2.70739437127461    1.57257978608453   -4.59083615256643
  -2.70493737370597    1.57115264833471   -4.59599458477956
  -2.70190574510486    1.56939173832190   -4.60413129837571
      
      
