# shadow cont 3D ind 179  size 14
# norm  0.1873813 -0.9822873 -0.0000000
# angle  1.3823008
   1.7793339898   0.3394261117  -4.5747059752
   2.3231547157   0.4431654634  -4.3548019896
      
      
   2.3231547157   0.4431654634  -4.3548019896
   2.8442840562   0.5425762017  -3.8253524119
      
      
   2.8442840562   0.5425762017  -3.8253524119
   2.8503076041   0.5437252549  -3.6063831791
      
      
   2.8503076041   0.5437252549  -3.6063831791
   2.4238156986   0.4623675728  -2.8984194092
      
      
   2.4238156986   0.4623675728  -2.8984194092
   1.8638223491   0.3555431282  -2.2733791689
      
      
   1.8638223491   0.3555431282  -2.2733791689
   1.6365665767   0.3121917711  -2.0568851153
      
      
   1.6365665767   0.3121917711  -2.0568851153
  -0.2048927554  -0.0390853835  -0.8509672573
      
      
  -0.2048927554  -0.0390853835  -0.8509672573
  -2.2069070506  -0.4209900353  -2.1773235987
      
      
  -2.2069070506  -0.4209900353  -2.1773235987
  -2.4274668067  -0.4630640589  -2.4004684065
      
      
  -2.4274668067  -0.4630640589  -2.4004684065
  -2.9254161763  -0.5580529814  -2.9810577507
      
      
  -2.9254161763  -0.5580529814  -2.9810577507
  -3.3056675695  -0.6305898140  -3.6113269983
      
      
  -3.3056675695  -0.6305898140  -3.6113269983
  -3.2941410180  -0.6283910067  -3.8278837558
      
      
  -3.2941410180  -0.6283910067  -3.8278837558
  -2.7800543070  -0.5303237218  -4.3800785706
      
      
  -2.7800543070  -0.5303237218  -4.3800785706
  -2.2418532178  -0.4276563732  -4.5853377198
      
      
  -2.7800543070  -0.5303237218  -4.3800785706
  -2.5926729924  -1.5126109725  -4.3800785706
      
      
