# shadow cont 2D ind 252  size 13
# norm -0.3754156 -0.9268566  0.0000000
# angle  1.9556414
#  0 type   0
   2.90688902  -4.55630227
   3.35265069  -4.34611595
      
#  1 type   0
   3.35265069  -4.34611595
   3.84704017  -3.82183337
      
#  2 type   0
   3.84704017  -3.82183337
   3.85279835  -3.60099147
      
#  3 type   0
   3.85279835  -3.60099147
   3.41573706  -2.90309611
      
#  4 type   0
   3.41573706  -2.90309611
   0.52887599  -1.13919251
      
#  5 type   0
   0.52887599  -1.13919251
  -0.09772170  -0.85069000
      
#  6 type   0
  -0.09772170  -0.85069000
  -0.70286600  -1.15836541
      
#  7 type   0
  -0.70286600  -1.15836541
  -3.67533096  -2.98327699
      
#  8 type   0
  -3.67533096  -2.98327699
  -4.07127156  -3.60781172
      
#  9 type   0
  -4.07127156  -3.60781172
  -4.06631662  -3.82630494
      
# 10 type   0
  -4.06631662  -3.82630494
  -3.56594913  -4.36341793
      
# 11 type   0
  -3.56594913  -4.36341793
  -3.53991156  -4.38348131
      
# 12 type   0
  -3.53991156  -4.38348131
  -3.06710940  -4.59348992
      
