# shadow cont 3D ind 207  size 12
# norm -0.0314108 -0.9995066  0.0000000
# angle  1.6022123
   2.3066679383  -0.0724899603  -4.5758065388
   2.8578496359  -0.0898115430  -4.3491492210
      
      
   2.8578496359  -0.0898115430  -4.3491492210
   3.3928818122  -0.1066256065  -3.8248201147
      
      
   3.3928818122  -0.1066256065  -3.8248201147
   3.3993430066  -0.1068286577  -3.6048460240
      
      
   3.3993430066  -0.1068286577  -3.6048460240
   2.9453792907  -0.0925622732  -2.8980482669
      
      
   2.9453792907  -0.0925622732  -2.8980482669
   2.0298171556  -0.0637895740  -2.2814142080
      
      
   2.0298171556  -0.0637895740  -2.2814142080
  -0.1720706374   0.0054075376  -0.8500973548
      
      
  -0.1720706374   0.0054075376  -0.8500973548
  -2.5416787995   0.0798754742  -2.4045894203
      
      
  -2.5416787995   0.0798754742  -2.4045894203
  -3.3741048696   0.1060355173  -2.9788774714
      
      
  -3.3741048696   0.1060355173  -2.9788774714
  -3.7819960512   0.1188540141  -3.6082288258
      
      
  -3.7819960512   0.1188540141  -3.6082288258
  -3.7736188313   0.1185907493  -3.8257601699
      
      
  -3.7736188313   0.1185907493  -3.8257601699
  -3.2361676138   0.1017006644  -4.3767134562
      
      
  -3.2361676138   0.1017006644  -4.3767134562
  -2.6912701871   0.0845765729  -4.5864387357
      
      
  -3.2361676138   0.1017006644  -4.3767134562
  -3.2675783729  -0.8978058960  -4.3767134562
      
      
