# shadow cont 3D ind 395  size 16
# norm -0.9962704 -0.0862864  0.0000000
# angle  3.0551989
   0.2691610206  -3.1077580893  -4.5790303813
   0.3157439451  -3.6456088533  -4.3643639867
      
      
   0.3157439451  -3.6456088533  -4.3643639867
   0.3612742855  -4.1713063829  -3.8151310433
      
      
   0.3612742855  -4.1713063829  -3.8151310433
   0.3623448497  -4.1836672172  -3.5864023175
      
      
   0.3623448497  -4.1836672172  -3.5864023175
   0.3301278935  -3.8116872544  -2.9660802312
      
      
   0.3301278935  -3.8116872544  -2.9660802312
   0.2847154438  -3.2873509020  -2.4156042270
      
      
   0.2847154438  -3.2873509020  -2.4156042270
   0.2644367894  -3.0532116778  -2.2386919884
      
      
   0.2644367894  -3.0532116778  -2.2386919884
   0.0929795017  -1.0735499436  -1.1341828735
      
      
   0.0929795017  -1.0735499436  -1.1341828735
   0.0142535163  -0.1645724208  -0.8498752898
      
      
   0.0142535163  -0.1645724208  -0.8498752898
  -0.0628090413   0.7251990117  -1.1584123849
      
      
  -0.0628090413   0.7251990117  -1.1584123849
  -0.2314324669   2.6721407121  -2.2609541442
      
      
  -0.2314324669   2.6721407121  -2.2609541442
  -0.2527241772   2.9179767720  -2.4707340509
      
      
  -0.2527241772   2.9179767720  -2.4707340509
  -0.2959715125   3.4173145142  -2.9979367876
      
      
  -0.2959715125   3.4173145142  -2.9979367876
  -0.3289162680   3.7976977143  -3.6330749145
      
      
  -0.3289162680   3.7976977143  -3.6330749145
  -0.3279043188   3.7860136548  -3.8573275885
      
      
  -0.3279043188   3.7860136548  -3.8573275885
  -0.2843497910   3.2831290402  -4.3792574561
      
      
  -0.2843497910   3.2831290402  -4.3792574561
  -0.2325258986   2.6847655762  -4.5956217570
      
      
  -0.2843497910   3.2831290402  -4.3792574561
  -1.2806201675   3.1968426744  -4.3792574561
      
      
