# shadow cont 2D ind 310  size 14
# norm -0.7448941 -0.6671828 -0.0000000
# angle  2.4111724
#  0 type   0
   3.12743339  -4.56226267
   3.62221724  -4.35389853
      
#  1 type   0
   3.62221724  -4.35389853
   4.15682485  -3.79743116
      
#  2 type   0
   4.15682485  -3.79743116
   4.16443808  -3.56961591
      
#  3 type   0
   4.16443808  -3.56961591
   3.75117099  -2.91472517
      
#  4 type   0
   3.75117099  -2.91472517
   3.05992567  -2.39738035
      
#  5 type   0
   3.05992567  -2.39738035
   0.89145077  -1.13760755
      
#  6 type   0
   0.89145077  -1.13760755
   0.01619250  -0.85026871
      
#  7 type   0
   0.01619250  -0.85026871
  -0.83466987  -1.15888175
      
#  8 type   0
  -0.83466987  -1.15888175
  -3.01161098  -2.44480021
      
#  9 type   0
  -3.01161098  -2.44480021
  -3.73996790  -2.97239885
      
# 10 type   0
  -3.73996790  -2.97239885
  -4.13652441  -3.59393501
      
# 11 type   0
  -4.13652441  -3.59393501
  -4.12963099  -3.83226020
      
# 12 type   0
  -4.12963099  -3.83226020
  -3.59860281  -4.37623517
      
# 13 type   0
  -3.59860281  -4.37623517
  -3.03268981  -4.59579750
      
