# shadow cont 2D ind 172  size 14
# norm  0.2410751 -0.9705065  0.0000000
# angle  1.3273229
#  0 type   0
   1.70874504  -4.57800175
   2.21905086  -4.35762776
      
#  1 type   0
   2.21905086  -4.35762776
   2.74553636  -3.82843627
      
#  2 type   0
   2.74553636  -3.82843627
   2.75392017  -3.61078456
      
#  3 type   0
   2.75392017  -3.61078456
   2.33013547  -2.90226727
      
#  4 type   0
   2.33013547  -2.90226727
   1.85181683  -2.27292771
      
#  5 type   0
   1.85181683  -2.27292771
   1.66982377  -2.05720511
      
#  6 type   0
   1.66982377  -2.05720511
  -0.21642996  -0.85071582
      
#  7 type   0
  -0.21642996  -0.85071582
  -2.26050592  -2.17726115
      
#  8 type   0
  -2.26050592  -2.17726115
  -2.43590822  -2.40101008
      
#  9 type   0
  -2.43590822  -2.40101008
  -2.85416509  -2.98147061
      
# 10 type   0
  -2.85416509  -2.98147061
  -3.23419792  -3.61328279
      
# 11 type   0
  -3.23419792  -3.61328279
  -3.21896811  -3.83008071
      
# 12 type   0
  -3.21896811  -3.83008071
  -2.70581706  -4.38202667
      
# 13 type   0
  -2.70581706  -4.38202667
  -2.19606701  -4.58763662
      
