# shadow cont 3D ind 146  size 14
# norm  0.4115144 -0.9114033  0.0000000
# angle  1.1466813
   1.6209144061   0.7318709174  -4.5769577067
   2.1436598576   0.9678995391  -4.3697237200
      
      
   2.1436598576   0.9678995391  -4.3697237200
   2.6174687025   1.1818324356  -3.8555211965
      
      
   2.6174687025   1.1818324356  -3.8555211965
   2.6263450248   1.1858402488  -3.6402981961
      
      
   2.6263450248   1.1858402488  -3.6402981961
   2.2597564728   1.0203191708  -2.9795643004
      
      
   2.2597564728   1.0203191708  -2.9795643004
   1.7225082269   0.7777422864  -2.3094083952
      
      
   1.7225082269   0.7777422864  -2.3094083952
   1.4992712881   0.6769469436  -2.0572927138
      
      
   1.4992712881   0.6769469436  -2.0572927138
  -0.2162287019  -0.0976310025  -0.8501769177
      
      
  -0.2162287019  -0.0976310025  -0.8501769177
  -2.0575857823  -0.9290356039  -2.1773871124
      
      
  -2.0575857823  -0.9290356039  -2.1773871124
  -2.2701481882  -1.0250112102  -2.3749878226
      
      
  -2.2701481882  -1.0250112102  -2.3749878226
  -2.8237011827  -1.2749499710  -3.0087129443
      
      
  -2.8237011827  -1.2749499710  -3.0087129443
  -3.1502643041  -1.4223988741  -3.5892638670
      
      
  -3.1502643041  -1.4223988741  -3.5892638670
  -3.1370748528  -1.4164436085  -3.8268274520
      
      
  -3.1370748528  -1.4164436085  -3.8268274520
  -2.6654575732  -1.2035002416  -4.3716394640
      
      
  -2.6654575732  -1.2035002416  -4.3716394640
  -2.1009256810  -0.9486043185  -4.5848423619
      
      
  -2.6654575732  -1.2035002416  -4.3716394640
  -2.2539432146  -2.1149035182  -4.3716394640
      
      
