# shadow cont 2D ind 179  size 14
# norm  0.1873813 -0.9822873 -0.0000000
# angle  1.3823008
#  0 type   0
   1.81141920  -4.57470598
   2.36504619  -4.35480199
      
#  1 type   0
   2.36504619  -4.35480199
   2.89557261  -3.82535241
      
#  2 type   0
   2.89557261  -3.82535241
   2.90170477  -3.60638318
      
#  3 type   0
   2.90170477  -3.60638318
   2.46752230  -2.89841941
      
#  4 type   0
   2.46752230  -2.89841941
   1.89743107  -2.27337917
      
#  5 type   0
   1.89743107  -2.27337917
   1.66607739  -2.05688512
      
#  6 type   0
   1.66607739  -2.05688512
  -0.20858741  -0.85096726
      
#  7 type   0
  -0.20858741  -0.85096726
  -2.24670233  -2.17732360
      
#  8 type   0
  -2.24670233  -2.17732360
  -2.47123925  -2.40046841
      
#  9 type   0
  -2.47123925  -2.40046841
  -2.97816771  -2.98105775
      
# 10 type   0
  -2.97816771  -2.98105775
  -3.36527586  -3.61132700
      
# 11 type   0
  -3.36527586  -3.61132700
  -3.35354146  -3.82788376
      
# 12 type   0
  -3.35354146  -3.82788376
  -2.83018466  -4.38007857
      
# 13 type   0
  -2.83018466  -4.38007857
  -2.28227865  -4.58533772
      
