# shadow cont 2D ind 275  size 13
# norm -0.5358268 -0.8443279  0.0000000
# angle  2.1362830
#  0 type   0
   3.07553779  -4.55087825
   3.47453521  -4.35446610
      
#  1 type   0
   3.47453521  -4.35446610
   3.97352219  -3.79841379
      
#  2 type   0
   3.97352219  -3.79841379
   3.97803755  -3.57414353
      
#  3 type   0
   3.97803755  -3.57414353
   3.57175772  -2.91579858
      
#  4 type   0
   3.57175772  -2.91579858
   0.69534087  -1.14032341
      
#  5 type   0
   0.69534087  -1.14032341
  -0.05386780  -0.85042929
      
#  6 type   0
  -0.05386780  -0.85042929
  -0.77373538  -1.15820848
      
#  7 type   0
  -0.77373538  -1.15820848
  -3.71742389  -2.97379539
      
#  8 type   0
  -3.71742389  -2.97379539
  -4.10431856  -3.59378433
      
#  9 type   0
  -4.10431856  -3.59378433
  -4.10099600  -3.83197482
      
# 10 type   0
  -4.10099600  -3.83197482
  -3.61603186  -4.36127441
      
# 11 type   0
  -3.61603186  -4.36127441
  -3.59162512  -4.38078763
      
# 12 type   0
  -3.59162512  -4.38078763
  -3.12316985  -4.59556988
      
