# shadow cont 2D ind 375  size 16
# norm -0.9705065 -0.2410751  0.0000000
# angle  2.8981192
#  0 type   0
   2.93516560  -4.58072032
   3.42630368  -4.36565123
      
#  1 type   0
   3.42630368  -4.36565123
   3.93584172  -3.81824995
      
#  2 type   0
   3.93584172  -3.81824995
   3.94779970  -3.59167378
      
#  3 type   0
   3.94779970  -3.59167378
   3.61998119  -3.01394776
      
#  4 type   0
   3.61998119  -3.01394776
   3.58977838  -2.96236642
      
#  5 type   0
   3.58977838  -2.96236642
   3.23098953  -2.41868261
      
#  6 type   0
   3.23098953  -2.41868261
   3.09452134  -2.23770086
      
#  7 type   0
   3.09452134  -2.23770086
   1.07148354  -1.13480150
      
#  8 type   0
   1.07148354  -1.13480150
   0.13320434  -0.84999416
      
#  9 type   0
   0.13320434  -0.84999416
  -0.78449033  -1.15823230
      
# 10 type   0
  -0.78449033  -1.15823230
  -2.78975991  -2.26555534
      
# 11 type   0
  -2.78975991  -2.26555534
  -3.25936064  -2.97112937
      
# 12 type   0
  -3.25936064  -2.97112937
  -3.64026863  -3.63375349
      
# 13 type   0
  -3.64026863  -3.63375349
  -3.63145462  -3.85396514
      
# 14 type   0
  -3.63145462  -3.85396514
  -3.14178699  -4.37785447
      
# 15 type   0
  -3.14178699  -4.37785447
  -2.64309799  -4.59711281
      
