# shadow cont 2D ind 333  size 17
# norm -0.8526402 -0.5224986  0.0000000
# angle  2.5918139
#  0 type   0
   3.04753569  -4.56286145
   3.57172284  -4.35385427
      
#  1 type   0
   3.57172284  -4.35385427
   4.10816224  -3.79595608
      
#  2 type   0
   4.10816224  -3.79595608
   4.11646325  -3.56552971
      
#  3 type   0
   4.11646325  -3.56552971
   3.71552225  -2.91349449
      
#  4 type   0
   3.71552225  -2.91349449
   3.17930364  -2.39558868
      
#  5 type   0
   3.17930364  -2.39558868
   2.93848228  -2.23915331
      
#  6 type   0
   2.93848228  -2.23915331
   0.98698584  -1.13684114
      
#  7 type   0
   0.98698584  -1.13684114
   0.06141744  -0.85009231
      
#  8 type   0
   0.06141744  -0.85009231
  -0.84074452  -1.15941606
      
#  9 type   0
  -0.84074452  -1.15941606
  -2.77590084  -2.26149667
      
# 10 type   0
  -2.77590084  -2.26149667
  -3.03543443  -2.44311455
      
# 11 type   0
  -3.03543443  -2.44311455
  -3.60157713  -2.97236916
      
# 12 type   0
  -3.60157713  -2.97236916
  -3.98808775  -3.59328918
      
# 13 type   0
  -3.98808775  -3.59328918
  -3.97922758  -3.83249813
      
# 14 type   0
  -3.97922758  -3.83249813
  -3.46272493  -4.36167200
      
# 15 type   0
  -3.46272493  -4.36167200
  -3.42440116  -4.38593002
      
# 16 type   0
  -3.42440116  -4.38593002
  -2.85336046  -4.59436613
      
