# shadow cont 2D ind 36  size 14
# norm  0.9602937 -0.2789911  0.0000000
# angle  0.2827433
#  0 type   0
   2.81653074  -4.59282419
   3.34368115  -4.37229456
      
#  1 type   0
   3.34368115  -4.37229456
   3.82358768  -3.86561050
      
#  2 type   0
   3.82358768  -3.86561050
   3.84071551  -3.63394880
      
#  3 type   0
   3.84071551  -3.63394880
   3.45841370  -2.99876466
      
#  4 type   0
   3.45841370  -2.99876466
   2.65099432  -2.47383027
      
#  5 type   0
   2.65099432  -2.47383027
   0.52804215  -1.15823438
      
#  6 type   0
   0.52804215  -1.15823438
  -0.22414586  -0.84943911
      
#  7 type   0
  -0.22414586  -0.84943911
  -0.99095589  -1.13351981
      
#  8 type   0
  -0.99095589  -1.13351981
  -3.14608314  -2.41599062
      
#  9 type   0
  -3.14608314  -2.41599062
  -3.99467868  -2.96561000
      
# 10 type   0
  -3.99467868  -2.96561000
  -4.37759481  -3.58386408
      
# 11 type   0
  -4.37759481  -3.58386408
  -4.35802617  -3.81292181
      
# 12 type   0
  -4.35802617  -3.81292181
  -3.83860279  -4.36645987
      
# 13 type   0
  -3.83860279  -4.36645987
  -3.30851500  -4.60955506
      
