# shadow cont 2D ind 216  size 13
# norm -0.1019245 -0.9947921  0.0000000
# angle  1.6728981
#  0 type   0
   2.45585226  -4.57085866
   2.97332733  -4.35563090
      
#  1 type   0
   2.97332733  -4.35563090
   2.99947356  -4.33866685
      
#  2 type   0
   2.99947356  -4.33866685
   3.52131727  -3.82335243
      
#  3 type   0
   3.52131727  -3.82335243
   3.52789910  -3.60423279
      
#  4 type   0
   3.52789910  -3.60423279
   3.07953573  -2.91025594
      
#  5 type   0
   3.07953573  -2.91025594
   3.04969613  -2.88526756
      
#  6 type   0
   3.04969613  -2.88526756
  -0.15938947  -0.85080063
      
#  7 type   0
  -0.15938947  -0.85080063
  -3.46099216  -2.97426354
      
#  8 type   0
  -3.46099216  -2.97426354
  -3.47829413  -2.99036319
      
#  9 type   0
  -3.47829413  -2.99036319
  -3.88164498  -3.60960113
      
# 10 type   0
  -3.88164498  -3.60960113
  -3.87300105  -3.82635885
      
# 11 type   0
  -3.87300105  -3.82635885
  -3.33387524  -4.37795239
      
# 12 type   0
  -3.33387524  -4.37795239
  -2.79700747  -4.58702727
      
