# shadow cont 3D ind 87  size 11
# norm  0.7754957 -0.6313528  0.0000000
# angle  0.6832964
   1.6047146112   1.9710839311  -4.5890866155
   1.9502433389   2.3954996610  -4.3605316547
      
      
   1.9502433389   2.3954996610  -4.3605316547
   2.2626127374   2.7791855188  -3.8557044250
      
      
   2.2626127374   2.7791855188  -3.8557044250
   2.2722462027   2.7910183820  -3.6314792995
      
      
   2.2722462027   2.7910183820  -3.6314792995
   2.0157771322   2.4759953491  -2.9780205520
      
      
   2.0157771322   2.4759953491  -2.9780205520
  -0.1604578811  -0.1970917126  -0.8481849934
      
      
  -0.1604578811  -0.1970917126  -0.8481849934
  -0.4752980818  -0.5838124767  -1.1357972737
      
      
  -0.4752980818  -0.5838124767  -1.1357972737
  -2.4135560048  -2.9645903545  -3.0019781909
      
      
  -2.4135560048  -2.9645903545  -3.0019781909
  -2.6458496273  -3.2499184891  -3.5844167078
      
      
  -2.6458496273  -3.2499184891  -3.5844167078
  -2.6338360280  -3.2351620879  -3.8259452180
      
      
  -2.6338360280  -3.2351620879  -3.8259452180
  -2.3062157523  -2.8327434544  -4.3710653805
      
      
  -2.3062157523  -2.8327434544  -4.3710653805
  -1.9829335513  -2.4356533132  -4.5878228791
      
      
  -2.3062157523  -2.8327434544  -4.3710653805
  -1.5307200091  -3.4640962499  -4.3710653805
      
      
