# shadow cont 2D ind 189  size 14
# norm  0.1097343 -0.9939610  0.0000000
# angle  1.4608406
#  0 type   0
   1.99965887  -4.57501702
   2.55538435  -4.35151992
      
#  1 type   0
   2.55538435  -4.35151992
   3.08956661  -3.82610415
      
#  2 type   0
   3.08956661  -3.82610415
   3.09539817  -3.60430905
      
#  3 type   0
   3.09539817  -3.60430905
   2.65284201  -2.89905514
      
#  4 type   0
   2.65284201  -2.89905514
   1.94626012  -2.26889241
      
#  5 type   0
   1.94626012  -2.26889241
   1.65263055  -2.05704272
      
#  6 type   0
   1.65263055  -2.05704272
  -0.19652836  -0.85037804
      
#  7 type   0
  -0.19652836  -0.85037804
  -2.21640201  -2.17855802
      
#  8 type   0
  -2.21640201  -2.17855802
  -2.50882396  -2.40042172
      
#  9 type   0
  -2.50882396  -2.40042172
  -3.13765204  -2.98136502
      
# 10 type   0
  -3.13765204  -2.98136502
  -3.53380625  -3.61096080
      
# 11 type   0
  -3.53380625  -3.61096080
  -3.52246861  -3.82760115
      
# 12 type   0
  -3.52246861  -3.82760115
  -2.99312859  -4.37763529
      
# 13 type   0
  -2.99312859  -4.37763529
  -2.44129092  -4.58532702
      
