# shadow cont 3D ind 306  size 15
# norm -0.7235698 -0.6902512  0.0000000
# angle  2.3797564
   2.1677143419  -2.2723502636  -4.5580216080
   2.4981948706  -2.6187831408  -4.3539034659
      
      
   2.4981948706  -2.6187831408  -4.3539034659
   2.8651051177  -3.0034042049  -3.7985578175
      
      
   2.8651051177  -3.0034042049  -3.7985578175
   2.8708397006  -3.0094155970  -3.5713450232
      
      
   2.8708397006  -3.0094155970  -3.5713450232
   2.5852544013  -2.7100450492  -2.9150258353
      
      
   2.5852544013  -2.7100450492  -2.9150258353
   2.0903383120  -2.1912392803  -2.3972356678
      
      
   2.0903383120  -2.1912392803  -2.3972356678
   0.6020957633  -0.6311590231  -1.1378611475
      
      
   0.6020957633  -0.6311590231  -1.1378611475
   0.0055575478  -0.0058258115  -0.8503132827
      
      
   0.0055575478  -0.0058258115  -0.8503132827
  -0.5730243895   0.6006843695  -1.1585916463
      
      
  -0.5730243895   0.6006843695  -1.1585916463
  -2.0688849650   2.1687503767  -2.4448477399
      
      
  -2.0688849650   2.1687503767  -2.4448477399
  -2.5890419434   2.7140154166  -2.9721637435
      
      
  -2.5890419434   2.7140154166  -2.9721637435
  -2.8632046027   3.0014119518  -3.5919835830
      
      
  -2.8632046027   3.0014119518  -3.5919835830
  -2.8592986673   2.9973174762  -3.8318651993
      
      
  -2.8592986673   2.9973174762  -3.8318651993
  -2.4978338523   2.6184046962  -4.3700307131
      
      
  -2.4978338523   2.6184046962  -4.3700307131
  -2.4793481459   2.5990266817  -4.3846027069
      
      
  -2.4793481459   2.5990266817  -4.3846027069
  -2.1086585811   2.2104438717  -4.5952330524
      
      
  -2.4793481459   2.5990266817  -4.3846027069
  -3.2029179251   1.9087754415  -4.3846027069
      
      
