# shadow cont 2D ind 312  size 14
# norm -0.7552818 -0.6554002  0.0000000
# angle  2.4268803
#  0 type   0
   3.12574708  -4.56138119
   3.62210753  -4.35429292
      
#  1 type   0
   3.62210753  -4.35429292
   4.15847007  -3.79688699
      
#  2 type   0
   4.15847007  -3.79688699
   4.16456604  -3.56739163
      
#  3 type   0
   4.16456604  -3.56739163
   3.75267163  -2.91425222
      
#  4 type   0
   3.75267163  -2.91425222
   3.07474139  -2.39729449
      
#  5 type   0
   3.07474139  -2.39729449
   0.90072332  -1.13733272
      
#  6 type   0
   0.90072332  -1.13733272
   0.01994256  -0.85030096
      
#  7 type   0
   0.01994256  -0.85030096
  -0.83686560  -1.15910412
      
#  8 type   0
  -0.83686560  -1.15910412
  -3.01929973  -2.44566908
      
#  9 type   0
  -3.01929973  -2.44566908
  -3.73208619  -2.97224332
      
# 10 type   0
  -3.73208619  -2.97224332
  -4.12795936  -3.59187356
      
# 11 type   0
  -4.12795936  -3.59187356
  -4.12194192  -3.83165179
      
# 12 type   0
  -4.12194192  -3.83165179
  -3.59014009  -4.37643232
      
# 13 type   0
  -3.59014009  -4.37643232
  -3.02111588  -4.59462693
      
