# shadow cont 2D ind 248  size 14
# norm -0.3461171 -0.9381913  0.0000000
# angle  1.9242255
#  0 type   0
   2.86871394  -4.55816820
   3.32539798  -4.34628990
      
#  1 type   0
   3.32539798  -4.34628990
   3.82658431  -3.82190264
      
#  2 type   0
   3.82658431  -3.82190264
   3.83137777  -3.60133532
      
#  3 type   0
   3.83137777  -3.60133532
   3.40428852  -2.92325127
      
#  4 type   0
   3.40428852  -2.92325127
   3.38217782  -2.89738757
      
#  5 type   0
   3.38217782  -2.89738757
   0.49952631  -1.13945405
      
#  6 type   0
   0.49952631  -1.13945405
  -0.10513418  -0.85068692
      
#  7 type   0
  -0.10513418  -0.85068692
  -0.68915378  -1.15897434
      
#  8 type   0
  -0.68915378  -1.15897434
  -3.66721508  -2.98321696
      
#  9 type   0
  -3.66721508  -2.98321696
  -4.06556418  -3.60685115
      
# 10 type   0
  -4.06556418  -3.60685115
  -4.06132669  -3.82497902
      
# 11 type   0
  -4.06132669  -3.82497902
  -3.80075489  -4.10254984
      
# 12 type   0
  -3.80075489  -4.10254984
  -3.54044906  -4.37852002
      
# 13 type   0
  -3.54044906  -4.37852002
  -3.04908892  -4.59270827
      
