# shadow cont 3D ind 45  size 12
# norm  0.9381913 -0.3461171  0.0000000
# angle  0.3534292
   0.9690285853   2.6266669162  -4.5904399598
   1.1419955679   3.0955144382  -4.3721093108
      
      
   1.1419955679   3.0955144382  -4.3721093108
   1.3041421454   3.5350319686  -3.8672410356
      
      
   1.3041421454   3.5350319686  -3.8672410356
   1.3103395157   3.5518306759  -3.6328494245
      
      
   1.3103395157   3.5518306759  -3.6328494245
   1.1799173986   3.1983060581  -2.9986514287
      
      
   1.1799173986   3.1983060581  -2.9986514287
   0.1664705109   0.4512380648  -1.1583439574
      
      
   0.1664705109   0.4512380648  -1.1583439574
  -0.0804539914  -0.2180800862  -0.8496618437
      
      
  -0.0804539914  -0.2180800862  -0.8496618437
  -0.3353886384  -0.9091106846  -1.1373888120
      
      
  -0.3353886384  -0.9091106846  -1.1373888120
  -1.3711109405  -3.7165588307  -2.9594719029
      
      
  -1.3711109405  -3.7165588307  -2.9594719029
  -1.5031136106  -4.0743677249  -3.5817511791
      
      
  -1.5031136106  -4.0743677249  -3.5817511791
  -1.4967439744  -4.0571020703  -3.8110811273
      
      
  -1.4967439744  -4.0571020703  -3.8110811273
  -1.3196294243  -3.5770120750  -4.3674302536
      
      
  -1.3196294243  -3.5770120750  -4.3674302536
  -1.1452842942  -3.1044289208  -4.6095287976
      
      
  -1.3196294243  -3.5770120750  -4.3674302536
  -0.3814380884  -3.9231291320  -4.3674302536
      
      
