# shadow cont 3D ind 280  size 14
# norm -0.5685619 -0.8226405 -0.0000000
# angle  2.1755529
   2.5503932762  -1.7626852671  -4.5509749685
   2.8881378537  -1.9961149096  -4.3551869608
      
      
   2.8881378537  -1.9961149096  -4.3551869608
   3.3064529151  -2.2852302404  -3.7985117096
      
      
   3.3064529151  -2.2852302404  -3.7985117096
   3.3106570413  -2.2881358909  -3.5759318617
      
      
   3.3106570413  -2.2881358909  -3.5759318617
   2.9778653500  -2.0581293986  -2.9229163612
      
      
   2.9778653500  -2.0581293986  -2.9229163612
   2.9437764346  -2.0345690993  -2.8919892750
      
      
   2.9437764346  -2.0345690993  -2.8919892750
   0.6008036180  -0.4152409339  -1.1409622528
      
      
   0.6008036180  -0.4152409339  -1.1409622528
  -0.0359100343   0.0248189521  -0.8502987665
      
      
  -0.0359100343   0.0248189521  -0.8502987665
  -0.6470736206   0.4472201007  -1.1585548454
      
      
  -0.6470736206   0.4472201007  -1.1585548454
  -3.0758444549   2.1258469253  -2.9741203159
      
      
  -3.0758444549   2.1258469253  -2.9741203159
  -3.3959511494   2.3470862767  -3.5949196872
      
      
  -3.3959511494   2.3470862767  -3.5949196872
  -3.3932594399   2.3452259217  -3.8304478336
      
      
  -3.3932594399   2.3452259217  -3.8304478336
  -2.9867424004   2.0642647057  -4.3638105751
      
      
  -2.9867424004   2.0642647057  -4.3638105751
  -2.9651322649   2.0493290219  -4.3821396370
      
      
  -2.9651322649   2.0493290219  -4.3821396370
  -2.5704273007   1.7765316335  -4.5950538769
      
      
  -2.9651322649   2.0493290219  -4.3821396370
  -3.5336941156   1.2266885039  -4.3821396370
      
      
