# shadow cont 3D ind 265  size 13
# norm -0.4679298 -0.8837656  0.0000000
# angle  2.0577432
   2.6680708746  -1.4126708103  -4.5502782019
   3.0190383160  -1.5984985050  -4.3489535615
      
      
   3.0190383160  -1.5984985050  -4.3489535615
   3.4389710833  -1.8208414601  -3.8210567705
      
      
   3.4389710833  -1.8208414601  -3.8210567705
   3.4428355703  -1.8228876006  -3.5961955301
      
      
   3.4428355703  -1.8228876006  -3.5961955301
   3.0710290153  -1.6260261633  -2.9042221132
      
      
   3.0710290153  -1.6260261633  -2.9042221132
   0.5593115788  -0.2961402370  -1.1429637449
      
      
   0.5593115788  -0.2961402370  -1.1429637449
  -0.0644006212   0.0340983737  -0.8504297161
      
      
  -0.0644006212   0.0340983737  -0.8504297161
  -0.6681952911   0.3537911951  -1.1628241448
      
      
  -0.6681952911   0.3537911951  -1.1628241448
  -3.2465139622   1.7189406598  -2.9767149940
      
      
  -3.2465139622   1.7189406598  -2.9767149940
  -3.5886036374   1.9000678193  -3.6067135900
      
      
  -3.5886036374   1.9000678193  -3.6067135900
  -3.5860917021   1.8987378180  -3.8268402039
      
      
  -3.5860917021   1.8987378180  -3.8268402039
  -3.1516247837   1.6686994260  -4.3767500945
      
      
  -3.1516247837   1.6686994260  -4.3767500945
  -3.1284293651   1.6564180841  -4.3928610404
      
      
  -3.1284293651   1.6564180841  -4.3928610404
  -2.7484961513   1.4552538023  -4.5942164230
      
      
  -3.1284293651   1.6564180841  -4.3928610404
  -3.5963591794   0.7726524540  -4.3928610404
      
      
